# f_hz  Omega_gw
7.059565656927617493e-20 2.430144399487469623e-23
7.466942001357530166e-20 2.537709237458053745e-23
7.897826234808647727e-20 2.795028908815796148e-23
8.353574893696998362e-20 3.476786420185398783e-23
8.835622794161856802e-20 4.390561865334480195e-23
9.345487549242785909e-20 5.288113537993342987e-23
9.884774346722999101e-20 6.281567828031337293e-23
1.045518100268079599e-19 6.973655803952449711e-23
1.105850330665929047e-19 7.579063914184625495e-23
1.169664067528227185e-19 8.084116619535455040e-23
1.237160213211507896e-19 8.529150133213104501e-23
1.308551263259699900e-19 8.874110630137199033e-23
1.384061975395760474e-19 9.123648465695070431e-23
1.463930077117836663e-19 9.296572808099364522e-23
1.548407014127697752e-19 9.413117955952684346e-23
1.637758741947662370e-19 9.476192854100746183e-23
1.732266563218230864e-19 9.500128036681275113e-23
1.832228013312475283e-19 9.499203947891404141e-23
1.937957797055310744e-19 9.485444434261853514e-23
2.049788779496716582e-19 9.462361424092007781e-23
2.168073033858085198e-19 9.436192503753351047e-23
2.293182949950935259e-19 9.407934817353560322e-23
2.425512406557556450e-19 9.378199246707639254e-23
2.565478011464590548e-19 9.347395993696313656e-23
2.713520413053445896e-19 9.315813675608448272e-23
2.870105687576798056e-19 9.283661417766305053e-23
3.035726806488717990e-19 9.251093861918067871e-23
3.210905188447911098e-19 9.218227017838398874e-23
3.396192340880203869e-19 9.185148863610165209e-23
3.592171596268380652e-19 9.151926704170008866e-23
3.799459948635606082e-19 9.118713194922060350e-23
4.018709996004189917e-19 9.085325804969070931e-23
4.250611994945099645e-19 9.051921965735031046e-23
4.495896033686412270e-19 9.018525011647244257e-23
4.755334330622256540e-19 8.985153239662139829e-23
5.029743665458589834e-19 8.951820970289800296e-23
5.319987950649609884e-19 8.918539467556684281e-23
5.626980951220410773e-19 8.885317571250636269e-23
5.951689161538622143e-19 8.852162248034898467e-23
6.295134848091799523e-19 8.819078978840459091e-23
6.658399267850030563e-19 8.786072050237814281e-23
7.042626072346101595e-19 8.753144834276527411e-23
7.449024908190028929e-19 8.720306218623488089e-23
7.878875225353369009e-19 8.687544526157663112e-23
8.333530305212867463e-19 8.654869115677566833e-23
8.814421521034634542e-19 8.622281177318899978e-23
9.323062844312038063e-19 8.589781628964553823e-23
9.861055611144528480e-19 8.557371133907856326e-23
1.043009356366304621e-18 8.525050211415445952e-23
1.103196818237381462e-18 8.492819218705659635e-23
1.166857432620821736e-18 8.460678448996565956e-23
1.234191619803495878e-18 8.428628070678779210e-23
1.305411365441556372e-18 8.396668165951490184e-23
1.380740887946808265e-18 8.364799269444203329e-23
1.460417344384990758e-18 8.333020237526842477e-23
1.544691577108326857e-18 8.301331651389501577e-23
1.633828903472951654e-18 8.269733398607273204e-23
1.728109951127434566e-18 8.238225373251858085e-23
1.827831541502106310e-18 8.206807434566533404e-23
1.933307624280670446e-18 8.175479422556569806e-23
2.044870265796027197e-18 8.144241147944683890e-23
2.162870694462050535e-18 8.113092412717010259e-23
2.287680406532634986e-18 8.082033008570160640e-23
2.419692335669192142e-18 8.051062704591740977e-23
2.559322089998719760e-18 8.020181273518505456e-23
2.707009260557047807e-18 7.989388496389510922e-23
2.863218805236541327e-18 7.958684033840995906e-23
3.028442512595310334e-18 7.928067642228395601e-23
3.203200550136406674e-18 7.897539020053382812e-23
3.388043101931351657e-18 7.867097848873778535e-23
3.583552100743670794e-18 7.836743770040412949e-23
3.790343060105666980e-18 7.806476413423895162e-23
4.009067012116213675e-18 7.776295400841221558e-23
4.240412557060292451e-18 7.746200321458129800e-23
4.485108031303063895e-18 7.716190744867277523e-23
4.743923800283484963e-18 7.686266191106511303e-23
5.017674683826449460e-18 7.656426163440904997e-23
5.307222521409038968e-18 7.626670126603857375e-23
5.613478885456887796e-18 7.596997472225090915e-23
5.937407951212913910e-18 7.567407536590011046e-23
6.280029532213527129e-18 7.537899616069590599e-23
6.642422290928721210e-18 7.508472967557288121e-23
7.025727134674011934e-18 7.479126757536890101e-23
7.431150807485506684e-18 7.449860069817058091e-23
7.859969689266164652e-18 7.420671912717571180e-23
8.313533814163989086e-18 7.391561211738250859e-23
8.793271120833146258e-18 7.362526785289223877e-23
9.300691947958808518e-18 7.333567328398775072e-23
9.837393789198864409e-18 7.304681432993497832e-23
1.040506632251239343e-17 7.275867557017375716e-23
1.100549672970838685e-17 7.247124004999289191e-23
1.164057532296210840e-17 7.218448913807136126e-23
1.231230149601296795e-17 7.189840210288124082e-23
1.302279001877962427e-17 7.161295645620081858e-23
1.377427769520949985e-17 7.132812748707779900e-23
1.456913040532352600e-17 7.104388806499919213e-23
1.540985055362602193e-17 7.076020842531476456e-23
1.629908494732941771e-17 7.047705593342585492e-23
1.723963312919663730e-17 7.019439504326417457e-23
1.823445619123488972e-17 6.991218668379621593e-23
1.928668609698882271e-17 6.963038813883384523e-23
2.039963554178197554e-17 6.934895262353340440e-23
2.157680838194934477e-17 6.906782914582187768e-23
2.282191066589476646e-17 6.878696182407732839e-23
2.413886230170181335e-17 6.850628960051211974e-23
2.553180939803121922e-17 6.822574571145834391e-23
2.700513731715675384e-17 6.794525718878701826e-23
2.856348448123409575e-17 6.766474424777649043e-23
3.021175697526875064e-17 6.738411943534302505e-23
3.195514399275649160e-17 6.710328709435346376e-23
3.379913417262342692e-17 6.682214225496266529e-23
3.574953287889901346e-17 6.654056979668858272e-23
3.781248047752238760e-17 6.625844364260577264e-23
3.999447166782234768e-17 6.597562688404744297e-23
4.230237592953207542e-17 6.569197274137609459e-23
4.474345914971033612e-17 6.540732787953162393e-23
4.732540649765674724e-17 6.512154104754624884e-23
5.005634661983773711e-17 6.483447943787941726e-23
5.294487723099446270e-17 6.454606055660338911e-23
5.600009218200031419e-17 6.425630990205441528e-23
5.923161008968550666e-17 6.396546296314315866e-23
6.264960461876187984e-17 6.367414149569846934e-23
6.626483651118363207e-17 6.338365296242718623e-23
7.008868746378170535e-17 6.309649459253513954e-23
7.413319596082603770e-17 6.281718823755350045e-23
7.841109517432672412e-17 6.255365902789060004e-23
8.293585305139480806e-17 6.231948669488581045e-23
8.772171471486685235e-17 6.213755571674038177e-23
9.278374731068210131e-17 6.204597024535091982e-23
9.813788744320460469e-17 6.210755413669476050e-23
1.038009913478272813e-16 6.242508289649833949e-23
1.097908879588152885e-16 6.316554336128570810e-23
1.161264350394611660e-16 6.459886800705563966e-23
1.228275785512621323e-16 6.715928009875941611e-23
1.299154154490305343e-16 7.154224138019864994e-23
1.374122600996335127e-16 7.885763624070451434e-23
1.453417145334638622e-16 9.087136688431874548e-23
1.537287427498124432e-16 1.103853468598940924e-22
1.625997493100770830e-16 1.418326178634865811e-22
1.719826624662368025e-16 1.922117830534485700e-22
1.819070220863029020e-16 2.725459783305656382e-22
1.924040726535610314e-16 4.001592241080868793e-22
2.035068616323871111e-16 6.022396066140935615e-22
2.152503435103196361e-16 9.213763146989186048e-22
2.276714898439423960e-16 1.424160695197018601e-21
2.408094056550267290e-16 2.214542858471250193e-21
2.547054525433812180e-16 3.454528496298948135e-21
2.694033789040016552e-16 5.396220822551757663e-21
2.849494576584759679e-16 8.431477369376665574e-21
3.013926319342590557e-16 1.316807483436479913e-20
3.187846691504581611e-16 2.054718156081671380e-20
3.371803239952254284e-16 3.202466820630436812e-20
3.566375108078551648e-16 4.984735917896563453e-20
3.772174859082942030e-16 7.747922189307805010e-20
3.989850404480789170e-16 1.202478026564977658e-19
4.220087043898480531e-16 1.863327713394072009e-19
4.463609622576156275e-16 2.882716083769233094e-19
4.721184813370347725e-16 4.452320803592576644e-19
4.993623530440916283e-16 6.864501005695354679e-19
5.281783482221223235e-16 1.056426293098875248e-18
5.586571871708907837e-16 1.622684544006960835e-18
5.908948252578522447e-16 2.487465830206309931e-18
6.249927550107790172e-16 3.805074122134906877e-18
6.610583256428216923e-16 5.807610906770499067e-18
6.992050810159466203e-16 8.842977147987028962e-18
7.395531171067479948e-16 1.343084650647334544e-17
7.822294601000365270e-16 2.034425338519564345e-17
8.273684663005427640e-16 3.072824284496749141e-17
8.751122451217439419e-16 4.627092426154363752e-17
9.256111064835188664e-16 6.944809313239228993e-17
9.790240340271502500e-16 1.038719936758785289e-16
1.035519185637452131e-15 1.547827084657093239e-16
1.095274422847839084e-15 2.297321580615633989e-16
1.158477870795020559e-15 3.395301571594098843e-16
1.225328510486190365e-15 4.995425318632446566e-16
1.296036805243355342e-15 7.314363399124747757e-16
1.370825363297001830e-15 1.065489213187790496e-15
1.449929638615092500e-15 1.543644440186233851e-15
1.533598672173828848e-15 2.223450099409728370e-15
1.622095876003878576e-15 3.182964719409036186e-15
1.715699862480418380e-15 4.526906917826733757e-15
1.814705321467867716e-15 6.394023511828171612e-15
1.919423948080772431e-15 8.965725128571727825e-15
2.030185423981639338e-15 1.247586325175301396e-14
2.147338455305161162e-15 1.722120137816716019e-14
2.271251870476471233e-15 2.357239506472984463e-14
2.402315781379593799e-15 3.198428173526568167e-14
2.540942811531840984e-15 4.300458964265056021e-14
2.687569395130724622e-15 5.728064902853215212e-14
2.842657151063085569e-15 7.556166631438667889e-14
3.006694336202259480e-15 9.869696107628227813e-14
3.180197382568608775e-15 1.276295596191233247e-13
3.363712523192742073e-15 1.633849135649353781e-13
3.557817511800170677e-15 2.070579481676073899e-13
3.763123441731369503e-15 2.598000781006507374e-13
3.980276669823615307e-15 3.228102145075147252e-13
4.209960851311642305e-15 3.973341949395955624e-13
4.452899092153329557e-15 4.846764737567687393e-13
4.709856225556647338e-15 5.862267159027926745e-13
4.981641219874946619e-15 7.035021605949700485e-13
5.269109725451144220e-15 8.382044074702277408e-13
5.573166768429123517e-15 9.922873682613401262e-13
5.894769600013101609e-15 1.168031877106051210e-12
6.234930710145056134e-15 1.368122404663192538e-12
6.594721015088266254e-15 1.595722483656240340e-12
6.975273228952225925e-15 1.854547285631529110e-12
7.377785429773240708e-15 2.148933703053306130e-12
7.803524831377901922e-15 2.483910174124657690e-12
8.253831772904146391e-15 2.865269436475795756e-12
8.730123938539801928e-15 3.299647827641098775e-12
9.233900820763753310e-15 3.794614677698921103e-12
9.766748441141042215e-15 4.358774792886087152e-12
1.033034434353401931e-14 5.001886654060320131e-12
1.092646287544982972e-14 5.734998499475128094e-12
1.155698077415113533e-14 6.570603867606719571e-12
1.222388307511641180e-14 7.522817583107960409e-12
1.292926936145157553e-14 8.607573267505949353e-12
1.367536037392756071e-14 9.842843103220260840e-12
1.446450500245373503e-14 1.124888028548127560e-11
1.529918768099858396e-14 1.284848598453426349e-11
1.618203620923860846e-14 1.466730137861487934e-11
1.711583002555974995e-14 1.673412651206864340e-11
1.810350895745745633e-14 1.908126716905724925e-11
1.914818247688369790e-14 2.174490998408443885e-11
2.025313948967882640e-14 2.476552566699676435e-11
2.142185868990862152e-14 2.818829916344187930e-11
2.265801951170443162e-14 3.206358464794003274e-11
2.396551371308521855e-14 3.644738036419873206e-11
2.534845762823114878e-14 4.140181918904190275e-11
2.681120512678185196e-14 4.699566601454596293e-11
2.835836132095802753e-14 5.330480995888693659e-11
2.999479706366089948e-14 6.041273977007420770e-11
3.172566428319309329e-14 6.841097987778106251e-11
3.355641220287780886e-14 7.739946565216807178e-11
3.549280449664117421e-14 8.748682705874605389e-11
3.754093743456754276e-14 9.879054147344908691e-11
3.970725907555387583e-14 1.114369118274455419e-10
4.199858956748811939e-14 1.255608136606672437e-10
4.442214261886120432e-14 1.413051458892474215e-10
4.698554820941019272e-14 1.588199073358199534e-10
4.969687661129299161e-14 1.782608163417277169e-10
5.256466379641904342e-14 1.997873740309980363e-10
5.559793830992388267e-14 2.235602706122359360e-10
5.880624969439408369e-14 2.497380359994412255e-10
6.219969855432875275e-14 2.784728316659014942e-10
6.578896835548711540e-14 3.099053108844559031e-10
6.958535905923708564e-14 3.441585004573270843e-10
7.360082269779355312e-14 3.813307083783206027e-10
7.784800100234526874e-14 4.214875556000024631e-10
8.234026520253578593e-14 4.646533401660944372e-10
8.709175812259697125e-14 5.108021031767604468e-10
9.211743870666260569e-14 5.598489861767840651e-10
9.743312911344284873e-14 6.116427428297234305e-10
1.030555645285242307e-13 6.659605647990385154e-10
1.090024458511157105e-13 7.225067967704140570e-10
1.152924954211158554e-13 7.809174658803522025e-10
1.219455159619429264e-13 8.407729446259894288e-10
1.289824529246931197e-13 9.016213414301517569e-10
1.364254604299070697e-13 9.630152673657133391e-10
1.442979710145441910e-13 1.024564437927709860e-09
1.526247694037444673e-13 1.086005780477889821e-09
1.614320705396351512e-13 1.147291210087225046e-09
1.707476021128352505e-13 1.208691004171708401e-09
1.806006918564856627e-13 1.270907202763995112e-09
1.910223598776348318e-13 1.335187218004020875e-09
2.020454163166613131e-13 1.403422300277888440e-09
2.137045646421863178e-13 1.478209863253163833e-09
2.260365109066828465e-13 1.562854671435191404e-09
2.390800793067437988e-13 1.661279255986270157e-09
2.528763344118181536e-13 1.777816456738325636e-09
2.674687104462315407e-13 1.916863808058801646e-09
2.829031480315020810e-13 2.082393394820846957e-09
2.992282388194450854e-13 2.277336327486726588e-09
3.164953784714209808e-13 2.502889368527927579e-09
3.347589284653397033e-13 2.757826672218437224e-09
3.540763872398268845e-13 3.037932694499016184e-09
3.745085712143691747e-13 3.335682935891388180e-09
3.961198062553330245e-13 3.640300523944951906e-09
4.189781301906348580e-13 3.938271499493491617e-09
4.431555070106440023e-13 4.214333509051774725e-09
4.687280534296752472e-13 4.452856946793457647e-09
4.957762785213352360e-13 4.639440122061353499e-09
5.243853371821733026e-13 4.762467914499084146e-09
5.546452982216023528e-13 4.814365827143576214e-09
5.866514279220931065e-13 4.792328796956234836e-09
6.205044899623845053e-13 4.698408957039289423e-09
6.563110626479391774e-13 4.538989050561038523e-09
6.941838744473535766e-13 4.323787744026446264e-09
7.342421588911051417e-13 4.064619818153438806e-09
7.766120299499376604e-13 3.774138550797815608e-09
8.214268790746623928e-13 3.464739540150716639e-09
8.688277951473843031e-13 3.147728215080090373e-09
9.189640086662596415e-13 2.832780642310787120e-09
9.719933615621780267e-13 2.527676103105632342e-09
1.028082804126503575e-12 2.238252189196744589e-09
1.087408920614324838e-12 1.968523132369891714e-09
1.150158485177923028e-12 1.720902370155862679e-09
1.216529049880727588e-12 1.496477625283507939e-09
1.286729566642956778e-12 1.295297790209468955e-09
1.360981045076974730e-12 1.116643564987457297e-09
1.439517248283438405e-12 9.592653574050007737e-10
1.522585428798772298e-12 8.215810758279871152e-10
1.610447107010890664e-12 7.018327372629294047e-10
1.703378894493878845e-12 5.982047106653701821e-10
1.801673364853685946e-12 5.089085511665819234e-10
1.905639974826438617e-12 4.322402304927393823e-10
2.015606038529305776e-12 3.666155986808222492e-10
2.131917757931074741e-12 3.105893984908298843e-10
2.254941312786594285e-12 2.628623780838668344e-10
2.385064013466559567e-12 2.222801756747104537e-10
2.522695520312010814e-12 1.878268259276408013e-10
2.668269133352346576e-12 1.586150216020624320e-10
2.822243156447313578e-12 1.338746771221855923e-10
2.985102340147605221e-12 1.129408763298542715e-10
3.157359407816517763e-12 9.524193127048181327e-11
3.339556669817395251e-12 8.028801399070137071e-11
3.532267730848709114e-12 6.766063126863335135e-11
3.736099295801834030e-12 5.700307625429598245e-11
3.951693079826962235e-12 4.801189739871169925e-11
4.179727828620487913e-12 4.042936430827840515e-11
4.420921455294168105e-12 3.403687314198607949e-11
4.676033300553683223e-12 2.864921478381395111e-11
4.945866523301997547e-12 2.410962087880294965e-11
5.231270629193952058e-12 2.028550135965583875e-11
5.533144145102588287e-12 1.706479027961268281e-11
5.852437447917008355e-12 1.435282234209539257e-11
6.190155756577751864e-12 1.206966970131580044e-11
6.547362296769334034e-12 1.014787561868369173e-11
6.925181648233081148e-12 8.530528998810123540e-12
7.324803285238734915e-12 7.169630744786894971e-12
7.747485321360971433e-12 6.024709301523717663e-12
8.194558470350392028e-12 5.061648496658934190e-12
8.667430235569070544e-12 4.251695824450999017e-12
9.167589341179558402e-12 3.570624009119263440e-12
9.696610419038577242e-12 2.998022529081182749e-12
1.025615896605047487e-11 2.516699264623200924e-12
1.084799658758767051e-11 2.112175296649255024e-12
1.147398654348569185e-11 1.772258606526510531e-12
1.213609961407330695e-11 1.486684312493521039e-12
1.283642030470487500e-11 1.246811270380713817e-12
1.357715340832932558e-11 1.045366251636067805e-12
1.436063094675574444e-11 8.762282045867010115e-13
1.518931951246879399e-11 7.342464765643271909e-13
1.606582803410778572e-11 6.150875637461158504e-13
1.699291599005758708e-11 5.151060290872751429e-13
1.797350209600889808e-11 4.312357000633118608e-13
1.901067349383991996e-11 3.608980364400876844e-13
2.010769547074743928e-11 3.019249354429996883e-13
2.126802173922610973e-11 2.524936910846798037e-13
2.249530531025983851e-11 2.110722430327565690e-13
2.379340999395743925e-11 1.763730396508230696e-13
2.516642256383825341e-11 1.473142149201706944e-13
2.661866562306588897e-11 1.229868850575749697e-13
2.815471121313496249e-11 1.026276375130776475e-13
2.977939520785518434e-11 8.559536764754561586e-14
3.149783253794844250e-11 7.135178977756068725e-14
3.331543329419091557e-11 5.944504439117221504e-14
3.523791975979490617e-11 4.949590050402045189e-14
3.727134442565562538e-11 4.118615697199629933e-14
3.942210904517752308e-11 3.424888291749211490e-14
4.169698478867066276e-11 2.846021317658457510e-14
4.410313356076802006e-11 2.363244901044826730e-14
4.664813054797772777e-11 1.960825851480996017e-14
4.933998806735306559e-11 1.625580142095345845e-14
5.218718079136570523e-11 1.346463210223327080e-14
5.519867242839397304e-11 1.114225697826658967e-14
5.838394394282447312e-11 9.211242142203266199e-15
6.175302340361074726e-11 7.606784012946097479e-15
6.531651755526174904e-11 6.274668958420810955e-15
6.908564521064996071e-11 5.169560140087626972e-15
7.307227257077355002e-11 4.253559329908836630e-15
7.728895058266461485e-11 3.494999813180146236e-15
8.174895445305752883e-11 2.867433523126243827e-15
8.646632544221625283e-11 2.348781312549977136e-15
9.145591506950036198e-11 1.920620299023176007e-15
9.673343186983566223e-11 1.567586330323101421e-15
1.023154908482975217e-10 1.276873100233695126e-15
1.082196657884979339e-10 1.037812425947861296e-15
1.144645445794591323e-10 8.415226267492003866e-16
1.210697877351556465e-10 6.806140649911389103e-16
1.280561902909636039e-10 5.489426354428005642e-16
1.354457472718753088e-10 4.414034641938978012e-16
1.432617229386004229e-10 3.537583287081323500e-16
1.515287240295510073e-10 2.824913416797326055e-16
1.602727772292988342e-10 2.246883204910049398e-16
1.695214111073938090e-10 1.779359979014764044e-16
1.793037427855137341e-10 1.402378493052169991e-16
1.896505696057848924e-10 1.099438313942772664e-16
2.005944660888837186e-10 8.569176316037875613e-17
2.121698864871584588e-10 6.635844662176348727e-17
2.244132732556381775e-10 5.101893298381681417e-17
2.373631717824294661e-10 3.891259866192258361e-17
2.510603517396874048e-10 2.941491188209627525e-17
2.655479354372251637e-10 2.201395295465547701e-17
2.808715335828378781e-10 1.629090376407228267e-17
2.970793888767564471e-10 1.190385001403715121e-17
3.142225278923013303e-10 8.574346680051533082e-18
3.323549217209043297e-10 6.076286679418641592e-18
3.515336558872320864e-10 4.226687694772080122e-18
3.718191100693733941e-10 2.878074286543756847e-18
3.932751481898781481e-10 1.912184620607874889e-18
4.159693194761113444e-10 1.234774287654691063e-18
4.399730711229106146e-10 7.713257636399327904e-19
4.653619732270746274e-10 4.635022896128164076e-19
4.922159567018089823e-10 2.662110986321808932e-19
5.206195649201822750e-10 1.451719010107572333e-19
5.506622198798045600e-10 7.485862598443196063e-20
5.824385037266956188e-10 3.667198221897958376e-20
6.160484565246492768e-10 1.766152974730360307e-20
6.515978912075648009e-10 9.202897180385560512e-21
6.891987267062606721e-10 5.906727942322313548e-21
7.289693402985899427e-10 4.685457703297153230e-21
7.710349402921122747e-10 4.016962535386926864e-21
8.155279602126376191e-10 3.337760156197765812e-21
8.625884757396467533e-10 2.576885018310712788e-21
9.123646457012304249e-10 1.846128063892281910e-21
9.650131785168619155e-10 1.258199722380562762e-21
1.020699825556558288e-09 8.537418592101808414e-22
1.079599902969599124e-09 6.035533970547583588e-22
1.141898843625680441e-09 4.467731522292988279e-22
1.207792780906149271e-09 3.314666004529285373e-22
1.277489166183274011e-09 2.346179929880220065e-22
1.351207421931468400e-09 1.571840946620824230e-22
1.429179632526725986e-09 1.064021448492262459e-22
1.511651274909015137e-09 8.185303224220026217e-23
1.598881991407975903e-09 7.354091172385160198e-23
1.691146407164967729e-09 6.944849906806447319e-23
1.788734994724967104e-09 6.323939103521130563e-23
1.891954988520173020e-09 5.527185351552965325e-23
2.001131352124491096e-09 4.809543273136380532e-23
2.116607801323966590e-09 4.262279120436205078e-23
2.238747886224098200e-09 3.825989154984759999e-23
2.367936135800774776e-09 3.463414877271475256e-23
2.504579268498237782e-09 3.189805086120470919e-23
2.649107472685208041e-09 3.001364826879893882e-23
2.801975761000573808e-09 2.868628096062271558e-23
2.963665402852337278e-09 2.774410078696394291e-23
3.134685439579757106e-09 2.712068725283912583e-23
3.315574287048786913e-09 2.670924851172202592e-23
3.506901430726288896e-09 2.640985402543290361e-23
3.709269218569352452e-09 2.616266471854926727e-23
3.923314757374470707e-09 2.593669636789095530e-23
4.149711918556582658e-09 2.572841104963426362e-23
4.389173459672773304e-09 2.554193601821696717e-23
4.642453268369719366e-09 2.537718607956861110e-23
4.910348735819516325e-09 2.523101842028360548e-23
5.193703267115819161e-09 2.510012665139606126e-23
5.493408936534034434e-09 2.498129811844157007e-23
5.810409296014761456e-09 2.487008954016882836e-23
6.145702345712414667e-09 2.476181812607967544e-23
6.500343675961062530e-09 2.465397871767401465e-23
6.875449790549362872e-09 2.454663604510799633e-23
7.272201621766749378e-09 2.444042462238027022e-23
7.691848248287670709e-09 2.433517813999445812e-23
8.135710827598361325e-09 2.423027431251856702e-23
8.605186755346624925e-09 2.412523583903741687e-23
9.101754064709280902e-09 2.401985637388087686e-23
9.626976079627836650e-09 2.391409289976620190e-23
1.018250633656149132e-08 2.380793566200457861e-23
1.077009379025310249e-08 2.370134791272084628e-23
1.139158831989674254e-08 2.359430082619588301e-23
1.204894655304187851e-08 2.348679994404289980e-23
1.274423802556930211e-08 2.337887087117794868e-23
1.347965169713229096e-08 2.327054347128436403e-23
1.425750284257458546e-08 2.316184954518272883e-23
1.508024034102217179e-08 2.305282883098556814e-23
1.595045438559609205e-08 2.294352398594373319e-23
1.687088463801874522e-08 2.283397885490642968e-23
1.784442885378646828e-08 2.272423875172028303e-23
1.887415200506301332e-08 2.261434878852632456e-23
1.996329593001424672e-08 2.250435261772165437e-23
2.111528953896400075e-08 2.239429009865811820e-23
2.233375960950173053e-08 2.228419380907116355e-23
2.362254220452824689e-08 2.217408402579208918e-23
2.498569474918627994e-08 2.206396320683475154e-23
2.642750880469787210e-08 2.195381225974636861e-23
2.795252357932248902e-08 2.184359367968137497e-23
2.956554021897382309e-08 2.173326647238014670e-23
3.127163692248446520e-08 2.162281077590939246e-23
3.307618492910580459e-08 2.151224825614870723e-23
3.498486542857580663e-08 2.140164266344717402e-23
3.700368744699276054e-08 2.129108072718675886e-23
3.913900676480239237e-08 2.118064871925478182e-23
4.139754592645981739e-08 2.107041825225361337e-23
4.378641540476001004e-08 2.096044161830877273e-23
4.631313598646840667e-08 2.085075303163400639e-23
4.898566244972713145e-08 2.074137388460000012e-23
5.181240860778076083e-08 2.063231941050494360e-23
5.480227379786281799e-08 2.052360229496301092e-23
5.796467089864092163e-08 2.041523207490479404e-23
6.130955596442385041e-08 2.030721417775076061e-23
6.484745956942807211e-08 2.019955157003373491e-23
6.858951996078297005e-08 2.009224690941118590e-23
7.254751812465116258e-08 1.998530238608841496e-23
7.673391487585658821e-08 1.987871808871169924e-23
8.116189008779435000e-08 1.977249149752099720e-23
8.584538418612355434e-08 1.966661833373043412e-23
9.079914203687838870e-08 1.956109371811636401e-23
9.603875936716770261e-08 1.945591305965077638e-23
1.015807318646099712e-07 1.935107280014890266e-23
1.074425071100759446e-07 1.924657105457289969e-23
1.136425395072442007e-07 1.914240800622380233e-23
1.202003483818968706e-07 1.903858577730675902e-23
1.271365794338692448e-07 1.893510777538289757e-23
1.344730697351195145e-07 1.883197795437868843e-23
1.422329164785525851e-07 1.872920028888797036e-23
1.504405496940293316e-07 1.862677850774774271e-23
1.591218091605005499e-07 1.852471594471702822e-23
1.683040257563994764e-07 1.842301552989229358e-23
1.780161075044031322e-07 1.832167984175726672e-23
1.882886305814598293e-07 1.822071116182763717e-23
1.991539355806022147e-07 1.812011150869040140e-23
2.106462293276037327e-07 1.801988267812548633e-23
2.228016925730253393e-07 1.792002627849624019e-23
2.356585938986938693e-07 1.782054375337431331e-23
2.492574101972179880e-07 1.772143635447939913e-23
2.636409541038557321e-07 1.762270516279363411e-23
2.788545087818902703e-07 1.752435114495904846e-23
2.949459704858960793e-07 1.742637514617221701e-23
3.119659993516903019e-07 1.732877788588762169e-23
3.299681788877080427e-07 1.723155998827468074e-23
3.490091846699209299e-07 1.713472201079872132e-23
3.691489627713932625e-07 1.703826440396700415e-23
3.904509184882201562e-07 1.694218751660805679e-23
4.129821159560056206e-07 1.684649161705165144e-23
4.368134892853255983e-07 1.675117691816274978e-23
4.620200658808855998e-07 1.665624355025379028e-23
4.886812026474366991e-07 1.656169158182094632e-23
5.168808358261111457e-07 1.646752104765579439e-23
5.467077452476687569e-07 1.637373191709748335e-23
5.782558338346715764e-07 1.628032408873673562e-23
6.116244232324733512e-07 1.618729740420825451e-23
6.469185664997710495e-07 1.609465166931701134e-23
6.842493788431484769e-07 1.600238665170245003e-23
7.237343874368461931e-07 1.591050205578512900e-23
7.654979014290877550e-07 1.581899755143192669e-23
8.096714032998345001e-07 1.572787279526826552e-23
8.563939628020679716e-07 1.563712739885417665e-23
9.058126747897947965e-07 1.554676091500144586e-23
9.580831223111634389e-07 1.545677286945333025e-23
1.013369866424679097e-06 1.536716278487887532e-23
1.071846964280466960e-06 1.527793014323642175e-23
1.133698517097798068e-06 1.518907439649756392e-23
1.199119249763936403e-06 1.510059497877814586e-23
1.268315123879082670e-06 1.501249132555354428e-23
1.341503986177432275e-06 1.492476282639627249e-23
1.418916254365750064e-06 1.483740882922801974e-23
1.500795642538657433e-06 1.475042867958189134e-23
1.587399928454431896e-06 1.466382167482233446e-23
1.679001765086900799e-06 1.457758713391298479e-23
1.775889539008412597e-06 1.449172433268800846e-23
1.878368278306280130e-06 1.440623256206734592e-23
1.986760612891145186e-06 1.432111107066427290e-23
2.101407790220347573e-06 1.423635907795694692e-23
2.222670749634351445e-06 1.415197581535140771e-23
2.350931258688303532e-06 1.406796050057661546e-23
2.486593115056285926e-06 1.398431237228732814e-23
2.630083417792145117e-06 1.390103062189546201e-23
2.781853911949173889e-06 1.381811442369476453e-23
2.942382410791851207e-06 1.373556293669813256e-23
3.112174300077136732e-06 1.365337532749955519e-23
3.291764129141198042e-06 1.357155073841662696e-23
3.481717293800717185e-06 1.349008831217221758e-23
3.682631816366970154e-06 1.340898718168739590e-23
3.895140228376806852e-06 1.332824647813958178e-23
4.119911561967409083e-06 1.324786533362224905e-23
4.357653456164799945e-06 1.316784285063276108e-23
4.609114384716794993e-06 1.308817812816249739e-23
4.875086012484390826e-06 1.300887025084545380e-23
5.156405687810083113e-06 1.292991833711703672e-23
5.453959078709755799e-06 1.285132148247290969e-23
5.768682961187543952e-06 1.277307878633556771e-23
6.101568168452045278e-06 1.269518931499353351e-23
6.453662710318759016e-06 1.261765214175962566e-23
6.826075072619458018e-06 1.254046633236291241e-23
7.219977707005843716e-06 1.246363095567396184e-23
7.636610722134649023e-06 1.238714505531706326e-23
8.077285787854118323e-06 1.231100768080039006e-23
8.543390264684459860e-06 1.223521788271819746e-23
9.036391571592050217e-06 1.215977469968636215e-23
9.557841805808662484e-06 1.208467719547031259e-23
1.010938262924003868e-05 1.200992440563839024e-23
1.069275043684753918e-05 1.193551538938393533e-23
1.130978182327423151e-05 1.186144919218967317e-23
1.196241936492583535e-05 1.178772484902246680e-23
1.265271773571001569e-05 1.171434138890826021e-23
1.338285017568796229e-05 1.164129784324670251e-23
1.415511533300315842e-05 1.156859323982060833e-23
1.497194450062821535e-05 1.149622661015689020e-23
1.583590927071123856e-05 1.142419697438067535e-23
1.674972963062183571e-05 1.135250336712818963e-23
1.771628252618365245e-05 1.128114481171434646e-23
1.873861091905325291e-05 1.121012032536135156e-23
1.981993336676041100e-05 1.113942893395492152e-23
2.096365415557013826e-05 1.106906965708891009e-23
2.217337401806743541e-05 1.099904152023935058e-23
2.345290146920650461e-05 1.092934355561612070e-23
2.480626479651329156e-05 1.085997477700048381e-23
2.623772474218961142e-05 1.079093420044742676e-23
2.775178791704528079e-05 1.072222083574178486e-23
2.935322098849012961e-05 1.065383370335280101e-23
3.104706568725005531e-05 1.058577181415543017e-23
3.283865468005670068e-05 1.051803418615006855e-23
3.473362835827868608e-05 1.045061984812791244e-23
3.673795259535091190e-05 1.038352781834093291e-23
3.885793752890657007e-05 1.031675711385316410e-23
4.110025742674305172e-05 1.025030674112611160e-23
4.347197169916498316e-05 1.018417572628306092e-23
4.598054712385672851e-05 1.011836308464657921e-23
4.863388135325409119e-05 1.005286782369287791e-23
5.144032777842257715e-05 9.987688959238659391e-24
5.440872182771982742e-05 9.922825515494443272e-24
5.754840878303979919e-05 9.858276517475235468e-24
6.086927320120515795e-05 9.794040970778409238e-24
6.438177003314258867e-05 9.730117892734672823e-24
6.809695753880614614e-05 9.666506302882612608e-24
7.202653210147562433e-05 9.603205224799074472e-24
7.618286505103455798e-05 9.540213680517612458e-24
8.057904161215667508e-05 9.477530676413462640e-24
8.522890210002021720e-05 9.415155242058909389e-24
9.014708549324495959e-05 9.353086403669826014e-24
9.534907552123082785e-05 9.291323187519912801e-24
1.008512494109932694e-04 9.229864620465054185e-24
1.066709294469622184e-04 9.168709725068340902e-24
1.128264375060736941e-04 9.107857529939619854e-24
1.193371527398318359e-04 9.047307054020548168e-24
1.262235725849564867e-04 8.987057321793283108e-24
1.335073772946816567e-04 8.927107346842341154e-24
1.412114981938705977e-04 8.867456158766719784e-24
1.493601898728323478e-04 8.808102786315457657e-24
1.579791065471242725e-04 8.749046253416341553e-24
1.670953828237415370e-04 8.690285593772062341e-24
1.767377191279664568e-04 8.631819834020409113e-24
1.869364720598240786e-04 8.573648024463191731e-24
1.977237499646092853e-04 8.515769199979430018e-24
2.091335140183654879e-04 8.458182408440030622e-24
2.212016851465679510e-04 8.400886677376894492e-24
2.339662571125949704e-04 8.343881040160237147e-24
2.474674161320521235e-04 8.287164526987698605e-24
2.617476673895021149e-04 8.230736171057238909e-24
2.768519688559181236e-04 8.174595019333013347e-24
2.928278728281509080e-04 8.118740108537528387e-24
3.097256756360131807e-04 8.063170490119548711e-24
3.275985759882986317e-04 8.007885203678675212e-24
3.465028424562501029e-04 7.952883303554380688e-24
3.664979906217583137e-04 7.898163834768314541e-24
3.876469704479981737e-04 7.843725845137578103e-24
4.100163644624117199e-04 7.789568383134703378e-24
4.336765973759240363e-04 7.735690500832892341e-24
4.587021577983899827e-04 7.682091247840585104e-24
4.851718327482431453e-04 7.628769675503321782e-24
5.131689556946650516e-04 7.575724835724468926e-24
5.427816689131707232e-04 7.522955786041756444e-24
5.741032009805764353e-04 7.470461586489775921e-24
6.072321602829768624e-04 7.418241287305273607e-24
6.422728454607695833e-04 7.366293945242444837e-24
6.793355737680911851e-04 7.314618625668896290e-24
7.185370283804256089e-04 7.263214397607844283e-24
7.600006257437996997e-04 7.212080322015585521e-24
8.038569041220786733e-04 7.161215458274919069e-24
8.502439345656086960e-04 7.110618872138533272e-24
8.993077555950364232e-04 7.060289626788685017e-24
9.512028329688499871e-04 7.010226785777698852e-24
1.006092545981997341e-03 6.960429418294566655e-24
1.064149701826724252e-03 6.910896599493952339e-24
1.125557079634868264e-03 6.861627411622901713e-24
1.190508005914434151e-03 6.812620930216377561e-24
1.259206963192074620e-03 6.763876226030574624e-24
1.331870233777637628e-03 6.715392374020575505e-24
1.408726580677523111e-03 6.667168450906782020e-24
1.490017967800540176e-03 6.619203544778038419e-24
1.576000321723662828e-03 6.571496731786213533e-24
1.666944337415921223e-03 6.524047097863505922e-24
1.763136330457045408e-03 6.476853727788107832e-24
1.864879138433953379e-03 6.429915706043741360e-24
1.972493074352705059e-03 6.383232116999885978e-24
2.086316935067790077e-03 6.336802040916828659e-24
2.206709067903342945e-03 6.290624580795764375e-24
2.334048498824372025e-03 6.244698833020785015e-24
2.468736125709764667e-03 6.199023892637461006e-24
2.611195980483804573e-03 6.153598842589096689e-24
2.761876564079725552e-03 6.108422779280938441e-24
2.921252258438110372e-03 6.063494803772233711e-24
3.089824819985482855e-03 6.018814012756478457e-24
3.268124959294946286e-03 5.974379510607477713e-24
3.456714011902036702e-03 5.930190398488930415e-24
3.656185705536113204e-03 5.886245790003286849e-24
3.867168029330580320e-03 5.842544782019096122e-24
4.090325210897264620e-03 5.799086480535849916e-24
4.326359807488866678e-03 5.755869990854018967e-24
4.576014917833198109e-03 5.712894429267895952e-24
4.840076521602590560e-03 5.670158908907646178e-24
5.119375953883758233e-03 5.627662536027340339e-24
5.414792522438373681e-03 5.585404426677576438e-24
5.727256275994195393e-03 5.543383699158302795e-24
6.057750932282043865e-03 5.501599470847127108e-24
6.407316975036854781e-03 5.460050858013059373e-24
6.777054929712925807e-03 5.418736975695625514e-24
7.168128828226491903e-03 5.377656951934698901e-24
7.581769873632741158e-03 5.336809912849789663e-24
8.019280316275686354e-03 5.296194983417837702e-24
8.482037553613276312e-03 5.255811284389238617e-24
8.971498466625314402e-03 5.215657939782614216e-24
9.489204006456353896e-03 5.175734086541771174e-24
1.003678404573348122e-02 5.136038857991815585e-24
1.061596250983219518e-02 5.096571390004691354e-24
1.122856280424500836e-02 5.057330814876608329e-24
1.187651355513947432e-02 5.018316267717183227e-24
1.256185468117847377e-02 4.979526889778596865e-24
1.328674381571832465e-02 4.940961816621183557e-24
1.405346309960408928e-02 4.902620188701924967e-24
1.486442636594602698e-02 4.864501142865530657e-24
1.572218673949882239e-02 4.826603830597501883e-24
1.662944467456687475e-02 4.788927397941296231e-24
1.758905645674170223e-02 4.751470992345798945e-24
1.860404319523705982e-02 4.714233756657012775e-24
1.967760033413195123e-02 4.677214844136285476e-24
2.081310771246551103e-02 4.640413411553601643e-24
2.201414020485545700e-02 4.603828614593558309e-24
2.328447897613965950e-02 4.567459605103709721e-24
2.462812338547335292e-02 4.531305537684023540e-24
2.604930357735896554e-02 4.495365571781847601e-24
2.755249379924974359e-02 4.459638865707241895e-24
2.914242648765130034e-02 4.424124581122172390e-24
3.082410716707197074e-02 4.388821881806971507e-24
3.260283020872473125e-02 4.353729935902736854e-24
3.448419549859436939e-02 4.318847907423029215e-24
3.647412606734520835e-02 4.284174963393507121e-24
3.857888673757282894e-02 4.249710272219348127e-24
4.080510384710642896e-02 4.215453004811680976e-24
4.315978611045571262e-02 4.181402335710108492e-24
4.565034668407977336e-02 4.147557440773287304e-24
4.828462650494515229e-02 4.113917496836592295e-24
5.107091897584849910e-02 4.080481680639307565e-24
5.401799607522234092e-02 4.047249170937149201e-24
5.713513597361809249e-02 4.014219149427742267e-24
6.043215224381852380e-02 3.981390799933172483e-24
6.391942475653468458e-02 3.948763303749063478e-24
6.760793235895741493e-02 3.916335848113864448e-24
7.150928743904365337e-02 3.884107615925761490e-24
7.563577248435501832e-02 3.852077793997562440e-24
8.000037875054546999e-02 3.820245571712491158e-24
8.461684716123650529e-02 3.788610140690887133e-24
8.949971156804355232e-02 3.757170700525276376e-24
9.466434450694716229e-02 3.725926445411799636e-24
1.001270055950617133e-01 3.694876571331625506e-24
1.059048927201715479e-01 3.664020275069467008e-24
1.120161961841812381e-01 3.633356759249729999e-24
1.184801559709530994e-01 3.602885225186623884e-24
1.253171223188145889e-01 3.572604873964138967e-24
1.325486197884383488e-01 3.542514910845294173e-24
1.401974150277965070e-01 3.512614542751264432e-24
1.482875884475311212e-01 3.482902980827633985e-24
1.568446100323935000e-01 3.453379435462552147e-24
1.658954195274268129e-01 3.424043117067499592e-24
1.754685112513392209e-01 3.394893237904354079e-24
1.855940238040815760e-01 3.365929010086281577e-24
1.963038349510521086e-01 3.337149651073277415e-24
2.076316619826567844e-01 3.308554378243896834e-24
2.196131678651608299e-01 3.280142409944576188e-24
2.322860735170530766e-01 3.251912964257111685e-24
2.456902765643745046e-01 3.223865263053397478e-24
2.598679769488948521e-01 3.195998533796039834e-24
2.748638097845810258e-01 3.168312004935634059e-24
2.907249858806261744e-01 3.140804904549955307e-24
3.075014403734414037e-01 3.113476465346726615e-24
3.252459899355434336e-01 3.086325914656285787e-24
3.440144990562722382e-01 3.059352484367624045e-24
3.638660559178346632e-01 3.032555405827499108e-24
3.848631584203739964e-01 3.005933916234068350e-24
4.070719109417403336e-01 2.979487254546156341e-24
4.305622324513665444e-01 2.953214657120781514e-24
4.554080766335079078e-01 2.927115367321810826e-24
4.816876647128058297e-01 2.901188626870047473e-24
5.094837317151891254e-01 2.875433680655709909e-24
5.388837869394043079e-01 2.849849771337074973e-24
5.699803894592062603e-01 2.824436147587449812e-24
6.028714395235643675e-01 2.799192057023451865e-24
6.376604867722862613e-01 2.774116748867557565e-24
6.744570562374033740e-01 2.749209472618991084e-24
7.133769931566513733e-01 2.724469483779109523e-24
7.545428276846408711e-01 2.699896039647410468e-24
7.980841606498412233e-01 2.675488397477737507e-24
8.441380715719535299e-01 2.651245814956776596e-24
8.928495502241343695e-01 2.627167550117779548e-24
9.443719530987747524e-01 2.603252866202363482e-24
9.988674862139022004e-01 2.579501026980372273e-24
1.056507715780208079e+00 2.555911297615436387e-24
1.117474108336411032e+00 2.532482942445239508e-24
1.181958602053448493e+00 2.509215230650379356e-24
1.250164211006107307e+00 2.486107433961972231e-24
1.322305664314499696e+00 2.463158822118932690e-24
1.398610082167561330e+00 2.440368665845679263e-24
1.479317690856932987e+00 2.417736238819808042e-24
1.564682579072176338e+00 2.395260821170157051e-24
1.654973497838558183e+00 2.372941692087898552e-24
1.750474706615653631e+00 2.350778130045626214e-24
1.851486868220572957e+00 2.328769413557295310e-24
1.958327995393252641e+00 2.306914823064268139e-24
2.071334451983849689e+00 2.285213644364812553e-24
2.190862011914236795e+00 2.263665163871524442e-24
2.317286979247484169e+00 2.242268672726482935e-24
2.451007372891604419e+00 2.221023462822419117e-24
2.592444179667319659e+00 2.199928827319154046e-24
2.742042679684804085e+00 2.178984057444887242e-24
2.900273848202180371e+00 2.158188444831359553e-24
3.067635838378851343e+00 2.137541286264349832e-24
3.244655549592195154e+00 2.117041877576898390e-24
3.431890286254783984e+00 2.096689517037852772e-24
3.629929512354630461e+00 2.076483503979510056e-24
3.839396707242205053e+00 2.056423141909915210e-24
4.060951328506719804e+00 2.036507736264589287e-24
4.295290888121333417e+00 2.016736592630142201e-24
4.543153148393519913e+00 1.997109018845867813e-24
4.805318444634036013e+00 1.977624322356360938e-24
5.082612141856848176e+00 1.958281813827880535e-24
5.375907233244316963e+00 1.939080804260014251e-24
5.686127088558547094e+00 1.920020609568604695e-24
6.014248361150975164e+00 1.901100547991618180e-24
6.361304062723069030e+00 1.882319934939344010e-24
6.728386815517678698e+00 1.863678091898577582e-24
7.116652292180009276e+00 1.845174335513333602e-24
7.527322854117779016e+00 1.826807989753251736e-24
7.961691399815078007e+00 1.808578377438314297e-24
8.421125435215394361e+00 1.790484823397717318e-24
8.907071378988488775e+00 1.772526655543106810e-24
9.421059116235172226e+00 1.754703200274944473e-24
9.964706814966298509e+00 1.737013787260470520e-24
1.053972602051936036e+01 1.719457748374235394e-24
1.114792704395181921e+01 1.702034415997796783e-24
1.179122466137392422e+01 1.684743126041510785e-24
1.247164414216572936e+01 1.667583214558237207e-24
1.319132762505543432e+01 1.650554024499588491e-24
1.395254086213313194e+01 1.633654897413105647e-24
1.475768035203178918e+01 1.616885172718944804e-24
1.560928088473259301e+01 1.600244194451941224e-24
1.651002352174767296e+01 1.583731306724219288e-24
1.746274403680391529e+01 1.567345858485530259e-24
1.847044184360134977e+01 1.551087196242297392e-24
1.953628943875301971e+01 1.534954668290891964e-24
2.066364238963504008e+01 1.518947625539157442e-24
2.185604989859218961e+01 1.503065421405315682e-24
2.311726597675544781e+01 1.487307411933476513e-24
2.445126126265284938e+01 1.471672952796858888e-24
2.586223552281934346e+01 1.456161402389218335e-24
2.735463087376177072e+01 1.440772123049352261e-24
2.893314576690499607e+01 1.425504474470993377e-24
3.060274978054756545e+01 1.410357819716028457e-24
3.236869926539567643e+01 1.395331522918621777e-24
3.423655389293190865e+01 1.380424950330099547e-24
3.621219415871707525e+01 1.365637470288343531e-24
3.830183989573039582e+01 1.350968452018214675e-24
4.051206985603234045e+01 1.336417269796713461e-24
4.284984242240042818e+01 1.321983294526783856e-24
4.532251751513868498e+01 1.307665901453735775e-24
4.793787976303557485e+01 1.293464464759411779e-24
5.070416301141394655e+01 1.279378362160105314e-24
5.363007624443255850e+01 1.265406971772192635e-24
5.672483100324907923e+01 1.251549674981921346e-24
5.999817038636421529e+01 1.237805856674851104e-24
6.346039972344744484e+01 1.224174901186581205e-24
6.712241901921390763e+01 1.210656196357440559e-24
7.099575726949382215e+01 1.197249126461669679e-24
7.509260875753096798e+01 1.183953081538843445e-24
7.942587144477926131e+01 1.170767452487216076e-24
8.400918757706610052e+01 1.157691632637238971e-24
8.885698663395118047e+01 1.144725015293629015e-24
9.398453075650991195e+01 1.131866996668684882e-24
9.940796279654996681e+01 1.119116976660275664e-24
1.051443571385366909e+02 1.106474352956399663e-24
1.112117734542270995e+02 1.093938527315749139e-24
1.176293135592464978e+02 1.081508901034564569e-24
1.244171815506068697e+02 1.069184878526911811e-24
1.315967474144956384e+02 1.056965864800191536e-24
1.391906143045891326e+02 1.044851267733376217e-24
1.472226897027001087e+02 1.032840495723719668e-24
1.557182606857905967e+02 1.020932960413715482e-24
1.647040735363179351e+02 1.009128074070390058e-24
1.742084179465293801e+02 9.974252501141477685e-25
1.842612160818273424e+02 9.858239035903535815e-25
1.948941167835814952e+02 9.743234514157462474e-25
2.061405952079701933e+02 9.629233146713155190e-25
2.180360582145394801e+02 9.516229142616116509e-25
2.306179558362698003e+02 9.404216724993953549e-25
2.439258991820883296e+02 9.293190134208914258e-25
2.580017851430137057e+02 9.183143626009497857e-25
2.728899282945422442e+02 9.074071459415795360e-25
2.886372004105371616e+02 8.965967906205234914e-25
3.052931780278463521e+02 8.858827263518370158e-25
3.229102985262342145e+02 8.752643871587382967e-25
3.415440252149720664e+02 8.647412072608836680e-25
3.612530219458711258e+02 8.543126202051174560e-25
3.820993378024497247e+02 8.439780640291962367e-25
4.041486024466992149e+02 8.337369774550409308e-25
4.274702327384483169e+02 8.235888018449898181e-25
4.521376512778178949e+02 8.135329777028903792e-25
4.782285175587961135e+02 8.035689481040987814e-25
5.058249724616641174e+02 7.936961598643223091e-25
5.350138968540003361e+02 7.839140589321715427e-25
5.658871851144011771e+02 7.742220932406501269e-25
5.985420344400702106e+02 7.646197135406375705e-25
6.330812508490236041e+02 7.551063729240337998e-25
6.696135728403787652e+02 7.456815246015811285e-25
7.082540137316226492e+02 7.363446226493380673e-25
7.491242237506580750e+02 7.270951233071762102e-25
7.923528730225813206e+02 7.179324866274110613e-25
8.380760566569350658e+02 7.088561718944549605e-25
8.864377232107559621e+02 6.998656421561742370e-25
9.375901278763332130e+02 6.909603611293433009e-25
9.916943118204292205e+02 6.821397936934578812e-25
1.048920609184049908e+03 6.734034054518614549e-25
1.109449183338922012e+03 6.647506645583172664e-25
1.173470594089007818e+03 6.561810416923824550e-25
1.241186397602623174e+03 6.476940080778878809e-25
1.312809780964078300e+03 6.392890368631528990e-25
1.388566233342443866e+03 6.309656028632737421e-25
1.468694255890511158e+03 6.227231824419630129e-25
1.553446112608885642e+03 6.145611572304554812e-25
1.643088624539128659e+03 6.064785749242373959e-25
1.737904009786276220e+03 5.984753464416583676e-25
1.838190772015348102e+03 5.905509336072341627e-25
1.944264640219062812e+03 5.827047995670133579e-25
2.056459562715397624e+03 5.749364099985943063e-25
2.175128758504336474e+03 5.672449734414912849e-25
2.300645829293859151e+03 5.596304398418268025e-25
2.433405935695865537e+03 5.520920569426639291e-25
2.573827041295336585e+03 5.446292964210632798e-25
2.722351228509153771e+03 5.372416321144126612e-25
2.879446090377326982e+03 5.299285384446549452e-25
3.045606202668347123e+03 5.226894626683645521e-25
3.221354680933236068e+03 5.155238159596812102e-25
3.407244827410306243e+03 5.084310148951640536e-25
3.603861872965516795e+03 5.014104830361809549e-25
3.811824819552513418e+03 4.944616491549105827e-25
4.031788388992892578e+03 4.875839442199419734e-25
4.264445084211937683e+03 4.807754401676183019e-25
4.510527369419329261e+03 4.740380733962606516e-25
4.770809976098110383e+03 4.673699699352113372e-25
5.046112342062427160e+03 4.607704591363184578e-25
5.337301191262350585e+03 4.542388825102856939e-25
5.645293262457867968e+03 4.477745908957145682e-25
5.971058195352588882e+03 4.413768897074181487e-25
6.315621583273488795e+03 4.350449722078535926e-25
6.680068202007300897e+03 4.287780387376062615e-25
7.065545424958799231e+03 4.225753111120299495e-25
7.473266835382778481e+03 4.164359488591723840e-25
7.904516047061971221e+03 4.103589693628159736e-25
8.360650745459355676e+03 4.043364537363476361e-25
8.843106962067835411e+03 3.983803576567909760e-25
9.353403595413084986e+03 3.924833812397126753e-25
9.893147192944166818e+03 3.866443532423564605e-25
1.046403700886559636e+04 3.808619643435607523e-25
1.106787035383461262e+04 3.751347698056157563e-25
1.170654825336584327e+04 3.694612824214553477e-25
1.238208143275751354e+04 3.638397825958392255e-25
1.309659664738128595e+04 3.582684990083539996e-25
1.385234337826517913e+04 3.527454070255418113e-25
1.465170091404897539e+04 3.472683610645585320e-25
1.549718584160800856e+04 3.418056331288066542e-25
1.639145996892760377e+04 3.364093755921597192e-25
1.733733870517227479e+04 3.310508152533737202e-25
1.833779992433035659e+04 3.257267617241389565e-25
1.939599334034173080e+04 3.204337039742025014e-25
2.051525042322211448e+04 3.151678047502385285e-25
2.169909488740317101e+04 3.099248670029147035e-25
2.295125378530840680e+04 3.047003056149090348e-25
2.427566924109031970e+04 2.994891225704575800e-25
2.567651086146969101e+04 2.942858906445822877e-25
2.715818886274955366e+04 2.890847412632116604e-25
2.872536795533116310e+04 2.838793660990828541e-25
3.038298202944401055e+04 2.785359503073109176e-25
3.213624968832424565e+04 2.732864522207245496e-25
3.399069067774540599e+04 2.680098818304786564e-25
3.595214326362222346e+04 2.626984495680715508e-25
3.802678261240178836e+04 2.573442779854885459e-25
4.022114023210457526e+04 2.519396273960685412e-25
4.254212453522225405e+04 2.464771937628292169e-25
4.499704258820958785e+04 2.409505201073348949e-25
4.759362311604330898e+04 2.353545378933867907e-25
5.034004083427255682e+04 2.296862935109895752e-25
5.324494218516437104e+04 2.239458762060168110e-25
5.631747255896846036e+04 2.181376111029286590e-25
5.956730508600089524e+04 2.118800258679577839e-25
6.300467109019125201e+04 2.059548793871208267e-25
6.664039229997195071e+04 2.000224178159359571e-25
7.048591491791057342e+04 1.941245820854722559e-25
7.455334565635531908e+04 1.883185525315522494e-25
7.885548985253574210e+04 1.826788527986020233e-25
8.340589178311805881e+04 1.772978536624325965e-25
8.821887730513542192e+04 1.722821933415871830e-25
9.330959895753771707e+04 1.677397735568488327e-25
9.869408366535275127e+04 1.637450348619924725e-25
1.043892831966436352e+05 1.602513781305066259e-25
1.104131275311143690e+05 1.568541845757449284e-25
1.167845813083818211e+05 1.509590749978547004e-25
1.235237035336271510e+05 1.387070704399445134e-25
1.306517107286014216e+05 1.201881108630848586e-25
1.381910437267870002e+05 9.707007136783707786e-26
1.461654383230224194e+05 7.354749645635505442e-26
1.546000000000000000e+05 5.004934764724531668e-26
