#MPBH fPBH
1.202386711173999886e+21 0.000000000000000000e+00
1.084722326412343509e+21 0.000000000000000000e+00
9.785724629878538240e+20 0.000000000000000000e+00
8.828103211310632141e+20 0.000000000000000000e+00
7.964193685932558254e+20 0.000000000000000000e+00
7.184825499749807555e+20 0.000000000000000000e+00
6.481725520191248138e+20 0.000000000000000000e+00
5.847430215328333169e+20 0.000000000000000000e+00
5.275206427149952614e+20 0.000000000000000000e+00
4.758979897886928404e+20 0.000000000000000000e+00
4.293270790680302060e+20 0.000000000000000000e+00
3.873135520133831066e+20 0.000000000000000000e+00
3.494114275271522386e+20 0.000000000000000000e+00
3.152183677847239393e+20 0.000000000000000000e+00
2.843714073465561088e+20 0.000000000000000000e+00
2.565431002151770194e+20 0.000000000000000000e+00
2.314380439374063206e+20 0.000000000000000000e+00
2.087897438545265623e+20 0.000000000000000000e+00
1.883577842138552074e+20 0.000000000000000000e+00
1.699252761125702205e+20 0.000000000000000000e+00
1.532965551832465408e+20 0.000000000000000000e+00
1.382951045816290509e+20 0.000000000000000000e+00
1.247616812287893668e+20 0.000000000000000000e+00
1.125526254173840507e+20 0.000000000000000000e+00
1.015383358381896008e+20 0.000000000000000000e+00
9.160189383904490291e+19 0.000000000000000000e+00
8.263782231246423654e+19 0.000000000000000000e+00
7.455096603729380966e+19 0.000000000000000000e+00
6.725548158903305830e+19 0.000000000000000000e+00
6.067392609654448128e+19 0.000000000000000000e+00
5.473643517213673062e+19 0.000000000000000000e+00
4.937998128860427878e+19 0.000000000000000000e+00
4.454770473076329677e+19 0.000000000000000000e+00
4.018831001941352448e+19 0.000000000000000000e+00
3.625552140066048410e+19 0.000000000000000000e+00
3.270759162051808461e+19 0.000000000000000000e+00
2.950685877034701210e+19 0.000000000000000000e+00
2.661934649896468070e+19 0.000000000000000000e+00
2.401440334760546714e+19 0.000000000000000000e+00
2.166437737920859341e+19 0.000000000000000000e+00
1.954432264816454861e+19 0.000000000000000000e+00
1.763173439464483635e+19 0.000000000000000000e+00
1.590631015255459021e+19 0.000000000000000000e+00
1.434973423522678784e+19 0.000000000000000000e+00
1.294548331113544499e+19 0.000000000000000000e+00
1.167865100577855693e+19 0.000000000000000000e+00
1.053578966784900096e+19 0.000000000000000000e+00
9.504767620012806144e+18 0.000000000000000000e+00
8.574640378986201088e+18 0.000000000000000000e+00
7.735534477889924096e+18 0.000000000000000000e+00
6.978542657633699840e+18 0.000000000000000000e+00
6.295629314769403904e+18 0.000000000000000000e+00
5.679545202124388352e+18 0.000000000000000000e+00
5.123750476747324416e+18 0.000000000000000000e+00
4.622345278306587648e+18 0.000000000000000000e+00
4.170007101018476032e+18 0.000000000000000000e+00
3.761934294297257984e+18 0.000000000000000000e+00
3.393795092376048640e+18 0.000000000000000000e+00
3.061681631839166464e+18 0.000000000000000000e+00
2.762068468953597440e+18 0.000000000000000000e+00
2.491775156453768704e+18 0.000000000000000000e+00
2.247932482525476096e+18 0.000000000000000000e+00
2.027952013609745920e+18 0.000000000000000000e+00
1.829498617718029312e+18 0.000000000000000000e+00
1.650465676588877824e+18 0.000000000000000000e+00
1.488952723558612224e+18 0.000000000000000000e+00
1.343245269768095744e+18 0.000000000000000000e+00
1.211796604557094400e+18 0.000000000000000000e+00
1.093211376854222976e+18 0.000000000000000000e+00
9.862307832759741440e+17 0.000000000000000000e+00
8.897192057038387200e+17 0.000000000000000000e+00
8.026521564950586880e+17 0.000000000000000000e+00
7.241054033632030720e+17 0.000000000000000000e+00
6.532451584872993280e+17 0.000000000000000000e+00
5.893192277051051520e+17 0.000000000000000000e+00
5.316490258376619520e+17 0.000000000000000000e+00
4.796223733863536640e+17 0.000000000000000000e+00
4.326869981381286400e+17 0.000000000000000000e+00
3.903446726972725760e+17 0.000000000000000000e+00
3.521459257125613440e+17 0.000000000000000000e+00
3.176852706585514880e+17 0.000000000000000000e+00
2.865969015236489280e+17 0.000000000000000000e+00
2.585508097139256640e+17 0.000000000000000000e+00
2.332492809529223040e+17 0.000000000000000000e+00
2.104237349914016320e+17 0.000000000000000000e+00
1.898318745800050880e+17 0.000000000000000000e+00
1.712551134406552320e+17 0.000000000000000000e+00
1.544962559341484800e+17 0.000000000000000000e+00
1.393774037932083040e+17 0.000000000000000000e+00
1.257380677005860960e+17 0.000000000000000000e+00
1.134334636662790880e+17 0.000000000000000000e+00
1.023329761196024640e+17 0.000000000000000000e+00
9.231877140156660800e+16 0.000000000000000000e+00
8.328454693952880000e+16 0.000000000000000000e+00
7.513440282638859200e+16 0.000000000000000000e+00
6.778182382593578400e+16 0.000000000000000000e+00
6.114876099815842400e+16 0.000000000000000000e+00
5.516480319579665600e+16 0.000000000000000000e+00
4.976642963743156800e+16 0.000000000000000000e+00
4.489633562303985600e+16 0.000000000000000000e+00
4.050282423436202400e+16 0.000000000000000000e+00
3.653925756287710400e+16 0.000000000000000000e+00
3.296356164006890400e+16 0.000000000000000000e+00
2.973777981473204000e+16 0.000000000000000000e+00
2.682766983633616800e+16 0.000000000000000000e+00
2.420234036741751200e+16 0.000000000000000000e+00
2.183392306651116800e+16 0.000000000000000000e+00
1.969727676072659600e+16 0.000000000000000000e+00
1.776972056770449600e+16 0.000000000000000000e+00
1.603079313399724400e+16 0.000000000000000000e+00
1.446203543414587800e+16 0.000000000000000000e+00
1.304679482482596800e+16 0.000000000000000000e+00
1.177004827406296000e+16 0.000000000000000000e+00
1.061824288906299200e+16 0.000000000000000000e+00
9.579152049834122000e+15 0.000000000000000000e+00
8.641745621430088000e+15 0.000000000000000000e+00
7.796072867096775000e+15 0.000000000000000000e+00
7.033156819423291000e+15 0.000000000000000000e+00
6.344898988228802000e+15 0.000000000000000000e+00
5.723993393641980000e+15 0.000000000000000000e+00
5.163849011819047000e+15 0.000000000000000000e+00
4.658519810047913000e+15 0.000000000000000000e+00
4.202641628548322500e+15 0.000000000000000000e+00
3.791375238957215000e+15 0.000000000000000000e+00
3.420354975054846000e+15 0.000000000000000000e+00
3.085642390437749500e+15 0.000000000000000000e+00
2.783684451206330000e+15 0.000000000000000000e+00
2.511275819875093500e+15 0.000000000000000000e+00
2.265524830142417500e+15 0.000000000000000000e+00
2.043822791336046000e+15 0.000000000000000000e+00
1.843816296695403250e+15 0.000000000000000000e+00
1.663382241538263750e+15 0.000000000000000000e+00
1.500605286125171500e+15 0.000000000000000000e+00
1.353757523985811250e+15 0.000000000000000000e+00
1.221280139883052000e+15 0.000000000000000000e+00
1.101766862710634625e+15 0.000000000000000000e+00
9.939490376740878750e+14 0.000000000000000000e+00
8.966821592933621250e+14 0.000000000000000000e+00
8.089337222726398750e+14 0.000000000000000000e+00
7.297722612721008750e+14 0.000000000000000000e+00
6.583574632368968750e+14 0.000000000000000000e+00
5.939312473239010000e+14 0.000000000000000000e+00
5.358097177380863125e+14 0.000000000000000000e+00
4.833759040564533750e+14 0.000000000000000000e+00
4.360732119767323750e+14 0.000000000000000000e+00
3.933995149694013125e+14 0.000000000000000000e+00
3.549018241148405625e+14 0.000000000000000000e+00
3.201714795450066875e+14 0.000000000000000000e+00
2.888398124459008125e+14 0.000000000000000000e+00
2.605742315722276562e+14 0.000000000000000000e+00
2.350746927318897500e+14 0.000000000000000000e+00
2.120705137632729375e+14 0.000000000000000000e+00
1.913175011957276562e+14 0.000000000000000000e+00
1.725953580922389062e+14 0.000000000000000000e+00
1.557053455580749062e+14 0.000000000000000000e+00
1.404681730919025938e+14 0.000000000000000000e+00
1.267220953850769375e+14 0.000000000000000000e+00
1.143211953662848281e+14 0.000000000000000000e+00
1.031338352657585469e+14 0.000000000000000000e+00
9.304125925682473438e+13 0.000000000000000000e+00
8.393633284158298438e+13 0.000000000000000000e+00
7.572240559906432812e+13 0.000000000000000000e+00
6.831228522374263281e+13 0.000000000000000000e+00
6.162731196362885156e+13 0.000000000000000000e+00
5.559652363294701562e+13 0.000000000000000000e+00
5.015590233585173438e+13 0.000000000000000000e+00
4.524769490502319531e+13 0.000000000000000000e+00
4.081979984147557031e+13 0.000000000000000000e+00
3.682521424783446875e+13 0.000000000000000000e+00
3.322153488418205469e+13 0.000000000000000000e+00
2.997050805008765234e+13 0.000000000000000000e+00
2.703762351474164453e+13 0.000000000000000000e+00
2.439174818468820312e+13 0.000000000000000000e+00
2.200479562047506250e+13 0.000000000000000000e+00
1.985142789407937109e+13 0.000000000000000000e+00
1.790878662227375000e+13 0.000000000000000000e+00
1.615625032080369727e+13 0.000000000000000000e+00
1.457521550364695117e+13 0.000000000000000000e+00
1.314889920368497852e+13 0.000000000000000000e+00
1.186216081850769531e+13 0.000000000000000000e+00
1.070134139021354492e+13 0.000000000000000000e+00
9.654118613130050781e+12 0.000000000000000000e+00
8.709376030337467773e+12 0.000000000000000000e+00
7.857085030491848633e+12 0.000000000000000000e+00
7.088198392323521484e+12 0.000000000000000000e+00
6.394554246766581055e+12 0.000000000000000000e+00
5.768789437260178711e+12 0.000000000000000000e+00
5.204261358525858398e+12 0.000000000000000000e+00
4.694977444125381836e+12 0.000000000000000000e+00
4.235531554297243652e+12 0.000000000000000000e+00
3.821046588816910645e+12 0.000000000000000000e+00
3.447122715706417480e+12 0.000000000000000000e+00
3.109790666231670410e+12 0.000000000000000000e+00
2.805469600405503418e+12 0.000000000000000000e+00
2.530929095731327637e+12 0.000000000000000000e+00
2.283254855691006836e+12 0.000000000000000000e+00
2.059817773966582031e+12 0.000000000000000000e+00
1.858246026006844482e+12 0.000000000000000000e+00
1.676399891685880859e+12 0.000000000000000000e+00
1.512349041791564941e+12 0.000000000000000000e+00
1.364352047236013428e+12 0.000000000000000000e+00
1.230837893474627930e+12 0.000000000000000000e+00
1.110389303905958008e+12 0.000000000000000000e+00
1.001727695227291138e+12 0.000000000000000000e+00
9.036996050444357910e+11 0.000000000000000000e+00
8.152644476622634277e+11 0.000000000000000000e+00
7.354834680816016846e+11 0.000000000000000000e+00
6.635097769471627197e+11 0.000000000000000000e+00
5.985793606656958008e+11 0.000000000000000000e+00
5.400029712651645508e+11 0.000000000000000000e+00
4.871588099043465576e+11 0.000000000000000000e+00
4.394859263670295410e+11 0.000000000000000000e+00
3.964782644752143555e+11 0.000000000000000000e+00
3.576792902123538818e+11 0.000000000000000000e+00
3.226771455331847534e+11 0.000000000000000000e+00
2.911002764169763184e+11 0.000000000000000000e+00
2.626134887552041321e+11 0.000000000000000000e+00
2.369143902061835632e+11 0.000000000000000000e+00
2.137301802463318176e+11 0.000000000000000000e+00
1.928147543438550110e+11 0.000000000000000000e+00
1.739460915151650696e+11 0.000000000000000000e+00
1.569238975324631958e+11 0.000000000000000000e+00
1.415674787647191467e+11 0.000000000000000000e+00
1.277138240824868164e+11 0.000000000000000000e+00
1.152158744656359711e+11 0.000000000000000000e+00
1.039409619455711365e+11 0.000000000000000000e+00
9.376940131104034424e+10 0.000000000000000000e+00
8.459321962822749329e+10 0.000000000000000000e+00
7.631501008876536560e+10 0.000000000000000000e+00
6.884689801905810547e+10 0.000000000000000000e+00
6.210960807491741180e+10 0.000000000000000000e+00
5.603162271961775970e+10 0.000000000000000000e+00
5.054842305246257782e+10 0.000000000000000000e+00
4.560180392912528992e+10 0.000000000000000000e+00
4.113925610363976288e+10 0.000000000000000000e+00
3.711340883337123871e+10 0.000000000000000000e+00
3.348152703011792755e+10 0.000000000000000000e+00
3.020505761951288605e+10 0.000000000000000000e+00
2.724922029325028610e+10 0.000000000000000000e+00
2.458263830989688492e+10 0.000000000000000000e+00
2.217700542517535019e+10 0.000000000000000000e+00
2.000678541612240982e+10 0.000000000000000000e+00
1.804894100951879120e+10 0.000000000000000000e+00
1.628268933711725616e+10 0.000000000000000000e+00
1.468928132178213882e+10 0.000000000000000000e+00
1.325180265268508148e+10 0.000000000000000000e+00
1.195499423687302971e+10 0.000000000000000000e+00
1.078509022126947021e+10 0.000000000000000000e+00
9.729671865684381485e+09 0.000000000000000000e+00
8.777535715667598724e+09 0.000000000000000000e+00
7.918574675837844849e+09 0.000000000000000000e+00
7.143670721259077072e+09 0.000000000000000000e+00
6.444598107976366997e+09 0.000000000000000000e+00
5.813936055273913383e+09 0.000000000000000000e+00
5.244989972761513710e+09 0.000000000000000000e+00
4.731720396101386070e+09 0.000000000000000000e+00
4.268678877014867783e+09 0.000000000000000000e+00
3.850950147030302048e+09 0.000000000000000000e+00
3.474099941029847622e+09 0.000000000000000000e+00
3.134127926732835770e+09 0.000000000000000000e+00
2.827425240453757763e+09 0.000000000000000000e+00
2.550736178369284153e+09 0.000000000000000000e+00
2.301123636640445232e+09 0.000000000000000000e+00
2.075937933530473471e+09 0.000000000000000000e+00
1.872788682559668303e+09 0.000000000000000000e+00
1.689519418125750542e+09 0.000000000000000000e+00
1.524184704236127138e+09 0.000000000000000000e+00
1.375029483357183218e+09 0.000000000000000000e+00
1.240470446164906502e+09 0.000000000000000000e+00
1.119079224433506966e+09 6.323793233945035142e-319
1.009567228651423573e+09 1.510930268414447182e-271
9.107719694133913517e+08 7.216482775688443983e-232
8.216447173876650333e+08 1.415046614004512121e-198
7.412393708667535782e+08 1.361502192559311550e-170
6.687024127287219763e+08 4.984604853952056116e-147
6.032638502004213333e+08 3.773588365962135071e-127
5.442290412465915680e+08 2.396225640179278625e-110
4.909713208205384612e+08 4.069499149260549963e-96
4.429253487026658654e+08 4.833437088123443284e-84
3.995811083130201697e+08 8.914937886406585741e-74
3.604784927941527963e+08 4.954090446694414472e-65
3.252024208946062922e+08 1.439505285378817396e-57
2.933784308072555065e+08 3.461390286219178925e-51
2.646687051903025806e+08 1.009991295183769590e-45
2.387684851758329272e+08 4.922535930604898193e-41
2.154028352999657989e+08 5.234159479624685853e-37
1.943237250137750506e+08 1.518229154221502451e-33
1.753073957946887612e+08 1.448602168351081303e-30
1.581519859097858965e+08 5.319140788138254787e-28
1.426753876174287796e+08 8.574602542452919472e-26
1.287133140610401481e+08 6.778003493175099992e-24
1.161175553347658068e+08 2.883109062022032521e-22
1.047544052088362724e+08 7.135090012838193793e-21
9.450324181404450536e+07 1.096971636506392382e-19
8.525524721904896200e+07 1.106989013118319995e-18
7.691225230858655274e+07 7.678110282037412447e-18
6.938569470077089965e+07 3.803973984734779279e-17
6.259567864158261567e+07 1.389893844836121974e-16
5.647012689716189355e+07 3.845513628934902864e-16
5.094401564109222591e+07 8.232523326962947147e-16
4.595868421486202627e+07 1.387642232443045618e-15
4.146121243449199200e+07 1.867050767140950843e-15
3.740385883332525194e+07 2.026424175895281731e-15
3.374355387782731652e+07 1.787749638199681340e-15
3.044144277679100633e+07 1.288426995793643042e-15
2.746247303078393266e+07 7.605569328096851344e-16
2.477502234360383824e+07 3.678836999178821915e-16
2.235056294595287368e+07 1.455766271826336224e-16
2.016335876806867123e+07 4.695953236517685574e-17
1.819019224674471095e+07 1.228122590504902081e-17
1.641011786674789153e+07 2.585161201890967530e-18
1.480423982043134235e+07 4.340318084335025702e-19
1.335551142535929009e+07 5.749403378146932595e-20
1.204855417072711885e+07 5.933109097704372750e-21
1.086949447172073089e+07 4.700970065129914171e-22
9.805816398934571072e+06 2.813186297431067391e-23
8.846228819544373080e+06 1.248297142770034173e-24
7.980545539914472029e+06 4.023954194877628877e-26
7.199577177332052030e+06 9.212343474749848463e-28
6.495033613067544997e+06 1.460974859770649790e-29
5.859435991282718256e+06 1.561678377043642318e-31
5.286037329639646225e+06 1.091986186294579282e-33
4.768750898877363652e+06 4.834194550532672323e-36
4.302085611093088053e+06 1.307487849747628002e-38
3.881087730862866156e+06 2.078310613367690920e-41
3.501288290454789065e+06 1.861317560780112598e-44
3.158655650937933009e+06 8.971364570329715285e-48
2.849552705614580773e+06 2.214138623918541990e-51
2.570698271482754499e+06 2.650904370723174068e-55
2.319132258892234415e+06 1.452003558430528218e-59
2.092184249663964612e+06 3.414385077316232518e-64
1.887445150123872096e+06 3.217249229896991793e-69
1.702741618143003434e+06 1.127243692859819118e-74
1.536112992722456343e+06 1.354295215004044574e-80
1.385790481226469856e+06 5.109903907183789951e-87
1.250178383332553785e+06 5.504893110723463900e-94
1.127837152387379203e+06 1.527128681390978747e-101
1.017468114361812011e+06 9.753783024715616684e-110
9.178996821940179216e+05 1.270360440965801349e-118
8.280749191834346857e+05 2.957871778008453210e-128
7.470403194188192720e+05 1.067452571853622076e-138
6.739356861426092219e+05 5.114644189308497974e-150
6.079850006086111534e+05 2.750884393145983690e-162
5.484881845043492503e+05 1.384308330865653271e-175
4.948136684946633759e+05 5.349300316934015310e-190
4.463916880003552069e+05 1.281059288586823009e-205
4.027082350453614490e+05 1.506690562317873380e-222
3.632996019702343037e+05 6.761059102213827790e-241
3.277474590924719814e+05 8.800749479684861359e-261
2.956744140621770639e+05 2.467861850803133970e-282
2.667400057748296531e+05 1.079214394690955217e-305
2.406370903158163419e+05 0.000000000000000000e+00
2.170885805728902924e+05 0.000000000000000000e+00
1.958445049069592205e+05 0.000000000000000000e+00
1.766793536584656104e+05 0.000000000000000000e+00
1.593896853220518678e+05 0.000000000000000000e+00
1.437919669786234153e+05 0.000000000000000000e+00
1.297206260606184660e+05 0.000000000000000000e+00
1.170262927696117549e+05 0.000000000000000000e+00
1.055742144892150973e+05 0.000000000000000000e+00
9.524282536196905130e+04 0.000000000000000000e+00
8.592245584604494798e+04 0.000000000000000000e+00
7.751416855346185912e+04 0.000000000000000000e+00
6.992870801202802977e+04 0.000000000000000000e+00
6.308555320255857805e+04 0.000000000000000000e+00
5.691206281386291084e+04 0.000000000000000000e+00
5.134270414224948036e+04 0.000000000000000000e+00
4.631835745016175497e+04 0.000000000000000000e+00
4.178568839960095647e+04 0.000000000000000000e+00
3.769658189859801496e+04 0.000000000000000000e+00
3.400763135091166623e+04 0.000000000000000000e+00
3.067967788725515129e+04 0.000000000000000000e+00
2.767739468689847854e+04 0.000000000000000000e+00
2.496891197715564704e+04 0.000000000000000000e+00
2.252547873005058500e+04 0.000000000000000000e+00
2.032115746501812828e+04 0.000000000000000000e+00
1.833254891791318732e+04 0.000000000000000000e+00
1.653854365363914621e+04 0.000000000000000000e+00
1.492009798572327054e+04 0.000000000000000000e+00
1.346003182418052711e+04 0.000000000000000000e+00
1.214284630578928954e+04 0.000000000000000000e+00
1.095455927088772660e+04 0.000000000000000000e+00
9.882556840250726964e+03 0.000000000000000000e+00
8.915459516508029992e+03 0.000000000000000000e+00
8.043001388745501572e+03 0.000000000000000000e+00
7.255921158026864759e+03 0.000000000000000000e+00
6.545863827049925931e+03 0.000000000000000000e+00
5.905292010357647086e+03 0.000000000000000000e+00
5.327405923644169889e+03 0.000000000000000000e+00
4.806071202829454705e+03 0.000000000000000000e+00
4.335753786688462242e+03 0.000000000000000000e+00
3.911461171802009176e+03 0.000000000000000000e+00
3.528689416241104482e+03 0.000000000000000000e+00
3.183375329418242927e+03 0.000000000000000000e+00
2.871853340593454959e+03 0.000000000000000000e+00
2.590816588185664841e+03 0.000000000000000000e+00
2.337281816846149468e+03 0.000000000000000000e+00
2.108557709669952146e+03 0.000000000000000000e+00
1.902216319385849829e+03 0.000000000000000000e+00
1.716067295262345169e+03 0.000000000000000000e+00
1.548134632143091039e+03 0.000000000000000000e+00
1.396635694799161229e+03 0.000000000000000000e+00
1.259962294937428169e+03 0.000000000000000000e+00
1.136663619994539431e+03 0.000000000000000000e+00
1.025430832502217299e+03 0.000000000000000000e+00
9.250831765436754495e+02 0.000000000000000000e+00
8.345554438185799881e+02 0.000000000000000000e+00
7.528866662665318472e+02 0.000000000000000000e+00
6.792099152194361977e+02 0.000000000000000000e+00
6.127430987987170283e+02 0.000000000000000000e+00
5.527806598703095915e+02 0.000000000000000000e+00
4.986860864295628630e+02 0.000000000000000000e+00
4.498851549125779457e+02 0.000000000000000000e+00
4.058598347104748427e+02 0.000000000000000000e+00
3.661427891818782427e+02 0.000000000000000000e+00
3.303124147909833823e+02 0.000000000000000000e+00
2.979883657106577743e+02 0.000000000000000000e+00
2.688275163835391481e+02 0.000000000000000000e+00
2.425203191829085938e+02 0.000000000000000000e+00
2.187875185093247126e+02 0.000000000000000000e+00
1.973771864425368676e+02 0.000000000000000000e+00
1.780620484815785289e+02 0.000000000000000000e+00
1.606370709853390224e+02 0.000000000000000000e+00
1.449172847038105942e+02 0.000000000000000000e+00
1.307358212964563791e+02 0.000000000000000000e+00
1.179421419949468657e+02 0.000000000000000000e+00
1.064004396072367484e+02 0.000000000000000000e+00
9.598819689995428917e+01 0.000000000000000000e+00
8.659488605606901501e+01 0.000000000000000000e+00
7.812079540236895525e+01 0.000000000000000000e+00
7.047597095222486985e+01 0.000000000000000000e+00
6.357926152795246821e+01 0.000000000000000000e+00
5.735745732655515638e+01 0.000000000000000000e+00
5.174451278458433734e+01 0.000000000000000000e+00
4.668084549268221650e+01 0.000000000000000000e+00
4.211270371765576215e+01 0.000000000000000000e+00
3.799159581822669907e+01 0.000000000000000000e+00
3.427377549759072650e+01 0.000000000000000000e+00
3.091977742866214030e+01 0.000000000000000000e+00
2.789399832257199208e+01 0.000000000000000000e+00
2.516431899339543676e+01 0.000000000000000000e+00
2.270176340725394937e+01 0.000000000000000000e+00
2.048019109653604275e+01 0.000000000000000000e+00
1.847601967416388291e+01 0.000000000000000000e+00
1.666797450233876177e+01 0.000000000000000000e+00
1.503686285846034032e+01 0.000000000000000000e+00
1.356537020094528856e+01 0.000000000000000000e+00
1.223787637227531278e+01 0.000000000000000000e+00
1.104028978823284035e+01 0.000000000000000000e+00
9.959897853216789443e+00 0.000000000000000000e+00
8.985232013768682080e+00 0.000000000000000000e+00
8.105946017827662331e+00 0.000000000000000000e+00
7.312706087416597001e+00 0.000000000000000000e+00
6.597091838920293050e+00 0.000000000000000000e+00
5.951506899209210388e+00 0.000000000000000000e+00
5.369098268780792438e+00 0.000000000000000000e+00
4.843683575945277653e+00 0.000000000000000000e+00
4.369685449845525760e+00 0.000000000000000000e+00
3.942072315668387006e+00 0.000000000000000000e+00
3.556304983579220647e+00 0.000000000000000000e+00
3.208288464410352425e+00 0.000000000000000000e+00
2.894328500619534950e+00 0.000000000000000000e+00
2.611092351085752217e+00 0.000000000000000000e+00
2.355573413466751198e+00 0.000000000000000000e+00
2.125059308577946116e+00 0.000000000000000000e+00
1.917103088002516165e+00 0.000000000000000000e+00
1.729497259296850276e+00 0.000000000000000000e+00
1.560250353063623807e+00 0.000000000000000000e+00
1.407565783148400529e+00 0.000000000000000000e+00
1.269822775556443073e+00 0.000000000000000000e+00
1.145559163647169365e+00 0.000000000000000000e+00
1.033455866973998827e+00 0.000000000000000000e+00
9.323228890096180166e-01 0.000000000000000000e+00
8.410866851202624117e-01 0.000000000000000000e+00
7.587787666975188694e-01 0.000000000000000000e+00
6.845254204787342145e-01 0.000000000000000000e+00
6.175384339245507670e-01 0.000000000000000000e+00
5.571067282019677158e-01 0.000000000000000000e+00
5.025888099554681743e-01 0.000000000000000000e+00
4.534059617403836673e-01 0.000000000000000000e+00
4.090360988338340165e-01 0.000000000000000000e+00
3.690082272120657203e-01 0.000000000000000000e+00
3.328974438647501199e-01 0.000000000000000000e+00
3.003204263735745894e-01 0.000000000000000000e+00
2.709313638762824161e-01 0.000000000000000000e+00
2.444182862225783293e-01 0.000000000000000000e+00
2.204997523552180427e-01 0.000000000000000000e+00
1.989218627629079639e-01 0.000000000000000000e+00
1.794555642916052796e-01 0.000000000000000000e+00
1.618942187043691527e-01 0.000000000000000000e+00
1.460514091795367397e-01 0.000000000000000000e+00
1.317589614628589534e-01 0.000000000000000000e+00
1.188651586677298283e-01 0.000000000000000000e+00
1.072331307733266487e-01 0.000000000000000000e+00
9.673940172488294797e-02 0.000000000000000000e+00
8.727257871329502370e-02 0.000000000000000000e+00
7.873216972055400997e-02 0.000000000000000000e+00
7.102751677901045224e-02 0.000000000000000000e+00
6.407683362085239698e-02 0.000000000000000000e+00
5.780633750225276646e-02 0.000000000000000000e+00
5.214946598636056169e-02 0.000000000000000000e+00
4.704617037113992956e-02 0.000000000000000000e+00
4.244227826166420414e-02 0.000000000000000000e+00
3.828891852046619609e-02 0.000000000000000000e+00
3.454200249167779790e-02 0.000000000000000000e+00
3.116175599207176433e-02 0.000000000000000000e+00
2.811229710099688237e-02 0.000000000000000000e+00
2.536125526737905561e-02 0.000000000000000000e+00
2.287942769053757583e-02 0.000000000000000000e+00
2.064046932723573660e-02 0.000000000000000000e+00
1.862061323434061055e-02 0.000000000000000000e+00
1.679841827847298324e-02 0.000000000000000000e+00
1.515454153454631053e-02 0.000000000000000000e+00
1.367153295715921660e-02 0.000000000000000000e+00
1.233365014524570764e-02 0.000000000000000000e+00
1.112669123367487564e-02 0.000000000000000000e+00
1.003784413791396907e-02 0.000000000000000000e+00
9.055550551462242942e-03 0.000000000000000000e+00
8.169383252361304276e-03 0.000000000000000000e+00
7.369935416371263190e-03 0.000000000000000000e+00
6.648720761849899463e-03 0.000000000000000000e+00
5.998083466356751367e-03 0.000000000000000000e+00
5.411116898729930423e-03 0.000000000000000000e+00
4.881590303961746286e-03 0.000000000000000000e+00
4.403882662621236115e-03 0.000000000000000000e+00
3.972923022728070894e-03 0.000000000000000000e+00
3.584136670691408146e-03 0.000000000000000000e+00
3.233396569907350405e-03 0.000000000000000000e+00
2.916979551528013463e-03 0.000000000000000000e+00
2.631526792358924918e-03 0.000000000000000000e+00
2.374008160350415172e-03 0.000000000000000000e+00
2.141690049204599076e-03 0.000000000000000000e+00
1.932106360655863305e-03 0.000000000000000000e+00
1.743032326397223096e-03 0.000000000000000000e+00
1.572460891767053131e-03 0.000000000000000000e+00
1.418581410505247989e-03 0.000000000000000000e+00
1.279760424419630963e-03 0.000000000000000000e+00
1.154524323935261082e-03 0.000000000000000000e+00
1.041543705465546466e-03 0.000000000000000000e+00
9.396192595555239281e-04 0.000000000000000000e+00
8.476690399977491498e-04 0.000000000000000000e+00
7.647169787798926673e-04 0.000000000000000000e+00
6.898825249484212725e-04 0.000000000000000000e+00
6.223712974028232153e-04 0.000000000000000000e+00
5.614666523982907121e-04 0.000000000000000000e+00
5.065220762443142745e-04 0.000000000000000000e+00
4.569543224462920277e-04 0.000000000000000000e+00
4.122372204397980111e-04 0.000000000000000000e+00
3.718960901959802198e-04 0.000000000000000000e+00
3.355027034082568808e-04 0.000000000000000000e+00
3.026707377722937789e-04 0.000000000000000000e+00
2.730516761057171600e-04 0.000000000000000000e+00
2.463311067759476995e-04 0.000000000000000000e+00
2.222253861645223638e-04 0.000000000000000000e+00
2.004786277394094178e-04 0.000000000000000000e+00
1.808599857737248125e-04 0.000000000000000000e+00
1.631612048771115514e-04 0.000000000000000000e+00
1.471944093275426324e-04 0.000000000000000000e+00
1.327901087369525281e-04 0.000000000000000000e+00
1.197953988804939567e-04 0.000000000000000000e+00
1.080723385908570304e-04 0.000000000000000000e+00
9.749648548813174133e-05 0.000000000000000000e+00
8.795557500170080175e-05 0.000000000000000000e+00
7.934832866177048767e-05 0.000000000000000000e+00
7.158337901030947413e-05 0.000000000000000000e+00
6.457829971915122168e-05 0.000000000000000000e+00
5.825873061979807050e-05 0.000000000000000000e+00
5.255758835693927764e-05 0.000000000000000000e+00
4.741435428664853160e-05 0.000000000000000000e+00
4.277443206016063958e-05 0.000000000000000000e+00
3.858856807387783854e-05 0.000000000000000000e+00
3.481232863356305539e-05 0.000000000000000000e+00
3.140562828273375622e-05 0.000000000000000000e+00
2.833230428838155623e-05 0.000000000000000000e+00
2.555973276709653657e-05 0.000000000000000000e+00
2.305848237671593510e-05 0.000000000000000000e+00
2.080200189736601104e-05 0.000000000000000000e+00
1.876633838552079568e-05 0.000000000000000000e+00
1.692988290922472805e-05 0.000000000000000000e+00
1.527314116541763687e-05 0.000000000000000000e+00
1.377852654442586956e-05 0.000000000000000000e+00
1.243017344495663375e-05 0.000000000000000000e+00
1.121376885790553169e-05 0.000000000000000000e+00
1.011640043120642511e-05 0.000000000000000000e+00
9.126419402907909477e-06 0.000000000000000000e+00
8.233316947482781012e-06 0.000000000000000000e+00
7.427612622767419565e-06 0.000000000000000000e+00
6.700753733373554295e-06 0.000000000000000000e+00
6.045024542299100060e-06 0.000000000000000000e+00
5.453464367000616200e-06 0.000000000000000000e+00
4.919793690504002049e-06 0.000000000000000000e+00
4.438347503210200944e-06 0.000000000000000000e+00
4.004015167805580612e-06 0.000000000000000000e+00
3.612186168933725628e-06 0.000000000000000000e+00
3.258701171750767590e-06 0.000000000000000000e+00
2.939807869843116119e-06 0.000000000000000000e+00
2.652121153824121508e-06 0.000000000000000000e+00
2.392587177792892020e-06 0.000000000000000000e+00
2.158450942214603299e-06 0.000000000000000000e+00
1.947227049107924216e-06 0.000000000000000000e+00
1.756673319101374533e-06 0.000000000000000000e+00
1.584766990298497119e-06 0.000000000000000000e+00
1.429683246299035926e-06 0.000000000000000000e+00
1.289775845446648799e-06 0.000000000000000000e+00
1.163559645679475861e-06 0.000000000000000000e+00
1.049694839481897269e-06 0.000000000000000000e+00
9.469727315882293052e-07 0.000000000000000000e+00
8.543029084665256110e-07 0.000000000000000000e+00
7.707016633840149696e-07 0.000000000000000000e+00
6.952815541844333132e-07 0.000000000000000000e+00
6.272419829308954958e-07 0.000000000000000000e+00
5.658606974157000534e-07 0.000000000000000000e+00
5.104861243241419155e-07 0.000000000000000000e+00
4.605304526672945215e-07 0.000000000000000000e+00
4.154633940633372783e-07 0.000000000000000000e+00
3.748065536315904833e-07 0.000000000000000000e+00
3.381283517454107763e-07 0.000000000000000000e+00
3.050394427373048297e-07 0.000000000000000000e+00
2.751885819250790978e-07 0.000000000000000000e+00
2.482588970868019214e-07 0.000000000000000000e+00
2.239645248055202872e-07 0.000000000000000000e+00
2.020475759780130969e-07 0.000000000000000000e+00
1.822753982758615021e-07 0.000000000000000000e+00
1.644381064994287779e-07 0.000000000000000000e+00
1.483463546089466342e-07 0.000000000000000000e+00
1.338293257824603843e-07 0.000000000000000000e+00
1.207329191647542582e-07 0.000000000000000000e+00
1.089181140592241330e-07 0.000000000000000000e+00
9.825949419834438342e-08 0.000000000000000000e+00
8.864391642756919133e-08 0.000000000000000000e+00
7.996930967053838826e-08 0.000000000000000000e+00
7.214359142635566123e-08 0.000000000000000000e+00
6.508369029738323849e-08 0.000000000000000000e+00
5.871466417151826122e-08 0.000000000000000000e+00
5.296890469827547774e-08 0.000000000000000000e+00
4.778541961406718122e-08 0.000000000000000000e+00
4.310918529842248742e-08 0.000000000000000000e+00
3.889056268842818515e-08 0.000000000000000000e+00
3.508477035120248396e-08 0.000000000000000000e+00
3.165140912098093964e-08 0.000000000000000000e+00
2.855403325475606052e-08 0.000000000000000000e+00
2.575976355419990065e-08 0.000000000000000000e+00
2.323893834709919989e-08 0.000000000000000000e+00
2.096479862340268466e-08 0.000000000000000000e+00
1.891320398354989972e-08 0.000000000000000000e+00
1.706237638381454874e-08 0.000000000000000000e+00
1.539266895847782086e-08 0.000000000000000000e+00
1.388635746483963676e-08 0.000000000000000000e+00
1.252745213721380735e-08 0.000000000000000000e+00
1.130152795270833834e-08 0.000000000000000000e+00
1.019557150702893731e-08 0.000000000000000000e+00
9.197842874868034748e-09 0.000000000000000000e+00
8.297750988499045497e-09 0.000000000000000000e+00
7.485741211699445933e-09 0.000000000000000000e+00
6.753193915580700322e-09 0.000000000000000000e+00
6.092332979686668772e-09 0.000000000000000000e+00
5.496143247085603862e-09 0.000000000000000000e+00
4.958296057225319783e-09 0.000000000000000000e+00
4.473082066071055813e-09 0.000000000000000000e+00
4.035350640397949650e-09 0.000000000000000000e+00
3.640455182898763564e-09 0.000000000000000000e+00
3.284203807723513451e-09 0.000000000000000000e+00
2.962814842861800984e-09 0.000000000000000000e+00
2.672876687018735521e-09 0.000000000000000000e+00
2.411311594857354142e-09 0.000000000000000000e+00
2.175343006182149563e-09 0.000000000000000000e+00
1.962466072256251562e-09 0.000000000000000000e+00
1.770421066384384012e-09 0.000000000000000000e+00
1.597169396510384929e-09 0.000000000000000000e+00
1.440871965198078298e-09 0.000000000000000000e+00
1.299869647283407835e-09 0.000000000000000000e+00
1.172665677964234307e-09 0.000000000000000000e+00
1.057909764374624995e-09 0.000000000000000000e+00
9.543837519847048218e-10 0.000000000000000000e+00
8.609886936725913410e-10 0.000000000000000000e+00
7.767331842044139509e-10 0.000000000000000000e+00
7.007228362905199905e-10 0.000000000000000000e+00
6.321507865045955386e-10 0.000000000000000000e+00
5.702891302841623424e-10 0.000000000000000000e+00
5.144811950936357226e-10 0.000000000000000000e+00
4.641345697279664229e-10 0.000000000000000000e+00
4.187148157618498765e-10 0.000000000000000000e+00
3.777397943903098797e-10 0.000000000000000000e+00
3.407745484391675756e-10 0.000000000000000000e+00
3.074266852168844408e-10 0.000000000000000000e+00
2.773422111960077475e-10 0.000000000000000000e+00
2.502017743086487736e-10 0.000000000000000000e+00
2.257172739671919104e-10 0.000000000000000000e+00
2.036288028250806777e-10 0.000000000000000000e+00
1.837018878138755998e-10 0.000000000000000000e+00
1.657250011697521786e-10 0.000000000000000000e+00
1.495073150284757866e-10 0.000000000000000000e+00
1.348766757535148576e-10 0.000000000000000000e+00
1.216777764944405120e-10 0.000000000000000000e+00
1.097705085769448500e-10 0.000000000000000000e+00
9.902847422423006936e-11 0.000000000000000000e+00
8.933764482201304288e-11 0.000000000000000000e+00
8.059515048441819224e-11 0.000000000000000000e+00
7.270818807174994467e-11 0.000000000000000000e+00
6.559303606857752287e-11 0.000000000000000000e+00
5.917416586489501555e-11 0.000000000000000000e+00
5.338344000642386139e-11 0.000000000000000000e+00
4.815938890336160163e-11 0.000000000000000000e+00
4.344655831969792621e-11 0.000000000000000000e+00
3.919492071659479038e-11 0.000000000000000000e+00
3.535934420111871398e-11 0.000000000000000000e+00
3.189911344313060565e-11 0.000000000000000000e+00
2.877749747478409967e-11 0.000000000000000000e+00
2.596135978473547054e-11 0.000000000000000000e+00
2.342080656815512838e-11 0.000000000000000000e+00
2.112886939864573315e-11 0.000000000000000000e+00
1.906121895357909180e-11 0.000000000000000000e+00
1.719590675398734995e-11 0.000000000000000000e+00
1.551313217753578619e-11 0.000000000000000000e+00
1.399503227138011475e-11 0.000000000000000000e+00
1.262549213372865112e-11 0.000000000000000000e+00
1.138997385128034148e-11 0.000000000000000000e+00
1.027536217667729407e-11 0.000000000000000000e+00
9.269825307809641583e-12 0.000000000000000000e+00
8.362689291122864660e-12 0.000000000000000000e+00
7.544324715692725517e-12 0.000000000000000000e+00
6.806044495307190844e-12 0.000000000000000000e+00
6.140011653494687384e-12 0.000000000000000000e+00
5.539156132617815830e-12 0.000000000000000000e+00
4.997099743948329715e-12 0.000000000000000000e+00
4.508088462053643517e-12 0.000000000000000000e+00
4.066931344789126749e-12 0.000000000000000000e+00
3.668945430519316408e-12 0.000000000000000000e+00
3.309906027643140241e-12 0.000000000000000000e+00
2.986001868737990197e-12 0.000000000000000000e+00
2.693794653274693978e-12 0.000000000000000000e+00
2.430182549443064614e-12 0.000000000000000000e+00
2.192367267652776942e-12 0.000000000000000000e+00
1.977824356189546384e-12 0.000000000000000000e+00
1.784276403708925485e-12 0.000000000000000000e+00
1.609668864107817670e-12 0.000000000000000000e+00
1.452148247150633024e-12 0.000000000000000000e+00
1.310042443339086456e-12 0.000000000000000000e+00
1.181842974171111956e-12 0.000000000000000000e+00
1.066188979371919883e-12 0.000000000000000000e+00
9.618527711191110782e-13 0.000000000000000000e+00
8.677268019169831429e-13 0.000000000000000000e+00
7.828119077819044292e-13 0.000000000000000000e+00
7.062067019381662574e-13 0.000000000000000000e+00
6.370980064362152405e-13 0.000000000000000000e+00
5.747522201234301288e-13 0.000000000000000000e+00
5.185075313367494233e-13 0.000000000000000000e+00
4.677668926536616210e-13 0.000000000000000000e+00
4.219916831270870907e-13 0.000000000000000000e+00
3.806959907277546146e-13 0.000000000000000000e+00
3.434414543012205685e-13 0.000000000000000000e+00
3.098326102858484324e-13 0.000000000000000000e+00
2.795126947964441881e-13 0.000000000000000000e+00
2.521598565118417164e-13 0.000000000000000000e+00
2.274837401656415688e-13 0.000000000000000000e+00
2.052224043731551687e-13 0.000000000000000000e+00
1.851395410767878794e-13 0.000000000000000000e+00
1.670219670937999133e-13 0.000000000000000000e+00
1.506773611387109887e-13 0.000000000000000000e+00
1.359322222984924697e-13 0.000000000000000000e+00
1.226300282893615244e-13 0.000000000000000000e+00
1.106295739447819380e-13 0.000000000000000000e+00
9.980347229737964172e-14 0.000000000000000000e+00
9.003680234351545961e-14 0.000000000000000000e+00
8.122588913630525630e-14 0.000000000000000000e+00
7.327720325752463633e-14 0.000000000000000000e+00
6.610636798612351321e-14 0.000000000000000000e+00
5.963726362424941937e-14 0.000000000000000000e+00
5.380121947305882858e-14 0.000000000000000000e+00
4.853628488097358748e-14 0.000000000000000000e+00
4.378657162644143817e-14 0.000000000000000000e+00
3.950166065448205336e-14 0.000000000000000000e+00
3.563606686940493050e-14 0.000000000000000000e+00
3.214875630239175100e-14 0.000000000000000000e+00
2.900271052858239071e-14 0.000000000000000000e+00
2.616453370988304516e-14 0.000000000000000000e+00
2.360409809217506687e-14 0.000000000000000000e+00
2.129422419382011728e-14 0.000000000000000000e+00
1.921039229060796064e-14 0.000000000000000000e+00
1.733048213450058749e-14 0.000000000000000000e+00
1.563453814324703883e-14 0.000000000000000000e+00
1.410455756831064117e-14 0.000000000000000000e+00
1.272429939247777484e-14 0.000000000000000000e+00
1.147911192855695501e-14 0.000000000000000000e+00
1.035577728910048648e-14 0.000000000000000000e+00
9.342371076168330801e-15 0.000000000000000000e+00
8.428135801712271197e-15 0.000000000000000000e+00
7.603366694918186581e-15 0.000000000000000000e+00
6.859308684329125142e-15 0.000000000000000000e+00
6.188063461197989399e-15 0.000000000000000000e+00
5.582505637528313464e-15 0.000000000000000000e+00
5.036207108807119616e-15 0.000000000000000000e+00
4.543368818527362866e-15 0.000000000000000000e+00
4.098759200166422546e-15 0.000000000000000000e+00
3.697658643172729600e-15 0.000000000000000000e+00
3.335809393456100379e-15 0.000000000000000000e+00
3.009370356567591420e-15 0.000000000000000000e+00
2.714876323795248392e-15 0.000000000000000000e+00
2.449201188354490803e-15 0.000000000000000000e+00
2.209524761205790843e-15 0.000000000000000000e+00
1.993302834244296644e-15 0.000000000000000000e+00
1.798240173076001953e-15 0.000000000000000000e+00
1.622266152694407999e-15 0.000000000000000000e+00
1.463512777426248490e-15 0.000000000000000000e+00
1.320294851823468861e-15 0.000000000000000000e+00
1.191092092012451234e-15 0.000000000000000000e+00
1.074532987608940097e-15 0.000000000000000000e+00
9.693802428903411376e-16 0.000000000000000000e+00
8.745176426804506398e-16 0.000000000000000000e+00
7.889382035258518641e-16 0.000000000000000000e+00
7.117334843866981113e-16 0.000000000000000000e+00
6.420839433726714135e-16 0.000000000000000000e+00
5.792502381593891604e-16 0.000000000000000000e+00
5.225653777374687012e-16 0.000000000000000000e+00
4.714276421838310386e-16 0.000000000000000000e+00
4.252941952971535377e-16 0.000000000000000000e+00
3.836753222945694861e-16 0.000000000000000000e+00
3.461292314017789150e-16 0.000000000000000000e+00
3.122573641543845963e-16 0.000000000000000000e+00
2.817001646285814995e-16 0.000000000000000000e+00
2.541332626907538679e-16 0.000000000000000000e+00
2.292640307505700072e-16 0.000000000000000000e+00
2.068284774668008167e-16 0.000000000000000000e+00
1.865884454320485172e-16 0.000000000000000000e+00
1.683290830893291478e-16 0.000000000000000000e+00
1.518565640443858493e-16 0.000000000000000000e+00
1.369960295638829644e-16 0.000000000000000000e+00
1.235897324186944252e-16 0.000000000000000000e+00
1.114953623688914252e-16 0.000000000000000000e+00
1.005845355151059407e-16 0.000000000000000000e+00
9.074143148049247060e-17 0.000000000000000000e+00
8.186156395674084740e-17 0.000000000000000000e+00
7.385067156323416755e-17 0.000000000000000000e+00
6.662371724565221985e-17 0.000000000000000000e+00
6.010398559243859780e-17 0.000000000000000000e+00
5.422226848700512738e-17 0.000000000000000000e+00
4.891613045120241350e-17 0.000000000000000000e+00
4.412924588156002002e-17 0.000000000000000000e+00
3.981080114294512620e-17 0.000000000000000000e+00
3.591495517274162634e-17 0.000000000000000000e+00
3.240035286977995281e-17 0.000000000000000000e+00
2.922968610254580870e-17 0.000000000000000000e+00
2.636929767670031994e-17 0.000000000000000000e+00
2.378882405794576078e-17 0.000000000000000000e+00
2.146087305768181334e-17 0.000000000000000000e+00
1.936073306003108212e-17 0.000000000000000000e+00
1.746611070361878786e-17 0.000000000000000000e+00
1.575689423355863942e-17 0.000000000000000000e+00
1.421494001157959858e-17 0.000000000000000000e+00
1.282387991806498879e-17 0.000000000000000000e+00
1.156894760153679010e-17 0.000000000000000000e+00
1.043682173119545535e-17 0.000000000000000000e+00
9.415484588614102446e-18 0.000000000000000000e+00
8.494094497508996544e-18 0.000000000000000000e+00
7.662870737408719441e-18 0.000000000000000000e+00
6.912989719558005692e-18 0.000000000000000000e+00
6.236491322947093357e-18 0.000000000000000000e+00
5.626194396204275690e-18 0.000000000000000000e+00
5.075620528390560274e-18 0.000000000000000000e+00
4.578925279510429766e-18 0.000000000000000000e+00
4.130836140736469175e-18 0.000000000000000000e+00
3.726596565786127708e-18 0.000000000000000000e+00
3.361915479332662362e-18 0.000000000000000000e+00
3.032921726474113254e-18 0.000000000000000000e+00
2.736122979732014744e-18 0.000000000000000000e+00
2.468368667371005358e-18 0.000000000000000000e+00
2.226816529517128968e-18 0.000000000000000000e+00
2.008902447061162517e-18 0.000000000000000000e+00
1.812313223076130756e-18 0.000000000000000000e+00
1.634962027818436828e-18 0.000000000000000000e+00
1.474966246657400246e-18 0.000000000000000000e+00
1.330627495784414114e-18 0.000000000000000000e+00
1.200413593565258869e-18 0.000000000000000000e+00
1.082942296158387433e-18 0.000000000000000000e+00
9.769666247494432563e-19 0.000000000000000000e+00
8.813616286483449846e-19 0.000000000000000000e+00
7.951124437366234843e-19 0.000000000000000000e+00
7.173035195035348574e-19 0.000000000000000000e+00
6.471089003137267814e-19 0.000000000000000000e+00
5.837834577405419946e-19 0.000000000000000000e+00
5.266549808946797829e-19 0.000000000000000000e+00
4.751170407854357275e-19 0.000000000000000000e+00
4.286225529686113560e-19 0.000000000000000000e+00
3.866779701473480714e-19 0.000000000000000000e+00
3.488380430794155061e-19 0.000000000000000000e+00
3.147010941769077411e-19 0.000000000000000000e+00
2.839047536268804363e-19 0.000000000000000000e+00
2.561221127710104663e-19 0.000000000000000000e+00
2.310582539117981343e-19 0.000000000000000000e+00
2.084471197084886217e-19 0.000000000000000000e+00
1.880486889308464912e-19 0.000000000000000000e+00
1.696464285909257045e-19 0.000000000000000000e+00
1.530449954066931564e-19 0.000000000000000000e+00
1.380681621981871635e-19 0.000000000000000000e+00
1.245569472045011353e-19 0.000000000000000000e+00
1.123679264639954554e-19 0.000000000000000000e+00
1.013717113433060298e-19 0.000000000000000000e+00
9.145157505387505109e-20 0.000000000000000000e+00
8.250221357624148370e-20 0.000000000000000000e+00
7.442862783904949324e-20 0.000000000000000000e+00
6.714511528693202796e-20 0.000000000000000000e+00
6.057436013256609694e-20 0.000000000000000000e+00
5.464661263578072499e-20 0.000000000000000000e+00
4.929894869759663213e-20 0.000000000000000000e+00
4.447460190966879164e-20 0.000000000000000000e+00
4.012236096872272843e-20 0.000000000000000000e+00
3.619602605941511833e-20 0.000000000000000000e+00
3.265391843503938021e-20 0.000000000000000000e+00
2.945843799017912531e-20 0.000000000000000000e+00
2.657566412887322569e-20 0.000000000000000000e+00
2.397499569142621415e-20 0.000000000000000000e+00
2.162882611762849538e-20 0.000000000000000000e+00
1.951225039818891337e-20 0.000000000000000000e+00
1.760280070360880589e-20 0.000000000000000000e+00
1.588020788415754723e-20 0.000000000000000000e+00
1.432618630922492192e-20 0.000000000000000000e+00
1.292423976208619430e-20 0.000000000000000000e+00
1.165948632961269380e-20 0.000000000000000000e+00
1.051850042810405604e-20 0.000000000000000000e+00
9.489170288319246255e-21 0.000000000000000000e+00
8.560569386880855761e-21 0.000000000000000000e+00
7.722840459277191149e-21 0.000000000000000000e+00
6.967090863237438656e-21 0.000000000000000000e+00
6.285298181745643035e-21 0.000000000000000000e+00
5.670225063649986807e-21 0.000000000000000000e+00
5.115342397886744446e-21 0.000000000000000000e+00
4.614760005800174726e-21 0.000000000000000000e+00
4.163164115843087855e-21 0.000000000000000000e+00
3.755760956942458626e-21 0.000000000000000000e+00
3.388225871762569771e-21 0.000000000000000000e+00
3.056657409694968530e-21 0.000000000000000000e+00
2.757535912262825003e-21 0.000000000000000000e+00
2.487686151317124609e-21 0.000000000000000000e+00
2.244243623422723321e-21 0.000000000000000000e+00
2.024624142642298828e-21 0.000000000000000000e+00
1.826496408940906317e-21 0.000000000000000000e+00
1.647757261019373634e-21 0.000000000000000000e+00
1.486509350881461999e-21 0.000000000000000000e+00
1.341041003145718151e-21 0.000000000000000000e+00
1.209808045305362540e-21 0.000000000000000000e+00
1.091417416061321103e-21 0.000000000000000000e+00
9.846123777274991609e-22 0.000000000000000000e+00
8.882591757356993325e-22 0.000000000000000000e+00
8.013350036282142373e-22 0.000000000000000000e+00
7.229171457845970265e-22 0.000000000000000000e+00
6.521731826304015979e-22 0.000000000000000000e+00
5.883521543546194310e-22 0.000000000000000000e+00
5.307765893371549890e-22 0.000000000000000000e+00
4.788353126664654227e-22 0.000000000000000000e+00
4.319769584086764804e-22 0.000000000000000000e+00
3.897041167596349718e-22 0.000000000000000000e+00
3.515680539509922668e-22 0.000000000000000000e+00
3.171639488610405168e-22 0.000000000000000000e+00
2.861265957661486947e-22 0.000000000000000000e+00
2.581265276167757464e-22 0.000000000000000000e+00
2.328665186858415875e-22 0.000000000000000000e+00
2.100784294645276975e-22 0.000000000000000000e+00
1.895203603134602943e-22 0.000000000000000000e+00
1.709740836548316409e-22 0.000000000000000000e+00
1.542427274476519526e-22 0.000000000000000000e+00
1.391486853558459139e-22 0.000000000000000000e+00
1.255317314252728810e-22 0.000000000000000000e+00
1.132473192565798129e-22 0.000000000000000000e+00
1.021650476193456643e-22 0.000000000000000000e+00
9.216727621971104508e-23 0.000000000000000000e+00
8.314787692764667677e-23 0.000000000000000000e+00
7.501110720788175719e-23 0.000000000000000000e+00
6.767059379577938907e-23 0.000000000000000000e+00
6.104841582970537394e-23 0.000000000000000000e+00
5.507427770715186373e-23 0.000000000000000000e+00
4.968476288435695434e-23 0.000000000000000000e+00
4.482266069835660461e-23 0.000000000000000000e+00
4.043635906557882466e-23 0.000000000000000000e+00
3.647929661035039539e-23 0.000000000000000000e+00
3.290946840757189496e-23 0.000000000000000000e+00
2.968898009293525452e-23 0.000000000000000000e+00
2.678364560747210911e-23 0.000000000000000000e+00
2.416262430642993677e-23 0.000000000000000000e+00
2.179809358031497345e-23 0.000000000000000000e+00
1.966495351292304382e-23 0.000000000000000000e+00
1.774056044124187301e-23 0.000000000000000000e+00
1.600448658892249419e-23 0.000000000000000000e+00
1.443830322178171647e-23 0.000000000000000000e+00
1.302538502349717097e-23 0.000000000000000000e+00
1.175073361490261279e-23 0.000000000000000000e+00
1.060081834351236009e-23 0.000000000000000000e+00
9.563432653228386883e-24 0.000000000000000000e+00
8.627564509565201792e-24 0.000000000000000000e+00
7.783279504936209454e-24 0.000000000000000000e+00
7.021615403141395225e-24 0.000000000000000000e+00
6.334487003629273496e-24 0.000000000000000000e+00
5.714600315647738461e-24 0.000000000000000000e+00
5.155375131228529480e-24 0.000000000000000000e+00
4.650875175104356311e-24 0.000000000000000000e+00
4.195745090085689934e-24 0.000000000000000000e+00
3.785153588987358721e-24 0.000000000000000000e+00
3.414742169651455266e-24 0.000000000000000000e+00
3.080578848668449142e-24 0.000000000000000000e+00
2.779116422670421061e-24 0.000000000000000000e+00
2.507154814133297456e-24 0.000000000000000000e+00
