# k  Ps  Pt
4.566342598271421073e-05 2.777709881529097335e-09 8.358156005839148031e-12
4.829846055211856108e-05 2.772688575931906876e-09 8.357973580441977450e-12
5.108555132476486326e-05 2.767671788349704088e-09 8.357790686378947790e-12
5.403347279234797877e-05 2.762659816443300875e-09 8.357608225595643302e-12
5.715150578371187807e-05 2.757652153059033999e-09 8.357424636847757583e-12
6.044946668332978792e-05 2.752649193967291303e-09 8.357241123153498900e-12
6.393773833585380845e-05 2.747650704218290184e-09 8.357056991166093771e-12
6.762730273402843279e-05 2.742656923139009441e-09 8.356872915048940678e-12
7.152977559288027003e-05 2.737667668522176364e-09 8.356688393993258642e-12
7.565744291903151342e-05 2.732682760399586974e-09 8.356502820883024148e-12
8.002329969026570277e-05 2.727702670679308123e-09 8.356317676023238929e-12
8.464109076712159345e-05 2.722727199150961659e-09 8.356132335053147640e-12
8.952535416531439295e-05 2.717756235156115669e-09 8.355946444407066881e-12
9.469146682521581795e-05 2.712789842446277688e-09 8.355760206282274432e-12
1.001556930224901492e-04 2.707827920237995976e-09 8.355573291999644417e-12
1.059352355722938035e-04 2.702870579560212359e-09 8.355386052177946909e-12
1.120482899882426154e-04 2.697917964862670708e-09 8.355198925374267690e-12
1.185141017666542778e-04 2.692970009492573808e-09 8.355011713922414347e-12
1.253530269764107741e-04 2.688026468827928564e-09 8.354823640335312018e-12
1.325865963451951159e-04 2.683087623852853678e-09 8.354635581849138172e-12
1.402375830438606203e-04 2.678153210216358530e-09 8.354446695617001289e-12
1.483300743823373234e-04 2.673223364180765280e-09 8.354257415943697191e-12
1.568895476427914753e-04 2.668298066550901136e-09 8.354067676438377053e-12
1.659429502887833506e-04 2.663377693614986699e-09 8.353878670685874640e-12
1.755187848029395633e-04 2.658461706702094494e-09 8.353688673002040311e-12
1.856471984202327113e-04 2.653550263934148048e-09 8.353498187915537960e-12
1.963600780393737341e-04 2.648643426258953922e-09 8.353307393040344856e-12
2.076911506111197138e-04 2.643741207128524421e-09 8.353116359432939673e-12
2.196760893195474473e-04 2.638843402000556792e-09 8.352924385408012595e-12
2.323526258905808867e-04 2.633950571281165709e-09 8.352733298854854048e-12
2.457606693813457950e-04 2.629061924193829993e-09 8.352540532199928051e-12
2.599424318243331129e-04 2.624178175320975202e-09 8.352348400789056729e-12
2.749425611219339901e-04 2.619298836068899458e-09 8.352155299803094603e-12
2.908082816097291184e-04 2.614424041395405262e-09 8.351961672339562225e-12
3.075895427310644482e-04 2.609554156984586150e-09 8.351768707206377021e-12
3.253391762909825275e-04 2.604688658341493209e-09 8.351574662590464389e-12
3.441130627845801642e-04 2.599827856928411709e-09 8.351380611268285107e-12
3.639703073234417871e-04 2.594971339839494244e-09 8.351185140892618377e-12
3.849734257140117739e-04 2.590119720135272712e-09 8.350990271311027610e-12
4.071885412737257155e-04 2.585272788587145246e-09 8.350795295985229655e-12
4.306855930045297453e-04 2.580430165985394375e-09 8.350599015350173804e-12
4.555385557791786079e-04 2.575592438509497782e-09 8.350403301699365756e-12
4.818256732335076406e-04 2.570759078377649381e-09 8.350206424203797641e-12
5.096297040978893089e-04 2.565930679578379196e-09 8.350010342196699685e-12
5.390381827433936984e-04 2.561106498411942451e-09 8.349812588040691192e-12
5.701436947629129511e-04 2.556287112130580083e-09 8.349615076065861502e-12
6.030441684548536446e-04 2.551472389570245526e-09 8.349417358159964143e-12
6.378431831270716919e-04 2.546662061566359597e-09 8.349218526541511856e-12
6.746502951916588230e-04 2.541856625386804862e-09 8.349020243665643573e-12
7.135813830772194926e-04 2.537055531973728698e-09 8.348820674590971252e-12
7.547590120445159126e-04 2.532259452758069486e-09 8.348622052771391090e-12
7.983128200540076875e-04 2.527467542698712691e-09 8.348421543395297811e-12
8.443799259001010839e-04 2.522680376035766544e-09 8.348221069526366920e-12
8.931053608970298662e-04 2.517897922569667592e-09 8.348020519230643940e-12
9.446425254754144693e-04 2.513120100423930616e-09 8.347819620224884690e-12
9.991536721269901524e-04 2.508347136857050755e-09 8.347619135915525676e-12
1.056810416217950554e-03 2.503578473865586395e-09 8.347417155476527727e-12
1.117794276279065026e-03 2.498814514164100004e-09 8.347215082050139155e-12
1.182297245473548728e-03 2.494055138541217183e-09 8.347012482330746621e-12
1.250522396041830846e-03 2.489300472924180143e-09 8.346809760348148119e-12
1.322684518626149591e-03 2.484550335710278910e-09 8.346606336089487440e-12
1.399010798487742950e-03 2.479804929099227504e-09 8.346402846889826835e-12
1.479741530745559393e-03 2.475064105983506496e-09 8.346198840004559769e-12
1.565130876888222488e-03 2.470327912675644819e-09 8.345994463697558623e-12
1.655447664940957108e-03 2.465596338053741292e-09 8.345789660388023246e-12
1.750976235806628572e-03 2.460869367243476328e-09 8.345584394756663034e-12
1.852017338445369459e-03 2.456147082264172692e-09 8.345378935152176191e-12
1.958889076711067302e-03 2.451429305599078308e-09 8.345172695961318949e-12
2.071927910825618804e-03 2.446716134611219170e-09 8.344966005461672694e-12
2.191489716643823735e-03 2.442007952335334041e-09 8.344760198800240955e-12
2.317950906043771304e-03 2.437303964692063025e-09 8.344552539638783993e-12
2.451709611970030473e-03 2.432604720032585944e-09 8.344344924126263398e-12
2.593186941860422482e-03 2.427910256711150631e-09 8.344137524287409965e-12
2.742828303402517626e-03 2.423220136815987472e-09 8.343928816437705753e-12
2.901104806793702428e-03 2.418534740337037163e-09 8.343720143587984274e-12
3.068514747919459489e-03 2.413853784668727090e-09 8.343510553146271299e-12
3.245585177119307552e-03 2.409177523899833846e-09 8.343300953398724734e-12
3.432873558479326501e-03 2.404505859993343436e-09 8.343091036824017279e-12
3.630969524875089088e-03 2.399838779149048906e-09 8.342880782487983159e-12
3.840496734290370796e-03 2.395176188613398153e-09 8.342669916338242426e-12
4.062114833255838810e-03 2.390518179622891555e-09 8.342458804988583791e-12
4.296521533589081968e-03 2.385864812663789158e-09 8.342247717104305609e-12
4.544454808974134064e-03 2.381215881806352791e-09 8.342035991308534997e-12
4.806695218295928794e-03 2.376571286941468616e-09 8.341823341501951503e-12
5.084068363044091064e-03 2.371931037569937518e-09 8.341609890302823525e-12
5.377447486522631687e-03 2.367295588640159207e-09 8.341397335863072230e-12
5.687756223048606903e-03 2.362664472882307583e-09 8.341184130907807708e-12
6.015971505794830664e-03 2.358037398561902928e-09 8.340969345696989671e-12
6.363126642431347901e-03 2.353414984217469170e-09 8.340755339301251043e-12
6.730314568248636775e-03 2.348796726470861325e-09 8.340540453978673092e-12
7.118691287004130439e-03 2.344182530907607761e-09 8.340324534895622591e-12
7.529479510324778475e-03 2.339572873990534944e-09 8.340109476045955135e-12
7.963972507123523448e-03 2.334966968567911510e-09 8.339892678389896665e-12
8.423538175148527138e-03 2.330365458648562788e-09 8.339676696410449304e-12
8.909623347483505706e-03 2.325767744696988964e-09 8.339459668221587191e-12
9.423758347557261578e-03 2.321174065303131474e-09 8.339242767617284092e-12
9.967561807002601679e-03 2.316584042936741069e-09 8.339024962595478959e-12
1.054274576153261048e-02 2.311997601842186995e-09 8.338806381251642466e-12
1.115112104087751486e-02 2.307414805084736587e-09 8.338587705785226281e-12
1.179460296975089889e-02 2.302835514290971652e-09 8.338368955247169266e-12
1.247521739779354662e-02 2.298259311662369481e-09 8.338149140315960575e-12
1.319510707747863741e-02 2.293686150312652951e-09 8.337928715102355302e-12
1.395653841005779078e-02 2.289116116774595043e-09 8.337708733646790456e-12
1.476190858078574655e-02 2.284548641938571877e-09 8.337487891358571216e-12
1.561375310588732947e-02 2.279983493708312989e-09 8.337266231162089969e-12
1.651475381502666082e-02 2.275420717234029098e-09 8.337044915979239791e-12
1.746774729440928389e-02 2.270859688198117129e-09 8.336822784646078664e-12
1.847573381709837967e-02 2.266300169486739035e-09 8.336600206303918361e-12
1.954188678866025305e-02 2.261741779816907870e-09 8.336377151598960761e-12
2.066956273787612375e-02 2.257184197923961072e-09 8.336154061574176181e-12
2.186231188397375416e-02 2.252626554346334545e-09 8.335929398949404347e-12
2.312388931364748462e-02 2.248069015181891981e-09 8.335705861015271653e-12
2.445826680305458398e-02 2.243510138786913620e-09 8.335480181173148383e-12
2.586964532200669228e-02 2.238949940500508531e-09 8.335254973583796205e-12
2.736246825972320565e-02 2.234387618986839739e-09 8.335029982000697574e-12
2.894143541378417506e-02 2.229821910927716235e-09 8.334803604867705112e-12
3.061151778632389617e-02 2.225252101033188073e-09 8.334576676755727922e-12
3.237797323404769528e-02 2.220677441009781145e-09 8.334350207437265745e-12
3.424636302134182603e-02 2.216096376726071902e-09 8.334122736652677055e-12
3.622256932859010958e-02 2.211507658814920118e-09 8.333894360810636109e-12
3.831281377081856288e-02 2.206910123215066476e-09 8.333666268551960156e-12
4.052367698496887188e-02 2.202302009021610973e-09 8.333437826767192253e-12
4.286211934746677471e-02 2.197681203880213857e-09 8.333207824629199880e-12
4.533550288731028749e-02 2.193046246541700583e-09 8.332978432402862385e-12
4.795161446366496411e-02 2.188394586631394330e-09 8.332748453647553406e-12
5.071869028093578535e-02 2.183723549973049502e-09 8.332517217406294705e-12
5.364544181849599525e-02 2.179030869074092507e-09 8.332286866457177159e-12
5.674108325670559200e-02 2.174312906465343555e-09 8.332055189124218802e-12
6.001536048556409958e-02 2.169566365856353851e-09 8.331822952291625552e-12
6.347858178732510015e-02 2.164787096934361771e-09 8.331590094904626094e-12
6.714165028966835591e-02 2.159971379108273536e-09 8.331357392684376159e-12
7.101609829160109022e-02 2.155113640869120839e-09 8.331123968092244209e-12
7.511412357015598285e-02 2.150209041926094633e-09 8.330890072477339350e-12
7.944862778218765575e-02 2.145250967880083938e-09 8.330655212819643945e-12
8.403325708216721757e-02 2.140233324649151329e-09 8.330421094556549954e-12
8.888244508385091669e-02 2.135148006956226437e-09 8.330185728885774658e-12
9.401145830107622559e-02 2.129987010538077805e-09 8.329949939099018508e-12
9.943644421074543382e-02 2.124740341548571143e-09 8.329712998386187762e-12
1.051744820893124738e-01 2.119398087905412749e-09 8.329476008794941196e-12
1.112436367828181089e-01 2.113948782687116143e-09 8.329239417758340528e-12
1.176630155797560723e-01 2.108378801378850258e-09 8.329001544131045954e-12
1.244528283658221379e-01 2.102673587346658752e-09 8.328763768917164094e-12
1.316344512499269814e-01 2.096817951747389649e-09 8.328525084786143848e-12
1.392304938617850152e-01 2.090792534126496648e-09 8.328285960531789103e-12
1.472648705329510921e-01 2.084578304282044089e-09 8.328045890409600020e-12
1.557628755853989189e-01 2.078151627078459212e-09 8.327805774534820179e-12
1.647512629646708804e-01 2.071488473002218385e-09 8.327564755165620167e-12
1.742583304683063550e-01 2.064562217762670125e-09 8.327324293408596912e-12
1.843140088347192396e-01 2.057337861845273922e-09 8.327082291396068955e-12
1.949499559730006604e-01 2.049784798503371166e-09 8.326840267129952677e-12
2.061996566303092859e-01 2.041864262288249345e-09 8.326598087051341546e-12
2.180985278106244429e-01 2.033530350631715989e-09 8.326354795419541786e-12
2.306840302767497741e-01 2.024739015969193499e-09 8.326111670257534955e-12
2.439957864866068582e-01 2.015436544999584379e-09 8.325867543906817309e-12
2.580757053351092623e-01 2.005563192941327900e-09 8.325623275091154347e-12
2.729681140943389650e-01 1.995053254880892377e-09 8.325377476610918057e-12
2.887198979674098220e-01 1.983837169590943526e-09 8.325132541009154149e-12
3.053806476953653259e-01 1.971837137198701327e-09 8.324886535978393693e-12
3.230028156818186003e-01 1.958957507684237873e-09 8.324640279096365724e-12
3.416418811268578937e-01 1.945103539259756778e-09 8.324392566233985878e-12
3.613565246900974914e-01 1.930168486611928863e-09 8.324145596521074347e-12
3.822088132327634002e-01 1.914032428069213342e-09 8.323897706567931586e-12
4.042643952204262314e-01 1.896563341668485234e-09 8.323648755324732517e-12
4.275927074015664076e-01 1.877616466347633809e-09 8.323400264503138624e-12
4.522671934126433202e-01 1.857033929698583531e-09 8.323150768051445944e-12
4.783655349978964688e-01 1.834638617118124293e-09 8.322900805860355794e-12
5.059698965718217867e-01 1.810244845586739392e-09 8.322649891585694068e-12
5.351671838942708703e-01 1.783644468196532762e-09 8.322399189682208373e-12
5.660493176725380771e-01 1.754612906227476491e-09 8.322148008366052302e-12
5.987135229518233404e-01 1.722908798393940983e-09 8.321896057917337477e-12
6.332626352051424767e-01 1.688283846678407935e-09 8.321643390323118163e-12
6.698054240863209330e-01 1.650457970258524506e-09 8.321390618162503150e-12
7.084569358653551863e-01 1.609129125780176628e-09 8.321137028589281801e-12
7.493388556242047693e-01 1.563997543497445752e-09 8.320883341620986236e-12
7.925798903532925710e-01 1.514750995562584511e-09 8.320628550542683220e-12
8.383161741548222912e-01 1.461075256110574284e-09 8.320373677715827941e-12
8.866916968285910583e-01 1.402648214677124441e-09 8.320118747226275169e-12
9.378587571895811159e-01 1.339180257298266242e-09 8.319862371968831189e-12
9.919784425445205001e-01 1.270374195633481591e-09 8.319606015807082679e-12
1.049221135836920116e+00 1.196004736102565484e-09 8.319349649670293692e-12
1.109767052057191616e+00 1.115940393922940095e-09 8.319092073064266740e-12
1.173806805606641301e+00 1.030084107283013951e-09 8.318834423099129396e-12
1.241542010401534446e+00 9.385570747927093777e-10 8.318575546020650701e-12
1.313185914606493698e+00 8.416413705685682845e-10 8.318317409464771574e-12
1.388964071995576477e+00 7.398757280720805681e-10 8.318058106644860116e-12
1.469115052054638548e+00 6.342395257099537418e-10 8.317798390205531117e-12
1.553891191060539301e+00 5.260512455090515212e-10 8.317537692476375915e-12
1.643559386501837638e+00 4.173974027537333466e-10 8.317277772999108063e-12
1.738401937341995218e+00 3.110750334419226337e-10 8.317016149258766842e-12
1.838717432770430538e+00 2.109860468252184547e-10 8.316755050487499546e-12
1.944821692239494970e+00 1.223625820972022609e-10 8.316492489525737916e-12
2.057048759746836097e+00 5.216855508071748490e-11 8.316230695032205674e-12
2.175751955493364864e+00 9.578586346945568335e-12 8.315967471214480136e-12
2.301304988227794723e+00 6.579652192439982991e-12 8.315704721692608490e-12
2.434103131779669749e+00 5.875529552797369826e-11 8.315440565308510298e-12
2.574564469484873719e+00 1.861961707739329414e-10 8.315177103060955663e-12
2.723131210421501969e+00 4.148020598356709344e-10 8.314912651676983155e-12
2.880271081599824701e+00 7.776003047499385415e-10 8.314647824625839990e-12
3.046478800489422323e+00 1.317023277026487115e-09 8.314382806878846859e-12
3.222277632519370272e+00 2.086635915145856182e-09 8.314117537064459430e-12
3.408221038454815055e+00 3.154899392661372873e-09 8.313851785118139064e-12
3.604894416836431414e+00 4.608480356902545831e-09 8.313585584807421081e-12
3.812916946968370802e+00 6.556743416382974285e-09 8.313319268533517932e-12
4.032943538256827942e+00 9.138185491276075222e-09 8.313052934910139592e-12
4.265666892036394486e+00 1.252638363357197450e-08 8.312785854196308847e-12
4.511819682375307394e+00 1.694263501946270057e-08 8.312518758430290267e-12
4.772176862725252100e+00 2.266123414163207342e-08 8.312252174550253148e-12
5.047558105677814488e+00 3.003168795412081808e-08 8.311984325420379774e-12
5.338830383508502919e+00 3.948882567178268170e-08 8.311717222410010324e-12
5.646910697632471887e+00 5.157767908410302028e-08 8.311450175344397326e-12
5.972768965565170340e+00 6.698658570708785078e-08 8.311182856728507795e-12
6.317431074476741237e+00 8.657235689239724950e-08 8.310915506828130509e-12
6.681982110953440746e+00 1.114129867092160366e-07 8.310648247408473165e-12
7.067569777134430353e+00 1.428462647351080110e-07 8.310380974450240876e-12
7.475408003978741611e+00 1.825657052377170805e-07 8.310113902945691387e-12
7.906780773037782595e+00 2.326672105313247846e-07 8.309847645006571594e-12
8.363046158765572002e+00 2.957694335355536427e-07 8.309581451491383066e-12
8.845640604092858794e+00 3.751454223633076619e-07 8.309315163790203052e-12
9.356083442725571686e+00 4.748894276363134097e-07 8.309049945967202893e-12
9.895981682405293967e+00 6.001057964467309351e-07 8.308785770753000447e-12
1.046703506419056140e+01 7.571190779691943480e-07 8.308521972590242487e-12
1.107104141368677119e+01 9.538630637813529933e-07 8.308258284974715942e-12
1.170990230107209307e+01 1.200140749043632006e-06 8.307997004367526989e-12
1.238562902773848506e+01 1.508152750050399028e-06 8.307735859401738000e-12
1.310034895839510050e+01 1.893204088291397907e-06 8.307476294747094880e-12
1.385631221856961126e+01 2.374157090436080147e-06 8.307217988275944152e-12
1.465589877859277479e+01 2.974438359097943453e-06 8.306960777757068127e-12
1.550162594636818625e+01 3.723101756190052591e-06 8.306705986877572801e-12
1.639615629251691331e+01 4.656138797252158538e-06 8.306453460886596324e-12
1.734230603284725092e+01 5.818156833418377578e-06 8.306202511403481347e-12
1.834305389453947299e+01 7.264727086465261097e-06 8.305954258273436853e-12
1.940155049395918496e+01 9.063361300289707423e-06 8.305708365804171767e-12
2.052112825562295839e+01 1.129819225841259246e-05 8.305465652107017704e-12
2.170531190354321183e+01 1.407361491893236001e-05 8.305225882787004965e-12
2.295782955798264879e+01 1.751576428554349108e-05 8.304989735096082264e-12
2.428262447255339040e+01 2.178369945241928770e-05 8.304757128012251107e-12
2.568386744861182081e+01 2.706731027657180360e-05 8.304528481224458868e-12
2.716596996603371039e+01 3.360376498301283145e-05 8.304304986510934848e-12
2.873359807170841052e+01 4.168211809262801419e-05 8.304086406009400863e-12
3.039168706947619114e+01 5.165205663001036610e-05 8.303872540466871976e-12
3.214545705775743301e+01 6.394104933688789054e-05 8.303664271711581669e-12
3.400042936378980585e+01 7.907175561799620832e-05 8.303462200094372806e-12
3.596244392621208164e+01 9.766695065491605779e-05 8.303267330455280061e-12
3.803767768072061983e+01 1.204974412822828995e-04 8.303078721756688501e-12
4.023266400668094889e+01 1.484720522670397063e-04 8.302897546801352643e-12
4.255431329591662859e+01 1.826899349511223937e-04 8.302724289969661656e-12
4.500993470843278033e+01 2.244582874811963170e-04 8.302559021464353351e-12
4.760725918356633457e+01 2.753471518762234081e-04 8.302402399467231483e-12
5.035446377900728976e+01 3.371982381512143856e-04 8.302255736212314218e-12
5.326019741431809962e+01 4.121970613167922986e-04 8.302117779965835119e-12
5.633360809999803820e+01 5.028904426941306800e-04 8.301989968548751189e-12
5.958437173781539542e+01 6.122364456282232848e-04 8.301872661013643245e-12
6.302272258308074981e+01 7.436829590859804062e-04 8.301765231313386703e-12
6.665948546476340653e+01 9.011711442870251262e-04 8.301669100911315940e-12
7.050610986488726439e+01 1.089148564815803355e-03 8.301583245493264065e-12
7.457470596449925893e+01 1.312634005649446862e-03 8.301508052181006604e-12
7.887808276969140309e+01 1.577262588161398339e-03 8.301443634859091696e-12
8.342978843770576702e+01 1.889126844789353358e-03 8.301389846823536728e-12
8.824415293008219408e+01 2.254703092032061488e-03 8.301346508389496764e-12
9.333633312713077146e+01 2.681046270903506955e-03 8.301312980986772187e-12
9.872236054575967046e+01 3.175381358198001765e-03 8.301288413611195938e-12
1.044191918108894868e+02 3.744589811172949548e-03 8.301272526664263231e-12
1.104447620393500955e+02 4.395668581164802191e-03 8.301264324343781004e-12
1.168180413043244812e+02 5.134568950502533397e-03 8.301262698969749834e-12
1.235590943581079131e+02 5.966260798749508515e-03 8.301266835500854326e-12
1.306891438012039544e+02 6.893876604806078653e-03 8.301275692065529566e-12
1.382306368966276295e+02 7.917923239310946382e-03 8.301288204805764498e-12
1.462073162397689714e+02 9.036374039747540124e-03 8.301302664307727398e-12
1.546442945063025718e+02 1.024289057763404405e-02 8.301318048995699034e-12
1.635681335134657957e+02 1.152679618698347792e-02 8.301333938949168311e-12
1.730069278436167792e+02 1.287326112190248679e-02 8.301349007660850638e-12
1.829903932933389967e+02 1.426112712058740656e-02 8.301361973829961112e-12
1.935499604265492053e+02 1.566495217377945545e-02 8.301372851340718235e-12
2.047188735261455008e+02 1.705421982621150440e-02 8.301381478364246907e-12
2.165322952557177700e+02 1.839408557320341628e-02 8.301386967175431915e-12
2.290274173608194417e+02 1.964786440296358710e-02 8.301390080880334962e-12
2.422435777583241645e+02 2.077772951429161102e-02 8.301390909361684181e-12
2.562223843824922369e+02 2.174761088483363400e-02 8.301389702969739009e-12
2.710078461776421932e+02 2.252545352675328419e-02 8.301387341718475428e-12
2.866465116498343946e+02 2.308588330719134329e-02 8.301383845158173122e-12
3.031876154137614776e+02 2.341222795107195109e-02 8.301380124695519165e-12
3.206832331962064586e+02 2.349812625037208877e-02 8.301376710255079513e-12
3.391884457840706659e+02 2.334807896950623698e-02 8.301373392663724789e-12
3.587615124331192078e+02 2.297706748280084130e-02 8.301370678759641083e-12
3.794640542833719792e+02 2.240896734062820805e-02 8.301368082214105763e-12
4.013612483585928317e+02 2.167413371196435373e-02 8.301366086268835727e-12
4.245220327606333512e+02 2.080648983992120643e-02 8.301364183911793168e-12
4.490193237046271406e+02 1.984054074547132729e-02 8.301362785921800859e-12
4.749302450783344511e+02 1.880883040607937359e-02 8.301361176812788479e-12
5.023363712483425729e+02 1.774015228713022793e-02 8.301359737825976946e-12
5.313239838775306225e+02 1.665870975968991932e-02 8.301358085004029947e-12
5.619843435623442929e+02 1.558400766250553869e-02 8.301356453531079798e-12
5.944139771450579701e+02 1.453128420027993001e-02 8.301354869642103130e-12
6.287149816055484735e+02 1.351213226530442388e-02 8.301353244099735859e-12
6.649953454893295657e+02 1.253506866302714351e-02 8.301351361585000052e-12
7.033692888837805413e+02 1.160598703392911983e-02 8.301349622950226398e-12
7.439576230128867564e+02 1.072850879101302189e-02 8.301348039876206811e-12
7.868881305826180323e+02 9.904340430158019640e-03 8.301346492942360883e-12
8.322959680743575746e+02 9.133658682744716026e-03 8.301344864327468384e-12
8.803240912528943909e+02 8.415516335305631840e-03 8.301343198829917154e-12
9.311237052286147673e+02 7.748203981838099920e-03 8.301341641930000489e-12
9.848547404907969849e+02 7.129528724076832774e-03 8.301340035473392826e-12
1.041686356410666576e+03 6.557006513333287975e-03 8.301338415570586259e-12
1.101797473799404088e+03 6.027994009875884025e-03 8.301336891617835616e-12
1.165377338197726885e+03 5.539783908204734021e-03 8.301335341189647585e-12
1.232626115670400168e+03 5.089677385076858337e-03 8.301333748570193142e-12
1.303755522981439753e+03 4.675036090361596279e-03 8.301332215805112618e-12
1.378989494133942117e+03 4.293317221321447767e-03 8.301330670149020014e-12
1.458564885372958770e+03 3.942095642861589977e-03 8.301329165874154589e-12
1.542732220870995889e+03 3.619076801168527504e-03 8.301327619634665393e-12
1.631756481443732582e+03 3.322103100405436431e-03 8.301326118642328904e-12
1.725917938779007955e+03 3.049155438312066771e-03 8.301324612279585296e-12
1.825513037805506883e+03 2.798351477275678317e-03 8.301323175411512892e-12
1.930855329979046019e+03 2.567941533638273127e-03 8.301321713223960541e-12
2.042276460424655625e+03 2.356303240940472998e-03 8.301320322665164984e-12
2.160127212042299561e+03 2.161935052734965078e-03 8.301318895256043440e-12
2.284778609863330530e+03 1.983449418373082682e-03 8.301317667856366735e-12
2.416623089134433030e+03 1.819565645190475466e-03 8.301316138805861920e-12
2.556075730806573119e+03 1.669102792813210697e-03 8.301314763362467276e-12
2.703575568318556179e+03 1.530972840624511425e-03 8.301313443406244725e-12
2.859586969789241721e+03 1.404174036405368958e-03 8.301312142844819367e-12
3.024601099970040650e+03 1.287784398891057705e-03 8.301310894494596450e-12
3.199137466560153371e+03 1.180955887221895369e-03 8.301309616875980194e-12
3.383745555752879682e+03 1.082908560195358465e-03 8.301308404570692075e-12
3.579006562162087903e+03 9.929255552503239886e-04 8.301307162185328332e-12
3.785535218575037561e+03 9.103478210234088085e-04 8.301305964776002387e-12
4.003981731292206860e+03 8.345698119813705533e-04 8.301304807242695017e-12
4.235033827147046395e+03 7.650350967243455024e-04 8.301303656493612838e-12
4.479418918650117121e+03 7.012325915510885877e-04 8.301302470468075731e-12
4.737906394074213495e+03 6.426926760654333914e-04 8.301301349411207096e-12
5.011310039690149097e+03 5.889840318776585777e-04 8.301300231781604616e-12
5.300490601779037206e+03 5.397105978631403910e-04 8.301299098160172668e-12
5.606358496487108823e+03 4.945085237285975479e-04 8.301297962604231840e-12
5.929876676054047493e+03 4.530437513933552839e-04 8.301296823891818261e-12
6.272063660438923762e+03 4.150094229801122906e-04 8.301295694906636712e-12
6.633996743887758385e+03 3.801238841714041751e-04 8.301294539118137597e-12
7.016815386537949962e+03 3.481284242817991588e-04 8.301293331295879208e-12
7.421724801737187590e+03 3.187855775014147765e-04 8.301292112649007691e-12
7.849999750370831862e+03 2.918772070017551577e-04 8.301290848975486878e-12
8.302988554142868452e+03 2.672032023432134563e-04 8.301289531128477953e-12
8.782117340445876835e+03 2.445797035980669929e-04 8.301288128676996537e-12
9.288894532183534466e+03 2.238378505266532621e-04 8.301286636132721884e-12
9.824915596680979434e+03 2.048230449416685783e-04 8.301285033013747603e-12
1.039186806863375386e+04 1.873925005468079249e-04 8.301283298340522848e-12
1.099153686290917540e+04 1.714159680402727363e-04 8.301281328225526481e-12
1.162580989392554875e+04 1.567733208927445034e-04 8.301279271981915951e-12
1.229668401930137043e+04 1.433543187228731501e-04 8.301276891730846843e-12
1.300627132648605220e+04 1.310579220396051645e-04 8.301274322713594735e-12
1.375680578216436516e+04 1.197912338069019047e-04 8.301271482712510329e-12
1.455065026536858750e+04 1.094690311042918632e-04 8.301268299188173985e-12
1.539030400644077417e+04 1.000130128228874656e-04 8.301264757438322731e-12
1.627841045526406924e+04 9.135162617172714033e-05 8.301260795696969869e-12
1.721776560353550303e+04 8.341876209145227471e-05 8.301256388482802090e-12
1.821132678728005340e+04 7.615420151100463599e-05 8.301251460694757104e-12
1.926222199731900400e+04 6.950243689871725005e-05 8.301245926862328552e-12
2.037375972700416605e+04 6.341255957085838114e-05 8.301239782305110425e-12
2.154943938822180644e+04 5.783795109814724258e-05 8.301232905483978672e-12
2.279296232845724808e+04 5.273571075397246426e-05 8.301225237234032189e-12
2.410824348360648219e+04 4.806655019682840843e-05 8.301216632745435028e-12
2.549942370321961425e+04 4.379438474940978266e-05 8.301207111169168051e-12
2.697088278697972783e+04 3.988609896075237749e-05 8.301196352535667766e-12
2.852725327345926053e+04 3.631132372228113047e-05 8.301184439270344743e-12
3.017343502456515125e+04 3.304218069835500787e-05 8.301171102406183268e-12
3.191461065158671408e+04 3.005310167099930216e-05 8.301156265312405606e-12
3.375626183141377987e+04 2.732062655539508716e-05 8.301139627928331746e-12
3.570418656429105613e+04 2.482323588019860923e-05 8.301121032379639995e-12
3.776451742744144576e+04 2.254119320850779307e-05 8.301100370628876391e-12
3.994374088202506391e+04 2.045639424861777652e-05 8.301077019386469944e-12
4.224871769421846693e+04 1.855223873701655296e-05 8.301051625738050472e-12
4.468670453470243228e+04 1.681350322866374296e-05 8.301022823145308918e-12
4.726537682456245238e+04 1.522622958277707984e-05 8.300990501156603312e-12
4.999285289952432504e+04 1.377762078687789357e-05 8.300954826909521447e-12
5.287771956860124192e+04 1.245594869529804185e-05 8.300914737833925630e-12
5.592905914761723398e+04 1.125046126383253501e-05 8.300870315385759445e-12
5.915647805271692050e+04 1.015130660382266299e-05 8.300821029496091299e-12
6.257013704387817415e+04 9.149459032711186506e-06 8.300765734642416871e-12
6.618078321364651492e+04 8.236647960783775215e-06 8.300704665418521632e-12
6.999978382179685286e+04 7.405300899113375402e-06 8.300636436955449416e-12
7.403916208244445443e+04 6.648482351188997607e-06 8.300560942988778826e-12
7.831163501627143705e+04 5.959843271631506304e-06 8.300476437392216662e-12
8.283065348703984637e+04 5.333573595980336549e-06 8.300383019700512661e-12
8.761044454843163840e+04 4.764356771461578389e-06 8.300279540569741555e-12
9.266605623454101442e+04 4.247330180823425054e-06 8.300165435761229552e-12
9.801340493502652680e+04 3.778047816439176310e-06 8.300037940163294848e-12
1.036693255040742661e+05 3.352446134797238565e-06 8.299897830476489561e-12
1.096516242609274195e+05 2.966812742986662486e-06 8.299742851002972611e-12
1.159791350488445751e+05 2.617757038789911122e-06 8.299572099303363620e-12
1.226717785289682361e+05 2.302184138556196152e-06 8.299383738227959187e-12
1.297506248957850621e+05 2.017269961958526969e-06 8.299176726586823535e-12
1.372379602116160677e+05 1.760438693163835842e-06 8.298950007329642050e-12
1.451573565689768293e+05 1.529341537533774036e-06 8.298701690154726654e-12
1.535337463017007976e+05 1.321837318899489746e-06 8.298430645315503509e-12
1.623935004784523917e+05 1.135974017684373704e-06 8.298135522186809085e-12
1.717645119257601327e+05 9.699717606655541015e-07 8.297814968331915536e-12
1.816762830419391103e+05 8.222064084843125761e-07 8.297468695932267284e-12
1.921600186783676909e+05 6.911943457944912513e-07 8.297094970260397852e-12
2.032487243805312610e+05 5.755777138745592799e-07 8.296693338409188795e-12
2.149773102981269767e+05 4.741102494072195646e-07 8.296263242610404101e-12
2.273827010913532285e+05 3.856436877363267849e-07 8.295804605013169787e-12
2.405039521794135799e+05 3.091144838551393201e-07 8.295318298062990257e-12
2.543823726972044678e+05 2.435310268022380602e-07 8.294804988106061470e-12
2.690616555472906330e+05 1.879610971129756986e-07 8.294267223360933509e-12
2.845880149566045147e+05 1.415200827066223526e-07 8.293707656668669579e-12
3.010103319709408679e+05 1.033597209373533382e-07 8.293130118522151013e-12
3.183803083452839637e+05 7.265783034863940291e-08 8.292538997056401810e-12
3.367526293144775555e+05 4.860959549568198315e-08 8.291939952771395818e-12
3.561851357566653169e+05 3.042065177780607886e-08 8.291339586100579488e-12
3.767390062915236922e+05 1.730274887337234522e-08 8.290744575213621501e-12
3.984789498865777859e+05 8.472689135738294683e-09 8.290161952015038834e-12
4.214734095779849449e+05 3.155191233727196884e-09 8.289599414736966788e-12
4.457947779471284593e+05 5.903277745880054094e-10 8.289063505051419359e-12
4.715196250314294593e+05 4.589118742007059061e-11 8.288560090475282255e-12
4.987289393868772313e+05 8.346182758178661729e-10 8.288093800644439381e-12
5.275083830612144666e+05 2.335528460980634470e-09 8.287665757238825093e-12
5.579485612804959528e+05 4.017746034509613754e-09 8.287275198297373372e-12
5.901453076980791520e+05 5.464157827526222421e-09 8.286920112163114598e-12
6.241999861040504184e+05 6.391192029458125848e-09 8.286593246951633448e-12
6.602198095449924003e+05 6.660273146595330356e-09 8.286286733684750958e-12
6.983181778587315930e+05 6.276372722732737180e-09 8.285990015584129509e-12
7.386150346867273329e+05 5.370017228037721927e-09 8.285693689802851960e-12
7.812372450880655088e+05 4.161474294495712552e-09 8.285388141869606056e-12
8.263189949439029442e+05 2.909657099127601938e-09 8.285067215045491586e-12
8.740022134097466478e+05 1.853110161749480289e-09 8.284729949923155761e-12
9.244370197456183378e+05 1.155085244185312300e-09 8.284376468450007348e-12
9.777821959307988873e+05 8.672150049225112813e-10 8.284013626894478299e-12
1.034205686551083927e+06 9.244943506810848212e-10 8.283645928228965577e-12
1.093885127532320563e+06 1.176665252304753661e-09 8.283281718223886275e-12
1.157008405384842772e+06 1.448415668104763981e-09 8.282924679278192955e-12
1.223774248719387455e+06 1.607110339979489757e-09 8.282574568165205450e-12
1.294392853896824643e+06 1.609210682223922018e-09 8.282228944523024049e-12
1.369086546781349694e+06 1.502367129886062786e-09 8.281883928983755640e-12
1.448090482680529123e+06 1.381160781556930284e-09 8.281536153930493346e-12
1.531653386675792048e+06 1.322021802751635442e-09 8.281184745596943424e-12
1.620038336674151244e+06 1.338801628294314897e-09 8.280830528983612838e-12
1.713523591646318091e+06 1.388412455329673911e-09 8.280476351467180700e-12
1.812403467658844544e+06 1.418164459756996677e-09 8.280122915472406209e-12
1.916989264458174119e+06 1.411335161411272030e-09 8.279770321012167270e-12
2.027610245523775462e+06 1.390439122315755008e-09 8.279416777682656215e-12
2.144614674675799906e+06 1.382057382705170731e-09 8.279061406857930362e-12
2.268370912500833627e+06 1.387686687230306830e-09 8.278705598768929325e-12
2.399268576047446579e+06 1.392064839264725462e-09 8.278349366330385233e-12
2.537719765442736447e+06 1.388752736483375620e-09 8.277992990390173562e-12
2.684160361291450448e+06 1.384437081549088066e-09 8.277635618251290822e-12
2.839051396942285355e+06 1.383320978013453751e-09 8.277276454245676571e-12
3.002880509941603523e+06 1.382268293339829050e-09 8.276918232695668388e-12
3.176163477244189009e+06 1.379731097891119252e-09 8.276558030760292417e-12
3.359445839014112949e+06 1.377375548952144849e-09 8.276197680920767464e-12
3.553304616128094494e+06 1.375276625024497978e-09 8.275835789950834369e-12
3.758350126788332127e+06 1.372830812626574510e-09 8.275473542815565307e-12
3.975227907964045648e+06 1.370341771611981941e-09 8.275110446116439656e-12
4.204620747710906900e+06 1.367819421926975387e-09 8.274746799401644108e-12
4.447250834766728804e+06 1.365192910790574412e-09 8.274381818437765742e-12
4.703882032190652564e+06 1.362521979193492591e-09 8.274016806085817868e-12
4.975322282204185612e+06 1.359788749086106592e-09 8.273650214274468125e-12
5.262426149804890156e+06 1.357006297248859642e-09 8.273282894993092838e-12
5.566097513160818256e+06 1.354176702876737461e-09 8.272914607793249795e-12
5.887292409255679697e+06 1.351305016060236251e-09 8.272545670260496876e-12
6.227022043743749149e+06 1.348394474879655885e-09 8.272175011133863505e-12
6.586355974489968270e+06 1.345448976633624661e-09 8.271804352339393233e-12
6.966425478818306699e+06 1.342471355278637811e-09 8.271432229722747013e-12
7.368427115069043823e+06 1.339464646377324538e-09 8.271059468792467722e-12
7.793626489677799866e+06 1.336431477372510293e-09 8.270686062948878688e-12
8.243362241636029445e+06 1.333374080830586834e-09 8.270310731190841183e-12
8.719050256877290085e+06 1.330294904390353823e-09 8.269934886385741748e-12
9.222188125856781378e+06 1.327196016582764668e-09 8.269558488248420831e-12
9.754359858358453959e+06 1.324079234560653612e-09 8.269180937751198199e-12
1.031724087037263252e+07 1.320946311149689209e-09 8.268802045781295712e-12
1.091260325874433666e+07 1.317798989286469855e-09 8.268422355842659157e-12
1.154232138019823283e+07 1.314638785832460493e-09 8.268041652596185234e-12
1.220837775230466574e+07 1.311467121666414294e-09 8.267659797047712239e-12
1.291286929496393725e+07 1.308285412908022164e-09 8.267277265779426124e-12
1.365801393205950782e+07 1.305094670657669807e-09 8.266892833328553364e-12
1.444615757406321354e+07 1.301896221741368773e-09 8.266508371917423351e-12
1.527978150357583910e+07 1.298690560519047358e-09 8.266122122101514641e-12
1.616151018705451302e+07 1.295478186128731205e-09 8.265735297694110844e-12
1.709411953732074425e+07 1.292258467854450087e-09 8.265346741351369341e-12
1.808054565286060050e+07 1.289029847514603085e-09 8.264957867528247910e-12
1.912389406143196672e+07 1.285788182838448477e-09 8.264567028255112112e-12
2.022744949707921222e+07 1.282526788062551602e-09 8.264175950841369624e-12
2.139468624133622274e+07 1.279235354464516677e-09 8.263783328327097789e-12
2.262927906117451936e+07 1.275903685756406300e-09 8.263389849000096469e-12
2.393511477813244611e+07 1.272530219091513217e-09 8.262994799873902675e-12
2.531630450504682586e+07 1.269134064071028354e-09 8.262598695064812677e-12
2.677719658891320601e+07 1.265752036513861667e-09 8.262201853244745535e-12
2.832239030062096193e+07 1.262412257416009076e-09 8.261803575547836549e-12
2.995675031466261670e+07 1.259114578903723203e-09 8.261404601235499811e-12
3.168542202440305799e+07 1.255841027270547909e-09 8.261004758789757660e-12
3.351384774112597480e+07 1.252575042021520086e-09 8.260603399671709569e-12
3.544778382785434276e+07 1.249308427748269344e-09 8.260201840589327064e-12
3.749331882188934088e+07 1.246038340042801239e-09 8.259798442024355955e-12
3.965689260312021524e+07 1.242764925893505687e-09 8.259394109549993995e-12
4.194531666845282912e+07 1.239489074187033599e-09 8.258989347089570426e-12
4.436579557618562132e+07 1.236211535567936550e-09 8.258583131862480518e-12
4.692594962784679979e+07 1.232933158696843135e-09 8.258175978393775394e-12
4.963383885889817774e+07 1.229654575558506765e-09 8.257767954333671819e-12
5.249798841383851320e+07 1.226376246208555729e-09 8.257358876231602889e-12
5.552741538559091091e+07 1.223098530179982003e-09 8.256948512256495295e-12
5.873165720367295295e+07 1.219821794538278190e-09 8.256537204853109322e-12
6.212080166052244604e+07 1.216546299354653498e-09 8.256124904599495554e-12
6.570551867051097751e+07 1.213272292642137046e-09 8.255711779600703829e-12
6.949709386162738502e+07 1.209999910764415152e-09 8.255297359052521097e-12
7.350746410559132695e+07 1.206729314890373937e-09 8.254881586349504625e-12
7.774925509825152159e+07 1.203460716630560012e-09 8.254464789714895528e-12
8.223582110858294368e+07 1.200194301795098452e-09 8.254047316192809325e-12
8.698128702142271399e+07 1.196930082683287535e-09 8.253628287991576376e-12
9.200059280630826950e+07 1.193668204542072442e-09 8.253207893898434012e-12
9.730954055241224170e+07 1.190408915377833411e-09 8.252787119018191271e-12
1.029248442176588178e+08 1.187152176197510046e-09 8.252364895458200652e-12
1.088641822486413121e+08 1.183898057514562408e-09 8.251941079717639528e-12
1.151462532370007187e+08 1.180646749884077720e-09 8.251516343196181247e-12
1.217908347874901891e+08 1.177398342065884134e-09 8.251090735785848072e-12
1.288188457830544710e+08 1.174152851009563187e-09 8.250663782801457076e-12
1.362524122429519594e+08 1.170910394065801287e-09 8.250235780252475900e-12
1.441149369812583029e+08 1.167670993251816794e-09 8.249806396448290322e-12
1.524311732850542367e+08 1.164434774380837271e-09 8.249376005828976025e-12
1.612273028442548513e+08 1.161201728738332364e-09 8.248944134318898183e-12
1.705310181784318984e+08 1.157971971732195996e-09 8.248511139466904038e-12
1.803716098201101422e+08 1.154745585667846030e-09 8.248077220758521290e-12
1.907800585290401578e+08 1.151522625675969080e-09 8.247642392899307094e-12
2.017891328277427554e+08 1.148303063209998691e-09 8.247206044940187989e-12
2.134334921653997600e+08 1.145086955053720215e-09 8.246768264658358793e-12
2.257497960348776877e+08 1.141874391038750894e-09 8.246329329427576798e-12
2.387768193864121735e+08 1.138665435638608652e-09 8.245889437140470263e-12
2.525555747013066709e+08 1.135460043779313460e-09 8.245447910389942407e-12
2.671294411099648178e+08 1.132258286500831424e-09 8.245005004259754947e-12
2.825443009607539177e+08 1.129060322203962571e-09 8.244561599726707558e-12
2.988486842696543336e+08 1.125866055079969614e-09 8.244116700694340907e-12
3.160939215054571033e+08 1.122675477671456612e-09 8.243670008325751541e-12
3.343343051915336847e+08 1.119488771059499384e-09 8.243222646843323286e-12
3.536272608329034448e+08 1.116305870442179169e-09 8.242773888770960838e-12
3.740335277067733407e+08 1.113126784959966640e-09 8.242323543734227213e-12
3.956173500856877565e+08 1.109951584215893998e-09 8.241871971224129953e-12
4.184466794953240752e+08 1.106780349047564686e-09 8.241419538766114201e-12
4.425933886436923742e+08 1.103613051486674362e-09 8.240965876399650801e-12
4.681334976952432990e+08 1.100449669031530981e-09 8.240510588916270461e-12
4.951474136022559404e+08 1.097290251141821629e-09 8.240053873412561269e-12
5.237201832469822168e+08 1.094134884638806592e-09 8.239596255985488612e-12
5.539417611915057898e+08 1.090983516143922270e-09 8.239137126457229632e-12
5.859072928782631159e+08 1.087836190737912547e-09 8.238676682859362774e-12
6.197174141728094816e+08 1.084692886162971722e-09 8.238214600665224992e-12
6.554785681919010878e+08 1.081553743789749861e-09 8.237751822598538733e-12
6.933033404142735004e+08 1.078418659644211329e-09 8.237287406528337238e-12
7.333108131292353868e+08 1.075287689747489846e-09 8.236821642146465525e-12
7.756269403388980627e+08 1.072160793806035171e-09 8.236354107126832337e-12
8.203849442943613529e+08 1.069038152579938168e-09 8.235886069672924255e-12
8.677257349142510891e+08 1.065919588364574810e-09 8.235416000375427487e-12
9.177983534060478210e+08 1.062805209927607362e-09 8.234944679469268886e-12
9.707604414868417978e+08 1.059695057093314715e-09 8.234472274588648343e-12
1.026778737680745006e+09 1.056589089199219940e-09 8.233998376565108643e-12
1.086029602255433798e+09 1.053487400777260104e-09 8.233523641031685510e-12
1.148699572450460911e+09 1.050389800845194194e-09 8.233046401926994264e-12
1.214985949745329857e+09 1.047296571809063764e-09 8.232568874633637431e-12
1.285097421016264677e+09 1.044207506427875664e-09 8.232089260224207114e-12
1.359254715537094116e+09 1.041122646477870779e-09 8.231607821297323349e-12
1.437691299892853260e+09 1.038042184419152925e-09 8.231126035741864384e-12
1.520654112993727922e+09 1.034965935674389374e-09 8.230642302920035885e-12
1.608404343503418922e+09 1.031893982034056552e-09 8.230157215400077605e-12
1.701218252129459858e+09 1.028826293910715413e-09 8.229670451529509326e-12
1.799388041364278078e+09 1.025762918071701746e-09 8.229182311852732384e-12
1.903222775415168762e+09 1.022703824141535389e-09 8.228692488216881622e-12
2.013049353219363928e+09 1.019649174761911400e-09 8.228202241107234583e-12
2.129213537607501745e+09 1.016598774378644472e-09 8.227709890321905882e-12
2.252081043855573654e+09 1.013552723600822670e-09 8.227216199723922799e-12
2.382038691052373886e+09 1.010510960664424756e-09 8.226720579790028279e-12
2.519495619907378197e+09 1.007473606169596026e-09 8.226223997460432681e-12
2.664884580832735538e+09 1.004440559320368670e-09 8.225725535436431736e-12
2.818663296354980469e+09 1.001411929515787364e-09 8.225226062645962068e-12
2.981315902145403862e+09 9.983876232693393978e-10 8.224724701839705020e-12
3.153354471205944538e+09 9.953676668382551456e-10 8.224221652753197172e-12
3.335320626009109497e+09 9.923521827331044014e-10 8.223717892336681363e-12
3.527787243667370796e+09 9.893409993596444631e-10 8.223211885944948850e-12
3.731360259500351429e+09 9.863342424402286246e-10 8.222704694818869393e-12
3.946680574677907467e+09 9.833318348452462540e-10 8.222195592191436957e-12
4.174426073944863319e+09 9.803338579528676688e-10 8.221685214781397997e-12
4.415313759779726982e+09 9.773402805148166002e-10 8.221173261263835182e-12
4.670102009706237793e+09 9.743512103937944928e-10 8.220660604995700940e-12
4.939592963864584923e+09 9.713663981829567678e-10 8.220145068236156098e-12
5.224635050358420372e+09 9.683861078664243465e-10 8.219628885955873061e-12
5.526125656328886986e+09 9.654101725969957900e-10 8.219110547669643612e-12
5.845013953164327621e+09 9.624386885657937157e-10 8.218590882896739617e-12
6.182303884740402222e+09 9.594716521428129332e-10 8.218069775072956493e-12
6.539057328098342896e+09 9.565089968637979885e-10 8.217546663522327735e-12
6.916397436511991501e+09 9.535507854014424997e-10 8.217022002104862853e-12
7.315512175468454361e+09 9.505970252271920705e-10 8.216495847349603462e-12
7.737658062694588661e+09 9.476476731186728363e-10 8.215967776000771922e-12
8.184164124003890991e+09 9.447028500203334783e-10 8.215438827120604837e-12
8.656436077417827606e+09 9.417624008241723662e-10 8.214907580167581458e-12
9.155960758734254837e+09 9.388264445302513034e-10 8.214375093815201640e-12
9.684310802476205826e+09 9.358949584936105613e-10 8.213841090383341072e-12
1.024314959295681572e+10 9.329678502533435761e-10 8.213304723701869732e-12
1.083423650104905319e+10 9.300452600681274095e-10 8.212767252646013030e-12
1.145943242314595795e+10 9.271271466896788206e-10 8.212228212012061802e-12
1.212070563974983978e+10 9.242134223606479340e-10 8.211686827452233780e-12
1.282013801213480568e+10 9.213042214906114076e-10 8.211144289413756804e-12
1.355993153659129143e+10 9.183994893011790576e-10 8.210600017653293392e-12
1.434241527688708496e+10 9.154992062918714150e-10 8.210053893800454549e-12
1.517005269677005386e+10 9.126034000946232379e-10 8.209506055988790023e-12
1.604544941559721184e+10 9.097120746310306020e-10 8.208956546783718435e-12
1.697136141150686264e+10 9.068252288115317215e-10 8.208405359170869359e-12
1.795070369795943069e+10 9.039428232377261922e-10 8.207852069689681408e-12
1.898655950096385956e+10 9.010649914274436494e-10 8.207297877266720408e-12
2.008218996587972260e+10 8.981915793807755758e-10 8.206741361334490203e-12
2.124104442435750198e+10 8.953226490659292298e-10 8.206183062642895277e-12
2.246677125373782730e+10 8.924582174212764020e-10 8.205623091156324597e-12
2.376322936309890747e+10 8.895982571648100291e-10 8.205061186820685249e-12
2.513450034211291504e+10 8.867428133542746525e-10 8.204497744911457847e-12
2.658490131095928192e+10 8.838918227956137096e-10 8.203932139373556194e-12
2.811899851174966431e+10 8.810453605728693947e-10 8.203365071219894052e-12
2.974162168425402832e+10 8.782034190676404375e-10 8.202796446979529107e-12
3.145787927118634415e+10 8.753659234969701147e-10 8.202225508836137280e-12
3.327317450092016602e+10 8.725329101650854208e-10 8.201652611470407512e-12
3.519322239826638031e+10 8.697044565307474566e-10 8.201078470275156818e-12
3.722406777686920929e+10 8.668805001566543213e-10 8.200502405313573002e-12
3.937210426986103058e+10 8.640609503499381431e-10 8.199923620090755901e-12
4.164409445869507599e+10 8.612459997182245075e-10 8.199343884355238136e-12
4.404719116352272797e+10 8.584355279903214061e-10 8.198762019267105263e-12
4.658895996214464569e+10 8.556295445529186098e-10 8.198178125474487277e-12
4.927740300843114471e+10 8.528281069558831132e-10 8.197592730257326085e-12
5.212098422519836426e+10 8.500311166317514982e-10 8.197004830795100011e-12
5.512865595085395813e+10 8.472386678828094388e-10 8.196415329693646608e-12
5.830988712370307922e+10 8.444507375606758094e-10 8.195824008856774275e-12
6.167469309264607239e+10 8.416673068447620092e-10 8.195230642519495103e-12
6.523366714811983490e+10 8.388883880441646829e-10 8.194635354478782401e-12
6.899801387254994202e+10 8.361139629388842923e-10 8.194037936055302919e-12
7.297958441531286621e+10 8.333440873319774895e-10 8.193438887289666344e-12
7.719091380325474548e+10 8.305786962298115178e-10 8.192837582296125862e-12
8.164526040424093628e+10 8.278178769165180114e-10 8.192234855841325417e-12
8.635664766797001648e+10 8.250615058456445520e-10 8.191629488781794321e-12
9.133990827546609497e+10 8.223097003043522495e-10 8.191022585610972167e-12
9.661073083624342346e+10 8.195623859514989167e-10 8.190413409780563346e-12
1.021857092801580048e+11 8.168195874556799221e-10 8.189802173023968251e-12
1.080823950994447174e+11 8.140813151807584135e-10 8.189189000499461987e-12
1.143193526054116821e+11 8.113475302867397334e-10 8.188573430135046035e-12
1.209162173737542419e+11 8.086183276293728984e-10 8.187956440115063392e-12
1.278937580624898224e+11 8.058935726556102890e-10 8.187336645761353888e-12
1.352739417971316071e+11 8.031734055629103638e-10 8.186715459849328689e-12
1.430800033289572754e+11 8.004577004918592066e-10 8.186091524138725228e-12
1.513365181840847168e+11 7.977465871502109705e-10 8.185466231140192887e-12
1.600694800336688843e+11 7.950399552731999542e-10 8.184838361626182590e-12
1.693063825287853088e+11 7.923378993840114484e-10 8.184208907828202342e-12
1.790763058576443176e+11 7.896403373113879092e-10 8.183577017498367335e-12
1.894100082976396484e+11 7.869472803723745208e-10 8.182942791619906186e-12
2.003400230504613037e+11 7.842587670350950055e-10 8.182306564687394446e-12
2.119007606651349487e+11 7.815747570693516449e-10 8.181667911927680499e-12
2.241286173714424744e+11 7.788952981472042667e-10 8.181027339313515950e-12
2.370620896647854309e+11 7.762203810585011236e-10 8.180384743809726275e-12
2.507418955032329712e+11 7.735499630960093463e-10 8.179739611516700981e-12
2.652111024983258057e+11 7.708840919401157829e-10 8.179092477763733063e-12
2.805152635031849976e+11 7.682227625377858296e-10 8.178443234252685498e-12
2.967025600248317871e+11 7.655659495754099758e-10 8.177791628759120842e-12
3.138239539121882935e+11 7.629136787429256197e-10 8.177137889134809817e-12
3.319333477973253784e+11 7.602659327186786654e-10 8.176481835998576475e-12
3.510877547950651245e+11 7.576227163406130795e-10 8.175823488299167328e-12
3.713474779951981812e+11 7.549840445654515629e-10 8.175163006593610738e-12
3.927763003124041748e+11 7.523498929045794962e-10 8.174500081146158744e-12
4.154416852915715332e+11 7.497202817575030772e-10 8.173834959066093130e-12
4.394149895007058105e+11 7.470951940319714501e-10 8.173167380126050876e-12
4.647716871800941772e+11 7.444746770157312636e-10 8.172497912945764491e-12
4.915916078549803467e+11 7.418586561175720505e-10 8.171825662973797833e-12
5.199591876598179932e+11 7.392471600835985645e-10 8.171150928551122420e-12
5.499637351653354492e+11 7.366402315890114159e-10 8.170474207658274008e-12
5.816997125453016357e+11 7.340378535054214686e-10 8.169795273781210641e-12
6.152670329682082520e+11 7.314399814474227867e-10 8.169113637939168477e-12
6.507713751500628662e+11 7.288466593982265501e-10 8.168429732080499642e-12
6.883245160586832275e+11 7.262578635400829161e-10 8.167743296579983364e-12
7.280446828168616943e+11 7.236736206705050980e-10 8.167054610766004726e-12
7.700569249123118896e+11 7.210938745807004243e-10 8.166363005294746009e-12
8.144935078862060547e+11 7.185187074535790354e-10 8.165669428132225566e-12
8.614943297397396240e+11 7.159480699055177542e-10 8.164973291689433496e-12
9.112073613696785889e+11 7.133819650724363482e-10 8.164274593160112719e-12
9.637891124194956055e+11 7.108204444490953848e-10 8.163573928196258162e-12
1.019405124012718506e+12 7.082634088847476220e-10 8.162870144059201784e-12
1.078230489919741943e+12 7.057109280047082647e-10 8.162163993478368621e-12
1.140450407798864990e+12 7.031629850872311999e-10 8.161455272762098335e-12
1.206260762247059082e+12 7.006195897526685918e-10 8.160744105701961712e-12
1.275868741495928223e+12 6.980807607113581699e-10 8.160030674991154562e-12
1.349493489694560059e+12 6.955464137185255879e-10 8.159313986293527365e-12
1.427366796832692627e+12 6.930166786698992080e-10 8.158595528856489119e-12
1.509733828476307861e+12 6.904914271039740065e-10 8.157873792011161968e-12
1.596853897613042969e+12 6.879707654705239579e-10 8.157150015020747129e-12
1.689001281037389648e+12 6.854545663115166917e-10 8.156422628120687086e-12
1.786466082845876709e+12 6.829429968516057762e-10 8.155693658561354523e-12
1.889555147760744141e+12 6.804359531727455700e-10 8.154961844633231664e-12
1.998593027157491943e+12 6.779334587581245485e-10 8.154227394340699844e-12
2.113923000837610596e+12 6.754354616364852694e-10 8.153489699571604912e-12
2.235908157763283691e+12 6.729420404210706489e-10 8.152749710733085067e-12
2.364932539156605957e+12 6.704531647281721466e-10 8.152007002835272218e-12
2.501402347561824219e+12 6.679688175670104966e-10 8.151261386723748083e-12
2.645747225677402344e+12 6.654890387110263805e-10 8.150513322636407810e-12
2.798421608983742676e+12 6.630138037051772347e-10 8.149762459097265331e-12
2.959906156425095703e+12 6.605431002503455214e-10 8.149008637446805834e-12
3.130709263649799805e+12 6.580769710528585538e-10 8.148252416338004466e-12
3.311368663572935547e+12 6.556153354298534611e-10 8.147492711009916927e-12
3.502453119300371094e+12 6.531582896792193372e-10 8.146730753390385928e-12
3.704564214743981445e+12 6.507057727927359684e-10 8.145965705796232080e-12
3.918338248565357910e+12 6.482578269196428270e-10 8.145198121514960646e-12
4.144448237410643066e+12 6.458143979174512358e-10 8.144427321722446601e-12
4.383606034743160156e+12 6.433755182213975953e-10 8.143653612617688257e-12
4.636564571944690430e+12 6.409412087779657296e-10 8.142877333115725671e-12
4.904120228740453125e+12 6.385114388006348521e-10 8.142097996813829394e-12
5.187115340411181641e+12 6.360862026095484005e-10 8.141315580105132315e-12
5.486440849685171875e+12 6.336655300560890355e-10 8.140530404774046730e-12
5.803039111659323242e+12 6.312493670370927635e-10 8.139741743635184469e-12
6.137906860579789062e+12 6.288378303857131025e-10 8.138951097173634513e-12
6.492098347822432617e+12 6.264307786892607035e-10 8.138156641743665761e-12
6.866728660952260742e+12 6.240283114607876068e-10 8.137359611898223834e-12
7.262977234311130859e+12 6.216303396475737213e-10 8.136558855980741566e-12
7.682091562185946289e+12 6.192369656057969384e-10 8.135755634683878110e-12
8.125391126247395508e+12 6.168481343464722671e-10 8.134949310301734194e-12
8.594271549623753906e+12 6.144638633359762894e-10 8.134140009320035320e-12
9.090208990688285156e+12 6.120841337251353170e-10 8.133327468576664052e-12
9.614764790391996094e+12 6.097089343575277516e-10 8.132511568683757237e-12
1.016959038777414062e+13 6.073383056956438933e-10 8.131692776934369177e-12
1.075643251912475586e+13 6.049722307414379013e-10 8.130870844172333813e-12
1.137713871716798242e+13 6.026106988846909419e-10 8.130045642549870979e-12
1.203366312757895117e+13 6.002537014912121650e-10 8.129217028242429931e-12
1.272807266114615234e+13 5.979012772511198898e-10 8.128385485143736526e-12
1.346255350094793750e+13 5.955534044549437549e-10 8.127550697870478481e-12
1.423941798502940234e+13 5.932100912850466395e-10 8.126712736981761429e-12
1.506111188624816211e+13 5.908713031240789337e-10 8.125871155797264471e-12
1.593022211220785938e+13 5.885370751481488900e-10 8.125026405451016946e-12
1.684948484952067578e+13 5.862074169398849973e-10 8.124178561058404937e-12
1.782179417803993750e+13 5.838823150207373432e-10 8.123327448369795057e-12
1.885021118218066016e+13 5.815617491252098133e-10 8.122472731016913574e-12
1.993797358801550391e+13 5.792457378408644072e-10 8.121614669983780509e-12
2.108850595648430078e+13 5.769342879005094934e-10 8.120753327269382538e-12
2.230543046480877734e+13 5.746273688426411253e-10 8.119888258786580904e-12
2.359257831005511328e+13 5.723250270699993140e-10 8.119020066775886729e-12
2.495400177074568359e+13 5.700272368069295531e-10 8.118148433583832543e-12
2.639398696449316016e+13 5.677340009117930168e-10 8.117273307508087080e-12
2.791706734182128906e+13 5.654453176581513734e-10 8.116394658026966895e-12
2.952803795865444531e+13 5.631611742610219761e-10 8.115512270350327426e-12
3.123197057240953906e+13 5.608816033517059851e-10 8.114626618653840653e-12
3.303422960921636328e+13 5.586065842449080584e-10 8.113737367220490555e-12
3.494048905253708984e+13 5.563361027505406230e-10 8.112844300077419391e-12
3.695675030635064062e+13 5.540702071282989208e-10 8.111948022155065011e-12
3.908936108914522656e+13 5.518088674475624887e-10 8.111048179804639828e-12
4.134503541819837500e+13 5.495520371971012019e-10 8.110144004603722874e-12
4.373087474706171875e+13 5.472998219929685256e-10 8.109237023900290625e-12
4.625439032279667188e+13 5.450521233621111977e-10 8.108325797399180620e-12
4.892352683334735938e+13 5.428089980825901721e-10 8.107411085618534385e-12
5.174668741949900781e+13 5.405704255592035176e-10 8.106492591208552804e-12
5.473276013016591406e+13 5.383364096149401429e-10 8.105570311804780487e-12
5.789114590429725000e+13 5.361069464887091678e-10 8.104644213456430911e-12
6.123178816749492969e+13 5.338820325697245299e-10 8.103714190455972332e-12
6.476520413652115625e+13 5.316616785295101066e-10 8.102780378396972027e-12
6.850251793025326562e+13 5.294458800561780918e-10 8.101842695646041629e-12
7.245549559132032812e+13 5.272346561249360648e-10 8.100901397126587754e-12
7.663658212868893750e+13 5.250279954033719967e-10 8.099956287786714238e-12
8.105894069781020312e+13 5.228258590001939348e-10 8.099006703731466626e-12
8.573649404168068750e+13 5.206283054554785129e-10 8.098053593531409512e-12
9.068396832328364062e+13 5.184352989078022703e-10 8.097096295778001275e-12
9.591693948740693750e+13 5.162468654974755652e-10 8.096135238734927694e-12
1.014518822977965625e+14 5.140629733131832045e-10 8.095169906801612212e-12
1.073062222040276875e+14 5.118836471866388159e-10 8.094200619236348007e-12
1.134983902013837031e+14 5.097088749897042317e-10 8.093227156981811305e-12
1.200478808564563906e+14 5.075386683850535763e-10 8.092249733805203748e-12
1.269753136811462500e+14 5.053730318074442709e-10 8.091268320298133295e-12
1.343024980482902812e+14 5.032119421402022636e-10 8.090282557253955125e-12
1.420525018532735000e+14 5.010554130334428940e-10 8.089292637398422044e-12
1.502497241378092188e+14 4.989034355634593061e-10 8.088298342883835907e-12
1.589199719045113125e+14 4.967560138695593416e-10 8.087299798641905111e-12
1.680905413640975625e+14 4.946131806284666123e-10 8.086297390468286023e-12
1.777903038710097188e+14 4.924748921850570663e-10 8.085290476573429241e-12
1.880497968179988125e+14 4.903411364956128313e-10 8.084278778317440220e-12
1.989013197758353125e+14 4.882119785453732621e-10 8.083263337227254903e-12
2.103790361808172188e+14 4.860873459669162180e-10 8.082242903818757007e-12
2.225190808902149062e+14 4.839673288656385583e-10 8.081219013939000236e-12
2.353596739442656250e+14 4.818518272483353332e-10 8.080189907884167872e-12
2.489412408928680312e+14 4.797409244278032137e-10 8.079156945846549172e-12
2.633065400658087500e+14 4.776345616417932286e-10 8.078119148331561588e-12
2.785007971871710938e+14 4.755327450695138155e-10 8.077076561916722746e-12
2.945718477577670625e+14 4.734355037521950526e-10 8.076029648350210958e-12
3.115702876538200625e+14 4.713428338989780009e-10 8.074978316881483844e-12
3.295496324160343750e+14 4.692547225056906963e-10 8.073922326308948011e-12
3.485664857305331875e+14 4.671711609841494542e-10 8.072861432096709641e-12
3.686807176320868125e+14 4.650921718456314831e-10 8.071796063736268426e-12
3.899556529906625625e+14 4.630177546989028940e-10 8.070726139756011200e-12
4.124582708747000000e+14 4.609478929594490090e-10 8.069651337363919516e-12
4.362594154187602500e+14 4.588825802995966876e-10 8.068571521728555094e-12
4.614340188594122500e+14 4.568218562053785200e-10 8.067487347408630220e-12
4.880613374415529375e+14 4.547656812884777959e-10 8.066398086098434285e-12
5.162252009378015625e+14 4.527140629729430314e-10 8.065303823224161326e-12
5.460142765665934375e+14 4.506670131785595569e-10 8.064204734882897697e-12
5.775223481398022500e+14 4.486245311982304306e-10 8.063100793099758589e-12
6.108486113187417500e+14 4.465866199284612263e-10 8.061992003781797469e-12
6.460979859080867500e+14 4.445532662539900890e-10 8.060878084290113502e-12
6.833814461708977500e+14 4.425244882614888457e-10 8.059759352725145729e-12
7.228163702046642500e+14 4.405002529812934023e-10 8.058635111082845020e-12
7.645269094782978750e+14 4.384805908091480871e-10 8.057505926620475633e-12
8.086443796934717500e+14 4.364655051033154556e-10 8.056371827954953473e-12
8.553076742008406250e+14 4.344549840509534123e-10 8.055232527573532604e-12
9.046637012726786250e+14 4.324490147215893041e-10 8.054087763429091431e-12
9.568678466086241250e+14 4.304476059358246639e-10 8.052937634416061119e-12
1.012084462530515000e+15 4.284507946822321872e-10 8.051782825146431833e-12
1.070487385406570625e+15 4.264585316662737742e-10 8.050622398307037201e-12
1.132260482933799250e+15 4.244708151175837702e-10 8.049456166258323911e-12
1.197598233001664250e+15 4.224876838159471831e-10 8.048284943888548248e-12
1.266706335959413000e+15 4.205091173767888385e-10 8.047108245728525173e-12
1.339802362214650500e+15 4.185351289233875227e-10 8.045926269031223530e-12
1.417116437201964250e+15 4.165656960196718406e-10 8.044738570259799389e-12
1.498891965878062000e+15 4.146008430303706054e-10 8.043545576828058917e-12
1.585386399024323750e+15 4.126405134868915512e-10 8.042346105168955649e-12
1.676872043769288250e+15 4.106847894866068468e-10 8.041141777024577480e-12
1.773636920882796750e+15 4.087336249907820146e-10 8.039931611197380543e-12
1.875985671540867000e+15 4.067870328381977188e-10 8.038715819138625558e-12
1.984240516415815750e+15 4.048450229655723092e-10 8.037494558048829369e-12
2.098742270111381000e+15 4.029075776515235345e-10 8.036267457991405821e-12
2.219851414136341500e+15 4.009746835506891934e-10 8.035034112931663370e-12
2.347949231794715500e+15 3.990463699307554114e-10 8.033795196926638317e-12
2.483439008565462500e+15 3.971226113365303762e-10 8.032550026751976365e-12
2.626747301750789000e+15 3.952034470694913097e-10 8.031299441545479860e-12
2.778325283390254500e+15 3.932888206126125049e-10 8.030042195370306098e-12
2.938650160668512000e+15 3.913787787352206196e-10 8.028779197254606922e-12
3.108226678288509500e+15 3.894732930188358926e-10 8.027509825160692649e-12
3.287588707540005000e+15 3.875724200362580277e-10 8.026235219902933268e-12
3.477300927066181500e+15 3.856760602719685391e-10 8.024953232154479689e-12
3.677960600620017500e+15 3.837843235427963181e-10 8.023666151028217893e-12
3.890199457406840000e+15 3.818971314671306820e-10 8.022372225438440003e-12
4.114685680933421000e+15 3.800144899799723631e-10 8.021071530890074395e-12
4.352126012624630500e+15 3.781364539142641583e-10 8.019765247417678191e-12
4.603267976830536000e+15 3.762629669231176091e-10 8.018452029347287276e-12
4.868902234228835000e+15 3.743940797477753788e-10 8.017133002267740998e-12
5.149865071031745000e+15 3.725297454826094358e-10 8.015807045720521187e-12
5.447041031834019000e+15 3.706699803988887600e-10 8.014474475637916637e-12
5.761365704391001000e+15 3.688148033309507279e-10 8.013135621244561065e-12
6.093828665093902000e+15 3.669641682898339738e-10 8.011789480547431680e-12
6.445476594415458000e+15 3.651181342136513403e-10 8.010437241999950547e-12
6.817416572134127000e+15 3.632766663170708263e-10 8.009078105431448194e-12
7.210819562711396000e+15 3.614397519736362612e-10 8.007711744387814426e-12
7.626924101794259000e+15 3.596074474862165499e-10 8.006339297798429711e-12
8.067040195450019000e+15 3.577796609405175544e-10 8.004958773018170927e-12
8.532553444408431000e+15 3.559564962492211670e-10 8.003572309337013321e-12
9.024929406295686000e+15 3.541378901711945287e-10 8.002178498184694469e-12
9.545718209593654000e+15 3.523238410522359568e-10 8.000777211675598773e-12
1.009655943385031800e+16 3.505143831821002608e-10 7.999369196881371586e-12
1.067918727150561000e+16 3.487095014946461673e-10 7.997954039787770107e-12
1.129543598758338600e+16 3.469092183921890710e-10 7.996532201485751801e-12
1.194724569443813000e+16 3.451134691853490129e-10 7.995102135346020224e-12
1.263666845973675200e+16 3.433223112184394324e-10 7.993665061709233291e-12
1.336587476690494200e+16 3.415357350659020134e-10 7.992220741716617058e-12
1.413716034837787200e+16 3.397537177549854098e-10 7.990768566426372990e-12
1.495295341316652400e+16 3.379763013383177069e-10 7.989309444003898701e-12
1.581582229149602000e+16 3.362034440324512621e-10 7.987842348954601794e-12
1.672848352058172200e+16 3.344351392277358532e-10 7.986367039584170343e-12
1.769381039699985000e+16 3.326714521839134097e-10 7.984885014855603454e-12
1.871484202257761600e+16 3.309123096803613330e-10 7.983394440093692373e-12
1.979479287228173600e+16 3.291577765147383001e-10 7.981896840437611927e-12
2.093706291422747600e+16 3.274077859518869993e-10 7.980390484610584576e-12
2.214524831366876400e+16 3.256624054346994921e-10 7.978876994317945225e-12
2.342315275466822400e+16 3.239215917622652345e-10 7.977355219060263528e-12
2.477479941509081200e+16 3.221853318045486155e-10 7.975824745440190857e-12
2.620444363262117600e+16 3.204536875195136576e-10 7.974287102145219293e-12
2.771658630168203600e+16 3.187265990866970606e-10 7.972740629878837845e-12
2.931598804342735200e+16 3.170040895603296322e-10 7.971185912276490132e-12
3.100768419342534000e+16 3.152861514272204968e-10 7.969622643376258791e-12
3.279700065421342000e+16 3.135728341931332866e-10 7.968052027858272643e-12
3.468957066263425200e+16 3.118640554497860410e-10 7.966471898297080655e-12
3.669135252474067200e+16 3.101598590662545766e-10 7.964883291815917602e-12
3.880864837410363200e+16 3.084602677619146851e-10 7.963286706471237296e-12
4.104812401257920000e+16 3.067652179292204134e-10 7.961680396360870480e-12
4.341682989599864000e+16 3.050747691741898321e-10 7.960065891818440657e-12
4.592222333084981600e+16 3.033888908913059196e-10 7.958442246223776565e-12
4.857219195183115200e+16 3.017076193930193453e-10 7.956810420790450946e-12
5.137507855419098400e+16 3.000308961926583234e-10 7.955168681069988217e-12
5.433970735903369600e+16 2.983587990853206065e-10 7.953519134821282344e-12
5.747541179427631200e+16 2.966912359366849605e-10 7.951859122658628426e-12
6.079206387872568000e+16 2.950282644768916411e-10 7.950190159237772700e-12
6.430010530177876000e+16 2.933698954875555960e-10 7.948512485041490222e-12
6.801058029659552800e+16 2.917160934928835184e-10 7.946824999943871189e-12
7.193517041023744800e+16 2.900668726844689673e-10 7.945128003203624619e-12
7.608623128023705600e+16 2.884222395305936381e-10 7.943421631186180699e-12
8.047683153338089600e+16 2.867821959641915242e-10 7.941705827052505415e-12
8.512079392916923200e+16 2.851467287664076694e-10 7.939980121305626734e-12
9.003273887748326400e+16 2.835158466062881433e-10 7.938244669825121921e-12
9.522813046746449600e+16 2.818895473242656816e-10 7.936499325022277303e-12
1.007233251525165440e+17 2.802678375789539638e-10 7.934744179521472384e-12
1.065356232447075840e+17 2.786506900298227429e-10 7.932978358798061669e-12
1.126833233806787680e+17 2.770381542470055025e-10 7.931203202529613835e-12
1.191857801305480800e+17 2.754301936029785297e-10 7.929417525559013482e-12
1.260634649311652480e+17 2.738268077227313772e-10 7.927621244671210824e-12
1.333380305355564000e+17 2.722280309618405110e-10 7.925815266671721780e-12
1.410323791814614880e+17 2.706338228757719640e-10 7.923998293414985981e-12
1.491707346935768320e+17 2.690441953951690010e-10 7.922170582226040095e-12
1.577787187464995520e+17 2.674591629242361379e-10 7.920332449018210767e-12
1.668834315284694080e+17 2.658787178590300838e-10 7.918483575133371206e-12
1.765135370598591360e+17 2.643028717156850065e-10 7.916624206600821971e-12
1.866993534350175680e+17 2.627316017870063828e-10 7.914753529518160663e-12
1.974729482715694400e+17 2.611649099893202293e-10 7.912871529422308755e-12
2.088682396676806080e+17 2.596028333241820479e-10 7.910979194695056295e-12
2.209211029851048320e+17 2.580453248231485905e-10 7.909075003595000453e-12
2.336694837942245120e+17 2.564923815846297590e-10 7.907158709588593308e-12
2.471535173366427520e+17 2.549440649550995132e-10 7.905232137350135970e-12
2.614156548814354560e+17 2.534003071508367221e-10 7.903293061835417421e-12
2.765007973728643520e+17 2.518611798688719489e-10 7.901343617915502599e-12
2.924564367903091200e+17 2.503265994237231245e-10 7.899381032224049803e-12
3.093328056654567040e+17 2.487966228482012733e-10 7.897407001403233407e-12
3.271830352274670720e+17 2.472712507354399242e-10 7.895421412331312815e-12
3.460633226739976320e+17 2.457504598999956590e-10 7.893423401667237503e-12
3.660331080946967680e+17 2.442342484260012880e-10 7.891412831114062090e-12
3.871552616041850880e+17 2.427226466871366137e-10 7.889390523800904030e-12
4.094962812736245760e+17 2.412156194202463761e-10 7.887355225555061312e-12
4.331265024840741760e+17 2.397132037362138668e-10 7.885307955951707163e-12
4.581203193606872960e+17 2.382153524687625660e-10 7.883247137413437166e-12
4.845564189849016960e+17 2.367221095329752488e-10 7.881174017889971804e-12
5.125180291219801600e+17 2.352334792237065733e-10 7.879088639770163794e-12
5.420931802438130560e+17 2.337494127214991294e-10 7.876989239325279345e-12
5.733749826718990080e+17 2.322699476568454011e-10 7.874876928755720985e-12
6.064619197130227200e+17 2.307950727369718548e-10 7.872751177946886089e-12
6.414581577104975360e+17 2.293248060740171664e-10 7.870612521264335998e-12
6.784738739870956800e+17 2.278591173997474416e-10 7.868459696996927659e-12
7.176256037121099520e+17 2.263980316282237669e-10 7.866293481891428672e-12
7.590366067846104320e+17 2.249415615078774355e-10 7.864114190152818000e-12
8.028372558878545920e+17 2.234896629348950838e-10 7.861920094968288753e-12
8.491654469366612480e+17 2.220423501864485418e-10 7.859711559438603274e-12
8.981670332098600960e+17 2.205996553523626629e-10 7.857489565827455612e-12
9.499962845346126080e+17 2.191615540511158339e-10 7.855253109657095200e-12
1.004816372968231296e+18 2.177280391681487768e-10 7.853001680596733831e-12
1.062799886506551424e+18 2.162991280424554903e-10 7.850735965269725646e-12
1.124129372436142336e+18 2.148748179479416784e-10 7.848455548409242136e-12
1.188997912040975360e+18 2.134550999297884644e-10 7.846159968192309766e-12
1.257609728472873728e+18 2.120399719014560176e-10 7.843848966959570346e-12
1.330180829699480832e+18 2.106294602022257289e-10 7.841523385179099051e-12
1.406939688553904384e+18 2.092235298921779745e-10 7.839181745325589359e-12
1.488127962027075840e+18 2.078222219247885924e-10 7.836825405499248588e-12
1.574001252067183360e+18 2.064254984768868684e-10 7.834452794822760966e-12
1.664829910281588992e+18 2.050333749977564067e-10 7.832064321828244325e-12
1.760899889074484992e+18 2.036458520573522049e-10 7.829659775056789759e-12
1.862513641899952640e+18 2.022629466026596404e-10 7.827239734644143110e-12
1.969991075464648704e+18 2.008846311094242075e-10 7.824802807876162105e-12
2.083670556877901568e+18 1.995109148973772681e-10 7.822349348613663987e-12
2.203909978919991040e+18 1.981417962522098275e-10 7.819878990905706366e-12
2.331087886782352384e+18 1.967772945255667214e-10 7.817392248140193203e-12
2.465604669826981376e+18 1.954173906849869869e-10 7.814888331286020405e-12
2.607883822117006848e+18 1.940620863986237418e-10 7.812367089879629083e-12
2.758373275686893568e+18 1.927113880673656918e-10 7.809828483386870243e-12
2.917546810749889536e+18 1.913652885561107870e-10 7.807272070713934272e-12
3.085905547282089472e+18 1.900238114047779793e-10 7.804698629407850472e-12
3.263979522679448064e+18 1.886869259334889589e-10 7.802106605106337200e-12
3.452329360454301696e+18 1.873546424167092770e-10 7.799496418985425164e-12
3.651548035225011200e+18 1.860269773712160239e-10 7.796868347273703107e-12
3.862262739555361280e+18 1.847039063938962333e-10 7.794221208998434381e-12
4.085136858521014272e+18 1.833854552516770357e-10 7.791555920500091063e-12
4.320872058219469824e+18 1.820716071282561390e-10 7.788871501499180212e-12
4.570210494798705664e+18 1.807623687437567091e-10 7.786168035452966899e-12
4.833937150959106048e+18 1.794577369448397700e-10 7.783445145848614308e-12
5.112882307284586496e+18 1.781577070823455033e-10 7.780702409586570459e-12
5.407924156183282688e+18 1.768622942620857308e-10 7.777940266277237091e-12
5.719991566667422720e+18 1.755714992428922685e-10 7.775158492077693540e-12
6.050067008675992576e+18 1.742853045519675706e-10 7.772356090569345324e-12
6.399189646147585024e+18 1.730037162815938874e-10 7.769533076504711481e-12
6.768458608580592640e+18 1.717267562156965981e-10 7.766690183503856943e-12
7.159036451380731904e+18 1.704543939766008507e-10 7.763825785470072564e-12
7.572152815889937408e+18 1.691866529300864486e-10 7.760940673964101921e-12
8.009108300619348992e+18 1.679235244555251245e-10 7.758034303843659780e-12
8.471278555874053120e+18 1.666649873251815649e-10 7.755105263873458033e-12
8.960118614660529152e+18 1.654111003772525357e-10 7.752156150816228302e-12
9.477167473511626752e+18 1.641618010563528466e-10 7.749183680423238844e-12
1.002405293765071667e+19 1.629171308253710279e-10 7.746189613891835902e-12
1.060249674574877286e+19 1.616770638292040468e-10 7.743172349467805966e-12
1.121431999040897434e+19 1.604416321264697917e-10 7.740133204439392608e-12
1.186144885144266138e+19 1.592107985283792138e-10 7.737070144680852992e-12
1.254592065998818304e+19 1.579845954770813845e-10 7.733984367016581661e-12
1.326989031256281702e+19 1.567630003989590419e-10 7.730874489622063927e-12
1.403563705524137779e+19 1.555460397370104712e-10 7.727741565267025819e-12
1.484557165931979571e+19 1.543336822962392182e-10 7.724583653511656224e-12
1.570224401105453875e+19 1.531259409184194622e-10 7.721401131976399725e-12
1.660835113937237402e+19 1.519228282051741454e-10 7.718194333473669624e-12
1.756674570682377216e+19 1.507243381151292280e-10 7.714962618351087881e-12
1.858044499051174707e+19 1.495304827279494477e-10 7.711706348842224597e-12
1.965264038127038054e+19 1.483412371151574337e-10 7.708423804013116580e-12
2.078670743099886387e+19 1.471566019895588372e-10 7.705114670253648898e-12
2.198621647978357146e+19 1.459766078101397959e-10 7.701780360691015507e-12
2.325494389626275430e+19 1.448012289033771994e-10 7.698418993445244783e-12
2.459688396662470246e+19 1.436304816460491118e-10 7.695031192943890138e-12
2.601626146966660710e+19 1.424643467473781883e-10 7.691615503926941532e-12
2.751754497750469018e+19 1.413028416364782561e-10 7.688172569624115049e-12
2.910546092380956262e+19 1.401459692028692197e-10 7.684702146146470660e-12
3.078500848385724826e+19 1.389937251793302248e-10 7.681203643972975974e-12
3.256147531324227174e+19 1.378461081640986973e-10 7.677676583852094428e-12
3.444045419480230707e+19 1.367031212842882657e-10 7.674120776017463721e-12
3.642786064616329626e+19 1.355647662723052402e-10 7.670535911820225368e-12
3.852995154333822157e+19 1.344310288876893851e-10 7.666920746767015304e-12
4.075334481901115802e+19 1.333019354259864932e-10 7.663276486435674652e-12
4.310504029752389632e+19 1.321774655632562625e-10 7.659601375303728143e-12
4.559244173215431885e+19 1.310576286765431503e-10 7.655895658248934295e-12
4.822338011407200256e+19 1.299424322945479793e-10 7.652159394722473023e-12
5.100613832634911949e+19 1.288318609956085669e-10 7.648391095958845585e-12
5.394947722064557670e+19 1.277259268071433982e-10 7.644591138932145387e-12
5.706266319866456474e+19 1.266246321442584730e-10 7.640759194328576071e-12
6.035549738521197773e+19 1.255279677414605329e-10 7.636894240868597532e-12
6.383834648470423142e+19 1.244359367672514469e-10 7.632996014863103962e-12
6.752217541826884403e+19 1.233485471168300210e-10 7.629064485172275359e-12
7.141858184418781594e+19 1.222657954093327469e-10 7.625099000133652799e-12
7.553983267036340224e+19 1.211876847932796277e-10 7.621099275404430629e-12
7.989890267375624192e+19 1.201142151332921645e-10 7.617064857537919845e-12
8.450951534838384230e+19 1.190453828983079106e-10 7.612994883623376711e-12
8.938618611047024230e+19 1.179811931407344154e-10 7.608889247503884229e-12
9.454426799678034739e+19 1.169216430006439798e-10 7.604747201627579923e-12
1.000000000000000000e+20 1.158667375673228892e-10 7.600568641680915558e-12
