# #Columns: f_hz, Omega_GW
7.0601175783347669e-20 2.1851466588539719e-23
7.4868359094581817e-20 2.2814685376973239e-23
7.9393453881221888e-20 2.5127891411172724e-23
8.4192048489090960e-20 3.3692591330161060e-23
8.9280673434286330e-20 4.2037366517652843e-23
9.4676858348594483e-20 4.9725383870584500e-23
1.0039919236672697e-19 5.6853404618138516e-23
1.0646738816340002e-19 6.3788783592223159e-23
1.1290234986086096e-19 6.8910383905390739e-23
1.1972624504079108e-19 7.4748380829714558e-23
1.2696258110865719e-19 7.7899702411013892e-23
1.3463628627357684e-19 8.0359814018260894e-23
1.4277379542266187e-19 8.2363617453294940e-23
1.5140314118566599e-19 8.3688660351744556e-23
1.6055405050364192e-19 8.4670889283217519e-23
1.7025804703427447e-19 8.4916189032940189e-23
1.8054855974666082e-19 8.4951697951011137e-23
1.9146103807963544e-19 8.4797156468102273e-23
2.0303307406034058e-19 8.4580352869759286e-23
2.1530453180372850e-19 8.4331621672344414e-23
2.2831768483910120e-19 8.4079593298075107e-23
2.4211736173676001e-19 8.3790992716579724e-23
2.5675110053643073e-19 8.3492939754897873e-23
2.7226931250944543e-19 8.3188026122991219e-23
2.8872545581882515e-19 8.2878132007650260e-23
3.0617621967549679e-19 8.2564640224900220e-23
3.2468171962503449e-19 8.2252188606327463e-23
3.4430570463766852e-19 8.1933614664131655e-23
3.6511577671495410e-19 8.1614043585401002e-23
3.8718362376961787e-19 8.1293903418331544e-23
4.1058526658082074e-19 8.0973522476757084e-23
4.3540132067556784e-19 8.0654185532530776e-23
4.6171727403840569e-19 8.0333825299914561e-23
4.8962378160608680e-19 8.0013882685936190e-23
5.1921697756169355e-19 7.9694471213973374e-23
5.5059880650402790e-19 7.9375678350038840e-23
5.8387737463310986e-19 7.9057573944949611e-23
6.1916732216156567e-19 7.8740452738103991e-23
6.5659021823481417e-19 7.8423823482310125e-23
6.9627497972050020e-19 7.8108020244816424e-23
7.3835831530984887e-19 7.7793065129334155e-23
7.8298519646080324e-19 7.7478975527428922e-23
8.3030935680529711e-19 7.7165837560417069e-23
8.8049382174103278e-19 7.6853500446831310e-23
9.3371147003215822e-19 7.6542060469187241e-23
9.9014562935346632e-19 7.6231519643232037e-23
1.0499907078296963e-18 7.5921879435045697e-23
1.1134528637454994e-18 7.5613140419096753e-23
1.1807507157331323e-18 7.5305317345511700e-23
1.2521160958843875e-18 7.4998369337996648e-23
1.3277948483811080e-18 7.4692312734832942e-23
1.4080476763954957e-18 7.4387141776075014e-23
1.4931510401776334e-18 7.4082849358550653e-23
1.5833981094240459e-18 7.3779433657925800e-23
1.6790997732080597e-18 7.3476874470056154e-23
1.7805857109510462e-18 7.3175167318903131e-23
1.8882055281238986e-18 7.2874302723795084e-23
2.0023299605910796e-18 7.2574266732678914e-23
2.1233521517460565e-18 7.2275046387820078e-23
2.2516890068376515e-18 7.1976627184487684e-23
2.3877826291528384e-18 7.1678990432541111e-23
2.5321018430033682e-18 7.1382119776161602e-23
2.6851438087627787e-18 7.1085993741709608e-23
2.8474357355173298e-18 7.0790590728396058e-23
3.0195366972307346e-18 7.0495884857965646e-23
3.2020395586791299e-18 7.0201849187458632e-23
3.3955730177908645e-18 6.9908452266686935e-23
3.6008037714267235e-18 6.9615661758863777e-23
3.8184388120613433e-18 6.9323441449219418e-23
4.0492278632776849e-18 6.9031751517115233e-23
4.2939659624643889e-18 6.8740548855858809e-23
4.5534961996131771e-18 6.8449784725440202e-23
4.8287126216510164e-18 6.8159406209575142e-23
5.1205633123121053e-18 6.7869354706616107e-23
5.4300536581594252e-18 6.7579567494614978e-23
5.7582498120068953e-18 6.7289974632482655e-23
6.1062823656730714e-18 6.7000499338149621e-23
6.4753502447186335e-18 6.6711057788979312e-23
6.8667248385844864e-18 6.6421556629695368e-23
7.2817543803581510e-18 6.6131893145956167e-23
7.7218685912563136e-18 6.5841953912623060e-23
8.1885836058230258e-18 6.5551612976472681e-23
8.6835071948102588e-18 6.5260731337532190e-23
9.2083443037329656e-18 6.4969158062097121e-23
9.7649029261781095e-18 6.4676731040990148e-23
1.0355100332100589e-17 6.4383285752601602e-23
1.0980969672561587e-17 6.4088670882559627e-23
1.1644666983661816e-17 6.3792783158949977e-23
1.2348478613797317e-17 6.3495630258949804e-23
1.3094829099823589e-17 6.3197445026917845e-23
1.3886289519260545e-17 6.2898895311256911e-23
1.4725586347310391e-17 6.2601448290498645e-23
1.5615610849199794e-17 6.2308000341701873e-23
1.6559429040201499e-17 6.2023947220892162e-23
1.7560292247646560e-17 6.1758997332899995e-23
1.8621648311311785e-17 6.1530195319318676e-23
1.9747153460766301e-17 6.1366962899645994e-23
2.0940684910592906e-17 6.1319408505155680e-23
2.2206354216873372e-17 6.1471998567120355e-23
2.3548521440948789e-17 6.1965919851956175e-23
2.4971810169247213e-17 6.3035563532505663e-23
2.6481123440920127e-17 6.5067605580919651e-23
2.8081660638155853e-17 6.8696944388504650e-23
2.9778935397355303e-17 7.4962041959081548e-23
3.1578794602871311e-17 8.5553454824692928e-23
3.3487438528742686e-17 1.0321548546057072e-22
3.5511442197808134e-17 1.3238988799879750e-22
3.7657778031779960e-17 1.8024479672177016e-22
3.9933839870303528e-17 2.5831980883920101e-22
4.2347468441745052e-17 3.8515094392452118e-22
4.4906978373451472e-17 5.9045673567771429e-22
4.7621186834528446e-17 9.2177502273733439e-22
5.0499443909807821e-17 1.4550271637832837e-21
5.3551664809638217e-17 2.3112384962035386e-21
5.6788364026457666e-17 3.6829400145585603e-21
6.0220691555812303e-17 5.8759605160300610e-21
6.3860471306598729e-17 9.3754635631482467e-21
6.7720241832847316e-17 1.4949359199180101e-20
7.1813299527362740e-17 2.3811205371458902e-20
7.6153744426016972e-17 3.7875669298040033e-20
8.0756528780485716e-17 6.0158602917299777e-20
8.5637508566753937e-17 9.5401974053952967e-20
9.0813498106830551e-17 1.5103945746707033e-19
9.6302327991837414e-17 2.3871504499327374e-19
1.0212290650600845e-16 3.7660984721237242e-19
1.0829528476319818e-16 5.9304850195472487e-19
1.1484072578028471e-16 9.3207803980115343e-19
1.2178177772541725e-16 1.4619627461633997e-18
1.2914235159343630e-16 2.2882181200841906e-18
1.3694780357605078e-16 3.5734233202986066e-18
1.4522502241052424e-16 5.5672707266083225e-18
1.5400252200777528e-16 8.6517575871724754e-18
1.6331053967898450e-16 1.3409278587079690e-17
1.7318114029908315e-16 2.0722990704309211e-17
1.8364832676595575e-16 3.1927733326424123e-17
1.9474815713587127e-16 4.9029506113871908e-17
2.0651886883866147e-16 7.5027346978261047e-17
2.1900101040054669e-16 1.1437787055013400e-16
2.3223758112838225e-16 1.7366402991901050e-16
2.4627417923651408e-16 2.6253961734245239e-16
2.6115915892652359e-16 3.9505561933879050e-16
2.7694379696098049e-16 5.9150302470124437e-16
2.9368246930502461e-16 8.8091994148522495e-16
3.1143283844428790e-16 1.3044783253243074e-15
3.3025605202443874e-16 1.9199544473570225e-15
3.5021695349663711e-16 2.8074255224721993e-15
3.7138430549454257e-16 4.0766374929477188e-15
3.9383102671238367e-16 5.8759135786381119e-15
4.1763444310009841e-16 8.4028002801550127e-15
4.4287655424088264e-16 1.1916256196672392e-14
4.6964431582877578e-16 1.6749750006360875e-14
4.9802993921938815e-16 2.3324558659650107e-14
5.2813120908567831e-16 3.2162175379972764e-14
5.6005182027306072e-16 4.3892863810353444e-14
5.9390173501427092e-16 5.9260149121887905e-14
6.2979756173453439e-16 7.9116930238593611e-14
6.6786295675198457e-16 1.0441279760919819e-13
7.0822905025712561e-16 1.3617157582392890e-13
7.5103489803878875e-16 1.7545972445561959e-13
7.9642796051270671e-16 2.2334921501295948e-13
8.4456461070291019e-16 2.8088252941288341e-13
8.9561067292586345e-16 3.4904552733333197e-13
9.4974199403303754e-16 4.2876290896788017e-13
1.0071450491797753e-15 5.2092175568093343e-13
1.0680175842072380e-15 6.2642943767584986e-13
1.1325692968503674e-15 7.4631059293264621e-13
1.2010225591185011e-15 8.8183268318421012e-13
1.2736131833371844e-15 1.0346512466242835e-12
1.3505912344900676e-15 1.2069578860817998e-12
1.4322218916592998e-15 1.4016145309774841e-12
1.5187863615319711e-15 1.6222622114850214e-12
1.6105828471195086e-15 1.8733985893750513e-12
1.7079275750271330e-15 2.1604236005689785e-12
1.8111558848121825e-15 2.4896627385408009e-12
1.9206233841840128e-15 2.8683796215853246e-12
2.0367071740249340e-15 3.3047917317277664e-12
2.1598071474522881e-15 3.8081057299260314e-12
2.2903473673967053e-15 4.3885851523295640e-12
2.4287775274421343e-15 5.0576608993605048e-12
2.5755745009600478e-15 5.8280957298292049e-12
2.7312439838743707e-15 6.7142009732394345e-12
2.8963222367162435e-15 7.7321065708314967e-12
3.0713779319697926e-15 8.9000763193737300e-12
3.2570141130726804e-15 1.0238855378799106e-11
3.4538702718200534e-15 1.1772040296931251e-11
3.6626245513281652e-15 1.3526465210895223e-11
3.8839960821466411e-15 1.5532593440371142e-11
4.1187474595669609e-15 1.7824926092297869e-11
4.3676873706611564e-15 2.0442429367440077e-11
4.6316733801005261e-15 2.3428985971268934e-11
4.9116148843511320e-15 2.6833893775009085e-11
5.2084762444229258e-15 3.0712399607861116e-11
5.5232801079642932e-15 3.5126276325829295e-11
5.8571109321463439e-15 4.0144437173610721e-11
6.2111187194726994e-15 4.5843563809660826e-11
6.5865229793841795e-15 5.2308730324418519e-11
6.9846169293055863e-15 5.9634021627024327e-11
7.4067719496066257e-15 6.7923081967873370e-11
7.8544423078237089e-15 7.7289605033872733e-11
8.3291701684169459e-15 8.7857706247526122e-11
8.8325909053203281e-15 9.9762109737338997e-11
9.3664387355859440e-15 1.1314813329404066e-10
9.9325526935296394e-15 1.2817135576229524e-10
1.0532882965958054e-14 1.4499687769346257e-10
1.1169497610301127e-14 1.6379810728744802e-10
1.1844589678793117e-14 1.8475490838752272e-10
1.2560484773243989e-14 2.0805096287455955e-10
1.3319649056426358e-14 2.3387031894380918e-10
1.4124697747676087e-14 2.6239280754007349e-10
1.4978404131972965e-14 2.9378836409090802e-10
1.5883709113536051e-14 3.2821008673971506e-10
1.6843731346845168e-14 3.6578593984775037e-10
1.7861777979988095e-14 4.0660926352832600e-10
1.8941356047343066e-14 4.5072825760693966e-10
2.0086184550842724e-14 4.9813471923267733e-10
2.1300207271438009e-14 5.4875295175721224e-10
2.2587606354895578e-14 6.0242966207774472e-10
2.3952816718730160e-14 6.5892629344917114e-10
2.5400541329901916e-14 7.1791612820005888e-10
2.6935767405907806e-14 7.7898816378091880e-10
2.8563783595078480e-14 8.4166132726898886e-10
3.0290198195263817e-14 9.0541231326078550e-10
3.2120958473668291e-14 9.6972065533072931e-10
3.4062371154390408e-14 1.0341346015974304e-09
3.6121124144243041e-14 1.0983600362820377e-09
3.8304309571697159e-14 1.1623724502471243e-09
4.0619448218314983e-14 1.2265491116566809e-09
4.3074515426836127e-14 1.2918126141153352e-09
4.5677968575165227e-14 1.3597713787006346e-09
4.8438776210907144e-14 1.4328341298267535e-09
5.1366448946812791e-14 1.5142676705665024e-09
5.4471072223567052e-14 1.6081611499437756e-09
5.7763341052781922e-14 1.7192562216736455e-09
6.1254596859879904e-14 1.8526091460067701e-09
6.4956866553786305e-14 2.0130638267639962e-09
6.8882903958021127e-14 2.2045431686532434e-09
7.3046233745913151e-14 2.4292083709574803e-09
7.7461198031289673e-14 2.6865783427601504e-09
8.2143005775138701e-14 2.9727565824614323e-09
8.7107785178443728e-14 3.2799389788064890e-09
9.2372639241677295e-14 3.5963795299700082e-09
9.7955704682348171e-14 3.9069444067977028e-09
1.0387621441356552e-13 4.1942923963791723e-09
1.1015456379884986e-13 4.4405780818574164e-09
1.1681238091143112e-13 4.6294498457780047e-09
1.2387260104006465e-13 4.7479877684567205e-09
1.3135954569803175e-13 4.7882251977226579e-09
1.3929900640749703e-13 4.7479575233638862e-09
1.4771833354785003e-13 4.6307065489568733e-09
1.5664653057410098e-13 4.4449118622370629e-09
1.6611435392990119e-13 4.2025762435196465e-09
1.7615441899937427e-13 3.9176832161194728e-09
1.8680131246274839e-13 3.6046788547575872e-09
1.9809171144284141e-13 3.2772286241235408e-09
2.1006450985283728e-13 2.9473437491659536e-09
2.2276095238061222e-13 2.6248837626381982e-09
2.3622477657116314e-13 2.3173829623093208e-09
2.5050236349659562e-13 2.0301247163539983e-09
2.6564289753270878e-13 1.7663817360858979e-09
2.8169853579258639e-13 1.5277471667227075e-09
2.9872458780086957e-13 1.3144949660867139e-09
3.1677970602766524e-13 1.1259256274018286e-09
3.3592608793845695e-13 9.6067141598851159e-10
3.5622969025604419e-13 8.1694906191970299e-10
3.7776045617262601e-13 6.9275822574835469e-10
4.0059255629473523e-13 5.8602970694754807e-10
4.2480464415104984e-13 4.9473031040263465e-10
4.5048012714327054e-13 4.1693228055877834e-10
4.7770745387345511e-13 3.5085497147047189e-10
5.0658041883761328e-13 2.9488591813121156e-10
5.3719848553518867e-13 2.4758726846540751e-10
5.6966712910750578e-13 2.0769231692316040e-10
6.0409819968550576e-13 1.7409594482773923e-10
6.4061030769848020e-13 1.4584151393771368e-10
6.7932923247112241e-13 1.2210617245197474e-10
7.2038835551646425e-13 1.0218579904712042e-10
7.6392912001733436e-13 8.5480384120697374e-11
8.1010151807918997e-13 7.1480396959521592e-11
8.5906460743284234e-13 5.9754339069000232e-11
9.1098705936704703e-13 4.9937629190527069e-11
9.6604773977852293e-13 4.1722806356676936e-11
1.0244363253410128e-12 3.4850984465804474e-11
1.0863539569160423e-12 2.9104447276035253e-11
1.1520139324562617e-12 2.4300298656740826e-11
1.2216424417883408e-12 2.0285029681772447e-11
1.2954793458066461e-12 1.6929880690999941e-11
1.3737790027619135e-12 1.4126935884318870e-11
1.4568111444913719e-12 1.1785783601418593e-11
1.5448618056088284e-12 9.8307235470079803e-12
1.6382343088556075e-12 8.1983900591205542e-12
1.7372503100068050e-12 6.8357552941256949e-12
1.8422509059323748e-12 5.6984635141792549e-12
1.9535978096301857e-12 4.7494159946019157e-12
2.0716745962788828e-12 3.9575954461310313e-12
2.1968880246030341e-12 3.2970745032681021e-12
2.3296694381024870e-12 2.7461814508222239e-12
2.4704762509729826e-12 2.2868090400534559e-12
2.6197935238368537e-12 1.9038244372823433e-12
2.7781356347119066e-12 1.5845856945405405e-12
2.9460480509748619e-12 1.3185336179136720e-12
3.1241092084234460e-12 1.0968458730822168e-12
3.3129325039102867e-12 9.1216454284323114e-13
3.5131684084129644e-12 7.5834118847189103e-13
3.7255067078194567e-12 6.3025047923532845e-13
3.9506788791481913e-12 5.2361558695139106e-13
4.1894606103884532e-12 4.3486392687507801e-13
4.4426744726417087e-12 3.6102030955005966e-13
4.7111927537688928e-12 2.9959668292222751e-13
4.9959404633053614e-12 2.4852030461480131e-13
5.2978985189949158e-12 2.0606221592397566e-13
5.6181071259201206e-12 1.7077830076209869e-13
5.9576693598695798e-12 1.4146810720653797e-13
6.3177549672863730e-12 1.1712780807529168e-13
6.6996043948879709e-12 9.6923269865669872e-14
7.1045330628391198e-12 8.0158291057758131e-14
7.5339358961982902e-12 6.6253150021654493e-14
7.9892921302476958e-12 5.4725583420261480e-14
8.4721704062608881e-12 4.5173204511352269e-14
8.9842341752619626e-12 3.7261879526299205e-14
9.5272474283916618e-12 3.0712908315147530e-14
1.0103080773620742e-11 2.5294839813720419e-14
1.0713717879744032e-11 2.0814963254812748e-14
1.1361262309853902e-11 1.7113121511965918e-14
1.2047944767833548e-11 1.4056215556060522e-14
1.2776130782833260e-11 1.1533611331062262e-14
1.3548328858201716e-11 9.4534691208789618e-15
1.4367199112944223e-11 7.7395133893738823e-15
1.5235562445476562e-11 6.3284596838633157e-15
1.6156410251242677e-11 5.1677998527312354e-15
1.7132914727671187e-11 4.2140018487158740e-15
1.8168439801971156e-11 3.4309870277722496e-15
1.9266552719410978e-11 2.7888662035983604e-15
2.0431036332000827e-11 2.2628949732430504e-15
2.1665902129911462e-11 1.8325984874396018e-15
2.2975404060520909e-11 1.4810440446874852e-15
2.4364053182693751e-11 1.1942366717043484e-15
2.5836633206775078e-11 9.6061671695442677e-16
2.7398216973832292e-11 7.7064303402616441e-16
2.9054183930913553e-11 6.1644621173882652e-16
3.0810238662522773e-11 4.9154022806202815e-16
3.2672430542149627e-11 3.9058386880931763e-16
3.4647174571551503e-11 3.0918218776493073e-16
3.6741273479575821e-11 2.4372208131253519e-16
3.8961941156650330e-11 1.9123614241314223e-16
4.1316827505670026e-11 1.4928988331807967e-16
4.3814044794888415e-11 1.1588820587427082e-16
4.6462195603596498e-11 8.9397951574953113e-17
4.9270402456855834e-11 6.8483996079266157e-17
5.2248339251376968e-11 5.2056387378696303e-17
5.5406264580798503e-11 3.9226682712825019e-17
5.8755057075169013e-11 2.9271878895429503e-17
6.2306252876371335e-11 2.1604701685614314e-17
6.6072085378587195e-11 1.5749118694916794e-17
7.0065527370702665e-11 1.1320179099492786e-17
7.4300335725829259e-11 8.0074211837294766e-18
7.8791098791890471e-11 5.5612806346679182e-18
8.3553286646527567e-11 3.7819106506200832e-18
8.8603304389446239e-11 2.5100324491704005e-18
9.3958548655789209e-11 1.6194396485902993e-18
9.9637467545215598e-11 1.0108630874684643e-18
1.0565962417313484e-10 6.0695152648425135e-19
1.1204576406302060e-10 3.4815244825439600e-19
1.1881788661196175e-10 1.8933025035844870e-19
1.2599932087564244e-10 9.6973811626903537e-20
1.3361480593381329e-10 4.6779548619952861e-20
1.4169057611311162e-10 2.1755355608518829e-20
1.5025445136080446e-10 1.0632363354286979e-20
1.5933593308078307e-10 6.3343689525156527e-21
1.6896630576195036e-10 4.8170901523551973e-21
1.7917874474909739e-10 4.0842527378419209e-21
1.9000843052752566e-10 3.3774372240589861e-21
2.0149266991510948e-10 2.5817105761542258e-21
2.1367102457929009e-10 1.8189428652426703e-21
2.2658544732172412e-10 1.2153300968687009e-21
2.4028042660006980e-10 8.1175723285777169e-22
2.5480313978476829e-10 5.6870030683005456e-22
2.7020361567877007e-10 4.1642334736200317e-22
2.8653490686006411e-10 3.0164235735355765e-22
3.0385327244070768e-10 2.0596044970003140e-22
3.2221837187193695e-10 1.3430332392032736e-22
3.4169347046298869e-10 9.2759112637364633e-23
3.6234565732162815e-10 7.6073330749981066e-23
3.8424607646713637e-10 7.0728638172172415e-23
4.0747017191193924e-10 6.5559932739199904e-23
4.3209794755612963e-10 5.7699237162278133e-23
4.5821424279019485e-10 4.9642418202626026e-23
4.8590902475536012e-10 4.3371199988613861e-23
5.1527769826834701e-10 3.8615385389383352e-23
5.4642143447819704e-10 3.4749844251687770e-23
5.7944751938733753e-10 3.1819509472505454e-23
6.1446972343749839e-10 2.9812642609095079e-23
6.5160869343365551e-10 2.8389395539977043e-23
6.9099236815612396e-10 2.7340471306991736e-23
7.3275641909253121e-10 2.6623025424357194e-23
7.7704471780793102e-10 2.6155322015736560e-23
8.2400983156308660e-10 2.5840237972289196e-23
8.7381354888826202e-10 2.5602369817689630e-23
9.2662743692305243e-10 2.5390411218385909e-23
9.8263343244221015e-10 2.5187520649692348e-23
1.0420244686034966e-09 2.4995827674395081e-23
1.1050051395765606e-09 2.4823746943268863e-23
1.1717924053424832e-09 2.4675964192824010e-23
1.2426163390918664e-09 2.4548153914294160e-23
1.3177209197961776e-09 2.4430877204031597e-23
1.3973648726826481e-09 2.4317171190075597e-23
1.4818225605080491e-09 2.4204981936779378e-23
1.5713849287016625e-09 2.4094191711281871e-23
1.6663605076333405e-09 2.3984499319724249e-23
1.7670764754593299e-09 2.3875652769954624e-23
1.8738797852072256e-09 2.3767401296581149e-23
1.9871383599827086e-09 2.3659272467416989e-23
2.1072423604153965e-09 2.3550855127609588e-23
2.2346055287099830e-09 2.3442024895083052e-23
2.3696666139327580e-09 2.3332803062948640e-23
2.5128908834434029e-09 2.3223154387374325e-23
2.6647717256787607e-09 2.3113049904929867e-23
2.8258323498099961e-09 2.3002474107151182e-23
2.9966275881280940e-09 2.2891452531158441e-23
3.1777458073668747e-09 2.2780022631728042e-23
3.3698109355476230e-09 2.2668215382011883e-23
3.5734846113276063e-09 2.2556069688415655e-23
3.7894684632566824e-09 2.2443619772865930e-23
4.0185065267937359e-09 2.2330907320338023e-23
4.2613878074092392e-09 2.2217964592794826e-23
4.5189489986034859e-09 2.2104829786636787e-23
4.7920773642036985e-09 2.1991535415672780e-23
5.0817137948691511e-09 2.1878121866390073e-23
5.3888560493335397e-09 2.1764638614695859e-23
5.7145621915502678e-09 2.1651142206242669e-23
6.0599542355811356e-09 2.1537716537790264e-23
6.4262220107845868e-09 2.1424465539427875e-23
6.8146272606185899e-09 2.1311506153449489e-23
7.2265079891779542e-09 2.1198938927596159e-23
7.6632830704393010e-09 2.1086820444565056e-23
8.1264571360921098e-09 2.0975135872541734e-23
8.6176257587933059e-09 2.0863812587508054e-23
9.1384809487015985e-09 2.0752741050771046e-23
9.6908169822259650e-09 2.0641816745807901e-23
1.0276536583067693e-08 2.0530959220834194e-23
1.0897657476848855e-08 2.0420122808903528e-23
1.1556319341906967e-08 2.0309296075694278e-23
1.2254791180200475e-08 2.0198482342212284e-23
1.2995479133716756e-08 2.0087697975547908e-23
1.3780934773309198e-08 1.9976959477940634e-23
1.4613863888517242e-08 1.9866291655365500e-23
1.5497135808649156e-08 1.9755724586526821e-23
1.6433793287237416e-08 1.9645296629873620e-23
1.7427062983917334e-08 1.9535051436798887e-23
1.8480366579837593e-08 1.9425032556644138e-23
1.9597332564893787e-08 1.9315281497989333e-23
2.0781808737390401e-08 1.9205835586084209e-23
2.2037875459190843e-08 1.9096729061409914e-23
2.3369859712018210e-08 1.8987992361697369e-23
2.4782350003327617e-08 1.8879650872022905e-23
2.6280212173100522e-08 1.8771724294877020e-23
2.7868606156012027e-08 1.8664225804969164e-23
2.9553003756715178e-08 1.8557163152091615e-23
3.1339207499475500e-08 1.8450540018966913e-23
3.3233370617090438e-08 1.8344356726634645e-23
3.5242018247952654e-08 1.8238612230978518e-23
3.7372069914278341e-08 1.8133304491046558e-23
3.9630863358935094e-08 1.8028430986547350e-23
4.2026179822983792e-08 1.7923989369773889e-23
4.4566270851012543e-08 1.7819976976265308e-23
4.7259886716603225e-08 1.7716391882614256e-23
5.0116306565852706e-08 1.7613232392013261e-23
5.3145370382789054e-08 1.7510496979355045e-23
5.6357512886799375e-08 1.7408184410947567e-23
5.9763799478841083e-08 1.7306293465870470e-23
6.3375964360267967e-08 1.7204823319966590e-23
6.7206450955581759e-08 1.7103772902654114e-23
7.1268454778364799e-08 1.7003141603115851e-23
7.5575968888057775e-08 1.6902928716052003e-23
8.0143832094176464e-08 1.6803133823530138e-23
8.4987780074024197e-08 1.6703756463898794e-23
9.0124499579993863e-08 1.6604796107442307e-23
9.5571685923196204e-08 1.6506252517929293e-23
1.0134810393143800e-07 1.6408125091394970e-23
1.0747365259154206e-07 1.6310413431425418e-23
1.1396943359869316e-07 1.6213117235661221e-23
1.2085782404895335e-07 1.6116236005362477e-23
1.2816255352536255e-07 1.6019769424529055e-23
1.3590878584317579e-07 1.5923717007716405e-23
1.4412320573583836e-07 1.5828078491342983e-23
1.5283411078032053e-07 1.5732853297621533e-23
1.6207150887848215e-07 1.5638040872982101e-23
1.7186722163027840e-07 1.5543640804357847e-23
1.8225499395491351e-07 1.5449652324169960e-23
1.9327061033756404e-07 1.5356074922040771e-23
2.0495201810215078e-07 1.5262907982720953e-23
2.1733945813477806e-07 1.5170150924867663e-23
2.3047560350821262e-07 1.5077803005656456e-23
2.4440570648489369e-07 1.4985863621701392e-23
2.5917775440493408e-07 1.4894332126282050e-23
2.7484263499606804e-07 1.4803207835926348e-23
2.9145431167507811e-07 1.4712490048464319e-23
3.0907000944452488e-07 1.4622177965333728e-23
3.2775041202523985e-07 1.4532271119585349e-23
3.4755987090360022e-07 1.4442768393518085e-23
3.6856662701380734e-07 1.4353669197894751e-23
3.9084304581874777e-07 1.4264972733423756e-23
4.1446586659934984e-07 1.4176678098343712e-23
4.3951646681110964e-07 1.4088784478960933e-23
4.6608114241855849e-07 1.4001290756219174e-23
4.9425140517328132e-07 1.3914196135483323e-23
5.2412429785967696e-07 1.3827499536723921e-23
5.5580272859435061e-07 1.3741200197535079e-23
5.8939582533078555e-07 1.3655297206382160e-23
6.2501931179056773e-07 1.3569789816020221e-23
6.6279590611607814e-07 1.3484676996750167e-23
7.0285574361810657e-07 1.3399957717326653e-23
7.4533682507453535e-07 1.3315631092293534e-23
7.9038549212459175e-07 1.3231696116518283e-23
8.3815693139615860e-07 1.3148151828824015e-23
8.8881570910298479e-07 1.3064997296929831e-23
9.4253633795321019e-07 1.2982231578105060e-23
9.9950387832234136e-07 1.2899853742379427e-23
1.0599145757614141e-06 1.2817862396862150e-23
1.1239765370367111e-06 1.2736256578303502e-23
1.1919104470296481e-06 1.2655035297580636e-23
1.2639503289667214e-06 1.2574197308090768e-23
1.3403443505981209e-06 1.2493741859172509e-23
1.4213556791024816e-06 1.2413667834663007e-23
1.5072633876625562e-06 1.2333974449595528e-23
1.5983634168349382e-06 1.2254660490363617e-23
1.6949695940257501e-06 1.2175724816725348e-23
1.7974147145839470e-06 1.2097166380762160e-23
1.9060516882368549e-06 1.2018983882239707e-23
2.0212547548168286e-06 1.1941176213558060e-23
2.1434207734674982e-06 1.1863742456695426e-23
2.2729705897702706e-06 1.1786681564836407e-23
2.4103504855011594e-06 1.1709992499702543e-23
2.5560337160116197e-06 1.1633674301882700e-23
2.7105221405300393e-06 1.1557725774886580e-23
2.8743479509994411e-06 1.1482145917120042e-23
3.0480755054076597e-06 1.1406933383481490e-23
3.2323032719248864e-06 1.1332087095766905e-23
3.4276658905465958e-06 1.1257606023983463e-23
3.6348363593431760e-06 1.1183488994977191e-23
3.8545283528483836e-06 1.1109735090850159e-23
4.0874986805725033e-06 1.1036343115692782e-23
4.3345498941097049e-06 1.0963311961096486e-23
4.5965330518210905e-06 1.0890640547965936e-23
4.8743506506165491e-06 1.0818327606901681e-23
5.1689597349361017e-06 1.0746372098278287e-23
5.4813751936395741e-06 1.0674772920325237e-23
5.8126732561632044e-06 1.0603529010097418e-23
6.1639951999856362e-06 1.0532639409364032e-23
6.5365512821764373e-06 1.0462102839662423e-23
6.9316249085693052e-06 1.0391918252611553e-23
7.3505770549237932e-06 1.0322084440112687e-23
7.7948509553041803e-06 1.0252600125108332e-23
8.2659770738281071e-06 1.0183464323310828e-23
8.7655783769100944e-06 1.0114675853533276e-23
9.2953759241641256e-06 1.0046233780824355e-23
9.8571947972230881e-06 9.9781369611041581e-24
1.0452970386901278e-05 9.9103843314864129e-24
1.1084755060356071e-05 9.8429748680364070e-24
1.1754725231218620e-05 9.7759071271052409e-24
1.2465188857047266e-05 9.7091800222324749e-24
1.3218593389932059e-05 9.6427922103930380e-24
1.4017534207640317e-05 9.5767427695444178e-24
1.4864763554344777e-05 9.5110305194171145e-24
1.5763200021737252e-05 9.4456543005483250e-24
1.6715938603185407e-05 9.3806134225986979e-24
1.7726261355571590e-05 9.3159066526289104e-24
1.8797648705538440e-05 9.2515332430324679e-24
1.9933791439093892e-05 9.1874917752539885e-24
2.1138603415873752e-05 9.1237810966993058e-24
2.2416235051865514e-05 9.0603999728339748e-24
2.3771087617034508e-05 8.9973473157395740e-24
2.5207828397111244e-05 8.9346222636469331e-24
2.6731406771764474e-05 8.8722236756955427e-24
2.8347071264553244e-05 8.8101505820840668e-24
3.0060387623386307e-05 8.7484017051118537e-24
3.1877257993780189e-05 8.6869759215108057e-24
3.3803941250959852e-05 8.6258719420923776e-24
3.5847074560845153e-05 8.5650886790412536e-24
3.8013696244200961e-05 8.5046249855603897e-24
4.0311270022707733e-05 8.4444797442750363e-24
4.2747710730486097e-05 8.3846520975701585e-24
4.5331411579638349e-05 8.3251408560775687e-24
4.8071273073743354e-05 8.2659450670709594e-24
5.0976733668897141e-05 8.2070634870628443e-24
5.4057802287933775e-05 8.1484946949439905e-24
5.7325092799821509e-05 8.0902374113736272e-24
6.0789860583024097e-05 8.0322902264518755e-24
6.4464041298769280e-05 7.9746529143454113e-24
6.8360292007808019e-05 7.9173250549046445e-24
7.2492034772290350e-05 7.8603052737750523e-24
7.6873502892977187e-05 7.8035928819031976e-24
8.1519789941051688e-05 7.7471862145285740e-24
8.6446901753455698e-05 7.6910838511778849e-24
9.1671811570853920e-05 7.6352841814483097e-24
9.7212518508173629e-05 7.5797860014276336e-24
1.0308810955915144e-04 7.5245885818641127e-24
1.0931882534846573e-04 7.4696902626792066e-24
1.1592612985798573e-04 7.4150902985414873e-24
1.2293278436730908e-04 7.3607886948608764e-24
1.3036292586333069e-04 7.3067852897537596e-24
1.3824215018892367e-04 7.2530777446359687e-24
1.4659760021720040e-04 7.1996659801703159e-24
1.5545805935506814e-04 7.1465472944835326e-24
1.6485405069822234e-04 7.0937223645766050e-24
1.7481794217911572e-04 7.0411889571031511e-24
1.8538405807016329e-04 6.9889456270592293e-24
1.9658879722625524e-04 6.9369936822140078e-24
2.0847075847395155e-04 6.8853285846607243e-24
2.2107087357926017e-04 6.8339497938670286e-24
2.3443254825210530e-04 6.7828552715917248e-24
2.4860181167317365e-04 6.7320465410813601e-24
2.6362747505829365e-04 6.6815239374423875e-24
2.7956129980653480e-04 6.6312855722219971e-24
2.9645817581129194e-04 6.5813302333963710e-24
3.1437631054863629e-04 6.5316545936289828e-24
3.3337742959426022e-04 6.4822570289174709e-24
3.5352698925984310e-04 6.4331375411998868e-24
3.7489440208126191e-04 6.3842956829928047e-24
3.9755327593550874e-04 6.3357324837459701e-24
4.2158166760994994e-04 6.2874452123199469e-24
4.4706235169753543e-04 6.2394328719445303e-24
4.7408310574416471e-04 6.1916952353555972e-24
5.0273701263061146e-04 6.1442286975370161e-24
5.3312278123055737e-04 6.0970346114238632e-24
5.6534508644948134e-04 6.0501104300469998e-24
5.9951492981566348e-04 6.0034574511303772e-24
6.3575002186562761e-04 5.9570742415060995e-24
6.7417518764114465e-04 5.9109586048747546e-24
7.1492279669482827e-04 5.8651100806530525e-24
7.5813321908551018e-04 5.8195264481179044e-24
8.0395530893428481e-04 5.7742087613553072e-24
8.5254691720707345e-04 5.7291557967485511e-24
9.0407543549002193e-04 5.6843658705664609e-24
9.5871837263116204e-04 5.6398373071723775e-24
1.0166639662345747e-03 5.5955705459231095e-24
1.0781118311138005e-03 5.5515635530222255e-24
1.1432736469380869e-03 5.5078151945780079e-24
1.2123738874405736e-03 5.4643233392675003e-24
1.2856505937002319e-03 5.4210884175579324e-24
1.3633561941614849e-03 5.3781083262785036e-24
1.4457583742164834e-03 5.3353821052044030e-24
1.5331409983453620e-03 5.2929095539570680e-24
1.6258050879914688e-03 5.2506890759768814e-24
1.7240698585398453e-03 5.2087202928416422e-24
1.8282738189716039e-03 5.1670014136301818e-24
1.9387759379819436e-03 5.1255333054903570e-24
2.0559568805793732e-03 5.0843141205038731e-24
2.1802203194255854e-03 5.0433435384193379e-24
2.3119943254338747e-03 5.0026196565901674e-24
2.4517328424159914e-03 4.9621412585511653e-24
2.5999172508579622e-03 4.9219077688366537e-24
2.7570580262112651e-03 4.8819162936621502e-24
2.9236964974125998e-03 4.8421676265299363e-24
3.1004067116894348e-03 4.8026600920565315e-24
3.2877974120760290e-03 4.7633941624233993e-24
3.4865141344516326e-03 4.7243693621471030e-24
3.6972414313250937e-03 4.6855828263682794e-24
3.9207052300268179e-03 4.6470343125565501e-24
4.1576753334310141e-03 4.6087221951150944e-24
4.4089680718238013e-03 4.5706449882813123e-24
4.6754491150515108e-03 4.5328029153591313e-24
4.9580364546377093e-03 4.4951948396489224e-24
5.2577035661408181e-03 4.4578199952535694e-24
5.5754827626474258e-03 4.4206780416185335e-24
5.9124687509523504e-03 4.3837677494192578e-24
6.2698224026773667e-03 4.3470876172676152e-24
6.6487747533181818e-03 4.3106357282139277e-24
7.0506312429973279e-03 4.2744122175151551e-24
7.4767762135302170e-03 4.2384154212510918e-24
7.9286776772978535e-03 4.2026455483187779e-24
8.4078923743524849e-03 4.1671006754908494e-24
8.9160711351791502e-03 4.1317806223860387e-24
9.4549645675855495e-03 4.0966844235188409e-24
1.0026429087311363e-02 4.0618100481012610e-24
1.0632433313132515e-02 4.0271580826005445e-24
1.1275064848488718e-02 3.9927266192631305e-24
1.1956537472998541e-02 3.9585154942846159e-24
1.2679198768633160e-02 3.9245231067781983e-24
1.3445538206822762e-02 3.8907488200686397e-24
1.4258195724351582e-02 3.8571916935496521e-24
1.5119970817587610e-02 3.8238504018144297e-24
1.6033832186371933e-02 3.7907252689674185e-24
1.7002927960793269e-02 3.7578150564597794e-24
1.8030596546073707e-02 3.7251183614493433e-24
1.9120378122928900e-02 3.6926337823142532e-24
2.0276026843015615e-02 3.6603611813019121e-24
2.1501523761482878e-02 3.6282993079305860e-24
2.2801090551172784e-02 3.5964471367576714e-24
2.4179204045719702e-02 3.5648038786717712e-24
2.5640611661641430e-02 3.5333702990064783e-24
2.7190347752554959e-02 3.5021441475602757e-24
2.8833750951850267e-02 3.4711238828255143e-24
3.0576482563566976e-02 3.4403078911319376e-24
3.2424546064830639e-02 3.4096943863326796e-24
3.4384307787025822e-02 3.3792833663905044e-24
3.6462518846957670e-02 3.3490731374809957e-24
3.8666338403543388e-02 3.3190653740273263e-24
4.1003358320158730e-02 3.2892590636253623e-24
4.3481629317588658e-02 3.2596529317966417e-24
4.6109688707685399e-02 3.2302469040059951e-24
4.8896589803262218e-02 3.2010392143640188e-24
5.1851933105547143e-02 3.1720281373342397e-24
5.4985899376621516e-02 3.1432140055297240e-24
5.8309284710785871e-02 3.1145955225567689e-24
6.1833537725656126e-02 3.0861721690224798e-24
6.5570799001122601e-02 3.0579432515986233e-24
6.9533942902018572e-02 3.0299068118357543e-24
7.3736621928587501e-02 3.0020629482060400e-24
7.8193313747517354e-02 2.9744092177675353e-24
8.2919371065562436e-02 2.9469453187503355e-24
8.7931074517567584e-02 2.9196706105794446e-24
9.3245688751070546e-02 2.8925839538574365e-24
9.8881521900707425e-02 2.8656852601862672e-24
1.0485798865727984e-01 2.8389731630658839e-24
1.1119567714877228e-01 2.8124473401383043e-24
1.1791641986369039e-01 2.7861061680216252e-24
1.2504336886106865e-01 2.7599490765106753e-24
1.3260107552620698e-01 2.7339750976252471e-24
1.4061557514691489e-01 2.7081832298283935e-24
1.4911447660158428e-01 2.6825728000611319e-24
1.5812705746808911e-01 2.6571427833008015e-24
1.6768436488111232e-01 2.6318926513820796e-24
1.7781932248537935e-01 2.6068215575768041e-24
1.8856684385319616e-01 2.5819288529055328e-24
1.9996395275704229e-01 2.5572138259224541e-24
2.1204991071150722e-01 2.5326755362069594e-24
2.2486635222394724e-01 2.5083128624166653e-24
2.3845742821980226e-01 2.4841251288569612e-24
2.5286995813660978e-01 2.4601113623505929e-24
2.6815359121071508e-01 2.4362708998991651e-24
2.8436097751222877e-01 2.4126028630625120e-24
3.0154794931748730e-01 2.3891066408268826e-24
3.1977371344375377e-01 2.3657814830962574e-24
3.3910105520879708e-01 2.3426264639767490e-24
3.5959655471788687e-01 2.3196405814564768e-24
3.8133081622336595e-01 2.2968230162607823e-24
4.0437871134682551e-01 2.2741727961837513e-24
4.2881963700184372e-01 2.2516891256506497e-24
4.5473778890569938e-01 2.2293714822945378e-24
4.8222245162237537e-01 2.2072189960199499e-24
5.1136830613590045e-01 2.1852306809052240e-24
5.4227575601369749e-01 2.1634053218816016e-24
5.7505127328339933e-01 2.1417424038285664e-24
6.0980776521476276e-01 2.1202413526480140e-24
6.4666496327008716e-01 2.0989020221101232e-24
6.8574983556305857e-01 2.0777234737139179e-24
7.2719702424694233e-01 2.0567050356413869e-24
7.7114930933873505e-01 2.0358456278324016e-24
8.1775810057725684e-01 2.0151442370658616e-24
8.6718395900938527e-01 1.9946001820165502e-24
9.1959715010142196e-01 1.9742119393802386e-24
9.7517823028077710e-01 1.9539787191339749e-24
1.0341186689287520e+00 1.9339002579802379e-24
1.0966215079668653e+00 1.9139756626657027e-24
1.1629020613091612e+00 1.8942041910725878e-24
1.2331886565897503e+00 1.8745850373943772e-24
1.3077234217210219e+00 1.8551175645354776e-24
1.3867631189918108e+00 1.8358015875584307e-24
1.4705800295791989e+00 1.8166354121869103e-24
1.5594628915206317e+00 1.7976193542122866e-24
1.6537178943778912e+00 1.7787521330659605e-24
1.7536697340191165e+00 1.7600324611352320e-24
1.8596627311525626e+00 1.7414598170562592e-24
1.9720620174654488e+00 1.7230333001643023e-24
2.0912547934536292e+00 1.7047524497637633e-24
2.2176516622755957e+00 1.6866156046117960e-24
2.3516880442252637e+00 1.6686225454448191e-24
2.4938256766967410e+00 1.6507724848521928e-24
2.6445542048076964e+00 1.6330645768906368e-24
2.8043928681614019e+00 1.6154985299849505e-24
2.9738922895574986e+00 1.5980735848761127e-24
3.1536363718140121e+00 1.5807889331328595e-24
3.3442443092342113e+00 1.5636440784181808e-24
3.5463727206483022e+00 1.5466385148124081e-24
3.7607179113771902e+00 1.5297717629716813e-24
3.9880182719113320e+00 1.5130422676270161e-24
4.2290568215668962e+00 1.4964491236122230e-24
4.4846639058827131e+00 1.4799921490344092e-24
4.7557200570494187e+00 1.4636698294527018e-24
5.0431590272248688e+00 1.4474819006424316e-24
5.3479710051855989e+00 1.4314285357811508e-24
5.6712060273942955e+00 1.4155085627867344e-24
6.0139775952351968e+00 1.3997212130176063e-24
6.3774665108769506e+00 1.3840641548523814e-24
6.7629249449784066e+00 1.3685379853368389e-24
7.1716807502485187e+00 1.3531427425947305e-24
7.6051420357216140e+00 1.3378767743377514e-24
8.0648020175040802e+00 1.3227395198836510e-24
8.5522441627044508e+00 1.3077296677650551e-24
9.0691476442651240e+00 1.2928462434972083e-24
9.6172931254889260e+00 1.2780887447513118e-24
1.0198568894185261e+01 1.2634574666669420e-24
1.0814977367569451e+01 1.2489507296910940e-24
1.1468641990321373e+01 1.2345687100113140e-24
1.2161814549568822e+01 1.2203102459543165e-24
1.2896882931992018e+01 1.2061745074892196e-24
1.3676379349774248e+01 1.1921610497526932e-24
1.4502989063733617e+01 1.1782683906635538e-24
1.5379559633686762e+01 1.1644964476799567e-24
1.6309110727912056e+01 1.1508438565409666e-24
1.7294844525501670e+01 1.1373099618433988e-24
1.8340156747440929e+01 1.1238947687630881e-24
1.9448648354411475e+01 1.1105973597804876e-24
2.0624137951619950e+01 1.0974176264518050e-24
2.1870674943380575e+01 1.0843551439589440e-24
2.3192553482772261e+01 1.0714093291281361e-24
2.4594327264419775e+01 1.0585794555558604e-24
2.6080825211363660e+01 1.0458647140751797e-24
2.7657168110052154e+01 1.0332647716789596e-24
2.9328786250766701e+01 1.0207777653234988e-24
3.1101438134243331e+01 1.0084034802907204e-24
3.2981230308938777e+01 9.9614186374795045e-25
3.4974638407270447e+01 9.8399238699229110e-25
3.7088529453305185e+01 9.7195418519033379e-25
3.9330185518737174e+01 9.6002604750450494e-25
4.1707328808649230e+01 9.4820730618675626e-25
4.4228148263477827e+01 9.3649574175658757e-25
4.6901327768814099e+01 9.2489204926170939e-25
4.9736076070230155e+01 9.1339476651836479e-25
5.2742158496171868e+01 9.0200479852714756e-25
5.5929930598211442e+01 8.9072185251583088e-25
5.9310373824532995e+01 8.7954529334936716e-25
6.2895133349555223e+01 8.6847518931538879e-25
6.6696558189994661e+01 8.5750927614559000e-25
7.0727743745579303e+01 8.4664759110444888e-25
7.5002576910943475e+01 8.3588860326012797e-25
7.9535783914125503e+01 8.2523170631681708e-25
8.4342981046447335e+01 8.1467578373646044e-25
8.9440728458552812e+01 8.0422036202329558e-25
9.4846587207904619e+01 7.9386473817966937e-25
1.0057917975428140e+02 7.8360853977673144e-25
1.0665825411165706e+02 7.7345153253242701e-25
1.1310475187746269e+02 7.6339295891941611e-25
1.1994088037359266e+02 7.5343262872601636e-25
1.2719018914764861e+02 7.4356989944163994e-25
1.3487765109798647e+02 7.3380396058763139e-25
1.4302974850200027e+02 7.2413433279098533e-25
1.5167456424403150e+02 7.1455988661479735e-25
1.6084187855713751e+02 7.0507998738682987e-25
1.7056327161201779e+02 6.9569357783889926e-25
1.8087223230646441e+02 6.8639868491359739e-25
1.9180427363014323e+02 6.7719551976652321e-25
2.0339705500207788e+02 6.6808435576275631e-25
2.1569051200231976e+02 6.5906525985459276e-25
2.2872699394466255e+02 6.5013776764052199e-25
2.4255140976437332e+02 6.4130061158883847e-25
2.5721138272344831e+02 6.3255285150130821e-25
2.7275741446639154e+02 6.2389301257351333e-25
2.8924305899160356e+02 6.1532103925054893e-25
3.0672510713775239e+02 6.0683523774988174e-25
3.2526378222060458e+02 5.9843768300184477e-25
3.4492294749427896e+02 5.9012813618357207e-25
3.6577032615162619e+02 5.8190566207849950e-25
3.8787773462154183e+02 5.7376998718523854e-25
4.1132132996697322e+02 5.6572202462384913e-25
4.3618187223578292e+02 5.5775870172035109e-25
4.6254500266832929e+02 5.4987916543147021e-25
4.9050153872004842e+02 5.4208253113195861e-25
5.2014778691546007e+02 5.3437098867901835e-25
5.5158587461122318e+02 5.2674635527431712e-25
5.8492410181124148e+02 5.1920276880310652e-25
6.2027731424564524e+02 5.1174313562290446e-25
6.5776729899899624e+02 5.0436394677555595e-25
6.9752320405045157e+02 4.9706299350199323e-25
7.3968198317130748e+02 4.8983631131130997e-25
7.8438886771236389e+02 4.8268667282813866e-25
8.3179786690652872e+02 4.7561288348604891e-25
8.8207229840999310e+02 4.6861429989180599e-25
9.3538535090967389e+02 4.6169503177522853e-25
9.9192068073510711e+02 4.5485342577160881e-25
1.0518730445298602e+03 4.4809070143683823e-25
1.1154489701621624e+03 4.4140187928130362e-25
1.1828674681856985e+03 4.3479001682312178e-25
1.2543607863017219e+03 4.2825367651852651e-25
1.3301752094212213e+03 4.2179379813622791e-25
1.4105719080835520e+03 4.1541042830417561e-25
1.4958278381538998e+03 4.0910075551959243e-25
1.5862366948992540e+03 4.0286487329844325e-25
1.6821099247291932e+03 3.9669849884239975e-25
1.7837777980871786e+03 3.9060049848383088e-25
1.8915905471879155e+03 3.8456863168874357e-25
2.0059195725205641e+03 3.7860845095315450e-25
2.1271587222735911e+03 3.7272028503239523e-25
2.2557256490891687e+03 3.6690361872262441e-25
2.3920632488205765e+03 3.6115469029493845e-25
2.5366411862490709e+03 3.5547225901961089e-25
2.6899575130163244e+03 3.4985458612942614e-25
2.8525403833455002e+03 3.4430330162332248e-25
3.0249498734620270e+03 3.3882128436003864e-25
3.2077799109810435e+03 3.3340606866075419e-25
3.4016603209087207e+03 3.2805474615082698e-25
3.6072589953049023e+03 3.2276729836591707e-25
3.8252841940820608e+03 3.1754469823177925e-25
4.0564869848656617e+03 3.1238783513918972e-25
4.3016638303218433e+03 3.0729760507962233e-25
4.5616593318644273e+03 3.0227586145189543e-25
4.8373691391940110e+03 2.9732209289386981e-25
5.1297430356910018e+03 2.9243099144034005e-25
5.4397882102925387e+03 2.8760168285061186e-25
5.7685727271232336e+03 2.8283350554936699e-25
6.1172292048334602e+03 2.7812550772107324e-25
6.4869587183186231e+03 2.7347147249979942e-25
6.8790349362617408e+03 2.6887452820184046e-25
7.2948085087514282e+03 2.6433379618765745e-25
7.7357117200904777e+03 2.5984567438077766e-25
8.2032634228239713e+03 2.5540798663438232e-25
8.6990742699824968e+03 2.5102585688946102e-25
9.2248522635667596e+03 2.4669814912495481e-25
9.7824086383853009e+03 2.4242805683454482e-25
1.0373664101516544e+04 2.3821654507632246e-25
1.1000655448886964e+04 2.3406545809677764e-25
1.1665542581761072e+04 2.2997569885227795e-25
1.2370615947311448e+04 2.2594235953594407e-25
1.3118304428903408e+04 2.2197055447738478e-25
1.3911183713272281e+04 2.1805616018344552e-25
1.4751985163420275e+04 2.1419444942666618e-25
1.5643605227795519e+04 2.1038222029084998e-25
1.6589115418170197e+04 2.0661866978308795e-25
1.7591772890586464e+04 2.0290415141391339e-25
1.8655031665823917e+04 1.9923460887677668e-25
1.9782554528038490e+04 1.9561423953684124e-25
2.0978225642563048e+04 1.9204432059746077e-25
2.2246163936338173e+04 1.8852671748107061e-25
2.3590737287062806e+04 1.8506246328732550e-25
2.5016577569949633e+04 1.8165306565123354e-25
2.6528596613913694e+04 1.7830322857344024e-25
2.8132003122167116e+04 1.7500411385385455e-25
2.9832320615502747e+04 1.7175554137454730e-25
3.1635406460085731e+04 1.6855156276809748e-25
3.3547472045293980e+04 1.6538353511021520e-25
3.5575104181125178e+04 1.6226021416753144e-25
3.7725287788873371e+04 1.5917821064106218e-25
4.0005429963250121e+04 1.5615811194225945e-25
4.2423385488831897e+04 1.5319377737241190e-25
4.4987483898744038e+04 1.5026861586011396e-25
4.7706558168784752e+04 1.4737979895342759e-25
5.0589975145846780e+04 1.4451795895528098e-25
5.3647667815450179e+04 1.4170786247455124e-25
5.6890169519546464e+04 1.3894109714442262e-25
6.0328650242474687e+04 1.3621981388953646e-25
6.3974955090058706e+04 1.3353488943006269e-25
6.7841645094414998e+04 1.3087559724617890e-25
7.1942040485022910e+04 1.2825768629765807e-25
7.6290266575136440e+04 1.2567291254503968e-25
8.0901302421593093e+04 1.2313421590623222e-25
8.5791032425664496e+04 1.2064051421234602e-25
9.0976301052687326e+04 1.1820720571282192e-25
9.6474970858997214e+04 1.1582559386402648e-25
1.0230598402603832e+05 1.1348143662869604e-25
1.0848942761364920e+05 1.1117634016606923e-25
1.1504660275728851e+05 1.0888667272873174e-25
1.2200009804760227e+05 1.0662899770661443e-25
1.2937386734508770e+05 1.0439227201221989e-25
1.3719331229794401e+05 1.0218889595712953e-25
1.4548536984734196e+05 1.0002049444657603e-25
1.5427860502158804e+05 9.7872272671984865e-26
1.6360330933882025e+05 9.5758909297359655e-26
1.7349160515722935e+05 9.3672911376220943e-26
1.8397755633229209e+05 9.1611180497556434e-26
1.9509728556218281e+05 8.9587299786384291e-26
2.0688909882564479e+05 8.7597199770666956e-26
2.1939361734094733e+05 8.5644920948165030e-26
2.3265391750055837e+05 8.3716557788040452e-26
2.4671567926353624e+05 8.1796379408537721e-26
2.6162734351688920e+05 7.9911669420040930e-26
2.7744027894793113e+05 7.8046810946848165e-26
2.9420895900254970e+05 7.6204316781007891e-26
3.1199114953891863e+05 7.4384067498164891e-26
3.3084810782316496e+05 7.2585649028317863e-26
3.5084479355243151e+05 7.0768133941498952e-26
3.7205009263235918e+05 6.9001158580819129e-26
3.9453705447978881e+05 6.7259518573189802e-26
4.1838314366824401e+05 6.5546775230264325e-26
4.4367050678301009e+05 6.3850800220243168e-26
4.7048625540511264e+05 6.2093879691369516e-26
4.9892276619907905e+05 6.0403492584172024e-26
5.2907799913815281e+05 5.8711307362829098e-26
5.6105583496331971e+05 5.7024589610678704e-26
5.9496643303852261e+05 5.5351417143898853e-26
6.3092661083495955e+05 5.3697213661429808e-26
6.6906024635159748e+05 5.1936643257545368e-26
7.0949870485833741e+05 5.0294796394810400e-26
7.5238129143174156e+05 4.8656301558733926e-26
7.9785573084242071e+05 4.7004489199935704e-26
8.4607867644704750e+05 4.5347329577138156e-26
8.9721624983825069e+05 4.3702795551651319e-26
9.5144461311121238e+05 4.1923572411453394e-26
1.0089505757185617e+06 4.0367610109078721e-26
1.0699322380038733e+06 3.8874901516332492e-26
1.1345996736308883e+06 3.7470805851586217e-26
1.2031756532591446e+06 3.6157956420763565e-26
1.2758964119590481e+06 3.4877416708172620e-26
1.3530124630101377e+06 3.3802811759733857e-26
1.4347894608857175e+06 3.2776025462339341e-26
1.5215091163970456e+06 3.1539027996064218e-26
1.6134701671492767e+06 2.9203366839152460e-26
1.7109894066526222e+06 2.5475771885135016e-26
1.8144027756334834e+06 1.9715937667614718e-26
1.9240665193053959e+06 1.4774092236893616e-26
2.0403584145859885e+06 9.5759340370108773e-27
