# #Parameters: delta_c =0.35, gamma = 0.2, gstar = 107.5#Columns: mPBH [Msun, fPBH]
1.2021797059505719e+21 0.0000000000000000e+00
1.0599809888880659e+21 0.0000000000000000e+00
9.3460211584233636e+20 0.0000000000000000e+00
8.2405356708639185e+20 0.0000000000000000e+00
7.2658115139808015e+20 0.0000000000000000e+00
6.4063817044507007e+20 0.0000000000000000e+00
5.6486087567986839e+20 0.0000000000000000e+00
4.9804682829335750e+20 0.0000000000000000e+00
4.3913581884126691e+20 0.0000000000000000e+00
3.8719304377500015e+20 0.0000000000000000e+00
3.4139427192100638e+20 0.0000000000000000e+00
3.0101276552943914e+20 0.0000000000000000e+00
2.6540774835450852e+20 0.0000000000000000e+00
2.3401423777730435e+20 0.0000000000000000e+00
2.0633407962658855e+20 0.0000000000000000e+00
1.8192804343753638e+20 0.0000000000000000e+00
1.6040885271550204e+20 0.0000000000000000e+00
1.4143503960860284e+20 0.0000000000000000e+00
1.2470552647468627e+20 0.0000000000000000e+00
1.0995484836264547e+20 0.0000000000000000e+00
9.6948940598125756e+19 0.0000000000000000e+00
8.5481424630767256e+19 0.0000000000000000e+00
7.5370333206578479e+19 0.0000000000000000e+00
6.6455222900274823e+19 0.0000000000000000e+00
5.8594628189062447e+19 0.0000000000000000e+00
5.1663816668956983e+19 0.0000000000000000e+00
4.5552809793267597e+19 0.0000000000000000e+00
4.0164637726202823e+19 0.0000000000000000e+00
3.5413800619507245e+19 0.0000000000000000e+00
3.1224911895571026e+19 0.0000000000000000e+00
2.7531502008544874e+19 0.0000000000000000e+00
2.4274963701467632e+19 0.0000000000000000e+00
2.1403622022680789e+19 0.0000000000000000e+00
1.8871914344493498e+19 0.0000000000000000e+00
1.6639667372582951e+19 0.0000000000000000e+00
1.4671459673670541e+19 0.0000000000000000e+00
1.2936059606023733e+19 0.0000000000000000e+00
1.1405929733829476e+19 0.0000000000000000e+00
1.0056789861456415e+19 0.0000000000000000e+00
8.8672317538059807e+18 0.0000000000000000e+00
7.8183794291112151e+18 0.0000000000000000e+00
6.8935896336883896e+18 0.0000000000000000e+00
6.0781877457561866e+18 0.0000000000000000e+00
5.3592349176279173e+18 0.0000000000000000e+00
4.7253227612746322e+18 0.0000000000000000e+00
4.1663923193169490e+18 0.0000000000000000e+00
3.6735744488659681e+18 0.0000000000000000e+00
3.2390490854143340e+18 0.0000000000000000e+00
2.8559211535680625e+18 0.0000000000000000e+00
2.5181111555628667e+18 0.0000000000000000e+00
2.2202587014169247e+18 0.0000000000000000e+00
1.9576374499304755e+18 0.0000000000000000e+00
1.7260801108107656e+18 0.0000000000000000e+00
1.5219123178514570e+18 0.0000000000000000e+00
1.3418943238619628e+18 0.0000000000000000e+00
1.1831695921582692e+18 0.0000000000000000e+00
1.0432194688618157e+18 0.0000000000000000e+00
9.1982321674368346e+17 0.0000000000000000e+00
8.1102277642861722e+17 0.0000000000000000e+00
7.1509169578753178e+17 0.0000000000000000e+00
6.3050773448813734e+17 0.0000000000000000e+00
5.5592870899102406e+17 0.0000000000000000e+00
4.9017119469807430e+17 0.0000000000000000e+00
4.3219174729761408e+17 0.0000000000000000e+00
3.8107034532541146e+17 0.0000000000000000e+00
3.3599579120707117e+17 0.0000000000000000e+00
2.9625283912465466e+17 0.0000000000000000e+00
2.6121084545171968e+17 0.0000000000000000e+00
2.3031376166117507e+17 0.0000000000000000e+00
2.0307131091279597e+17 0.0000000000000000e+00
1.7905120830994253e+17 0.0000000000000000e+00
1.5787230137603021e+17 0.0000000000000000e+00
1.3919852190341301e+17 0.0000000000000000e+00
1.2273355320223896e+17 0.0000000000000000e+00
1.0821612812885419e+17 0.0000000000000000e+00
9.5415883282575344e+16 0.0000000000000000e+00
8.4129703584973760e+16 0.0000000000000000e+00
7.4178499237223728e+16 0.0000000000000000e+00
6.5404363912077112e+16 0.0000000000000000e+00
5.7668069086477224e+16 0.0000000000000000e+00
5.0846854754727232e+16 0.0000000000000000e+00
4.4832481465112592e+16 0.0000000000000000e+00
3.9529512769574088e+16 0.0000000000000000e+00
3.4853800832235404e+16 0.0000000000000000e+00
3.0731151166329516e+16 0.0000000000000000e+00
2.7096145311484672e+16 0.0000000000000000e+00
2.3891102769541472e+16 0.0000000000000000e+00
2.1065165726833640e+16 0.0000000000000000e+00
1.8573492039249388e+16 0.0000000000000000e+00
1.6376543674309580e+16 0.0000000000000000e+00
1.4439459319218440e+16 0.0000000000000000e+00
1.2731501199391780e+16 0.0000000000000000e+00
1.1225567329545118e+16 0.0000000000000000e+00
9.8977614577117200e+15 0.0000000000000000e+00
8.7270138780356490e+15 0.0000000000000000e+00
7.6947470953734760e+15 0.0000000000000000e+00
6.7845810364502180e+15 0.0000000000000000e+00
5.9820731298415430e+15 0.0000000000000000e+00
5.2744891303554200e+15 0.0000000000000000e+00
4.6506010512403070e+15 0.0000000000000000e+00
4.1005089977955860e+15 0.0000000000000000e+00
3.6154840752290025e+15 0.0000000000000000e+00
3.1878298780131475e+15 0.0000000000000000e+00
2.8107603628456440e+15 0.0000000000000000e+00
2.4782921672934995e+15 0.0000000000000000e+00
2.1851496654272415e+15 0.0000000000000000e+00
1.9266812538617432e+15 0.0000000000000000e+00
1.6987855398254722e+15 0.0000000000000000e+00
1.4978462600058120e+15 0.0000000000000000e+00
1.3206748974587420e+15 0.0000000000000000e+00
1.1644600860243762e+15 0.0000000000000000e+00
1.0267229993945265e+15 0.0000000000000000e+00
9.0527801694323000e+14 0.0000000000000000e+00
7.9819804216322875e+14 0.0000000000000000e+00
7.0378392337915912e+14 0.0000000000000000e+00
6.2053749150348412e+14 0.0000000000000000e+00
5.4713778699656975e+14 0.0000000000000000e+00
4.8242009879885419e+14 0.0000000000000000e+00
4.2535748262357744e+14 0.0000000000000000e+00
3.7504446534120325e+14 0.0000000000000000e+00
3.3068267687568962e+14 0.0000000000000000e+00
2.9156818161864556e+14 0.0000000000000000e+00
2.5708030833547797e+14 0.0000000000000000e+00
2.2667180131577831e+14 0.0000000000000000e+00
1.9986013648579809e+14 0.0000000000000000e+00
1.7621986468654456e+14 0.0000000000000000e+00
1.5537586062016303e+14 0.0000000000000000e+00
1.3699737033846273e+14 0.0000000000000000e+00
1.2079276281877191e+14 0.0000000000000000e+00
1.0650490234479786e+14 0.0000000000000000e+00
9.3907068261146781e+13 0.0000000000000000e+00
8.2799357355914406e+13 0.0000000000000000e+00
7.3005511784131578e+13 0.0000000000000000e+00
6.4370122197358781e+13 0.0000000000000000e+00
5.6756161698513453e+13 0.0000000000000000e+00
5.0042811490576594e+13 0.0000000000000000e+00
4.4123543716434523e+13 0.0000000000000000e+00
3.8904431068240852e+13 0.0000000000000000e+00
3.4302656343075016e+13 0.0000000000000000e+00
3.0245198294434617e+13 0.0000000000000000e+00
2.6667672926570426e+13 0.0000000000000000e+00
2.3513311845252398e+13 0.0000000000000000e+00
2.0732061453372145e+13 0.0000000000000000e+00
1.8279788697362270e+13 0.0000000000000000e+00
1.6117580761167510e+13 0.0000000000000000e+00
1.4211127595268189e+13 0.0000000000000000e+00
1.2530177482688436e+13 0.0000000000000000e+00
1.1048057002876391e+13 0.0000000000000000e+00
9.7412477762139863e+12 0.0000000000000000e+00
8.5890132729120547e+12 0.0000000000000000e+00
7.5730697644702773e+12 0.0000000000000000e+00
6.6772961963405176e+12 0.0000000000000000e+00
5.8874783780342334e+12 0.0000000000000000e+00
5.1910834314669590e+12 0.0000000000000000e+00
4.5770609184722324e+12 0.0000000000000000e+00
4.0356674917639912e+12 0.0000000000000000e+00
3.5583122868980601e+12 0.0000000000000000e+00
3.1374206019027896e+12 0.0000000000000000e+00
2.7663137014387788e+12 0.0000000000000000e+00
2.4391028382126465e+12 0.0000000000000000e+00
2.1505958099700513e+12 0.0000000000000000e+00
1.8962145693085786e+12 0.0000000000000000e+00
1.6719225789378831e+12 0.0000000000000000e+00
1.4741607596557847e+12 0.0000000000000000e+00
1.2997910146589741e+12 0.0000000000000000e+00
1.1460464340284653e+12 0.0000000000000000e+00
1.0104873892315405e+12 0.0000000000000000e+00
8.9096282094501343e+11 0.0000000000000000e+00
7.8557610591259314e+11 0.0000000000000000e+00
6.9265496120952075e+11 0.0000000000000000e+00
6.1072490835349365e+11 0.0000000000000000e+00
5.3848587618873511e+11 0.0000000000000000e+00
4.7479157127633325e+11 0.0000000000000000e+00
4.1863128843891534e+11 0.0000000000000000e+00
3.6911387282827014e+11 0.0000000000000000e+00
3.2545357902498175e+11 0.0000000000000000e+00
2.8695760278142993e+11 0.0000000000000000e+00
2.5301508756105640e+11 0.0000000000000000e+00
2.2308743142898801e+11 0.0000000000000000e+00
1.9669974048315854e+11 0.0000000000000000e+00
1.7343329320844220e+11 0.0000000000000000e+00
1.5291889617770419e+11 0.0000000000000000e+00
1.3483102566762083e+11 0.0000000000000000e+00
1.1888266222806546e+11 0.0000000000000000e+00
1.0482073623968814e+11 0.0000000000000000e+00
9.2422112189513275e+10 0.0000000000000000e+00
8.1490047942791977e+10 0.0000000000000000e+00
7.1851072826617798e+10 0.0000000000000000e+00
6.3352234986537186e+10 0.0000000000000000e+00
5.5858674337046089e+10 0.0000000000000000e+00
4.9251482593396027e+10 0.0000000000000000e+00
4.3425816427563080e+10 0.0000000000000000e+00
3.8289233807821831e+10 0.0000000000000000e+00
3.3760227122857494e+10 0.0000000000000000e+00
2.9766929813938751e+10 0.0000000000000000e+00
2.6245975991910263e+10 0.0000000000000000e+00
2.3141494943336971e+10 0.0000000000000000e+00
2.0404224570561035e+10 0.0000000000000000e+00
1.7990729697683575e+10 0.0000000000000000e+00
1.5862712838501802e+10 0.0000000000000000e+00
1.3986406489625008e+10 0.0000000000000000e+00
1.2332037305637836e+10 0.0000000000000000e+00
1.0873353653810528e+10 0.0000000000000000e+00
9.5872090515639038e+09 0.0000000000000000e+00
8.4531948766494532e+09 0.0000000000000000e+00
7.4533165218668423e+09 0.0000000000000000e+00
6.5717078555217304e+09 0.0000000000000000e+00
5.7943794566648607e+09 0.0000000000000000e+00
5.1089966300935383e+09 0.0000000000000000e+00
4.5046836786438026e+09 0.0000000000000000e+00
3.9718513269538665e+09 0.0000000000000000e+00
3.5020445582484617e+09 0.0000000000000000e+00
3.0878084496086850e+09 0.0000000000000000e+00
2.7225698767932048e+09 0.0000000000000000e+00
2.4005332114954000e+09 0.0000000000000000e+00
2.1165883559542947e+09 0.0000000000000000e+00
1.8662296556066167e+09 0.0000000000000000e+00
1.6454844030809731e+09 0.0000000000000000e+00
1.4508497990311038e+09 0.0000000000000000e+00
1.2792373694987926e+09 0.0000000000000000e+00
1.1279239578177090e+09 0.0000000000000000e+00
9.9450851339467967e+08 0.0000000000000000e+00
8.7687399169008696e+08 0.0000000000000000e+00
7.7315376082392454e+08 0.0000000000000000e+00
6.8170198174545002e+08 0.0000000000000000e+00
6.0106749195715201e+08 0.0000000000000000e+00
5.2997077837829256e+08 0.0000000000000000e+00
4.6728367395206869e+08 0.0000000000000000e+00
4.1201145582083809e+08 0.0000000000000000e+00
3.6327706100217587e+08 0.0000000000000000e+00
3.2030716909911704e+08 0.0000000000000000e+00
2.8241993120417768e+08 0.0000000000000000e+00
2.4901415027863747e+08 0.0000000000000000e+00
2.1955974132067412e+08 0.0000000000000000e+00
1.9358931994370639e+08 0.0000000000000000e+00
1.7069078589198464e+08 0.0000000000000000e+00
1.5050078380819544e+08 0.0000000000000000e+00
1.3269893748813495e+08 0.0000000000000000e+00
1.1700276613124944e+08 0.0000000000000000e+00
1.0316320191778386e+08 0.0000000000000000e+00
9.0960637785186321e+07 0.0000000000000000e+00
8.0201442689629942e+07 0.0000000000000000e+00
7.0714889056610659e+07 0.0000000000000000e+00
6.2350443665215142e+07 0.0000000000000000e+00
5.4975378977643244e+07 0.0000000000000000e+00
4.8472667010413162e+07 0.0000000000000000e+00
4.2739122327067636e+07 0.0000000000000000e+00
3.7683764685273930e+07 0.0000000000000000e+00
3.3226375356700771e+07 0.0000000000000000e+00
2.9296224211265955e+07 0.0000000000000000e+00
2.5830947367049336e+07 0.0000000000000000e+00
2.2775557596350159e+07 0.0000000000000000e+00
2.0081571784949880e+07 0.0000000000000000e+00
1.7706241599051781e+07 0.0000000000000000e+00
1.5611875152071137e+07 0.0000000000000000e+00
1.3765238907443164e+07 0.0000000000000000e+00
1.2137030326805396e+07 0.0000000000000000e+00
1.0701412895503148e+07 0.0000000000000000e+00
9.4356061471739002e+06 0.0000000000000000e+00
8.3195241818954172e+06 0.0000000000000000e+00
7.3354569418810848e+06 0.0000000000000000e+00
6.4677891871854914e+06 0.0000000000000000e+00
5.7027527121093264e+06 0.0000000000000000e+00
5.0282078704581410e+06 0.0000000000000000e+00
4.4334509428843362e+06 0.0000000000000000e+00
3.9090442896051398e+06 0.0000000000000000e+00
3.4466665933497841e+06 0.0000000000000000e+00
3.0389808161813845e+06 0.0000000000000000e+00
2.6795177749242838e+06 0.0000000000000000e+00
2.3625734877645406e+06 0.0000000000000000e+00
2.0831186631130420e+06 0.0000000000000000e+00
1.8367188944949079e+06 0.0000000000000000e+00
1.6194642951127605e+06 0.0000000000000000e+00
1.4279074555207284e+06 0.0000000000000000e+00
1.2590087399177363e+06 0.0000000000000000e+00
1.1100880530182477e+06 0.0000000000000000e+00
9.7878231213419326e+05 0.0000000000000000e+00
8.6300794963245431e+05 0.0000000000000000e+00
7.6092785075452121e+05 0.0000000000000000e+00
6.7092220216568070e+05 0.0000000000000000e+00
5.9156278865663789e+05 0.0000000000000000e+00
5.2159033013607230e+05 0.0000000000000000e+00
4.5989449929611298e+05 0.0000000000000000e+00
4.0549630286981299e+05 0.0000000000000000e+00
3.5753254690532212e+05 0.0000000000000000e+00
3.1524213955076871e+05 0.0000000000000000e+00
2.7795401400159072e+05 0.0000000000000000e+00
2.4507647997089647e+05 0.0000000000000000e+00
2.1608783471132553e+05 0.0000000000000000e+00
1.9052808460352459e+05 0.0000000000000000e+00
1.6799164594889330e+05 0.0000000000000000e+00
1.4812090914231676e+05 0.0000000000000000e+00
1.3060056410079481e+05 0.0000000000000000e+00
1.1515259690350450e+05 0.0000000000000000e+00
1.0153187824967704e+05 0.0000000000000000e+00
8.9522273731661116e+04 0.0000000000000000e+00
7.8933214200752307e+04 0.0000000000000000e+00
6.9596671804129859e+04 0.0000000000000000e+00
6.1364493708474394e+04 0.0000000000000000e+00
5.4106051201631941e+04 0.0000000000000000e+00
4.7706166868110435e+04 0.0000000000000000e+00
4.2063286946717199e+04 0.0000000000000000e+00
3.7087869869179754e+04 0.0000000000000000e+00
3.2700965408994816e+04 0.0000000000000000e+00
2.8832961894339103e+04 0.0000000000000000e+00
2.5422481605749388e+04 0.0000000000000000e+00
2.2415406830664590e+04 0.0000000000000000e+00
1.9764021120211077e+04 0.0000000000000000e+00
1.7426252121633494e+04 0.0000000000000000e+00
1.5365003971595257e+04 0.0000000000000000e+00
1.3547568656719863e+04 0.0000000000000000e+00
1.1945107000807460e+04 0.0000000000000000e+00
1.0532191043000594e+04 0.0000000000000000e+00
9.2864005453247682e+03 0.0000000000000000e+00
8.1879672269636339e+03 0.0000000000000000e+00
7.2194610799533812e+03 0.0000000000000000e+00
6.3655137887368046e+03 0.0000000000000000e+00
5.6125748647791997e+03 0.0000000000000000e+00
4.9486966265770498e+03 0.0000000000000000e+00
4.3633446131071414e+03 0.0000000000000000e+00
3.8472304223466108e+03 0.0000000000000000e+00
3.3921643223337387e+03 0.0000000000000000e+00
2.9909252959939372e+03 0.0000000000000000e+00
2.6371464575932114e+03 0.0000000000000000e+00
2.3252140226007368e+03 0.0000000000000000e+00
2.0501782278082092e+03 0.0000000000000000e+00
1.8076747881803540e+03 0.0000000000000000e+00
1.5938556441096878e+03 0.0000000000000000e+00
1.4053279001680871e+03 0.0000000000000000e+00
1.2390999864319874e+03 0.0000000000000000e+00
1.0925341880653607e+03 0.0000000000000000e+00
9.6330478989732717e+02 0.0000000000000000e+00
8.4936117182962789e+02 0.0000000000000000e+00
7.4889526946989429e+02 0.0000000000000000e+00
6.6031288365379760e+02 0.0000000000000000e+00
5.8220838359390632e+02 0.0000000000000000e+00
5.1334240224328573e+02 0.0000000000000000e+00
4.5262216994235598e+02 0.0000000000000000e+00
3.9908417428225073e+02 0.0000000000000000e+00
3.5187887103017556e+02 0.0000000000000000e+00
3.1025720350890589e+02 0.0000000000000000e+00
2.7355871651898951e+02 0.0000000000000000e+00
2.4120107619473657e+02 0.0000000000000000e+00
2.1267082949433305e+02 0.0000000000000000e+00
1.8751525669517326e+02 0.0000000000000000e+00
1.6533518760923144e+02 0.0000000000000000e+00
1.4577866752579496e+02 0.0000000000000000e+00
1.2853537237229875e+02 0.0000000000000000e+00
1.1333168447270910e+02 0.0000000000000000e+00
9.9926350765292455e+01 0.0000000000000000e+00
8.8106654584073425e+01 0.0000000000000000e+00
7.7685040257604896e+01 0.0000000000000000e+00
6.8496136963944537e+01 0.0000000000000000e+00
6.0394134616210032e+01 0.0000000000000000e+00
5.3250470139080100e+01 0.0000000000000000e+00
4.6951787421952659e+01 0.0000000000000000e+00
4.1398138577153503e+01 0.0000000000000000e+00
3.6501397960664583e+01 0.0000000000000000e+00
3.2183863788940656e+01 0.0000000000000000e+00
2.8377025162195352e+01 0.0000000000000000e+00
2.5020474929196819e+01 0.0000000000000000e+00
2.2060951142848037e+01 0.0000000000000000e+00
1.9451491896311317e+01 0.0000000000000000e+00
1.7150690128558796e+01 0.0000000000000000e+00
1.5122036574563568e+01 0.0000000000000000e+00
1.3333340434018581e+01 0.0000000000000000e+00
1.1756218565723650e+01 0.0000000000000000e+00
1.0365645102141073e+01 0.0000000000000000e+00
9.1395543373795967e+00 0.0000000000000000e+00
8.0584905872052026e+00 0.0000000000000000e+00
7.1052994650386978e+00 0.0000000000000000e+00
6.2648556750858964e+00 0.0000000000000000e+00
5.5238230032071138e+00 0.0000000000000000e+00
4.8704426970445676e+00 0.0000000000000000e+00
4.2943468774111881e+00 0.0000000000000000e+00
3.7863940201414956e+00 0.0000000000000000e+00
3.3385238978193525e+00 0.0000000000000000e+00
2.9436296795901091e+00 0.0000000000000000e+00
2.5954451595279711e+00 0.0000000000000000e+00
2.2884453240922769e+00 0.0000000000000000e+00
2.0177586808700680e+00 0.0000000000000000e+00
1.7790899574327705e+00 0.0000000000000000e+00
1.5686519436869810e+00 0.0000000000000000e+00
1.3831053961901463e+00 0.0000000000000000e+00
1.2195060508285804e+00 0.0000000000000000e+00
1.0752579030521427e+00 0.0000000000000000e+00
9.4807201431312860e-01 0.0000000000000000e+00
8.3593019104753130e-01 0.0000000000000000e+00
7.3705295985456187e-01 0.0000000000000000e+00
6.4987133070239422e-01 0.0000000000000000e+00
5.7300190009716623e-01 0.0000000000000000e+00
5.0522489915056412e-01 0.0000000000000000e+00
4.4546483821155852e-01 0.0000000000000000e+00
3.9277344092993888e-01 0.0000000000000000e+00
3.4631459694845684e-01 0.0000000000000000e+00
3.0535109445183806e-01 0.0000000000000000e+00
2.6923292204403709e-01 0.0000000000000000e+00
2.3738695432710499e-01 0.0000000000000000e+00
2.0930785751187486e-01 0.0000000000000000e+00
1.8455007075007335e-01 0.0000000000000000e+00
1.6272073594716588e-01 0.0000000000000000e+00
1.4347346386577839e-01 0.0000000000000000e+00
1.2650283759980238e-01 0.0000000000000000e+00
1.1153956620001255e-01 0.0000000000000000e+00
9.8346211548588428e-02 0.0000000000000000e+00
8.6713420676354513e-02 0.0000000000000000e+00
7.6456603736885800e-02 0.0000000000000000e+00
6.7413004923391764e-02 0.0000000000000000e+00
5.9439119849483232e-02 0.0000000000000000e+00
5.2408418412681325e-02 0.0000000000000000e+00
4.6209337006906104e-02 0.0000000000000000e+00
4.0743508224265361e-02 0.0000000000000000e+00
3.5924199954928938e-02 0.0000000000000000e+00
3.1674939116634590e-02 0.0000000000000000e+00
2.7928298175081821e-02 0.0000000000000000e+00
2.4624825199637032e-02 0.0000000000000000e+00
2.1712100476416061e-02 0.0000000000000000e+00
1.9143904709014194e-02 0.0000000000000000e+00
1.6879485607848195e-02 0.0000000000000000e+00
1.4882911230298520e-02 0.0000000000000000e+00
1.3122499810418371e-02 0.0000000000000000e+00
1.1570317030707359e-02 0.0000000000000000e+00
1.0201732758631281e-02 0.0000000000000000e+00
8.9950302141519611e-03 0.0000000000000000e+00
7.9310613665165373e-03 0.0000000000000000e+00
6.9929430921185590e-03 0.0000000000000000e+00
6.1657892720462662e-03 0.0000000000000000e+00
5.4364745782256351e-03 0.0000000000000000e+00
4.7934261999007226e-03 0.0000000000000000e+00
4.2264402055558065e-03 0.0000000000000000e+00
3.7265196262974525e-03 0.0000000000000000e+00
3.2857316913948828e-03 0.0000000000000000e+00
2.8970819505821778e-03 0.0000000000000000e+00
2.5544032856882511e-03 0.0000000000000000e+00
2.2522580504233461e-03 0.0000000000000000e+00
1.9858517854709264e-03 0.0000000000000000e+00
1.7509571397099776e-03 0.0000000000000000e+00
1.5438467903455884e-03 0.0000000000000000e+00
1.3612342975198035e-03 0.0000000000000000e+00
1.2002219548802732e-03 0.0000000000000000e+00
1.0582548085963719e-03 0.0000000000000000e+00
9.3308011519340091e-04 0.0000000000000000e+00
8.2271159487961047e-04 0.0000000000000000e+00
7.2539791313530871e-04 0.0000000000000000e+00
6.3959489042823760e-04 0.0000000000000000e+00
5.6394099907701261e-04 0.0000000000000000e+00
4.9723575844554775e-04 0.0000000000000000e+00
4.3842068564189143e-04 0.0000000000000000e+00
3.8656249944613616e-04 0.0000000000000000e+00
3.4083831094617277e-04 0.0000000000000000e+00
3.0052256588543265e-04 0.0000000000000000e+00
2.6497553152300392e-04 0.0000000000000000e+00
2.3363314531483318e-04 0.0000000000000000e+00
2.0599806433434272e-04 0.0000000000000000e+00
1.8163177340403455e-04 0.0000000000000000e+00
1.6014762670949484e-04 0.0000000000000000e+00
1.4120471247963822e-04 0.0000000000000000e+00
1.2450244337760974e-04 0.0000000000000000e+00
1.0977578676228683e-04 0.0000000000000000e+00
9.6791059133915337e-05 0.0000000000000000e+00
8.5342218029846466e-05 0.0000000000000000e+00
7.5247592529977848e-05 0.0000000000000000e+00
6.6347000491332446e-05 0.0000000000000000e+00
5.8499206767886338e-05 0.0000000000000000e+00
5.1579682082523304e-05 0.0000000000000000e+00
4.5478626988744737e-05 0.0000000000000000e+00
4.0099229566252025e-05 0.0000000000000000e+00
3.5356129203392822e-05 0.0000000000000000e+00
3.1174062089688619e-05 0.0000000000000000e+00
2.7486666925023417e-05 0.0000000000000000e+00
2.4235431894423654e-05 0.0000000000000000e+00
2.1368766198950189e-05 0.0000000000000000e+00
1.8841181409705550e-05 0.0000000000000000e+00
1.6612569654623809e-05 0.0000000000000000e+00
1.4647567184272497e-05 0.0000000000000000e+00
1.2914993217684521e-05 0.0000000000000000e+00
1.1387355163793377e-05 0.0000000000000000e+00
1.0040412367295159e-05 0.0000000000000000e+00
8.8527914564272507e-06 0.0000000000000000e+00
7.8056471889814418e-06 0.0000000000000000e+00
6.8823634148321336e-06 0.0000000000000000e+00
6.0682894098370236e-06 0.0000000000000000e+00
5.3505073972380505e-06 0.0000000000000000e+00
4.7176275675797425e-06 0.0000000000000000e+00
4.1596073445065769e-06 0.0000000000000000e+00
3.6675920285394030e-06 0.0000000000000000e+00
3.2337742901550938e-06 0.0000000000000000e+00
2.8512702825980981e-06 0.0000000000000000e+00
2.5140104085734439e-06 0.0000000000000000e+00
2.2166430075006798e-06 0.0000000000000000e+00
1.9544494350323047e-06 0.0000000000000000e+00
1.7232691873126945e-06 0.0000000000000000e+00
1.5194338818452434e-06 0.0000000000000000e+00
1.3397090473714646e-06 0.0000000000000000e+00
1.1812427990807275e-06 0.0000000000000000e+00
1.0415205847252692e-06 0.0000000000000000e+00
9.1832528354938216e-07 0.0000000000000000e+00
8.0970202487980263e-07 0.0000000000000000e+00
7.1392716811678936e-07 0.0000000000000000e+00
6.2948095189821968e-07 0.0000000000000000e+00
5.5502337843216529e-07 0.0000000000000000e+00
4.8937295032886949e-07 0.0000000000000000e+00
4.3148792252694284e-07 0.0000000000000000e+00
3.8044977181820181e-07 0.0000000000000000e+00
3.3544862166445153e-07 0.0000000000000000e+00
2.9577039102641858e-07 0.0000000000000000e+00
2.6078546328154539e-07 0.0000000000000000e+00
2.2993869542842824e-07 0.0000000000000000e+00
2.0274060904325174e-07 0.0000000000000000e+00
1.7875962320584320e-07 0.0000000000000000e+00
1.5761520614687340e-07 0.0000000000000000e+00
1.3897183694617204e-07 0.0000000000000000e+00
1.2253368146596422e-07 0.0000000000000000e+00
1.0803989803644860e-07 0.0000000000000000e+00
9.5260498404012813e-08 0.0000000000000000e+00
8.3992698263371573e-08 0.0000000000000000e+00
7.4057699463649444e-08 0.0000000000000000e+00
6.5297852828237272e-08 0.0000000000000000e+00
5.7574156567893689e-08 0.0000000000000000e+00
5.0764050591735099e-08 0.0000000000000000e+00
4.4759471716122753e-08 0.0000000000000000e+00
3.9465138911364829e-08 0.0000000000000000e+00
3.4797041376435868e-08 0.0000000000000000e+00
3.0681105450377482e-08 0.0000000000000000e+00
2.7052019206858425e-08 0.0000000000000000e+00
2.3852196080478179e-08 0.0000000000000000e+00
2.1030861079580327e-08 0.0000000000000000e+00
1.8543245085537772e-08 0.0000000000000000e+00
1.6349874453603663e-08 0.0000000000000000e+00
1.4415944642671555e-08 0.0000000000000000e+00
1.2710767934659196e-08 0.0000000000000000e+00
1.1207286479897360e-08 0.0000000000000000e+00
9.8816429414936732e-09 0.0000000000000000e+00
8.7128019256331887e-09 0.0000000000000000e+00
7.6822161906451216e-09 0.0000000000000000e+00
6.7735323382232888e-09 0.0000000000000000e+00
5.9723313166878438e-09 0.0000000000000000e+00
5.2658996185802013e-09 0.0000000000000000e+00
4.6430275419383948e-09 0.0000000000000000e+00
4.0938313140520757e-09 0.0000000000000000e+00
3.6095962551444737e-09 0.0000000000000000e+00
3.1826384932936100e-09 0.0000000000000000e+00
2.8061830362766944e-09 0.0000000000000000e+00
2.4742562655734697e-09 0.0000000000000000e+00
2.1815911466175609e-09 0.0000000000000000e+00
1.9235436511654099e-09 0.0000000000000000e+00
1.6960190655684817e-09 0.0000000000000000e+00
1.4954070156032067e-09 0.0000000000000000e+00
1.3185241768291983e-09 0.0000000000000000e+00
1.1625637613996578e-09 0.0000000000000000e+00
1.0250509797779853e-09 0.0000000000000000e+00
9.0380377062397270e-10 0.0000000000000000e+00
7.9689817570930298e-10 0.0000000000000000e+00
7.0263781042913099e-10 0.0000000000000000e+00
6.1952694546603383e-10 0.0000000000000000e+00
5.4624677246455893e-10 0.0000000000000000e+00
4.8163447709846943e-10 0.0000000000000000e+00
4.2466478746099759e-10 0.0000000000000000e+00
3.7443370498666056e-10 0.0000000000000000e+00
3.3014415974603289e-10 0.0000000000000000e+00
2.9109336249068772e-10 0.0000000000000000e+00
2.5666165274987507e-10 0.0000000000000000e+00
2.2630266601975277e-10 0.0000000000000000e+00
1.9953466401759983e-10 0.0000000000000000e+00
1.7593289042887788e-10 0.0000000000000000e+00
1.5512283084772387e-10 0.0000000000000000e+00
1.3677426995914346e-10 0.0000000000000000e+00
1.2059605166192715e-10 0.0000000000000000e+00
1.0633145898560207e-10 0.0000000000000000e+00
9.3754140489627409e-11 0.0000000000000000e+00
8.2664518504717007e-11 0.0000000000000000e+00
7.2886622222009210e-11 0.0000000000000000e+00
6.4265295377372674e-11 0.0000000000000000e+00
5.6663734222187593e-11 0.0000000000000000e+00
4.9961316712989594e-11 0.0000000000000000e+00
4.4051688473405104e-11 0.0000000000000000e+00
3.8841075156320261e-11 0.0000000000000000e+00
3.4246794426726602e-11 0.0000000000000000e+00
3.0195943953308066e-11 0.0000000000000000e+00
2.6624244589728761e-11 0.0000000000000000e+00
2.3475020389155233e-11 0.0000000000000000e+00
2.0698299266821476e-11 0.0000000000000000e+00
1.8250020039889557e-11 0.0000000000000000e+00
1.6091333261871410e-11 0.0000000000000000e+00
1.4187984757203268e-11 0.0000000000000000e+00
1.2509772073866235e-11 0.0000000000000000e+00
1.1030065229005113e-11 0.0000000000000000e+00
9.7253841427109986e-12 0.0000000000000000e+00
8.5750260546580017e-12 0.0000000000000000e+00
7.5607370114189842e-12 0.0000000000000000e+00
6.6664222116023421e-12 0.0000000000000000e+00
5.8778906125455128e-12 0.0000000000000000e+00
5.1826297459707858e-12 0.0000000000000000e+00
4.5696071693633752e-12 0.0000000000000000e+00
4.0290954024896142e-12 0.0000000000000000e+00
3.5525175711383034e-12 0.0000000000000000e+00
3.1323113087488922e-12 0.0000000000000000e+00
2.7618087563104102e-12 0.0000000000000000e+00
2.4351307563612964e-12 0.0000000000000000e+00
2.1470935621547639e-12 0.0000000000000000e+00
1.8931265816440020e-12 0.0000000000000000e+00
1.6691998510444186e-12 0.0000000000000000e+00
1.4717600871184682e-12 0.0000000000000000e+00
1.2976743034572205e-12 0.0000000000000000e+00
1.1441800960577567e-12 0.0000000000000000e+00
1.0088418093253050e-12 0.0000000000000000e+00
8.8951188693934168e-13 0.0000000000000000e+00
7.8429679429675494e-13 0.0000000000000000e+00
6.9152697178752075e-13 0.0000000000000000e+00
6.0973034211928437e-13 0.0000000000000000e+00
5.3760895130369033e-13 0.0000000000000000e+00
4.7401837264202605e-13 0.0000000000000000e+00
4.1794954689150523e-13 0.0000000000000000e+00
3.6851277045063507e-13 0.0000000000000000e+00
3.2492357748734961e-13 0.0000000000000000e+00
2.8649029198655286e-13 0.0000000000000000e+00
2.5260305219228308e-13 0.0000000000000000e+00
2.2272413328355399e-13 0.0000000000000000e+00
1.9637941472357936e-13 0.0000000000000000e+00
1.7315085688571780e-13 0.0000000000000000e+00
1.5266986757476060e-13 0.0000000000000000e+00
1.3461145318315478e-13 0.0000000000000000e+00
1.1868906167228706e-13 0.0000000000000000e+00
1.0465003554698314e-13 0.0000000000000000e+00
9.2271602670709872e-14 0.0000000000000000e+00
8.1357341303519470e-14 0.0000000000000000e+00
7.1734063269700368e-14 0.0000000000000000e+00
6.3249065797075856e-14 0.0000000000000000e+00
5.5767708419948198e-14 0.0000000000000000e+00
4.9171276495852132e-14 0.0000000000000000e+00
4.3355097434247162e-14 0.0000000000000000e+00
3.8226879745365669e-14 0.0000000000000000e+00
3.3705248553134676e-14 0.0000000000000000e+00
2.9718454333597386e-14 0.0000000000000000e+00
2.6203234389024398e-14 0.0000000000000000e+00
2.3103808991503415e-14 0.0000000000000000e+00
2.0370996266761115e-14 0.0000000000000000e+00
1.7961431773133140e-14 0.0000000000000000e+00
1.5836880391918630e-14 0.0000000000000000e+00
1.3963629610145874e-14 0.0000000000000000e+00
1.2311954568327945e-14 0.0000000000000000e+00
1.0855646384549528e-14 0.0000000000000000e+00
9.5715962703058874e-15 0.0000000000000000e+00
8.4394288388139383e-15 0.0000000000000000e+00
7.4411787871124064e-15 0.0000000000000000e+00
6.5610058215212477e-15 4.7888464733278885e-300
5.7849433028795126e-15 1.5342672799548213e-246
5.1006766230503245e-15 3.2024909756191886e-203
4.4973477959553894e-15 4.6958418593730786e-168
3.9653831623792344e-15 1.9846050879219003e-139
3.4963414745512486e-15 4.6270989374737091e-116
3.0827799499033902e-15 6.2363573632030964e-97
2.7181361685348880e-15 3.1616765434081678e-81
2.3966239403266704e-15 2.6900205989068446e-68
2.1131414893180349e-15 1.2704475291034434e-57
1.8631904984094080e-15 8.6855474333609789e-49
1.6428047297880815e-15 1.8553509724163486e-41
1.4484870884206659e-15 2.2990251620989512e-35
1.2771541299324509e-15 2.7201671497091260e-30
1.1260871323209071e-15 4.5943235972104298e-26
9.9288895510661143e-16 1.5329981005192956e-22
8.7544600135947741e-16 1.3144172435154688e-19
7.7189467901173089e-16 3.5831041044508481e-17
6.8059182926344259e-16 3.6900145669200868e-15
6.0008865283694951e-16 1.6508406691587536e-13
5.2910772034007966e-16 3.5921611631509473e-12
4.6652270193741324e-16 4.1643909983259260e-11
4.1134049467866304e-16 2.7672720883582892e-10
3.6268546387949133e-16 1.1172426851451874e-09
3.1978554849612068e-16 2.8690094271062637e-09
2.8196001001281741e-16 4.8546374071177242e-09
2.4860863044095265e-16 5.5579290168625770e-09
2.1920218802274681e-16 4.3870505461525417e-09
1.9327405950764831e-16 2.4166719160989446e-09
1.7041281574566049e-16 9.3492636801906224e-10
1.5025569310410077e-16 2.5426758817885094e-10
1.3248283711178722e-16 4.8429387149162710e-11
1.1681222698848485e-16 6.4068317789647295e-12
1.0299520052167786e-16 5.8139983769196884e-13
9.0812508279174909e-17 3.5597889065117668e-14
8.0070834545533754e-17 1.4407568847656542e-15
7.0599729776304244e-17 3.7615241866940789e-17
6.2248905894102420e-17 6.1575775020096843e-19
5.4885851508080200e-17 6.1183602402857848e-21
4.8393729214965720e-17 3.5573588120978371e-23
4.2669521615905185e-17 1.1616615372718247e-25
3.7622396629998756e-17 2.0355764779317576e-28
3.3172266165208919e-17 1.8198411460658513e-31
2.9248515275554343e-17 7.8513895991864183e-35
2.5788881638769211e-17 1.5375921859064968e-38
2.2738467573918331e-17 1.2780129808820016e-42
2.0048868921592042e-17 4.1883625207739405e-47
1.7677406963705662e-17 4.9928767878442270e-52
1.5586451194956496e-17 1.9822046481499383e-57
1.3742822199632751e-17 2.3798904364086184e-63
1.2117265158590581e-17 7.7769226053757428e-70
1.0683985631969892e-17 6.1644906664099060e-77
9.4202402514246914e-18 1.0452118505959819e-84
8.3059758269441409e-18 3.3042380335122746e-93
7.3235111415918153e-18 1.6762653257963119e-102
6.4572563848589870e-18 1.1584051998491741e-112
5.6934657725856755e-18 9.1182278063657598e-124
5.0200194280054053e-18 6.7238325671866128e-136
4.4262310627902357e-18 3.7521483327099765e-149
3.9026784063649390e-18 1.2550215692149902e-163
3.4410536927337534e-18 1.9504781426916443e-179
3.0340318323347790e-18 1.0664826205454388e-196
2.6751541770646939e-18 1.5140515376569318e-215
2.3587260340507280e-18 4.0046653915058709e-236
2.0797263019110590e-18 1.3733382774858439e-258
1.8337277956070145e-18 4.1092950591592677e-283
1.6168269955964188e-18 0.0000000000000000e+00
1.4255821065437856e-18 0.0000000000000000e+00
1.2569584426985309e-18 0.0000000000000000e+00
1.1082802733134715e-18 0.0000000000000000e+00
9.7718836398345055e-19 0.0000000000000000e+00
8.6160254016771120e-19 0.0000000000000000e+00
7.5968867885130192e-19 0.0000000000000000e+00
6.6982960456743604e-19 0.0000000000000000e+00
5.9059942795698298e-19 0.0000000000000000e+00
5.2074091966771709e-19 0.0000000000000000e+00
4.5914556056110983e-19 0.0000000000000000e+00
4.0483595166190463e-19 0.0000000000000000e+00
3.5695030473062705e-19 0.0000000000000000e+00
3.1472876735437208e-19 0.0000000000000000e+00
2.7750136556166784e-19 0.0000000000000000e+00
2.4467737263395318e-19 0.0000000000000000e+00
2.1573593541741096e-19 0.0000000000000000e+00
1.9021780939283331e-19 0.0000000000000000e+00
1.6771807135515416e-19 0.0000000000000000e+00
1.4787969406692364e-19 0.0000000000000000e+00
1.3038788092798383e-19 0.0000000000000000e+00
1.1496507076351188e-19 0.0000000000000000e+00
1.0136653346609035e-19 0.0000000000000000e+00
8.9376486603209179e-20 0.0000000000000000e+00
7.8804671368246711e-20 0.0000000000000000e+00
6.9483333541939424e-20 0.0000000000000000e+00
6.1264561558030629e-20 0.0000000000000000e+00
5.4017939433378562e-20 0.0000000000000000e+00
4.7628477319049186e-20 0.0000000000000000e+00
4.1994786834269624e-20 0.0000000000000000e+00
3.7027472229316330e-20 0.0000000000000000e+00
3.2647711848223194e-20 0.0000000000000000e+00
2.8786007381857237e-20 0.0000000000000000e+00
2.5381081064443292e-20 0.0000000000000000e+00
2.2378903314179741e-20 0.0000000000000000e+00
1.9731835388485474e-20 0.0000000000000000e+00
1.7397873449481799e-20 0.0000000000000000e+00
1.5339982044489197e-20 0.0000000000000000e+00
1.3525506425169880e-20 0.0000000000000000e+00
1.1925654379955790e-20 0.0000000000000000e+00
1.0515039357454036e-20 0.0000000000000000e+00
9.2712776310743012e-21 0.0000000000000000e+00
8.1746331126687327e-21 0.0000000000000000e+00
7.2077041790621951e-21 0.0000000000000000e+00
6.3551475420173857e-21 0.0000000000000000e+00
5.6034347799862860e-21 0.0000000000000000e+00
4.9406376682787132e-21 0.0000000000000000e+00
4.3562389012538951e-21 0.0000000000000000e+00
3.8409652030622432e-21 0.0000000000000000e+00
3.3866401787304396e-21 0.0000000000000000e+00
2.9860545706186864e-21 0.0000000000000000e+00
2.6328518614739022e-21 0.0000000000000000e+00
2.3214274088200462e-21 0.0000000000000000e+00
2.0468395101439969e-21 0.0000000000000000e+00
1.8047309876538498e-21 0.0000000000000000e+00
1.5912600483117546e-21 0.0000000000000000e+00
1.4030393220237147e-21 0.0000000000000000e+00
1.2370821106413508e-21 0.0000000000000000e+00
1.0907549948503822e-21 0.0000000000000000e+00
9.6173604690980975e-22 0.0000000000000000e+00
8.4797798615864306e-22 0.0000000000000000e+00
7.4767569263950114e-22 0.0000000000000000e+00
6.5923756334327090e-22 0.0000000000000000e+00
5.8126025655392915e-22 0.0000000000000000e+00
5.1250642353524692e-22 0.0000000000000000e+00
4.5188507420429770e-22 0.0000000000000000e+00
3.9843426523332144e-22 0.0000000000000000e+00
3.5130583587331718e-22 0.0000000000000000e+00
3.0975194928673690e-22 0.0000000000000000e+00
2.7311322582620568e-22 0.0000000000000000e+00
2.4080827995741661e-22 0.0000000000000000e+00
2.1232449479744458e-22 0.0000000000000000e+00
1.8720988787828268e-22 0.0000000000000000e+00
1.6506593906103640e-22 0.0000000000000000e+00
1.4554126679364168e-22 0.0000000000000000e+00
1.2832605236665706e-22 0.0000000000000000e+00
1.1314712369075959e-22 0.0000000000000000e+00
9.9763620585109381e-23 0.0000000000000000e+00
8.7963172793074499e-23 0.0000000000000000e+00
7.7558530077838540e-23 0.0000000000000000e+00
6.8384590924039361e-23 0.0000000000000000e+00
6.0295782696694011e-23 0.0000000000000000e+00
5.3163751685597990e-23 0.0000000000000000e+00
4.6875326380710392e-23 0.0000000000000000e+00
4.1330721659610979e-23 0.0000000000000000e+00
3.6441955390996199e-23 0.0000000000000000e+00
3.2131452328767714e-23 0.0000000000000000e+00
2.8330813143219982e-23 0.0000000000000000e+00
2.4979729056238056e-23 0.0000000000000000e+00
2.2025024857869057e-23 0.0000000000000000e+00
1.9419815118796260e-23 0.0000000000000000e+00
1.7122760209438545e-23 0.0000000000000000e+00
1.5097410320150640e-23 0.0000000000000000e+00
1.3311627073382047e-23 0.0000000000000000e+00
1.1737073549911298e-23 0.0000000000000000e+00
1.0348764636855726e-23 0.0000000000000000e+00
9.1246705623519730e-24 0.0000000000000000e+00
8.0453673257709254e-24 0.0000000000000000e+00
7.0937284764720473e-24 0.0000000000000000e+00
6.2546533502235373e-24 0.0000000000000000e+00
5.5148274509256778e-24 0.0000000000000000e+00
4.8625111753629732e-24 0.0000000000000000e+00
4.2873535284519371e-24 0.0000000000000000e+00
3.7802278730099057e-24 0.0000000000000000e+00
3.3330871077106685e-24 0.0000000000000000e+00
2.9388359751819539e-24 0.0000000000000000e+00
2.5912184740217680e-24 0.0000000000000000e+00
2.2847185881805488e-24 0.0000000000000000e+00
2.0144727584763661e-24 0.0000000000000000e+00
1.7761927073369126e-24 0.0000000000000000e+00
1.5660973921449253e-24 0.0000000000000000e+00
1.3808530074197124e-24 0.0000000000000000e+00
1.2175200837851946e-24 0.0000000000000000e+00
1.0735068442876939e-24 0.0000000000000000e+00
9.4652807791862464e-25 0.0000000000000000e+00
8.3456887774459853e-25 0.0000000000000000e+00
7.3585266823936881e-25 0.0000000000000000e+00
6.4881301447319116e-25 0.0000000000000000e+00
5.7206876582644115e-25 0.0000000000000000e+00
5.0440213980588995e-25 0.0000000000000000e+00
4.4473939819666552e-25 0.0000000000000000e+00
3.9213380891772050e-25 0.0000000000000000e+00
3.4575062321850350e-25 0.0000000000000000e+00
3.0485382983405755e-25 0.0000000000000000e+00
2.6879447591265789e-25 0.0000000000000000e+00
2.3700036939175485e-25 0.0000000000000000e+00
2.0896699941883491e-25 0.0000000000000000e+00
1.8424953074199934e-25 0.0000000000000000e+00
1.6245574503658744e-25 0.0000000000000000e+00
1.4323981716050434e-25 0.0000000000000000e+00
1.2629682757943607e-25 0.0000000000000000e+00
1.1135792388478389e-25 0.0000000000000000e+00
9.8186054626984283e-26 0.0000000000000000e+00
8.6572207768420382e-26 0.0000000000000000e+00
7.6332094067445461e-26 0.0000000000000000e+00
6.7303222765294362e-26 0.0000000000000000e+00
5.9342323172641693e-26 0.0000000000000000e+00
5.2323071241428809e-26 0.0000000000000000e+00
4.6134085047040823e-26 0.0000000000000000e+00
4.0677157373024939e-26 0.0000000000000000e+00
3.5865697352893980e-26 0.0000000000000000e+00
3.1623356440891025e-26 0.0000000000000000e+00
2.7882816908535153e-26 0.0000000000000000e+00
2.4584723642730524e-26 0.0000000000000000e+00
2.1676742295159535e-26 0.0000000000000000e+00
1.9112728837596584e-26 0.0000000000000000e+00
1.6851997345609790e-26 0.0000000000000000e+00
1.4858674391790884e-26 0.0000000000000000e+00
1.3101129803986049e-26 0.0000000000000000e+00
1.1551474755764144e-26 0.0000000000000000e+00
1.0185119224790664e-26 0.0000000000000000e+00
8.9803817968298457e-27 0.0000000000000000e+00
7.9181456237187778e-27 0.0000000000000000e+00
6.9815550760380212e-27 0.0000000000000000e+00
6.1557482769381490e-27 0.0000000000000000e+00
5.4276212729573046e-27 0.0000000000000000e+00
4.7856200996756040e-27 0.0000000000000000e+00
4.2195574426917640e-27 0.0000000000000000e+00
3.7204509846868870e-27 0.0000000000000000e+00
3.2803808734567347e-27 0.0000000000000000e+00
2.8923640492057338e-27 0.0000000000000000e+00
2.5502434369220884e-27 0.0000000000000000e+00
2.2485902455294882e-27 0.0000000000000000e+00
1.9826178234940144e-27 0.0000000000000000e+00
1.7481057039409773e-27 0.0000000000000000e+00
1.5413326340250193e-27 0.0000000000000000e+00
1.3590175258593615e-27 0.0000000000000000e+00
1.1982673920098944e-27 0.0000000000000000e+00
1.0565314393913333e-27 0.0000000000000000e+00
9.3156059312433441e-28 0.0000000000000000e+00
8.2137180807615473e-28 0.0000000000000000e+00
7.2421660177745052e-28 0.0000000000000000e+00
6.3855330939414148e-28 0.0000000000000000e+00
5.6302262049429050e-28 0.0000000000000000e+00
4.9642600942593474e-28 0.0000000000000000e+00
4.3770671703776994e-28 0.0000000000000000e+00
3.8593298195945282e-28 0.0000000000000000e+00
3.4028325535444718e-28 0.0000000000000000e+00
3.0003316453213011e-28 0.0000000000000000e+00
2.6454401855712050e-28 0.0000000000000000e+00
2.3325267346188894e-28 0.0000000000000000e+00
2.0566259624339611e-28 0.0000000000000000e+00
1.8133598584663206e-28 0.0000000000000000e+00
1.5988682611034485e-28 0.0000000000000000e+00
1.4097476043867357e-28 0.0000000000000000e+00
1.2429969100159369e-28 0.0000000000000000e+00
1.0959701676395726e-28 0.0000000000000000e+00
9.6633434779855896e-29 0.0000000000000000e+00
8.5203238127040141e-29 0.0000000000000000e+00
7.5125051736714566e-29 0.0000000000000000e+00
6.6238954322710536e-29 0.0000000000000000e+00
5.8403940740607242e-29 0.0000000000000000e+00
5.1495684509362340e-29 0.0000000000000000e+00
4.5404564991006250e-29 0.0000000000000000e+00
4.0033927923567406e-29 0.0000000000000000e+00
3.5298551705248217e-29 0.0000000000000000e+00
3.1123295092775223e-29 0.0000000000000000e+00
2.7441904855488579e-29 0.0000000000000000e+00
2.4195964464973960e-29 0.0000000000000000e+00
2.1333967137969632e-29 0.0000000000000000e+00
1.8810498523537911e-29 0.0000000000000000e+00
1.6585516065330193e-29 0.0000000000000000e+00
1.4623713603821521e-29 0.0000000000000000e+00
1.2893961135983747e-29 0.0000000000000000e+00
1.1368810842466695e-29 0.0000000000000000e+00
1.0024061543902522e-29 0.0000000000000000e+00
8.8383746750899213e-30 0.0000000000000000e+00
7.7929356833197149e-30 0.0000000000000000e+00
6.8711554778865376e-30 0.0000000000000000e+00
6.0584071933695140e-30 0.0000000000000000e+00
5.3417940896253996e-30 0.0000000000000000e+00
4.7099449055167601e-30 0.0000000000000000e+00
4.1528334190357515e-30 0.0000000000000000e+00
3.6616193505914106e-30 0.0000000000000000e+00
3.2285080849061719e-30 0.0000000000000000e+00
2.8466269855770217e-30 0.0000000000000000e+00
2.5099163396553244e-30 0.0000000000000000e+00
2.2130332017462463e-30 0.0000000000000000e+00
1.9512666118201357e-30 0.0000000000000000e+00
1.7204628414068437e-30 0.0000000000000000e+00
1.5169594819750111e-30 0.0000000000000000e+00
1.3375273296063325e-30 0.0000000000000000e+00
1.1793191437879920e-30 0.0000000000000000e+00
1.0398244672235500e-30 0.0000000000000000e+00
9.1682978974105092e-31 0.0000000000000000e+00
8.0838342417644280e-31 0.0000000000000000e+00
7.1276453688072321e-31 0.0000000000000000e+00
6.2845584142495386e-31 0.0000000000000000e+00
5.5411952220518565e-31 0.0000000000000000e+00
4.8857600590156827e-31 0.0000000000000000e+00
4.3078524393574884e-31 0.0000000000000000e+00
3.7983020891568285e-31 0.0000000000000000e+00
3.3490234318808085e-31 0.0000000000000000e+00
2.9528872859547879e-31 0.0000000000000000e+00
2.6036077384673736e-31 0.0000000000000000e+00
2.2956423999148148e-31 0.0000000000000000e+00
2.0241044572209043e-31 0.0000000000000000e+00
1.7846851294842610e-31 0.0000000000000000e+00
1.5735852959760304e-31 0.0000000000000000e+00
1.3874552114565182e-31 0.0000000000000000e+00
1.2233413522104846e-31 0.0000000000000000e+00
1.0786395493495738e-31 0.0000000000000000e+00
9.5105366569908074e-32 0.0000000000000000e+00
8.3855916055097346e-32 0.0000000000000000e+00
7.3937096412648082e-32 0.0000000000000000e+00
6.5191515197822669e-32 0.0000000000000000e+00
5.7480396985958245e-32 0.0000000000000000e+00
5.0681381275420953e-32 0.0000000000000000e+00
4.4686580863595439e-32 0.0000000000000000e+00
3.9400869886059882e-32 0.0000000000000000e+00
3.4740374353476864e-32 0.0000000000000000e+00
3.0631141233932887e-32 0.0000000000000000e+00
2.7007964961645268e-32 0.0000000000000000e+00
2.3813352751003699e-32 0.0000000000000000e+00
2.0996612297485392e-32 0.0000000000000000e+00
1.8513047389026211e-32 0.0000000000000000e+00
1.6323248663755418e-32 0.0000000000000000e+00
1.4392468259803244e-32 0.0000000000000000e+00
1.2690068434072802e-32 0.0000000000000000e+00
1.1189035400634785e-32 0.0000000000000000e+00
9.8655506742982981e-33 0.0000000000000000e+00
8.6986131174118716e-33 0.0000000000000000e+00
7.6697056925098374e-33 0.0000000000000000e+00
6.7625016328143097e-33 0.0000000000000000e+00
5.9626053680884556e-33 0.0000000000000000e+00
5.2573240948350570e-33 0.0000000000000000e+00
4.6354663661053523e-33 0.0000000000000000e+00
4.0871645049244596e-33 0.0000000000000000e+00
3.6037180233818877e-33 0.0000000000000000e+00
3.1774555627502165e-33 0.0000000000000000e+00
2.8016131638894305e-33 0.0000000000000000e+00
2.4702269363241347e-33 0.0000000000000000e+00
2.1780384228599894e-33 0.0000000000000000e+00
1.9204111580587996e-33 0.0000000000000000e+00
1.6932570965180881e-33 0.0000000000000000e+00
1.4929717435130001e-33 0.0000000000000000e+00
1.3163769586507311e-33 0.0000000000000000e+00
1.1606705249418263e-33 0.0000000000000000e+00
1.0233816830473487e-33 0.0000000000000000e+00
9.0233192511657497e-34 0.0000000000000000e+00
7.9560042608942575e-34 0.0000000000000000e+00
7.0149356392540358e-34 0.0000000000000000e+00
6.1851804510400889e-34 0.0000000000000000e+00
5.4535720895076738e-34 0.0000000000000000e+00
4.8085013478395477e-34 0.0000000000000000e+00
4.2397322035330572e-34 0.0000000000000000e+00
3.7382393925607544e-34 0.0000000000000000e+00
3.2960651959215266e-34 0.0000000000000000e+00
2.9061931660624192e-34 0.0000000000000000e+00
