# f_hz  Omega_gw
7.060171741324297292e-20 2.189287919935901254e-23
7.467582418478953588e-20 2.286143682960066609e-23
7.898502928813456174e-20 2.518127368423197841e-23
8.354289918795686842e-20 3.133099368701272876e-23
8.836378320844166088e-20 3.957332671466363703e-23
9.346285870857187196e-20 4.766782736244348410e-23
9.885617886428316466e-20 5.662615068648435281e-23
1.045607232079119404e-19 6.286418476662199496e-23
1.105944510840450933e-19 6.831922642447171827e-23
1.169763581900677917e-19 7.286812075478385746e-23
1.237265363794104846e-19 7.687489776062480351e-23
1.308662369157715050e-19 7.997846253739167195e-23
1.384179373774567634e-19 8.222097062237664602e-23
1.464054124224650293e-19 8.377223686808419834e-23
1.548538086371091843e-19 8.481487329264908459e-23
1.637897237038136486e-19 8.537522717419272167e-23
1.732412901373276309e-19 8.558260802558624641e-23
1.832382638529777536e-19 8.556583422685276645e-23
1.938121178457958556e-19 8.543334971629439706e-23
2.049961412754470634e-19 8.521682652804482591e-23
2.168255442689010749e-19 8.497251055555664819e-23
2.293375687707937253e-19 8.470939593018735232e-23
2.425716057904631179e-19 8.443299296407764249e-23
2.565693194147843423e-19 8.414700198758922842e-23
2.713747779772242889e-19 8.385402643000209345e-23
2.870345927960713046e-19 8.355595260756769686e-23
3.035980649186235081e-19 8.325417527786923799e-23
3.211173403333227378e-19 8.294974078311549409e-23
3.396475741384796307e-19 8.264344250189335714e-23
3.592471041844354757e-19 8.233588730678030626e-23
3.799776347358316262e-19 8.202845103583335359e-23
4.019044307322004732e-19 8.171948888523691372e-23
4.250965232584580461e-19 8.141041967619625988e-23
4.496269268721713555e-19 8.110145394842443177e-23
4.755728694718048592e-19 8.079275634177864837e-23
5.030160354296266484e-19 8.048445591766465158e-23
5.320428227547171570e-19 8.017665408576272618e-23
5.627446150956943479e-19 7.986943037137157297e-23
5.952180694394924427e-19 7.956284739616796237e-23
6.295654204119405569e-19 7.925695436442917594e-23
6.658948021381523372e-19 7.895179002645745036e-23
7.043205886760280627e-19 7.864738462063830381e-23
7.449637540946411354e-19 7.834381804095692867e-23
7.879522533311251914e-19 7.804098484703257097e-23
8.334214250250922760e-19 7.773896940968402976e-23
8.815144175988085877e-19 7.743778237782057646e-23
9.323826399245378053e-19 7.713743180181135828e-23
9.861862379978678317e-19 7.683792368162807657e-23
1.043094599117699212e-18 7.653926279941964704e-23
1.103286885160190448e-18 7.624145252957505842e-23
1.166952596625538222e-18 7.594449513149010297e-23
1.234292169233358084e-18 7.564839201193487087e-23
1.305517604944887401e-18 7.535314397475598653e-23
1.380853139398636169e-18 7.505875608235023411e-23
1.460535947860742677e-18 7.476521816196896570e-23
1.544816891912542156e-18 7.447253536361840658e-23
1.633961309226105375e-18 7.418070700368195299e-23
1.728249848914156640e-18 7.388973232684300616e-23
1.827979355084280148e-18 7.359961028718842278e-23
1.933463801379053998e-18 7.331033953685969302e-23
2.045035279444274531e-18 7.302191870070596133e-23
2.163045044437225001e-18 7.273434665077864938e-23
2.287864620866519953e-18 7.244762207887322096e-23
2.419886972244979755e-18 7.216174354464082567e-23
2.559527738237894843e-18 7.187670944266273747e-23
2.707226543201529416e-18 7.159251842404196780e-23
2.863448380231500372e-18 7.130916836903266404e-23
3.028685075078341667e-18 7.102665809086305293e-23
3.203456834539027579e-18 7.074498598820684498e-23
3.388313884199189237e-18 7.046415050007657908e-23
3.583838200682055901e-18 7.018414993717652944e-23
3.790645343857683212e-18 6.990498272706205592e-23
4.009386394780690982e-18 6.962664728298203509e-23
4.240750005457655158e-18 6.934914192940114854e-23
4.485464566897346997e-18 6.907246502737909783e-23
4.744300502269374101e-18 6.879661491494701541e-23
5.018072692390656082e-18 6.852159018181012655e-23
5.307643041175780528e-18 6.824738911297632841e-23
5.613923189127956977e-18 6.797400991120562432e-23
5.937877383413291567e-18 6.770145089807670444e-23
6.280525513554096069e-18 6.742971058818760517e-23
6.642946322298361311e-18 6.715878744434267124e-23
7.026280801774055828e-18 6.688867969969649880e-23
7.431735785620173871e-18 6.661938559372229531e-23
7.860587748403458579e-18 6.635090354621024599e-23
8.314186824282302847e-18 6.608323211004770597e-23
8.793961057569685408e-18 6.581636952388427257e-23
9.301420898576900111e-18 6.555031416779069413e-23
9.838163958892152792e-18 6.528506445332526298e-23
1.040588004106481538e-17 6.502061894134938247e-23
1.100635645853012830e-17 6.475697590845267048e-23
1.164148366252277421e-17 6.449413365652009028e-23
1.231326119369422073e-17 6.423209058183456146e-23
1.302380397717106139e-17 6.397084505710822596e-23
1.377534898087282412e-17 6.371039543564207591e-23
1.457026225805130443e-17 6.345074005759160892e-23
1.541104639622301091e-17 6.319187736402303479e-23
1.630034839594594137e-17 6.293380576166667897e-23
1.724096800424506660e-17 6.267652368010694561e-23
1.823586652892225269e-17 6.242002955124888809e-23
1.928817616150019412e-17 6.216432180157240648e-23
2.040120983815138971e-17 6.190939881678797713e-23
2.157847166965695958e-17 6.165525893290247245e-23
2.282366797323134250e-17 6.140190062011588338e-23
2.414071894094378156e-17 6.114932217508222332e-23
2.553377098147180741e-17 6.089752189873599784e-23
2.700720977404172719e-17 6.064649823228003271e-23
2.856567407565318683e-17 6.039624966050650605e-23
3.021407032505633221e-17 6.014677461847760222e-23
3.195758808945857058e-17 5.989807146568357321e-23
3.380171640259127653e-17 5.965013862796840018e-23
3.575226104557271887e-17 5.940297457926250538e-23
3.781536282497144757e-17 5.915657769643667116e-23
3.999751690561436672e-17 5.891094640596414431e-23
4.230559325900406288e-17 5.866607910820690382e-23
4.474685829172223186e-17 5.842197436626947837e-23
4.732899772191042941e-17 5.817863054764574364e-23
5.006014077584948238e-17 5.793604609343489381e-23
5.294888578081451155e-17 5.769421937395247293e-23
5.600432723477826592e-17 5.745314873373113165e-23
5.923608443818478020e-17 5.721283264730869366e-23
6.265433177793355133e-17 5.697326949237129947e-23
6.626983075891611118e-17 5.673445774093366820e-23
7.009396388394822158e-17 5.649639570731848075e-23
7.413877048875989540e-17 5.625908190080314523e-23
7.841698464486109513e-17 5.602251474147914957e-23
8.294207524961116439e-17 5.578669272522447702e-23
8.772828842970547266e-17 5.555161432475459413e-23
9.279069239157582504e-17 5.531727806179006919e-23
9.814522485990503244e-17 5.508368238998136676e-23
1.038087432536047360e-16 5.485082566741870159e-23
1.097990777572227639e-16 5.461870630583116534e-23
1.161350874548616470e-16 5.438732273943868888e-23
1.228367197033323291e-16 5.415667341489557058e-23
1.299250729314654485e-16 5.392675670448861150e-23
1.374224630632877297e-16 5.369757108518913200e-23
1.453524937741798735e-16 5.346911516911245184e-23
1.537401308012005246e-16 5.324138743670937818e-23
1.626117805415243350e-16 5.301438623939435226e-23
1.719953731864418655e-16 5.278810989309716739e-23
1.819204506526469848e-16 5.256255699068320669e-23
1.924182595876421869e-16 5.233772607481548123e-23
2.035218497420674702e-16 5.211361561101102404e-23
2.152661780186525946e-16 5.189022402682291452e-23
2.276882185253645931e-16 5.166754977580443325e-23
2.408270789792260126e-16 5.144559137648360575e-23
2.547241238272736318e-16 5.122434721763930718e-23
2.694231044722725459e-16 5.100381567985413137e-23
2.849702970131679717e-16 5.078399526847397502e-23
3.014146479339177750e-16 5.056488458088467884e-23
3.188079281993710707e-16 5.034648206799550161e-23
3.372048962433259830e-16 5.012878613544495198e-23
3.566634703618912002e-16 4.991179522589208750e-23
3.772449110548921621e-16 4.969550786772288207e-23
3.990140138893778344e-16 4.947992258938291889e-23
4.220393134924116965e-16 4.926503783996371928e-23
4.463932993153652114e-16 4.905085212382666228e-23
4.721526438489956418e-16 4.883736399589159740e-23
4.993984440077881808e-16 4.862457186473163731e-23
5.282164764435015411e-16 4.841247418904711744e-23
5.586974675917037481e-16 4.820106942104816325e-23
5.909373793014763615e-16 4.799035614453082518e-23
6.250377109475232310e-16 4.778033295291433229e-23
6.611058189758069689e-16 4.757099831724211623e-23
6.992552548887208287e-16 4.736235077236261327e-23
7.396061227338602903e-16 4.715438874658850139e-23
7.822854572218624030e-16 4.694711077968083699e-23
8.274276236637251926e-16 4.674051532805987258e-23
8.751747409866918516e-16 4.653460089114339283e-23
9.256771291604896987e-16 4.632936594005297623e-23
9.790937824425121654e-16 4.612480900016025301e-23
1.035592869931845778e-15 4.592092863154610411e-23
1.095352265008023629e-15 4.571772335710864341e-23
1.158560105321281961e-15 4.551519164010035521e-23
1.225415385097345578e-15 4.531333193792392907e-23
1.296128581621456732e-15 4.511214280135280511e-23
1.370922317873947853e-15 4.491162273794022334e-23
1.450032063403550079e-15 4.471177026633047741e-23
1.533706875644929484e-15 4.451258386433238627e-23
1.622210184014312335e-15 4.431406209719008990e-23
1.715820619251753233e-15 4.411620352572115157e-23
1.814832890620969828e-15 4.391900666709789329e-23
1.919558713728456614e-15 4.372247009136170628e-23
2.030327791882855184e-15 4.352659235917677530e-23
2.147488854084120186e-15 4.333137202582531951e-23
2.271410752910390910e-15 4.313680753380177435e-23
2.402483625758949745e-15 4.294289738808437715e-23
2.541120123097156405e-15 4.274964017656481812e-23
2.687756707590232983e-15 4.255703442878572234e-23
2.842855028195803637e-15 4.236507870343952385e-23
3.006903373551277255e-15 4.217377150685994017e-23
3.180418209229673820e-15 4.198311148379248609e-23
3.363945803703489086e-15 4.179309715231364450e-23
3.558063948135670976e-15 4.160372705696453730e-23
3.763383775411942513e-15 4.141499966190521271e-23
3.980551684141279996e-15 4.122691351249761681e-23
4.210251373681822774e-15 4.103946719971652053e-23
4.453205996598869168e-15 4.085265923020446725e-23
4.710180435331592426e-15 4.066648823844973738e-23
4.981983710235937126e-15 4.048095274350457990e-23
5.269471526584717167e-15 4.029605138389523939e-23
5.573548968543709327e-15 4.011178265480728001e-23
5.895173348604907468e-15 3.992814512398260267e-23
6.235357221447723965e-15 3.974513732062441433e-23
6.595171571716587315e-15 3.956275780197715746e-23
6.975749185750687878e-15 3.938100515060108530e-23
7.378288217881163545e-15 3.919987790385247490e-23
7.804055962523213398e-15 3.901937466044710367e-23
8.254392843938513390e-15 3.883949395125860891e-23
8.730716636228973321e-15 3.866023436530708490e-23
9.234526926847236491e-15 3.848159448000511289e-23
9.767409837676242885e-15 3.830357286773962439e-23
1.033104301854109187e-14 3.812616813707706881e-23
1.092720092887376653e-14 3.794937885196131894e-23
1.155776042415910603e-14 3.777320362664245109e-23
1.222470666474938166e-14 3.759764101654369081e-23
1.293013936564970981e-14 3.742268957800598389e-23
1.367627940695064471e-14 3.724834795976101113e-23
1.446547582571890796e-14 3.707461474957244555e-23
1.530021321135859163e-14 3.690148859286243412e-23
1.618311952772547602e-14 3.672896799049056410e-23
1.711697438661997808e-14 3.655705151944005569e-23
1.810471779870635575e-14 3.638573782379466151e-23
1.914945942940801064e-14 3.621502552154297070e-23
2.025448838891846558e-14 3.604491320892342395e-23
2.142328358715008127e-14 3.587539945743312702e-23
2.265952468621998384e-14 3.570648284354842106e-23
2.396710368495458786e-14 3.553816196282474928e-23
2.535013717188384983e-14 3.537043541283820026e-23
2.681297928530011171e-14 3.520330178212897270e-23
2.836023542118391017e-14 3.503675972134884691e-23
2.999677673215246346e-14 3.487080782149431107e-23
3.172775546307649234e-14 3.470544471309660246e-23
3.355862117164701376e-14 3.454066899452468063e-23
3.549513788495755370e-14 3.437647924265175124e-23
3.754340224611534107e-14 3.421287405368803136e-23
3.970986270801204196e-14 3.404985203844442995e-23
4.200133983467964070e-14 3.388741189119103210e-23
4.442504777414673881e-14 3.372555225828573710e-23
4.698861697039664405e-14 3.356427174678113397e-23
4.970011818592928664e-14 3.340356894055988357e-23
5.256808791055778994e-14 3.324344247788960408e-23
5.560155523643173784e-14 3.308389097757580032e-23
5.881007028389668009e-14 3.292491304750408714e-23
6.220373426768257985e-14 3.276650732983698922e-23
6.579323129807510224e-14 3.260867243139145599e-23
6.958986201719026003e-14 3.245140702053775270e-23
7.360557917624687017e-14 3.229470973821423834e-23
7.785302526584162753e-14 3.213857916310363343e-23
8.234557231769925192e-14 3.198301394817649257e-23
8.709736400320132120e-14 3.182801275923219258e-23
9.212336016123139661e-14 3.167357429675286540e-23
9.743938389552223596e-14 3.151969714264213311e-23
1.030621713897767147e-13 3.136637989846364326e-23
1.090094245973963459e-13 3.121362125557117938e-23
1.152998669716967596e-13 3.106141988683326510e-23
1.219533024120603444e-13 3.090977447158808045e-23
1.289906776116081630e-13 3.075868361304047467e-23
1.364341480026734339e-13 3.060814598246936801e-23
1.443071475076910452e-13 3.045816020497440864e-23
1.526344623150978732e-13 3.030872491360928603e-23
1.614423089125046464e-13 3.015983877997599328e-23
1.707584166228129587e-13 3.001150049278276985e-23
1.806121149031196302e-13 2.986370873882685993e-23
1.910344256812441467e-13 2.971646212083744896e-23
2.020581610205841411e-13 2.956975932776645052e-23
2.137180264207676648e-13 2.942359902637098134e-23
2.260507300793200154e-13 2.927797987566337834e-23
2.390950984583313389e-13 2.913290049418748717e-23
2.528921985199505328e-13 2.898835957002371577e-23
2.674854670155427749e-13 2.884435584500564819e-23
2.829208472355415983e-13 2.870088798634723939e-23
2.992469336505131835e-13 2.855795462633043743e-23
3.165151248988101347e-13 2.841555442968716447e-23
3.347797856024499889e-13 2.827368608751509321e-23
3.540984175206582209e-13 2.813234828985854175e-23
3.745318405799141358e-13 2.799153972831872931e-23
3.961443843504175017e-13 2.785125907114760765e-23
4.190040905718044919e-13 2.771150501044735053e-23
4.431829273657107611e-13 2.757227620471625708e-23
4.687570158095676102e-13 2.743357132072738374e-23
4.958068695849588514e-13 2.729538908176594235e-23
5.244176484549993397e-13 2.715772817671271141e-23
5.546794263687500440e-13 2.702058728503496965e-23
5.866874750367361832e-13 2.688396509668762704e-23
6.205425638703170401e-13 2.674786035690572512e-23
6.563512772292162626e-13 2.661227181029365856e-23
6.942263499759763957e-13 2.647719813845086474e-23
7.342870223937361418e-13 2.634263801589116558e-23
7.766594155847258467e-13 2.620859009775315041e-23
8.214769285313103629e-13 2.607505312188582421e-23
8.688806580696342789e-13 2.594202580006734942e-23
9.190198430980614842e-13 2.580950685682728682e-23
9.720523344188627036e-13 2.567749500449639287e-23
1.028145091692364004e-12 2.554598895629144116e-23
1.087474709068081260e-12 2.541498744321642725e-23
1.150227971147635589e-12 2.528448913339700191e-23
1.216602441029806744e-12 2.515449272962663048e-23
1.286807082288999008e-12 2.502499694524642445e-23
1.361062916845285703e-12 2.489600047473717335e-23
1.439603720797175859e-12 2.476750205096536421e-23
1.522676760407728712e-12 2.463950038767227618e-23
1.610543570561129482e-12 2.451199420708678368e-23
1.703480778140489111e-12 2.438498223325590116e-23
1.801780972919033884e-12 2.425846319521331346e-23
1.905753628706529788e-12 2.413243587595198096e-23
2.015726077650899890e-12 2.400689900707651808e-23
2.132044540762390304e-12 2.388185132622622453e-23
2.255075217904666233e-12 2.375729154875156071e-23
2.385205440684331009e-12 2.363321841052186392e-23
2.522844891868539306e-12 2.350963064456145188e-23
2.668426895169712738e-12 2.338652698386237791e-23
2.822409779457859850e-12 2.326390617087854325e-23
2.985278321695496879e-12 2.314176697420363440e-23
3.157545273137805717e-12 2.302010810825055804e-23
3.339752973602923331e-12 2.289892832562054107e-23
3.532475058894522755e-12 2.277822636565660652e-23
3.736318266751984799e-12 2.265800099168423668e-23
3.951924347013872409e-12 2.253825096080185005e-23
4.179972082008330953e-12 2.241897498871951426e-23
4.421179423531037112e-12 2.230017184041115140e-23
4.676305753138586851e-12 2.218184026015120076e-23
4.946154272873184881e-12 2.206397903025303125e-23
5.231574533945275213e-12 2.194658690915958300e-23
5.533465111335096906e-12 2.182966268161853851e-23
5.852776432733324859e-12 2.171320512191533086e-23
6.190513770727221368e-12 2.159721294926912519e-23
6.547740407652362913e-12 2.148168490741817667e-23
6.925580983073574208e-12 2.136661975625450433e-23
7.325225034434008856e-12 2.125201627033781936e-23
7.747930742019149923e-12 2.113787320573052419e-23
8.195028890025558340e-12 2.102418934592103832e-23
8.667927056205421427e-12 2.091096348341710843e-23
9.168114043276297241e-12 2.079819436753071664e-23
9.697164566047509923e-12 2.068588076336699961e-23
1.025674420901985505e-11 2.057402144313772141e-23
1.084861467006545166e-11 2.046261524571704535e-23
1.147463930669731919e-11 2.035166096935158732e-23
1.213678900238875448e-11 2.024115735978448746e-23
1.283714837141151153e-11 2.013110318575626915e-23
1.357792232172773014e-11 2.002149724881301692e-23
1.436144299659598574e-11 1.991233836834171918e-23
1.519017711674692758e-11 1.980362530101576802e-23
1.606673374624223711e-11 1.969535682706088080e-23
1.699387250646622311e-11 1.958753175816923643e-23
1.797451226411047260e-11 1.948014891436312216e-23
1.901174032050227945e-11 1.937320705718493053e-23
2.010882213120779981e-11 1.926670497171800060e-23
2.126921158651032738e-11 1.916064144389875704e-23
2.249656188512795730e-11 1.905501529508852214e-23
2.379473703540440976e-11 1.894982534004393565e-23
2.516782402018263783e-11 1.884507035227332605e-23
2.662014566365700973e-11 1.874074916370387898e-23
2.815627424071501957e-11 1.863686056198766489e-23
2.978104587161172266e-11 1.853340335830984256e-23
3.149957574729585947e-11 1.843037636700440571e-23
3.331727423332213518e-11 1.832777841511082272e-23
3.523986390304573867e-11 1.822560832671137673e-23
3.727339755372775657e-11 1.812386491641768087e-23
3.942427726226740205e-11 1.802254697758519252e-23
4.169927454055455877e-11 1.792165332477053226e-23
4.410555165389825601e-11 1.782118277945392949e-23
4.665068416964417364e-11 1.772113417571054776e-23
4.934268480697101925e-11 1.762150633308215282e-23
5.219002866295281307e-11 1.752229808003323842e-23
5.520167989430188663e-11 1.742350824307888200e-23
5.838711993879473161e-11 1.732513564944561716e-23
6.175637736523141251e-11 1.722717912910204440e-23
6.532005944589805733e-11 1.712963750429927937e-23
6.908938555093739573e-11 1.703250961140948388e-23
7.307622246975542855e-11 1.693579428355562696e-23
7.729312177066701020e-11 1.683949035586518940e-23
8.175335931640115555e-11 1.674359666233470887e-23
8.647097705986330796e-11 1.664811206221255749e-23
9.146082725174747497e-11 1.655303539774532723e-23
9.673861919916707877e-11 1.645836550761267823e-23
1.023209687225151927e-10 1.636410124295580966e-23
1.082254504662608971e-10 1.627024143857257020e-23
1.144706532283622612e-10 1.617678493238583965e-23
1.210762384824900019e-10 1.608373055642675558e-23
1.280630022773088715e-10 1.599107717878768056e-23
1.354529407076836704e-10 1.589882365933631944e-23
1.432693191639325548e-10 1.580696884440364859e-23
1.515367455771486796e-10 1.571551160762384580e-23
1.602812478911697446e-10 1.562445079296643980e-23
1.695303560051153692e-10 1.553378526801840406e-23
1.793131884444521606e-10 1.544351390577987233e-23
1.896605440334550079e-10 1.535363556525534871e-23
2.006049988576799125e-10 1.526414911837445013e-23
2.121810088216929135e-10 1.517505340855435521e-23
2.244250181249547052e-10 1.508634731083963807e-23
2.373755739973514739e-10 1.499802969015582659e-23
2.510734480555952923e-10 1.491009941681104319e-23
2.655617646625640409e-10 1.482255536290424653e-23
2.808861366936713783e-10 1.473539639307422027e-23
2.970948091377009462e-10 1.464862139620049873e-23
3.142388109842077882e-10 1.456222922222283477e-23
3.323721158756466994e-10 1.447621876372499812e-23
3.515518120300093656e-10 1.439058890591090214e-23
3.718382819689449085e-10 1.430533855626013101e-23
3.932953926171584250e-10 1.422046659304747618e-23
4.159906963716108553e-10 1.413597189359241074e-23
4.399956437735010671e-10 1.405185335038157624e-23
4.653858084525871079e-10 1.396810983344214314e-23
4.922411250520495076e-10 1.388474023614143338e-23
5.206461408828968373e-10 1.380174344099351773e-23
5.506902821002411409e-10 1.371911836534629071e-23
5.824681352393876417e-10 1.363686389867443356e-23
6.160797449980998708e-10 1.355497893314955242e-23
6.516309292025584531e-10 1.347346236035987030e-23
6.892336119485654429e-10 1.339231309294991724e-23
7.290061759668215926e-10 1.331153002019030277e-23
7.710738353216416622e-10 1.323111205215356207e-23
8.155690296164073243e-10 1.315105810109971070e-23
8.626318409468365019e-10 1.307136708862823288e-23
9.124104349147798517e-10 1.299203790419307998e-23
9.650615270908839197e-10 1.291306943757454118e-23
1.020750876394763293e-09 1.283446061447201047e-23
1.079653806945884677e-09 1.275621034306757685e-23
1.141955760028105516e-09 1.267831753794003603e-23
1.207852877905645824e-09 1.260078110904247976e-23
1.277552621328376879e-09 1.252359998919047151e-23
1.351274422670627334e-09 1.244677310245270219e-23
1.429250376759636830e-09 1.237029937399895710e-23
1.511725971568601773e-09 1.229417772608720740e-23
1.598960861074773485e-09 1.221840708438905545e-23
1.691229682715661229e-09 1.214298637930618562e-23
1.788822922016943658e-09 1.206791454180987834e-23
1.892047827114218664e-09 1.199319048991131847e-23
2.001229376047621695e-09 1.191881314805621321e-23
2.116711299874645560e-09 1.184478145183964711e-23
2.238857164822275641e-09 1.177109432994145361e-23
2.368051516885114975e-09 1.169775073155558086e-23
2.504701092473239778e-09 1.162474958589438478e-23
2.649236098920994840e-09 1.155208984686285544e-23
2.802111568888169704e-09 1.147977043984516333e-23
2.963808792917670449e-09 1.140779030998381685e-23
3.134836834659466664e-09 1.133614838608696645e-23
3.315734133531457041e-09 1.126484363601848299e-23
3.507070199862546188e-09 1.119387502166692922e-23
3.709447407854777069e-09 1.112324150330210194e-23
3.923502892009353847e-09 1.105294201192734468e-23
4.149910552986735327e-09 1.098297548829552169e-23
4.389383179215849835e-09 1.091334089039191972e-23
4.642674690931977429e-09 1.084403716698256581e-23
4.910582513707780876e-09 1.077506328589356809e-23
5.193950088950102689e-09 1.070641819559163162e-23
5.493669529266409382e-09 1.063810087792790363e-23
5.810684427060158458e-09 1.057011029652735771e-23
6.145992825197857324e-09 1.050244540822548843e-23
6.500650359099707204e-09 1.043510516704261067e-23
6.875773580146110651e-09 1.036808854272901102e-23
7.272543470863257002e-09 1.030139451779024912e-23
7.692209162953798930e-09 1.023502205938667569e-23
8.136091869878759342e-09 1.016897012585353094e-23
8.605589046370693739e-09 1.010323769033262748e-23
9.102178787973609623e-09 1.003782373429106236e-23
9.627424484460782316e-09 9.972727243487791829e-24
1.018297974178004512e-08 9.907947190484580792e-24
1.077059358802232096e-08 9.843482557043964772e-24
1.139211597980347474e-08 9.779332331410303551e-24
1.204950362639430694e-08 9.715495496332989544e-24
1.274482614993475793e-08 9.651971039358175621e-24
1.348027260112682661e-08 9.588757951313333662e-24
1.425815835091795645e-08 9.525855215056042707e-24
1.508093237987323272e-08 9.463261813508961573e-24
1.595118498818378891e-08 9.400976737160080839e-24
1.687165595058503753e-08 9.338998989334963424e-24
1.784524314185910603e-08 9.277327569063094511e-24
1.887501166007510934e-08 9.215961470566112450e-24
1.996420347629153753e-08 9.154899688700293237e-24
2.111624764109876798e-08 9.094141218143109890e-24
2.233477108013503191e-08 9.033685062878557917e-24
2.362361001256373041e-08 8.973530232177390750e-24
2.498682202845884806e-08 8.913675732945121719e-24
2.642869886312171701e-08 8.854120579980079831e-24
2.795377990854693734e-08 8.794863778577727314e-24
2.956686650457321835e-08 8.735904333778483796e-24
3.127303705471192277e-08 8.677241256886785811e-24
3.307766301424324471e-08 8.618873560003922821e-24
3.498642580091138080e-08 8.560800270884310980e-24
3.700533468146168337e-08 8.503020399740304081e-24
3.914074569032782298e-08 8.445532968712473172e-24
4.139938164003106317e-08 8.388336989219415860e-24
4.378835328629103963e-08 8.331431476854467085e-24
4.631518171447714451e-08 8.274815466063125820e-24
4.898782201788369563e-08 8.218487982939369550e-24
5.181468834236985459e-08 8.162448054413174119e-24
5.480468037621263222e-08 8.106694698893847588e-24
5.796721136857177894e-08 8.051226951998507092e-24
6.131223776477216416e-08 7.996043850113667550e-24
6.485029055170431714e-08 7.941144415973479106e-24
6.859250841202922407e-08 7.886527675558456122e-24
7.255067279156037601e-08 7.832192671521363865e-24
7.673724499022620216e-08 7.778138454526674248e-24
8.116540539338768301e-08 7.724364059617864629e-24
8.584909496701388062e-08 7.670868524286858367e-24
9.080305914736164196e-08 7.617650891021152102e-24
9.604289426332768823e-08 7.564710221555728198e-24
1.015850966376249326e-07 7.512045560512791321e-24
1.074471145213703908e-07 7.459655943128304562e-24
1.136474030255778982e-07 7.407540414702421319e-24
1.202054822225057728e-07 7.355698030042433226e-24
1.271419985997672818e-07 7.304127848074477426e-24
1.344787900606800129e-07 7.252828917995309462e-24
1.422389546754973662e-07 7.201800287175370731e-24
1.504469233999588817e-07 7.151041011893786404e-24
1.591285369900997297e-07 7.100550150596383694e-24
1.683111273554727965e-07 7.050326761854748609e-24
1.780236036068928555e-07 7.000369904221391821e-24
1.882965430696075448e-07 6.950678635144373593e-24
1.991622875484355716e-07 6.901252020755317565e-24
2.106550451479207588e-07 6.852089122767247868e-24
2.228109979680794196e-07 6.803189002728329958e-24
2.356684160147764269e-07 6.754550730912666302e-24
2.492677776833541443e-07 6.706173375718364423e-24
2.636518971948388142e-07 6.658056005456752445e-24
2.788660593859000112e-07 6.610197685810850833e-24
2.949581622769473138e-07 6.562597480112619354e-24
3.119788678671781283e-07 6.515254456360324801e-24
3.299817616313267193e-07 6.468167682642560423e-24
3.490235212202630815e-07 6.421336231466253757e-24
3.691640948965322090e-07 6.374759174512561520e-24
3.904668902666012607e-07 6.328435582914145948e-24
4.129989739040091338e-07 6.282364521201574315e-24
4.368312824918530997e-07 6.236545059067294648e-24
4.620388461493560717e-07 6.190976257606131250e-24
4.887010246456206727e-07 6.145657186459304105e-24
5.169017572441866787e-07 6.100586911197164016e-24
5.467298269650198493e-07 6.055764496503736105e-24
5.782791400958493661e-07 6.011189000820018508e-24
6.116490218328425481e-07 5.966859480892805353e-24
6.469445289813937162e-07 5.922774989849394521e-24
6.842767807014290453e-07 5.878934579287039140e-24
7.237633083385703446e-07 5.835337298367933749e-24
7.655284254424514757e-07 5.791982198214918119e-24
8.097036191371211378e-07 5.748868319997878740e-24
8.564279640756963428e-07 5.705994691390877911e-24
9.058485602824434995e-07 5.663360330334474750e-24
9.581209962607505356e-07 5.620964249257927521e-24
1.013409838825003964e-06 5.578805456907343017e-24
1.071889151198424657e-06 5.536882951329507102e-24
1.133743041007987315e-06 5.495195717124840374e-24
1.199166239901704185e-06 5.453742729491348519e-24
1.268364716612937516e-06 5.412522943690090267e-24
1.341556325401961457e-06 5.371535301473764976e-24
1.418971491916115382e-06 5.330778721303290619e-24
1.500853938627848866e-06 5.290252109117245885e-24
1.587461452134585887e-06 5.249954347912804743e-24
1.679066694735911791e-06 5.209884295063001920e-24
1.775958062843318430e-06 5.170040776747525733e-24
1.878440594924836485e-06 5.130422590894319226e-24
1.986836931843057405e-06 5.091028501715181545e-24
2.101488332610001514e-06 5.051857238721813774e-24
2.222755748756550890e-06 5.012907485564764566e-24
2.351020960698890094e-06 4.974177876784379915e-24
2.486687779679616969e-06 4.935667000689771759e-24
2.630183319067372134e-06 4.897373385934821639e-24
2.781959339017430875e-06 4.859295497426476608e-24
2.942493668726704397e-06 4.821431728360620728e-24
3.112291710760497984e-06 4.783780403051287195e-24
3.291888032187357315e-06 4.746339763136248299e-24
3.481848047531013183e-06 4.709107955521388538e-24
3.682769798837885041e-06 4.672083025271805556e-24
3.895285838464405591e-06 4.635262916119140280e-24
4.120065220511276914e-06 4.598645452146379437e-24
4.357815607174666228e-06 4.562228325828171788e-24
4.609285496645258658e-06 4.526009090527491197e-24
4.875266579569321904e-06 4.489985148618429955e-24
5.156596231490672089e-06 4.454153733532293897e-24
5.454160149120072408e-06 4.418511893429871256e-24
5.768895138731820254e-06 4.383056483222463538e-24
6.101792065466351016e-06 4.347784146735406643e-24
6.453898972823585624e-06 4.312691294479497671e-24
6.826324382168159662e-06 4.277774078428328147e-24
7.220240782634489350e-06 4.243028372819958939e-24
7.636888322418117786e-06 4.208449761562246934e-24
8.077578713075259442e-06 4.174033495965018669e-24
8.543699359121593212e-06 4.139774466304119221e-24
9.036717725931531309e-06 4.105667154147093533e-24
9.558185959689654033e-06 4.071705602109017895e-24
1.010974577393812613e-05 4.037883373211581263e-24
1.069313361810532847e-05 4.004193521910779592e-24
1.131018614428658287e-05 3.970628601055166482e-24
1.196284598948809671e-05 3.937180727223110294e-24
1.265316789153857142e-05 3.903841764479761387e-24
1.338332515792208254e-05 3.870603727133467301e-24
1.415561650789808648e-05 3.837459586622243201e-24
1.497247330944982856e-05 3.804404763900995306e-24
1.583646723384393953e-05 3.771439821121142099e-24
1.675031835190008911e-05 3.738575140442467432e-24
1.771690369746051647e-05 3.705838939029702414e-24
1.873926632501778940e-05 3.673290786044111312e-24
1.982062489001844996e-05 3.641044080592974980e-24
2.096438378200206614e-05 3.609303119537844141e-24
2.217414384247803704e-05 3.578423734912111766e-24
2.345371370128355534e-05 3.549011589341322113e-24
2.480712176711039033e-05 3.522081214345833713e-24
2.623862890995225854e-05 3.499311534451256761e-24
2.775274187539813748e-05 3.483454307746727882e-24
2.935422747300387699e-05 3.478984431419686536e-24
3.104812758341176293e-05 3.493134412663732217e-24
3.283977503146232919e-05 3.537533821217412977e-24
3.473481037527175944e-05 3.630792593899164753e-24
3.673919966413245834e-05 3.802589042350667211e-24
3.885925322114087554e-05 4.100074521694668627e-24
4.110164550968582931e-05 4.597962214244470997e-24
4.347343614634410628e-05 5.414310626188228165e-24
4.598209212633289685e-05 6.735244905835937162e-24
4.863551133149552122e-05 8.853508510594748174e-24
5.144204739482526712e-05 1.222881070938781134e-23
5.441053599980864039e-05 1.758193476790666552e-23
5.755032269738728112e-05 2.604087632912342677e-23
6.087129232810800303e-05 3.936843053229010426e-23
6.438390014209592160e-05 6.031580226788390715e-23
6.809920471481866421e-05 9.317116799869652871e-23
7.202890276227050552e-05 1.446088896810381509e-22
7.618536596518657087e-05 2.250125176107906273e-22
8.058167991821387312e-05 3.505022712338682660e-22
8.523168532666303826e-05 5.460922785293526733e-22
9.015002158054198243e-05 8.505491476000119704e-22
9.535217284304760472e-05 1.323873330172524924e-21
1.008545167986162647e-04 2.058840205377583206e-21
1.066743762140083399e-04 3.198707301410772925e-21
1.128300734747446555e-04 4.964509602415319737e-21
1.193409882686008173e-04 7.696688834645292559e-21
1.262276185977517404e-04 1.191894478301639069e-20
1.335116453116516654e-04 1.843599204330857417e-20
1.412160003638208961e-04 2.848227763351616755e-20
1.493649390074157704e-04 4.394808594541278357e-20
1.579841161568881281e-04 6.772302479536712050e-20
1.671006671561258317e-04 1.042190829650063182e-19
1.767432932073583613e-04 1.601548271740884106e-19
1.869423517297852443e-04 2.457428821684421529e-19
1.977299519323877375e-04 3.764704634103151263e-19
2.091400559018158031e-04 5.757634885184731629e-19
2.212085855236087923e-04 8.789718647757486446e-19
2.339735355733501860e-04 1.339270091975118028e-18
2.474750933338025851e-04 2.036405888374289841e-18
2.617557651146178925e-04 3.089627630115159294e-18
2.768605100729146532e-04 4.676522009079796497e-18
2.928368817560527619e-04 7.060474718408510350e-18
3.097351778121933564e-04 1.063066404712897776e-17
3.276085983399790831e-04 1.595939785478755943e-17
3.465134133758733070e-04 2.388434950526329671e-17
3.665091400464189032e-04 3.562473126235005369e-17
3.876587299431751119e-04 5.294505695466905847e-17
4.100287673102043055e-04 7.838299828948200382e-17
4.336896786680629516e-04 1.155647304420350623e-16
4.587159545342632647e-04 1.696332172697282180e-16
4.851863839382087261e-04 2.478259054380903771e-16
5.131843024689269374e-04 3.602444283926653900e-16
5.427978546365375655e-04 5.208581297988368094e-16
5.741202713733992418e-04 7.488010292895211735e-16
6.072501635485954988e-04 1.070002970701066692e-15
6.422918324198420613e-04 1.519210141807257914e-15
6.793555980001363646e-04 2.142422035540741117e-15
7.185581463730056221e-04 2.999729115670819403e-15
7.600228970497218935e-04 4.168554138350487417e-15
8.038803915250651707e-04 5.747189903322459113e-15
8.502687042548531630e-04 7.858413510312064687e-15
8.993338773491964299e-04 1.065297925672116506e-14
9.512303803498752507e-04 1.431279270363082058e-14
1.006121596539428760e-03 1.905318651096568301e-14
1.064180337312942842e-03 2.512404133549861696e-14
1.125589386231922720e-03 3.280967412765567713e-14
1.190542074473017325e-03 4.242718335631184597e-14
1.259242889483384344e-03 5.432338556818025900e-14
1.331908118758722394e-03 6.887099750090869318e-14
1.408766530770873965e-03 8.646480953804084207e-14
1.490060095188697068e-03 1.075190804870143055e-13
1.576044744659570304e-03 1.324673323096296630e-13
1.666991180549999042e-03 1.617658218204518085e-13
1.763185725181755587e-03 1.959017724797635561e-13
1.864931223246786085e-03 2.354065256881086677e-13
1.972547995238709429e-03 2.808733389910944340e-13
2.086374845902471114e-03 3.329790277057252557e-13
2.206770130877237692e-03 3.925081176819560810e-13
2.334112884890285344e-03 4.603782393177450427e-13
2.468804015053947462e-03 5.376656488941525013e-13
2.611267563022358351e-03 6.256302718518327696e-13
2.761952039981460660e-03 7.257403925351256510e-13
2.921331838675482028e-03 8.396975212677922081e-13
3.089908726914880437e-03 9.694623207946441794e-13
3.268213427268004678e-03 1.117282691298992356e-12
3.456807287909614227e-03 1.285725108164947370e-12
3.656284049886568063e-03 1.477710206559346858e-12
3.867271716364294089e-03 1.696553513564671804e-12
4.090434529739344835e-03 1.946012010136137585e-12
4.326475062841905923e-03 2.230337140665179482e-12
4.576136430812320459e-03 2.554334798325668529e-12
4.840204630615040950e-03 2.923432636537738635e-12
5.119511015555191016e-03 3.343754919844420915e-12
5.414934912588713518e-03 3.822205417785807611e-12
5.727406390665289171e-03 4.366558719204999615e-12
6.057909188820037073e-03 4.985560307614371805e-12
6.407483813232154636e-03 5.689035953855945486e-12
6.777230813000893576e-03 6.488010813380536188e-12
7.168314244951526359e-03 7.394838420804223603e-12
7.581965338380192328e-03 8.423339617833938582e-12
8.019486371274085409e-03 9.588950896400077223e-12
8.482254770211123882e-03 1.090888153341765723e-11
8.971727446846353843e-03 1.240227839076641448e-11
9.489445384637047037e-03 1.409039640627782684e-11
1.003703849024778494e-02 1.599677198594519715e-11
1.061623072490750636e-02 1.814739626102569501e-11
1.122884553187439467e-02 2.057088305056988931e-11
1.187681157709532566e-02 2.329862520208898416e-11
1.256216882113240368e-02 2.636493172605679372e-11
1.328707494147395550e-02 2.980713551021343407e-11
1.405381212544718102e-02 3.366565918931096543e-11
1.486479425511964651e-02 3.798402414899226694e-11
1.572257450680905611e-02 4.280878377825362955e-11
1.662985338912585653e-02 4.818935980011938143e-11
1.758948724485629583e-02 5.417775640952743833e-11
1.860449724344956715e-02 6.082812267037071707e-11
1.967807889242141964e-02 6.819613167020767570e-11
2.081361209761793327e-02 7.633814357539395460e-11
2.201467180401187745e-02 8.531011665132964284e-11
2.328503925053057588e-02 9.516623397546673098e-11
2.462871387435093540e-02 1.059572194211871126e-10
2.604992590213583981e-02 1.177283259106193802e-10
2.755314966785497865e-02 1.305169973500966693e-10
2.914311769911706596e-02 1.443502316882774540e-10
3.082483561635962141e-02 1.592417109008147856e-10
3.260359789180618945e-02 1.751888181657959662e-10
3.448500451779950432e-02 1.921697301854946123e-10
3.647497863699029896e-02 2.101408563608728327e-10
3.857978518988441213e-02 2.290350104299563266e-10
4.080605063845627045e-02 2.487608149728866103e-10
4.316078382792138540e-02 2.692039630469333023e-10
4.565139805235102211e-02 2.902310886866444330e-10
4.828573439359074709e-02 3.116970862841271877e-10
5.107208640696428437e-02 3.334567545131929639e-10
5.401922623147821512e-02 3.553815488943852182e-10
5.713643220672664363e-02 3.773820193692024009e-10
6.043351808344731013e-02 3.994360112857266113e-10
6.392086391968275494e-02 4.216220330338799392e-10
6.760944875982188851e-02 4.441560552127630011e-10
7.151088519940181076e-02 4.674286345578670275e-10
7.563745594448560705e-02 4.920376417247100629e-10
8.000215248072267693e-02 5.188099953482406274e-10
8.461871597382068788e-02 5.488042675522235752e-10
8.950168053020185477e-02 5.832850711075853473e-10
9.466641895403708762e-02 6.236605716654404314e-10
1.001291911447082933e-01 6.713762219876026461e-10
1.059071952870778155e-01 7.277626175971147308e-10
1.120186219957096524e-01 7.938425360742434786e-10
1.184827115835135475e-01 8.701115864961314336e-10
1.253198146351034437e-01 9.563175907499881996e-10
1.325514560755724491e-01 1.051272741862902799e-09
1.402004029363825288e-01 1.152739453377460252e-09
1.482907360317288759e-01 1.257428602421891401e-09
1.568479257710133912e-01 1.361137256921698751e-09
1.658989123461194204e-01 1.459032810053240428e-09
1.754721905459331599e-01 1.546063394765222631e-09
1.855978994651211467e-01 1.617443229288194194e-09
1.963079173896115637e-01 1.669140399324791916e-09
2.076359621574739578e-01 1.698286851873110962e-09
2.196176973111806374e-01 1.703442334305481604e-09
2.322908443754343188e-01 1.684673066843750264e-09
2.456953016140455137e-01 1.643444490957659470e-09
2.598732696397236253e-01 1.582364384362560450e-09
2.748693842722624292e-01 1.504836291263269986e-09
2.907308570633528877e-01 1.414687831389030691e-09
3.075076239304591619e-01 1.315828132019161046e-09
3.252525023676856586e-01 1.211969354715423838e-09
3.440213577285616831e-01 1.106427464925787891e-09
3.638732791042819659e-01 1.002002152964771980e-09
3.848707653510609616e-01 9.009262475908864628e-10
4.070799218523005192e-01 8.048702064965063330e-10
4.305706686350154189e-01 7.149857081373517462e-10
4.554169604957023498e-01 6.319730697972528277e-10
4.816970198287150451e-01 5.561595149556125381e-10
5.094935828900801766e-01 4.875785675120270654e-10
5.388941602721051272e-01 4.260440567700143916e-10
5.699913124088024086e-01 3.712150404469692847e-10
6.028829409794657090e-01 3.226500196005240870e-10
6.376725971278800476e-01 2.798502898003373872e-10
6.744698074674259081e-01 2.422931791531108252e-10
7.133904188984903083e-01 2.094564400075745248e-10
7.545569633237323437e-01 1.808352718820429625e-10
7.980990434094293873e-01 1.559534586782029877e-10
8.441537406073357230e-01 1.343699751078764644e-10
8.928660467217117702e-01 1.156822260024615736e-10
9.443893203800728386e-01 9.952687136317700933e-11
9.988857698448396771e-01 8.557899161719959511e-11
1.056526963685876286e+00 7.355017277530154065e-11
1.117494370921590097e+00 6.318594510749086258e-11
1.181979932329231708e+00 5.426289079443744634e-11
1.250186664722843677e+00 4.658564265226620438e-11
1.322329300101412475e+00 3.998392460084874968e-11
1.398634961679368072e+00 3.430973052077546679e-11
1.479343878927767530e+00 2.943469837330718543e-11
1.564710143877220849e+00 2.524770818186696205e-11
1.655002511063770054e+00 2.165271302966484211e-11
1.750505243635916530e+00 1.856679977432726819e-11
1.851519008286730106e+00 1.591846870730357807e-11
1.958361821828459082e+00 1.364611680585780571e-11
2.071370052389613914e+00 1.169670702236435099e-11
2.190899478386778565e+00 1.002460534822601159e-11
2.317326408604750920e+00 8.590567912893247463e-12
2.451048866911537338e+00 7.360861028071689550e-12
2.592487845337915431e+00 6.306498310721993522e-12
2.742088629466458372e+00 5.402580489669377351e-12
2.900322200302996922e+00 4.627724938636153592e-12
3.067686717043554001e+00 3.963573338929356942e-12
3.244709085405173887e+00 3.394367134273250996e-12
3.431946616458061872e+00 2.906581793653825659e-12
3.629988781181308521e+00 2.488611945273443279e-12
3.839459066266388110e+00 2.130500422513025046e-12
4.061016937010435868e+00 1.823705297050119066e-12
4.295359913479383174e+00 1.560899553484282130e-12
4.543225766477072547e+00 1.335798877722987074e-12
4.805394840233899068e+00 1.143013851935628477e-12
5.082692509127131331e+00 9.779228661601594773e-13
5.375991776167890812e+00 8.365630755094680111e-13
5.686216021434693069e+00 7.155367659296520225e-13
6.014341909106900808e+00 6.119309899031678512e-13
6.361402462249979628e+00 5.232486327757281113e-13
6.728490315032484403e+00 4.473492059340618925e-13
7.116761152614352604e+00 3.823981313385062030e-13
7.527437349535107458e+00 3.268231376289603641e-13
7.961811818057311640e+00 2.792769138857354646e-13
8.421252078580508282e+00 2.386050260908853131e-13
8.907204564940474967e+00 2.038184033286875167e-13
9.421199178147521280e+00 1.740697354394380727e-13
9.964854102901215427e+00 1.486332144492257996e-13
1.053988090204373407e+01 1.268871797582213324e-13
1.114808990499150632e+01 1.082992078617406599e-13
1.179139590710897778e+01 9.241335847440858743e-14
1.247182419796704522e+01 7.883921541688801398e-14
1.319151693746608345e+01 6.724250602388222993e-14
1.395273989989530428e+01 5.733705677889621466e-14
1.475788960716186615e+01 4.887789621383522794e-14
1.560950087364655303e+01 4.165534742781478823e-14
1.651025478643798294e+01 3.548996249898012836e-14
1.746298714607285518e+01 3.022818337583075952e-14
1.847069739434915903e+01 2.573862253717291309e-14
1.953655805732785211e+01 2.190887724279794926e-14
2.066392473324317436e+01 1.864279914636095239e-14
2.185634665677314459e+01 1.585815581285766487e-14
2.311757787292675914e+01 1.348462715177460383e-14
2.445158905572217733e+01 1.146208924210213464e-14
2.586258000887308128e+01 9.739144512655150305e-15
2.735499288782707694e+01 8.271862708946139989e-15
2.893352618479489280e+01 7.022702826914523400e-15
3.060314952078607931e+01 5.959589871588021471e-15
3.236911929123073151e+01 5.055124348649957642e-15
3.423699521443992921e+01 4.285905488285236764e-15
3.621265783499774926e+01 3.631951887434333084e-15
3.830232703720338350e+01 3.076205612675831916e-15
4.051258162683193831e+01 2.604107796030738309e-15
4.285038004287610391e+01 2.203235447537277537e-15
4.532308226446963317e+01 1.862990725786071684e-15
4.793847298195332485e+01 1.574335104444459452e-15
5.070478610504975592e+01 1.329561997098049030e-15
5.363073068528283471e+01 1.122102299779315186e-15
5.672551833427102963e+01 9.463581095611576684e-16
5.999889222420728885e+01 7.975605740544061215e-16
6.346115776181641621e+01 6.716483746397179305e-16
6.712321503238266018e+01 5.651638777308797562e-16
7.099659311596084876e+01 4.751643946294764816e-16
7.509348638383143282e+01 3.991463742645380749e-16
7.942679288946121119e+01 3.349806513800578735e-16
8.401015497482063665e+01 2.808571521421954837e-16
8.885800221992789716e+01 2.352376856378944985e-16
9.398559687079743696e+01 1.968156473543867599e-16
9.940908188884409924e+01 1.644816324396071652e-16
1.051455317730029293e+02 1.372940974937857337e-16
1.112130063145474708e+02 1.144543378525196769e-16
1.176306074538819360e+02 9.528514985810879869e-17
1.244185394182558753e+02 7.921264151860658557e-17
1.315981723297730355e+02 6.575073139054817968e-17
1.391921094839331374e+02 5.448794216371219488e-17
1.472242585104930299e+02 4.507615322985065194e-17
1.557199066407335408e+02 3.722102438979581159e-17
1.647058003180237336e+02 3.067384569827157518e-17
1.742102294023913487e+02 2.522460331873782268e-17
1.842631162341203321e+02 2.069608228987920540e-17
1.948961098368332614e+02 1.693885309468962596e-17
2.061426855566113545e+02 1.382701133425873708e-17
2.180382504508060038e+02 1.125455904285855739e-17
2.306202547584132105e+02 9.132332256711128206e-18
2.439283098028491850e+02 7.385393732693714059e-18
2.580043126983977118e+02 5.950821417530698568e-18
2.728925782529082653e+02 4.775833604670275237e-18
2.886399784819601564e+02 3.816200371020824751e-18
3.052960901738262010e+02 3.034898345434094692e-18
3.229133509696762871e+02 2.400972234058475652e-18
3.415472244505122035e+02 1.888571926405979301e-18
3.612563747505290053e+02 1.476138647013770426e-18
3.821028512465687754e+02 1.145717569002217013e-18
4.041522839052574341e+02 8.823776828661600065e-19
4.274740899026529632e+02 6.737225931592703137e-19
4.521416921670435158e+02 5.094783710683615715e-19
4.782327505328694883e+02 3.811466685782808975e-19
5.058294062334214232e+02 2.817130717543002654e-19
5.350185405022238001e+02 2.054021670310798072e-19
5.658920480970184599e+02 1.474720803708043655e-19
5.985471266076656320e+02 1.040423376144680716e-19
6.330865824587056068e+02 7.194981738488752058e-20
6.696191545698478649e+02 4.862834716529850881e-20
7.082598566936022735e+02 3.200814557458614049e-20
7.491303395075099161e+02 2.043186300834229602e-20
7.923592736011934221e+02 1.258443676555039290e-20
8.380827545638700258e+02 7.434376126567984429e-21
8.864447314475082749e+02 4.184459575967928857e-21
9.375974599548609376e+02 2.230368110730701370e-21
9.917019817787129341e+02 1.124600894550413007e-21
1.048928631601871302e+03 5.435726461960766384e-22
1.109457573353607586e+03 2.663534370890133840e-22
1.173479367411195881e+03 1.490704715174235888e-22
1.241195570532111788e+03 1.049776153461742071e-22
1.312819370405413338e+03 8.682297589809099301e-23
1.388576256820523895e+03 7.348613953691259914e-23
1.468704731565824659e+03 5.884107387093130721e-23
1.553457059292505164e+03 4.358686989665955541e-23
1.643100061707400528e+03 3.019115996598196196e-23
1.737915957594853580e+03 2.025848034510020199e-23
1.838203251312848806e+03 1.384563818056567248e-23
1.944277672559840539e+03 9.950843717933328864e-24
2.056473170371562901e+03 7.367006757004950462e-24
2.175142964476939596e+03 5.329285612031368523e-24
2.300660657322658153e+03 3.644098838586211708e-24
2.433421410268193540e+03 2.420165860073091612e-24
2.573843187653194036e+03 1.728237347950294249e-24
2.722368072654758635e+03 1.447294509759704072e-24
2.879463659076934164e+03 1.343602527378898736e-24
3.045624523453653637e+03 1.238986386753751973e-24
3.221373782100791686e+03 1.091121551185813233e-24
3.407264738017950094e+03 9.407162939290810010e-25
3.603882622826008628e+03 8.204026738516052272e-25
3.811846439224078040e+03 7.267463055573531917e-25
4.031810909765732958e+03 6.487520362779771265e-25
4.264468538091252412e+03 5.865527145415995692e-25
4.510551789103329611e+03 5.415391358620708113e-25
4.770835394951519447e+03 5.090582422478630499e-25
5.046138794084728943e+03 4.846188145256779552e-25
5.337328711049614867e+03 4.666761058150780518e-25
5.645321885158730765e+03 4.535636801199356158e-25
5.971087956616457632e+03 4.432368280633627709e-25
6.315652519191685315e+03 4.343372679955979119e-25
6.680100349045047551e+03 4.260869639656802179e-25
7.065578819878180184e+03 4.182478560293663575e-25
7.473301515155921152e+03 4.108614972974859509e-25
7.904552048772388844e+03 4.039360153901423510e-25
8.360688106192272244e+03 3.974135728175324453e-25
8.843145718786287034e+03 3.912439978249967394e-25
9.353443784820519795e+03 3.853651417309339606e-25
9.893188851331802653e+03 3.797048660620514815e-25
1.046408017194197237e+04 3.741773326927142389e-25
1.106791505653817876e+04 3.687215843316051420e-25
1.170659452965664968e+04 3.633230744495332035e-25
1.238212931538792327e+04 3.579889868794324622e-25
1.309664616764413222e+04 3.527181809361841528e-25
1.385239456571539267e+04 3.474991544255761189e-25
1.465175379619972227e+04 3.423204403046236947e-25
1.549724044359592517e+04 3.371454015191785811e-25
1.639151631314700353e+04 3.320244490414617120e-25
1.733739681087536883e+04 3.269285242059652740e-25
1.833785980718931387e+04 3.218539041570747786e-25
1.939605501197247941e+04 3.167964922340777338e-25
2.051531389066305928e+04 3.117523856571504266e-25
2.169916015254818194e+04 3.067177287360759441e-25
2.295132084429075258e+04 3.016884119909405526e-25
2.427573808360999828e+04 2.966599146416692062e-25
2.567658147006543732e+04 2.916273693127703221e-25
2.715826121200540001e+04 2.865855053267694547e-25
2.872544201101647923e+04 2.815285864261633692e-25
3.038305774758227926e+04 2.763236607000304234e-25
3.213632701418050783e+04 2.712026407746658986e-25
3.399076954473236401e+04 2.660453205363819640e-25
3.595222359211324510e+04 2.608444327652880531e-25
3.802686430844978895e+04 2.555926868600465141e-25
4.022122318605260079e+04 2.502830766898577707e-25
4.254220862020317145e+04 2.449092789797531521e-25
4.499712765852708253e+04 2.394661394306296851e-25
4.759370900541834999e+04 2.339501731038833502e-25
5.034012735395617347e+04 2.283600328729317506e-25
5.324502912189564086e+04 2.226969880520709965e-25
5.631755967277396849e+04 2.169657252350368532e-25
5.956739210782481678e+04 2.107852482537781795e-25
6.300475771933458600e+04 2.049344574594853914e-25
6.664047820133906498e+04 1.990734626230275255e-25
7.048599971903915866e+04 1.932433753029316240e-25
7.455342894421897654e+04 1.875008332624706074e-25
7.885557117010650109e+04 1.819200725882105181e-25
8.340597062565828674e+04 1.765933337023710012e-25
8.821895311621887959e+04 1.716271716541047937e-25
9.330967112476068723e+04 1.671294159866389010e-25
9.869415151572624745e+04 1.631745432483040634e-25
1.043893459916454012e+05 1.597163648875549581e-25
1.104131844613598078e+05 1.563517647116698770e-25
1.167846314879121346e+05 1.504954029035797221e-25
1.235237459937623789e+05 1.383004166276263295e-25
1.306517444113404345e+05 1.198499845793520490e-25
1.381910674777341192e+05 9.680533919799470617e-26
1.461654508837753674e+05 7.335233795359454176e-26
1.546000000000000000e+05 4.991983023446875683e-26
