# MPBH  fPBH
1.202180280913877533e+21 0.000000000000000000e+00
1.074583287970053751e+21 0.000000000000000000e+00
9.605291827834052936e+20 0.000000000000000000e+00
8.585805505326929674e+20 0.000000000000000000e+00
7.674525407097866158e+20 0.000000000000000000e+00
6.859966742508679987e+20 0.000000000000000000e+00
6.131863693460730020e+20 0.000000000000000000e+00
5.481040035105408942e+20 0.000000000000000000e+00
4.899293488611970253e+20 0.000000000000000000e+00
4.379292348499335578e+20 0.000000000000000000e+00
3.914483081734761349e+20 0.000000000000000000e+00
3.499007734077987226e+20 0.000000000000000000e+00
3.127630102749564764e+20 0.000000000000000000e+00
2.795669744983543644e+20 0.000000000000000000e+00
2.498942990779299922e+20 0.000000000000000000e+00
2.233710216441088246e+20 0.000000000000000000e+00
1.996628714397886382e+20 0.000000000000000000e+00
1.784710565325606093e+20 0.000000000000000000e+00
1.595284981637356585e+20 0.000000000000000000e+00
1.425964647759788605e+20 0.000000000000000000e+00
1.274615632984705434e+20 0.000000000000000000e+00
1.139330497709983662e+20 0.000000000000000000e+00
1.018404254129886659e+20 0.000000000000000000e+00
9.103128784092777677e+19 0.000000000000000000e+00
8.136941035323827814e+19 0.000000000000000000e+00
7.273302507598797210e+19 0.000000000000000000e+00
6.501328833205406925e+19 0.000000000000000000e+00
5.811290889291234509e+19 0.000000000000000000e+00
5.194492182501832294e+19 0.000000000000000000e+00
4.643159247766301082e+19 0.000000000000000000e+00
4.150343679934907187e+19 0.000000000000000000e+00
3.709834563581313843e+19 0.000000000000000000e+00
3.316080197329194598e+19 0.000000000000000000e+00
2.964118126201129779e+19 0.000000000000000000e+00
2.649512600192976896e+19 0.000000000000000000e+00
2.368298670869170586e+19 0.000000000000000000e+00
2.116932221432782438e+19 0.000000000000000000e+00
1.892245300503273062e+19 0.000000000000000000e+00
1.691406196677054054e+19 0.000000000000000000e+00
1.511883750693763891e+19 0.000000000000000000e+00
1.351415455437327155e+19 0.000000000000000000e+00
1.207978941738626867e+19 0.000000000000000000e+00
1.079766490617620275e+19 0.000000000000000000e+00
9.651622507447310336e+18 0.000000000000000000e+00
8.627218739949957120e+18 0.000000000000000000e+00
7.711543124434615296e+18 0.000000000000000000e+00
6.893055473908141056e+18 0.000000000000000000e+00
6.161440453574398976e+18 0.000000000000000000e+00
5.507477577489892352e+18 0.000000000000000000e+00
4.922925003512353792e+18 0.000000000000000000e+00
4.400415662019397632e+18 0.000000000000000000e+00
3.933364409315649536e+18 0.000000000000000000e+00
3.515885035590261248e+18 0.000000000000000000e+00
3.142716081482584064e+18 0.000000000000000000e+00
2.809154528328065536e+18 0.000000000000000000e+00
2.510996526387874304e+18 0.000000000000000000e+00
2.244484414064819968e+18 0.000000000000000000e+00
2.006259360392968192e+18 0.000000000000000000e+00
1.793319033957954816e+18 0.000000000000000000e+00
1.602979764752833792e+18 0.000000000000000000e+00
1.432842722098319872e+18 0.000000000000000000e+00
1.280763682370429696e+18 0.000000000000000000e+00
1.144826005520587904e+18 0.000000000000000000e+00
1.023316479813454208e+18 0.000000000000000000e+00
9.147037303556131840e+17 0.000000000000000000e+00
8.176189192995287040e+17 0.000000000000000000e+00
7.308384944889587200e+17 0.000000000000000000e+00
6.532687691283897600e+17 0.000000000000000000e+00
5.839321381352993280e+17 0.000000000000000000e+00
5.219547574610114560e+17 0.000000000000000000e+00
4.665555311036146560e+17 0.000000000000000000e+00
4.170362670171382400e+17 0.000000000000000000e+00
3.727728778527002240e+17 0.000000000000000000e+00
3.332075156352614400e+17 0.000000000000000000e+00
2.978415412499383680e+17 0.000000000000000000e+00
2.662292401328748800e+17 0.000000000000000000e+00
2.379722049660274880e+17 0.000000000000000000e+00
2.127143145814058240e+17 0.000000000000000000e+00
1.901372457943011200e+17 0.000000000000000000e+00
1.699564616014924480e+17 0.000000000000000000e+00
1.519176251840146880e+17 0.000000000000000000e+00
1.357933945204476800e+17 0.000000000000000000e+00
1.213805572134910240e+17 0.000000000000000000e+00
1.084974694202747200e+17 0.000000000000000000e+00
9.698176660944704000e+16 0.000000000000000000e+00
8.668831729389331200e+16 0.000000000000000000e+00
7.748739395013977600e+16 0.000000000000000000e+00
6.926303807268764000e+16 0.000000000000000000e+00
6.191159875818632800e+16 0.000000000000000000e+00
5.534042640133824000e+16 0.000000000000000000e+00
4.946670503928780800e+16 0.000000000000000000e+00
4.421640862862468000e+16 0.000000000000000000e+00
3.952336810104343200e+16 0.000000000000000000e+00
3.532843743983568000e+16 0.000000000000000000e+00
3.157874826734301200e+16 0.000000000000000000e+00
2.822704354899590800e+16 0.000000000000000000e+00
2.523108201666376000e+16 0.000000000000000000e+00
2.255310580531055600e+16 0.000000000000000000e+00
2.015936459362316400e+16 0.000000000000000000e+00
1.801969025139468000e+16 0.000000000000000000e+00
1.610711663297761400e+16 0.000000000000000000e+00
1.439753972509401000e+16 0.000000000000000000e+00
1.286941386587205400e+16 0.000000000000000000e+00
1.150348020658220400e+16 0.000000000000000000e+00
1.028252399389762800e+16 0.000000000000000000e+00
9.191157613726530000e+15 0.000000000000000000e+00
8.215626662334862000e+15 0.000000000000000000e+00
7.343636600689433000e+15 0.000000000000000000e+00
6.564197807359813000e+15 0.000000000000000000e+00
5.867487077193082000e+15 0.000000000000000000e+00
5.244723820240106000e+15 0.000000000000000000e+00
4.688059400678386000e+15 0.000000000000000000e+00
4.190478221078719500e+15 0.000000000000000000e+00
3.745709305388499500e+15 0.000000000000000000e+00
3.348147266319002500e+15 0.000000000000000000e+00
2.992781661094950500e+15 0.000000000000000000e+00
2.675133845242533500e+15 0.000000000000000000e+00
2.391200528589133000e+15 0.000000000000000000e+00
2.137403322115483000e+15 0.000000000000000000e+00
1.910543639803319000e+15 0.000000000000000000e+00
1.707762387110058500e+15 0.000000000000000000e+00
1.526503928027564250e+15 0.000000000000000000e+00
1.364483876604676000e+15 0.000000000000000000e+00
1.219660307012655750e+15 0.000000000000000000e+00
1.090208019316294750e+15 0.000000000000000000e+00
9.744955366242193750e+14 0.000000000000000000e+00
8.710645437153165000e+14 0.000000000000000000e+00
7.786115080079220000e+14 0.000000000000000000e+00
6.959712512423196250e+14 0.000000000000000000e+00
6.221022648317595000e+14 0.000000000000000000e+00
5.560735838125271875e+14 0.000000000000000000e+00
4.970530539665087500e+14 0.000000000000000000e+00
4.442968442477318750e+14 0.000000000000000000e+00
3.971400723388251875e+14 0.000000000000000000e+00
3.549884251920226250e+14 0.000000000000000000e+00
3.173106689490638125e+14 0.000000000000000000e+00
2.836319538431103125e+14 0.000000000000000000e+00
2.535278297048813438e+14 0.000000000000000000e+00
2.266188966509099062e+14 0.000000000000000000e+00
2.025660235369694688e+14 0.000000000000000000e+00
1.810660739152231875e+14 0.000000000000000000e+00
1.618480856296695312e+14 0.000000000000000000e+00
1.446698559016280625e+14 0.000000000000000000e+00
1.293148888673733125e+14 0.000000000000000000e+00
1.155896670979741094e+14 0.000000000000000000e+00
1.033212127145207031e+14 0.000000000000000000e+00
9.235490736166637500e+13 0.000000000000000000e+00
8.255254356478585938e+13 0.000000000000000000e+00
7.379058291215951562e+13 0.000000000000000000e+00
6.595859911019099219e+13 0.000000000000000000e+00
5.895788628960671094e+13 0.000000000000000000e+00
5.270021502323155469e+13 0.000000000000000000e+00
4.710672037753208594e+13 0.000000000000000000e+00
4.210690798412846875e+13 0.000000000000000000e+00
3.763776560487339844e+13 0.000000000000000000e+00
3.364296899362347656e+13 0.000000000000000000e+00
3.007217204624269141e+13 0.000000000000000000e+00
2.688037229265417578e+13 0.000000000000000000e+00
2.402734373428706641e+13 0.000000000000000000e+00
2.147712987901402344e+13 0.000000000000000000e+00
1.919759058433941797e+13 0.000000000000000000e+00
1.715999699773836133e+13 0.000000000000000000e+00
1.533866948921198438e+13 0.000000000000000000e+00
1.371065401295181250e+13 0.000000000000000000e+00
1.225543281932524219e+13 0.000000000000000000e+00
1.095466587130791797e+13 0.000000000000000000e+00
9.791959706455003906e+12 0.000000000000000000e+00
8.752660831396971680e+12 0.000000000000000000e+00
7.823671045027775391e+12 0.000000000000000000e+00
6.993282362917356445e+12 0.000000000000000000e+00
6.251029462514595703e+12 0.000000000000000000e+00
5.587557789519135742e+12 0.000000000000000000e+00
4.994505663177068359e+12 0.000000000000000000e+00
4.464398894683210938e+12 0.000000000000000000e+00
3.990556590573668945e+12 0.000000000000000000e+00
3.567006953956535156e+12 0.000000000000000000e+00
3.188412022430480469e+12 0.000000000000000000e+00
2.850000394168870605e+12 0.000000000000000000e+00
2.547507094321847656e+12 0.000000000000000000e+00
2.277119823877340332e+12 0.000000000000000000e+00
2.035430913559626465e+12 0.000000000000000000e+00
1.819394377244393799e+12 0.000000000000000000e+00
1.626287523637709717e+12 0.000000000000000000e+00
1.453676642414068848e+12 0.000000000000000000e+00
1.299386332358652344e+12 0.000000000000000000e+00
1.161472084958727295e+12 0.000000000000000000e+00
1.038195777917434448e+12 0.000000000000000000e+00
9.280037697366550293e+11 0.000000000000000000e+00
8.295073192966960449e+11 0.000000000000000000e+00
7.414650836623774414e+11 0.000000000000000000e+00
6.627674735366842041e+11 0.000000000000000000e+00
5.924226691950512695e+11 0.000000000000000000e+00
5.295441206602351074e+11 0.000000000000000000e+00
4.733393745834126587e+11 0.000000000000000000e+00
4.231000870176235352e+11 0.000000000000000000e+00
3.781930962153142700e+11 0.000000000000000000e+00
3.380524429411608276e+11 0.000000000000000000e+00
3.021722377328242798e+11 0.000000000000000000e+00
2.701002852162654419e+11 0.000000000000000000e+00
2.414323851233894653e+11 0.000000000000000000e+00
2.158072381882048035e+11 0.000000000000000000e+00
1.929018927208895264e+11 0.000000000000000000e+00
1.724276744733180237e+11 0.000000000000000000e+00
1.541265485004597168e+11 0.000000000000000000e+00
1.377678671664760132e+11 0.000000000000000000e+00
1.231454633109050446e+11 0.000000000000000000e+00
1.100750519403241119e+11 0.000000000000000000e+00
9.839190769922608948e+10 0.000000000000000000e+00
8.794878884946109009e+10 0.000000000000000000e+00
7.861408159431317139e+10 0.000000000000000000e+00
7.027014136028321838e+10 0.000000000000000000e+00
6.281181013188107300e+10 0.000000000000000000e+00
5.614509115351464081e+10 0.000000000000000000e+00
5.018596429585279846e+10 0.000000000000000000e+00
4.485932715681339264e+10 0.000000000000000000e+00
4.009804855195940399e+10 0.000000000000000000e+00
3.584212246551913452e+10 0.000000000000000000e+00
3.203791179933856964e+10 0.000000000000000000e+00
2.863747238879737091e+10 0.000000000000000000e+00
2.559794876631335068e+10 0.000000000000000000e+00
2.288103405729091263e+10 0.000000000000000000e+00
2.045248720162618637e+10 0.000000000000000000e+00
1.828170141634810638e+10 0.000000000000000000e+00
1.634131846076544571e+10 0.000000000000000000e+00
1.460688384273460960e+10 0.000000000000000000e+00
1.305653862063877106e+10 0.000000000000000000e+00
1.167074391688438988e+10 0.000000000000000000e+00
1.043203467098011398e+10 0.000000000000000000e+00
9.324799528767587662e+09 0.000000000000000000e+00
8.335084093766229630e+09 0.000000000000000000e+00
7.450415061023530960e+09 0.000000000000000000e+00
6.659643017044145584e+09 0.000000000000000000e+00
5.952801924618139267e+09 0.000000000000000000e+00
5.320983521646103859e+09 0.000000000000000000e+00
4.756225051020083427e+09 0.000000000000000000e+00
4.251408906628757000e+09 0.000000000000000000e+00
3.800172930733324051e+09 0.000000000000000000e+00
3.396830232199387074e+09 0.000000000000000000e+00
3.036297515059978962e+09 0.000000000000000000e+00
2.714031014140545368e+09 0.000000000000000000e+00
2.425969230347721100e+09 0.000000000000000000e+00
2.168481743919063568e+09 0.000000000000000000e+00
1.938323460531388521e+09 0.000000000000000000e+00
1.732593713634981871e+09 0.000000000000000000e+00
1.548699707583626747e+09 0.000000000000000000e+00
1.384323840837226391e+09 0.000000000000000000e+00
1.237394497413798571e+09 0.000000000000000000e+00
1.106059938477919340e+09 0.000000000000000000e+00
9.886649650234154463e+08 0.000000000000000000e+00
8.837300575318361521e+08 0.000000000000000000e+00
7.899327297055840492e+08 0.000000000000000000e+00
7.060908612782348394e+08 0.000000000000000000e+00
6.311477998467758894e+08 0.000000000000000000e+00
5.641590439653871059e+08 0.000000000000000000e+00
5.042803396687890291e+08 0.000000000000000000e+00
4.507570404066236615e+08 0.000000000000000000e+00
4.029145962929831743e+08 0.000000000000000000e+00
3.601500528078098297e+08 0.000000000000000000e+00
3.219244518090126514e+08 0.000000000000000000e+00
2.877560390858462453e+08 0.000000000000000000e+00
2.572141928488843143e+08 0.000000000000000000e+00
2.299139966378456056e+08 0.000000000000000000e+00
2.055113882500392497e+08 0.000000000000000000e+00
1.836988235517714322e+08 0.000000000000000000e+00
1.642014005240822434e+08 0.000000000000000000e+00
1.467733946944489479e+08 0.000000000000000000e+00
1.311951622907931060e+08 0.000000000000000000e+00
1.172703720884816796e+08 0.000000000000000000e+00
1.048235310635076910e+08 0.000000000000000000e+00
9.369777266786219180e+07 0.000000000000000000e+00
8.375287985289737582e+07 0.000000000000000000e+00
7.486351792500808835e+07 0.000000000000000000e+00
6.691765496245346963e+07 0.000000000000000000e+00
5.981514988595148176e+07 0.000000000000000000e+00
5.346649038861750811e+07 0.000000000000000000e+00
4.779166481947649270e+07 0.000000000000000000e+00
4.271915380298511684e+07 0.000000000000000000e+00
3.818502888602843136e+07 0.000000000000000000e+00
3.413214685270620883e+07 0.000000000000000000e+00
3.050942955292519927e+07 0.000000000000000000e+00
2.727122016853456199e+07 0.000000000000000000e+00
2.437670780407560244e+07 0.000000000000000000e+00
2.178941315031051263e+07 0.000000000000000000e+00
1.947672873838801682e+07 0.000000000000000000e+00
1.740950799050511420e+07 0.000000000000000000e+00
1.556169788790448382e+07 0.000000000000000000e+00
1.391001062674981542e+07 0.000000000000000000e+00
1.243363012378508598e+07 0.000000000000000000e+00
1.111394967289240099e+07 0.000000000000000000e+00
9.934337446253610775e+06 0.000000000000000000e+00
8.879926884746493772e+06 0.000000000000000000e+00
7.937429335881941952e+06 0.000000000000000000e+00
7.094966577972853556e+06 0.000000000000000000e+00
6.341921119850652292e+06 0.000000000000000000e+00
5.668802389467972331e+06 0.000000000000000000e+00
5.067127124973515980e+06 0.000000000000000000e+00
4.529312460837447084e+06 0.000000000000000000e+00
4.048580361599787138e+06 0.000000000000000000e+00
3.618872198828351684e+06 0.000000000000000000e+00
3.234772394706239924e+06 0.000000000000000000e+00
2.891440169935056940e+06 0.000000000000000000e+00
2.584548535778297577e+06 0.000000000000000000e+00
2.310229761366219260e+06 0.000000000000000000e+00
2.065026628991121892e+06 0.000000000000000000e+00
1.845848863067456987e+06 0.000000000000000000e+00
1.649934183634234127e+06 0.000000000000000000e+00
1.474813493560269708e+06 0.000000000000000000e+00
1.318279760709314607e+06 0.000000000000000000e+00
1.178360202889465494e+06 0.000000000000000000e+00
1.053291425036053639e+06 0.000000000000000000e+00
9.414971952838033903e+05 0.000000000000000000e+00
8.415685798419207567e+05 0.000000000000000000e+00
7.522461863135530148e+05 0.000000000000000000e+00
6.724042916735053295e+05 0.000000000000000000e+00
6.010366548704464221e+05 0.000000000000000000e+00
5.372438352509277174e+05 0.000000000000000000e+00
4.802218569803191349e+05 0.000000000000000000e+00
4.292520765992869856e+05 0.000000000000000000e+00
3.836921260173969786e+05 0.000000000000000000e+00
3.429678167991276132e+05 0.000000000000000000e+00
3.065659037126727635e+05 0.000000000000000000e+00
2.740276163410758600e+05 0.000000000000000000e+00
2.449428772351364023e+05 0.000000000000000000e+00
2.189451337399164622e+05 0.000000000000000000e+00
1.957067383607644879e+05 0.000000000000000000e+00
1.749348194479919330e+05 0.000000000000000000e+00
1.563675901587495755e+05 0.000000000000000000e+00
1.397710491782558092e+05 0.000000000000000000e+00
1.249360316198315704e+05 0.000000000000000000e+00
1.116755729364583967e+05 0.000000000000000000e+00
9.982255262145289453e+04 0.000000000000000000e+00
8.922758800201072881e+04 0.000000000000000000e+00
7.975715158125046582e+04 0.000000000000000000e+00
7.129188820178760216e+04 0.000000000000000000e+00
6.372511082217532385e+04 0.000000000000000000e+00
5.696145594859794073e+04 0.000000000000000000e+00
5.091568177634332096e+04 0.000000000000000000e+00
4.551159389411059965e+04 0.000000000000000000e+00
4.068108501190308016e+04 0.000000000000000000e+00
3.636327661026739224e+04 0.000000000000000000e+00
3.250375169314961022e+04 0.000000000000000000e+00
2.905386897482245695e+04 0.000000000000000000e+00
2.597014985762571087e+04 0.000000000000000000e+00
2.321373047465713898e+04 0.000000000000000000e+00
2.074987189154771841e+04 0.000000000000000000e+00
1.854752229443214310e+04 0.000000000000000000e+00
1.657892564640769342e+04 0.000000000000000000e+00
1.481927188040790497e+04 0.000000000000000000e+00
1.324638421989868220e+04 0.000000000000000000e+00
1.184043968672701158e+04 0.000000000000000000e+00
1.058371927370332014e+04 0.000000000000000000e+00
9.460384633361700253e+03 0.000000000000000000e+00
8.456278468526554207e+03 0.000000000000000000e+00
7.558746109021107259e+03 0.000000000000000000e+00
6.756476025865379597e+03 0.000000000000000000e+00
6.039357272975778869e+03 0.000000000000000000e+00
5.398352059714961797e+03 0.000000000000000000e+00
4.825381848335287032e+03 0.000000000000000000e+00
4.313225540809411541e+03 0.000000000000000000e+00
3.855428471906046980e+03 0.000000000000000000e+00
3.446221061557217126e+03 0.000000000000000000e+00
3.080446101299106431e+03 0.000000000000000000e+00
2.753493758383857312e+03 0.000000000000000000e+00
2.461243478423953547e+03 0.000000000000000000e+00
2.200012054372688453e+03 0.000000000000000000e+00
1.966507207358617279e+03 0.000000000000000000e+00
1.757786094356695685e+03 0.000000000000000000e+00
1.571218219771454187e+03 0.000000000000000000e+00
1.404452283510234565e+03 0.000000000000000000e+00
1.255386547734932265e+03 0.000000000000000000e+00
1.122142348827143223e+03 0.000000000000000000e+00
1.003040420739940259e+03 0.000000000000000000e+00
8.965797313413117990e+02 0.000000000000000000e+00
8.014185650255881228e+02 0.000000000000000000e+00
7.163576131782657512e+02 0.000000000000000000e+00
6.403248593848995824e+02 0.000000000000000000e+00
5.723620688934621512e+02 0.000000000000000000e+00
5.116127120579039911e+02 0.000000000000000000e+00
4.573111695631292832e+02 0.000000000000000000e+00
4.087730833856396089e+02 0.000000000000000000e+00
3.653867318837409925e+02 0.000000000000000000e+00
3.266053203183336677e+02 0.000000000000000000e+00
2.919400896422886262e+02 0.000000000000000000e+00
2.609541567090098511e+02 0.000000000000000000e+00
2.332570082688872901e+02 0.000000000000000000e+00
2.084995793618382152e+02 0.000000000000000000e+00
1.863698540793708389e+02 0.000000000000000000e+00
1.665889332528964815e+02 0.000000000000000000e+00
1.489075195096673383e+02 0.000000000000000000e+00
1.331027753978166288e+02 0.000000000000000000e+00
1.189755149836569217e+02 0.000000000000000000e+00
1.063476935271964265e+02 0.000000000000000000e+00
9.506016359843589214e+01 0.000000000000000000e+00
8.497066935495408302e+01 0.000000000000000000e+00
7.595205370283697732e+01 0.000000000000000000e+00
6.789065574593294627e+01 0.000000000000000000e+00
6.068487832660952108e+01 0.000000000000000000e+00
5.424390760485454877e+01 0.000000000000000000e+00
4.848656853867031202e+01 0.000000000000000000e+00
4.334030184146904929e+01 0.000000000000000000e+00
3.874024952315531323e+01 0.000000000000000000e+00
3.462843749002983174e+01 0.000000000000000000e+00
3.095304490189631963e+01 0.000000000000000000e+00
2.766775107813252177e+01 0.000000000000000000e+00
2.473115172183268129e+01 0.000000000000000000e+00
2.210623710474682468e+01 0.000000000000000000e+00
1.975992563661615975e+01 0.000000000000000000e+00
1.766264694052140527e+01 0.000000000000000000e+00
1.578796917977352976e+01 0.000000000000000000e+00
1.411226593957613673e+01 0.000000000000000000e+00
1.261441846519843857e+01 0.000000000000000000e+00
1.127554950398843836e+01 0.000000000000000000e+00
1.007878539685768260e+01 0.000000000000000000e+00
9.009043420897477006e+00 0.000000000000000000e+00
8.052841703021215380e+00 0.000000000000000000e+00
7.198129308989048347e+00 0.000000000000000000e+00
6.434134366442181729e+00 0.000000000000000000e+00
5.751228307851354415e+00 0.000000000000000000e+00
5.140804522445890257e+00 0.000000000000000000e+00
4.595169887782411422e+00 0.000000000000000000e+00
4.107447813933931435e+00 0.000000000000000000e+00
3.671491578373967446e+00 0.000000000000000000e+00
3.281806859320889114e+00 0.000000000000000000e+00
2.933482491237386469e+00 0.000000000000000000e+00
2.622128569801664533e+00 0.000000000000000000e+00
2.343821126292083612e+00 0.000000000000000000e+00
2.095052674121381298e+00 0.000000000000000000e+00
1.872688004262064609e+00 0.000000000000000000e+00
1.673924672456158502e+00 0.000000000000000000e+00
1.496257680233059828e+00 0.000000000000000000e+00
1.337447904612967253e+00 0.000000000000000000e+00
1.195493878617872818e+00 0.000000000000000000e+00
1.068606566942435609e+00 0.000000000000000000e+00
9.551868188841650120e-01 0.000000000000000000e+00
8.538052143742737021e-01 0.000000000000000000e+00
7.631840491101973267e-01 0.000000000000000000e+00
6.821812317497850664e-01 0.000000000000000000e+00
6.097758902249565960e-01 0.000000000000000000e+00
5.450555057721371277e-01 0.000000000000000000e+00
4.872044125308362394e-01 0.000000000000000000e+00
4.354935177716596217e-01 0.000000000000000000e+00
3.892711131985721051e-01 0.000000000000000000e+00
3.479546615210614147e-01 0.000000000000000000e+00
3.110234547829827667e-01 0.000000000000000000e+00
2.780120519215598662e-01 0.000000000000000000e+00
2.485044128506810057e-01 0.000000000000000000e+00
2.221286551407707366e-01 0.000000000000000000e+00
1.985523672140771245e-01 0.000000000000000000e+00
1.774784189879972940e-01 0.000000000000000000e+00
1.586412171682529126e-01 0.000000000000000000e+00
1.418033579977213965e-01 0.000000000000000000e+00
1.267526352757594177e-01 0.000000000000000000e+00
1.132993659403165876e-01 0.000000000000000000e+00
1.012739995073918681e-01 0.000000000000000000e+00
9.052498123975419309e-02 0.000000000000000000e+00
8.091684211464028609e-02 0.000000000000000000e+00
7.232849151843086244e-02 0.000000000000000000e+00
6.465169115126906396e-02 0.000000000000000000e+00
5.778969090837371425e-02 0.000000000000000000e+00
5.165600954616085538e-02 0.000000000000000000e+00
4.617334476600253729e-02 0.000000000000000000e+00
4.127259897950379119e-02 0.000000000000000000e+00
3.689200847708969111e-02 0.000000000000000000e+00
3.297636502488097976e-02 0.000000000000000000e+00
2.947632007971359366e-02 0.000000000000000000e+00
2.634776285336990626e-02 0.000000000000000000e+00
2.355126438782242926e-02 0.000000000000000000e+00
2.105158063521039152e-02 0.000000000000000000e+00
1.881720827990489286e-02 0.000000000000000000e+00
1.681998770472777419e-02 0.000000000000000000e+00
1.503474809753359634e-02 0.000000000000000000e+00
1.343899022546560414e-02 0.000000000000000000e+00
1.201260287891285118e-02 0.000000000000000000e+00
1.073760941153343272e-02 0.000000000000000000e+00
9.597941182010072403e-03 0.000000000000000000e+00
8.579235042241119616e-03 0.000000000000000000e+00
7.668652319726286005e-03 0.000000000000000000e+00
6.854717012797984649e-03 0.000000000000000000e+00
6.127171159484724738e-03 0.000000000000000000e+00
5.476845557231390521e-03 0.000000000000000000e+00
4.895544204168766900e-03 0.000000000000000000e+00
4.375941005553145996e-03 0.000000000000000000e+00
3.911487443576800241e-03 0.000000000000000000e+00
3.496330046918702181e-03 0.000000000000000000e+00
3.125236619910528712e-03 0.000000000000000000e+00
2.793530301590825028e-03 0.000000000000000000e+00
2.497030623597882443e-03 0.000000000000000000e+00
2.232000824059384141e-03 0.000000000000000000e+00
1.995100753479614724e-03 0.000000000000000000e+00
1.783344779100773771e-03 0.000000000000000000e+00
1.594064157210723027e-03 0.000000000000000000e+00
1.424873399178165894e-03 0.000000000000000000e+00
1.273640207328966640e-03 0.000000000000000000e+00
1.138458601768118153e-03 0.000000000000000000e+00
1.017624899466654763e-03 0.000000000000000000e+00
9.096162428798042947e-04 0.000000000000000000e+00
8.130714074944759423e-04 0.000000000000000000e+00
7.267736464248732674e-04 0.000000000000000000e+00
6.496353558482388657e-04 0.000000000000000000e+00
5.806843680203477428e-04 0.000000000000000000e+00
5.190516991226691275e-04 0.000000000000000000e+00
4.639605975284171228e-04 0.000000000000000000e+00
4.147167544635145899e-04 0.000000000000000000e+00
3.706995536883179012e-04 0.000000000000000000e+00
3.313542499204932216e-04 0.000000000000000000e+00
2.961849774243005226e-04 0.000000000000000000e+00
2.647485006541547780e-04 0.000000000000000000e+00
2.366486281922848675e-04 0.000000000000000000e+00
2.115312195797752249e-04 0.000000000000000000e+00
1.890797221125218067e-04 0.000000000000000000e+00
1.690111813526695066e-04 0.000000000000000000e+00
1.510726750763138936e-04 0.000000000000000000e+00
1.350381257148298259e-04 0.000000000000000000e+00
1.207054511172367097e-04 0.000000000000000000e+00
1.078940177249175427e-04 0.000000000000000000e+00
9.644236406124140869e-05 0.000000000000000000e+00
8.620616584540168276e-05 0.000000000000000000e+00
7.705641708498474297e-05 0.000000000000000000e+00
6.887780422369695348e-05 0.000000000000000000e+00
6.156725285378389259e-05 0.000000000000000000e+00
5.503262867746420403e-05 0.000000000000000000e+00
4.919157634569562597e-05 0.000000000000000000e+00
4.397048154025922658e-05 0.000000000000000000e+00
3.930354321835979984e-05 0.000000000000000000e+00
3.513194432731176766e-05 0.000000000000000000e+00
3.140311053790102079e-05 0.000000000000000000e+00
2.807004765429381120e-05 0.000000000000000000e+00
2.509074934992041770e-05 0.000000000000000000e+00
2.242766776508257583e-05 0.000000000000000000e+00
2.004724029426085475e-05 0.000000000000000000e+00
1.791946659926604604e-05 0.000000000000000000e+00
1.601753051736206848e-05 0.000000000000000000e+00
1.431746209929772909e-05 0.000000000000000000e+00
1.279783551794277359e-05 0.000000000000000000e+00
1.143949904029089422e-05 0.000000000000000000e+00
1.022533365969146728e-05 0.000000000000000000e+00
9.140037346369790338e-06 0.000000000000000000e+00
8.169932197161691096e-06 0.000000000000000000e+00
7.302792053987544341e-06 0.000000000000000000e+00
6.527688418554031870e-06 0.000000000000000000e+00
5.834852721358496263e-06 0.000000000000000000e+00
5.215553209184256427e-06 0.000000000000000000e+00
4.661984899509017637e-06 0.000000000000000000e+00
4.167171214930290008e-06 0.000000000000000000e+00
3.724876057915285569e-06 0.000000000000000000e+00
3.329525217759168893e-06 0.000000000000000000e+00
2.976136119250781492e-06 0.000000000000000000e+00
2.660255027673392662e-06 0.000000000000000000e+00
2.377900918739924228e-06 0.000000000000000000e+00
2.125515306060510402e-06 0.000000000000000000e+00
1.899917393821245348e-06 0.000000000000000000e+00
1.698263989467466081e-06 0.000000000000000000e+00
1.518013671174027208e-06 0.000000000000000000e+00
1.356894758507974470e-06 0.000000000000000000e+00
1.212876682620683483e-06 0.000000000000000000e+00
1.084144395150098394e-06 0.000000000000000000e+00
9.690754933104429771e-07 0.000000000000000000e+00
8.662197728789184474e-07 0.000000000000000000e+00
7.742809513871806438e-07 0.000000000000000000e+00
6.921003311763853400e-07 0.000000000000000000e+00
6.186421964227554787e-07 0.000000000000000000e+00
5.529807600933417833e-07 0.000000000000000000e+00
4.942884963256601979e-07 0.000000000000000000e+00
4.418257111850392036e-07 0.000000000000000000e+00
3.949312203607315677e-07 0.000000000000000000e+00
3.530140163126373914e-07 0.000000000000000000e+00
3.155458198502302490e-07 0.000000000000000000e+00
2.820544222719259131e-07 0.000000000000000000e+00
2.521177341563585194e-07 0.000000000000000000e+00
2.253584658029416180e-07 0.000000000000000000e+00
2.014393722797715224e-07 0.000000000000000000e+00
1.800590031525634672e-07 0.000000000000000000e+00
1.609479033287803501e-07 0.000000000000000000e+00
1.438652171365273557e-07 0.000000000000000000e+00
1.285956528396683172e-07 0.000000000000000000e+00
1.149467693331806209e-07 0.000000000000000000e+00
1.027465508232154617e-07 0.000000000000000000e+00
9.184123892571411374e-08 0.000000000000000000e+00
8.209339486172029259e-08 0.000000000000000000e+00
7.338016732737553049e-08 0.000000000000000000e+00
6.559174420869786088e-08 0.000000000000000000e+00
5.862996862824346939e-08 0.000000000000000000e+00
5.240710188177896978e-08 0.000000000000000000e+00
4.684471767436833760e-08 0.000000000000000000e+00
4.187271372001318182e-08 0.000000000000000000e+00
3.742842824811246093e-08 0.000000000000000000e+00
3.345585028215004014e-08 0.000000000000000000e+00
2.990491373781089835e-08 0.000000000000000000e+00
2.673086644409859991e-08 0.000000000000000000e+00
2.389370613528265717e-08 0.000000000000000000e+00
2.135767630552389835e-08 0.000000000000000000e+00
1.909081557247238822e-08 0.000000000000000000e+00
1.706455487050782784e-08 0.000000000000000000e+00
1.525335739707531015e-08 0.000000000000000000e+00
1.363439677439335421e-08 0.000000000000000000e+00
1.218726937042944294e-08 0.000000000000000000e+00
1.089373715354672339e-08 0.000000000000000000e+00
9.737497840041877490e-09 0.000000000000000000e+00
8.703979437758842589e-09 0.000000000000000000e+00
7.780156596430354485e-09 0.000000000000000000e+00
6.954386450224096170e-09 0.000000000000000000e+00
6.216261883629741627e-09 0.000000000000000000e+00
5.556480371409682049e-09 0.000000000000000000e+00
4.966726739613070372e-09 0.000000000000000000e+00
4.439568370099200236e-09 0.000000000000000000e+00
3.968361527842091053e-09 0.000000000000000000e+00
3.547167630466174854e-09 0.000000000000000000e+00
3.170678404764432489e-09 0.000000000000000000e+00
2.834148986953402843e-09 0.000000000000000000e+00
2.533338123531885193e-09 0.000000000000000000e+00
2.264454719100311948e-09 0.000000000000000000e+00
2.024110057486835266e-09 0.000000000000000000e+00
1.809275094026656728e-09 0.000000000000000000e+00
1.617242280753049631e-09 0.000000000000000000e+00
1.445591443385442183e-09 0.000000000000000000e+00
1.292159280065401149e-09 0.000000000000000000e+00
1.155012097435305183e-09 0.000000000000000000e+00
1.032421440454601964e-09 0.000000000000000000e+00
9.228423088183712977e-10 0.000000000000000000e+00
8.248936854413160647e-10 0.000000000000000000e+00
7.373411316091702057e-10 0.000000000000000000e+00
6.590812294457363210e-10 0.000000000000000000e+00
5.891276756251208561e-10 0.000000000000000000e+00
5.265988510692824882e-10 0.000000000000000000e+00
4.707067099729139157e-10 0.000000000000000000e+00
4.207468481247680566e-10 0.000000000000000000e+00
3.760896253573952489e-10 0.000000000000000000e+00
3.361722302421705099e-10 0.000000000000000000e+00
3.004915870215767278e-10 0.000000000000000000e+00
2.685980153854471206e-10 0.000000000000000000e+00
2.400895631857424061e-10 0.000000000000000000e+00
2.146069406655910483e-10 0.000000000000000000e+00
1.918289923590476561e-10 0.000000000000000000e+00
1.714686495942748756e-10 0.000000000000000000e+00
1.532693125898977482e-10 0.000000000000000000e+00
1.370016165483602013e-10 0.000000000000000000e+00
1.224605409896060670e-10 0.000000000000000000e+00
1.094628258942712529e-10 0.000000000000000000e+00
9.784466209222965397e-11 0.000000000000000000e+00
8.745962678863705099e-11 0.000000000000000000e+00
7.817683820909434566e-11 0.000000000000000000e+00
6.987930610704307336e-11 0.000000000000000000e+00
6.246245734499058944e-11 0.000000000000000000e+00
5.583281796757234949e-11 0.000000000000000000e+00
4.990683515671910638e-11 0.000000000000000000e+00
4.460982422213661037e-11 0.000000000000000000e+00
3.987502735608757359e-11 0.000000000000000000e+00
3.564277229004882348e-11 0.000000000000000000e+00
3.185972024985541669e-11 0.000000000000000000e+00
2.847819373136805800e-11 0.000000000000000000e+00
2.545557562467940245e-11 0.000000000000000000e+00
2.275377211406620823e-11 0.000000000000000000e+00
2.033873258465658441e-11 0.000000000000000000e+00
1.818002048523831675e-11 0.000000000000000000e+00
1.625042973882378797e-11 0.000000000000000000e+00
1.452564186662326569e-11 0.000000000000000000e+00
1.298391950419104385e-11 0.000000000000000000e+00
1.160583244714833587e-11 0.000000000000000000e+00
1.037401277386255651e-11 0.000000000000000000e+00
9.272935958911337051e-12 0.000000000000000000e+00
8.288725218723309521e-12 0.000000000000000000e+00
7.408976623576903481e-12 0.000000000000000000e+00
6.622602771860740987e-12 0.000000000000000000e+00
5.919693056432319957e-12 0.000000000000000000e+00
5.291388762024015139e-12 0.000000000000000000e+00
4.729771419558685533e-12 0.000000000000000000e+00
4.227763010313664982e-12 0.000000000000000000e+00
3.779036762212962441e-12 0.000000000000000000e+00
3.377937414022052075e-12 0.000000000000000000e+00
3.019409942540000486e-12 0.000000000000000000e+00
2.698935854543852785e-12 0.000000000000000000e+00
2.412476240577914507e-12 0.000000000000000000e+00
2.156420872898660658e-12 0.000000000000000000e+00
1.927542706061662355e-12 0.000000000000000000e+00
1.722957206724330490e-12 0.000000000000000000e+00
1.540086000101464190e-12 0.000000000000000000e+00
1.376624374912904451e-12 0.000000000000000000e+00
1.230512237290315019e-12 0.000000000000000000e+00
1.099908147578030361e-12 0.000000000000000000e+00
9.831661128154279566e-13 0.000000000000000000e+00
8.788148424184742188e-13 0.000000000000000000e+00
7.855392056215112092e-13 0.000000000000000000e+00
7.021636569886669346e-13 0.000000000000000000e+00
6.276374211082368588e-13 0.000000000000000000e+00
5.610212497536830227e-13 0.000000000000000000e+00
5.014755846128973011e-13 0.000000000000000000e+00
4.482499764015259979e-13 0.000000000000000000e+00
4.006736270103233572e-13 0.000000000000000000e+00
3.581469354898581575e-13 0.000000000000000000e+00
3.201339413274429706e-13 0.000000000000000000e+00
2.861555697793895996e-13 0.000000000000000000e+00
2.557835941300933801e-13 0.000000000000000000e+00
2.286352387847936492e-13 0.000000000000000000e+00
2.043683551791543921e-13 0.000000000000000000e+00
1.826771097081245831e-13 0.000000000000000000e+00
1.632881293293200255e-13 0.000000000000000000e+00
1.459570562643016904e-13 0.000000000000000000e+00
1.304654683769160558e-13 0.000000000000000000e+00
1.166181264164850431e-13 0.000000000000000000e+00
1.042405134330362657e-13 0.000000000000000000e+00
9.317663535406448455e-14 0.000000000000000000e+00
8.328705500363357954e-14 0.000000000000000000e+00
7.444713478673151023e-14 0.000000000000000000e+00
6.654546589157296194e-14 0.000000000000000000e+00
5.948246421319284099e-14 0.000000000000000000e+00
5.316911530289286073e-14 0.000000000000000000e+00
4.752585252621922407e-14 0.000000000000000000e+00
4.248155429099284952e-14 0.000000000000000000e+00
3.797264770753956756e-14 0.000000000000000000e+00
3.394230738461077485e-14 0.000000000000000000e+00
3.033973926349768893e-14 0.000000000000000000e+00
2.711954046454636594e-14 0.000000000000000000e+00
2.424112707827428952e-14 0.000000000000000000e+00
2.166822268958686448e-14 0.000000000000000000e+00
1.936840118899914329e-14 0.000000000000000000e+00
1.731267810895735295e-14 0.000000000000000000e+00
1.547514533489790392e-14 0.000000000000000000e+00
1.383264458733905999e-14 0.000000000000000000e+00
1.236447555992531786e-14 0.000000000000000000e+00
1.105213503511276833e-14 0.000000000000000000e+00
9.879083689587956368e-15 0.000000000000000000e+00
8.830537650491792989e-15 0.000000000000000000e+00
7.893282175444911187e-15 2.971331466181606949e-292
7.055505108199779412e-15 9.383983924017928190e-244
6.306648010974988296e-15 1.031450657012087685e-203
5.637273097302473990e-15 1.373666240986968199e-170
5.038944288355377074e-15 3.960453460557614425e-143
4.504120893717081177e-15 2.575753682436783202e-120
4.026062576659309866e-15 2.545333274906616989e-101
3.598744406214085110e-15 1.808097815433266705e-85
3.216780925447923122e-15 3.280536969818477918e-72
2.875358278975820467e-15 4.282034102721783334e-61
2.570173544324767274e-15 9.379130968689465977e-52
2.297380502543796944e-15 6.897980075812592959e-44
2.053541164612259900e-15 3.008697511858097666e-37
1.835582442737629452e-15 1.241733223413619408e-31
1.640757420474125257e-15 7.121020797238578699e-27
1.466610733553252221e-15 7.786784667388566627e-23
1.310947625123069565e-15 2.107803523623372044e-19
1.171806285402034364e-15 1.752160699414313504e-16
1.047433127146348106e-15 5.345644945114428419e-14
9.362606853292050934e-16 6.937277838557395382e-12
8.368878625037370976e-16 4.327461917397656744e-10
7.480622708832508308e-16 1.435973343935469781e-08
6.686644485974944422e-16 2.756904306679018641e-07
5.976937512037400825e-16 3.283252270275861952e-06
5.342557406443472137e-16 2.569393901868479612e-05
4.775509127150698828e-16 1.385732242687352995e-04
4.268646209771133450e-16 5.356307965033165830e-04
3.815580701248750385e-16 1.532183183436174783e-03
3.410602652994808524e-16 3.328951857064532324e-03
3.048608158859926473e-16 5.609197872172776503e-03
2.725035031010238062e-16 7.450720093790125058e-03
2.435805303037031745e-16 7.899956436178414212e-03
2.177273835670200573e-16 6.747274729618465625e-03
1.946182377377753892e-16 4.670343888059097157e-03
1.739618500880894180e-16 2.628767075896116818e-03
1.554978898064335736e-16 1.204311535333612735e-03
1.389936570691211400e-16 4.484664480270194676e-04
1.242411503429233214e-16 1.352797188016037998e-04
1.110544449582808824e-16 3.287686696574634675e-05
9.926734991547127883e-17 6.390254891023620775e-06
8.873131339265670817e-17 9.842960992475946953e-07
7.931355055907243157e-17 1.188310357260633629e-07
7.089537009836649161e-17 1.110085504470762124e-08
6.337067835137317304e-17 7.907401181479441782e-10
5.664464222615946901e-17 4.224522956503813411e-11
5.063249402410937254e-17 1.661760261964385538e-12
4.525846311935101063e-17 4.715416381439532424e-14
4.045482102758588538e-17 9.437195224804736875e-16
3.616102782938406856e-17 1.299565091001195888e-17
3.232296919039167907e-17 1.198517566159861731e-19
2.889227436267876605e-17 7.187517351628249858e-22
2.582570657204494424e-17 2.714364295388751181e-24
2.308461810839342507e-17 6.234077433852767266e-27
2.063446325171228624e-17 8.384168052468008278e-30
1.844436289511093842e-17 6.337463306639634573e-33
1.648671537789191966e-17 2.575339513932626550e-36
1.473684862401332104e-17 5.361810815116481680e-40
1.317270920187695770e-17 5.428943671221709642e-44
1.177458438668271285e-17 2.526700846587428759e-48
1.052485372252487368e-17 5.085407087915076228e-53
9.407766953186882350e-18 4.143426448908114455e-58
8.409245522914914808e-18 1.272443865000741981e-63
7.516705145497853662e-18 1.363356992255264462e-69
6.718897205509217852e-18 4.687874585336296204e-76
6.005766992900929757e-18 4.725773303471881604e-83
5.368326984291764161e-18 1.266550955256511232e-90
4.798543573924994240e-18 8.118389510633971276e-99
4.289235826773068947e-18 1.109924801010555707e-107
3.833984977784680990e-18 2.859532104204011737e-117
3.427053536698977600e-18 1.214112649907415482e-127
3.063312978911873991e-18 7.348291884219972807e-139
2.738179111088114169e-18 5.418700826115680710e-151
2.447554296937255420e-18 4.107594249757430381e-164
2.187775815028941677e-18 2.663055274797607243e-178
1.955569697806074341e-18 1.210024801297877869e-193
1.748009470031897441e-18 3.106002382416852188e-210
1.562479266655189367e-18 3.566352982954278508e-228
1.396640865271072272e-18 1.422591771491371987e-247
1.248404217689752309e-18 1.499256054765324330e-268
1.115901109225436212e-18 3.103376668179727615e-291
9.974616137351266927e-19 0.000000000000000000e+00
8.915930476721746029e-19 0.000000000000000000e+00
7.969611579142567495e-19 0.000000000000000000e+00
7.123733062772456131e-19 0.000000000000000000e+00
6.367634387910440463e-19 0.000000000000000000e+00
5.691786503061265324e-19 0.000000000000000000e+00
5.087671751056810932e-19 0.000000000000000000e+00
4.547676521700214381e-19 0.000000000000000000e+00
4.064995298041277401e-19 0.000000000000000000e+00
3.633544886987673039e-19 0.000000000000000000e+00
3.247887753305880974e-19 0.000000000000000000e+00
2.903163490796890788e-19 0.000000000000000000e+00
2.595027566983186742e-19 0.000000000000000000e+00
2.319596569311473036e-19 0.000000000000000000e+00
2.073399262812692843e-19 0.000000000000000000e+00
1.853332842403836156e-19 0.000000000000000000e+00
1.656623828482077961e-19 0.000000000000000000e+00
1.480793112981793602e-19 0.000000000000000000e+00
1.323624715372775000e-19 0.000000000000000000e+00
1.183137854833607471e-19 0.000000000000000000e+00
1.057561986628542239e-19 0.000000000000000000e+00
9.453144880729072317e-20 0.000000000000000000e+00
8.449807128652183602e-20 0.000000000000000000e+00
7.552961624122856767e-20 0.000000000000000000e+00
6.751305494540090208e-20 0.000000000000000000e+00
6.034735531428116433e-20 0.000000000000000000e+00
5.394220860503636944e-20 0.000000000000000000e+00
4.821689126284989258e-20 0.000000000000000000e+00
4.309924756837611780e-20 0.000000000000000000e+00
3.852478026494845865e-20 0.000000000000000000e+00
3.443583770477601804e-20 0.000000000000000000e+00
3.078088726981244854e-20 0.000000000000000000e+00
2.751386591026635271e-20 0.000000000000000000e+00
2.459359961564588119e-20 0.000000000000000000e+00
2.198328450198027544e-20 0.000000000000000000e+00
1.965002297539025355e-20 0.000000000000000000e+00
1.756440912633391872e-20 0.000000000000000000e+00
1.570015812926067712e-20 0.000000000000000000e+00
1.403377497704865542e-20 0.000000000000000000e+00
1.254425837529559441e-20 0.000000000000000000e+00
1.121283606467384475e-20 0.000000000000000000e+00
1.002272823564126147e-20 0.000000000000000000e+00
8.958936053832279456e-21 0.000000000000000000e+00
8.008052630943476615e-21 0.000000000000000000e+00
7.158094058783559064e-21 0.000000000000000000e+00
6.398348377033054287e-21 0.000000000000000000e+00
5.719240571258990294e-21 0.000000000000000000e+00
5.112211899768645585e-21 0.000000000000000000e+00
4.569612028469702059e-21 0.000000000000000000e+00
4.084602614316375103e-21 0.000000000000000000e+00
3.651071122216779916e-21 0.000000000000000000e+00
3.263553789238510831e-21 0.000000000000000000e+00
2.917166765238463099e-21 0.000000000000000000e+00
2.607544562088476690e-21 0.000000000000000000e+00
2.330785035774653414e-21 0.000000000000000000e+00
2.083400207987209980e-21 0.000000000000000000e+00
1.862272307406795857e-21 0.000000000000000000e+00
1.664614476680232480e-21 0.000000000000000000e+00
1.487935649879267658e-21 0.000000000000000000e+00
1.330009157794234503e-21 0.000000000000000000e+00
1.188844665399381279e-21 0.000000000000000000e+00
1.062663087818582714e-21 0.000000000000000000e+00
9.498741686599778451e-22 0.000000000000000000e+00
8.490564381413309571e-22 0.000000000000000000e+00
7.589392984190901525e-22 0.000000000000000000e+00
6.783870103449868603e-22 0.000000000000000000e+00
6.063843798357304385e-22 0.000000000000000000e+00
5.420239634626261295e-22 0.000000000000000000e+00
4.844946320143199722e-22 0.000000000000000000e+00
4.330713478996749726e-22 0.000000000000000000e+00
3.871060275567678455e-22 0.000000000000000000e+00
3.460193737072170518e-22 0.000000000000000000e+00
3.092935745186063821e-22 0.000000000000000000e+00
2.764657776632018349e-22 0.000000000000000000e+00
2.471222570267732778e-22 0.000000000000000000e+00
2.208931985513411563e-22 0.000000000000000000e+00
1.974480394979327547e-22 0.000000000000000000e+00
1.764913023907159596e-22 0.000000000000000000e+00
1.577588711378331124e-22 0.000000000000000000e+00
1.410146623972775054e-22 0.000000000000000000e+00
1.260476502373375841e-22 0.000000000000000000e+00
1.126692065935153219e-22 0.000000000000000000e+00
1.007107240040554925e-22 0.000000000000000000e+00
9.002149066349364313e-23 0.000000000000000000e+00
8.046679101374423006e-23 0.000000000000000000e+00
7.192620793465227223e-23 0.000000000000000000e+00
6.429210513657764882e-23 0.000000000000000000e+00
5.746827062881133003e-23 0.000000000000000000e+00
5.136870416749600393e-23 0.000000000000000000e+00
4.591653340138476139e-23 0.000000000000000000e+00
4.104304505572120993e-23 0.000000000000000000e+00
3.668681894428692003e-23 0.000000000000000000e+00
3.279295389568749921e-23 0.000000000000000000e+00
2.931237583824868443e-23 0.000000000000000000e+00
2.620121932338979133e-23 0.000000000000000000e+00
2.342027469286887823e-23 0.000000000000000000e+00
2.093449392256958838e-23 0.000000000000000000e+00
1.871254891504515681e-23 0.000000000000000000e+00
1.672643667399384166e-23 0.000000000000000000e+00
1.495112638472116313e-23 0.000000000000000000e+00
1.336424395277598578e-23 0.000000000000000000e+00
1.194579002501251854e-23 0.000000000000000000e+00
1.067788793933584348e-23 0.000000000000000000e+00
9.544558426548944438e-24 0.000000000000000000e+00
8.531518224892491828e-24 0.000000000000000000e+00
7.626000069234515414e-24 0.000000000000000000e+00
6.816591786240458415e-24 0.000000000000000000e+00
6.093092467661959407e-24 0.000000000000000000e+00
5.446383909099179037e-24 0.000000000000000000e+00
4.868315693997137880e-24 0.000000000000000000e+00
4.351602474593024910e-24 0.000000000000000000e+00
3.889732155257112400e-24 0.000000000000000000e+00
3.476883821070223210e-24 0.000000000000000000e+00
3.107854377294627765e-24 0.000000000000000000e+00
2.777992975185551249e-24 0.000000000000000000e+00
2.483142397713739905e-24 0.000000000000000000e+00
2.219586666489497184e-24 0.000000000000000000e+00
1.984004209583014615e-24 0.000000000000000000e+00
1.773426000016756039e-24 0.000000000000000000e+00
1.585198137354977757e-24 0.000000000000000000e+00
1.416948400807268373e-24 0.000000000000000000e+00
1.266556352318379397e-24 0.000000000000000000e+00
1.132126612856305583e-24 0.000000000000000000e+00
1.011964975100657745e-24 0.000000000000000000e+00
9.045570514827704336e-25 0.000000000000000000e+00
8.085491884794161549e-25 0.000000000000000000e+00
7.227314066249956628e-25 0.000000000000000000e+00
6.460221512367018386e-25 0.000000000000000000e+00
5.774546616666270437e-25 0.000000000000000000e+00
5.161647872943317063e-25 0.000000000000000000e+00
4.613800967051903563e-25 0.000000000000000000e+00
4.124101427986380064e-25 0.000000000000000000e+00
3.686377611383534797e-25 0.000000000000000000e+00
3.295112918778151372e-25 0.000000000000000000e+00
2.945376272351988448e-25 0.000000000000000000e+00
2.632759968951599444e-25 0.000000000000000000e+00
2.353324130155639105e-25 0.000000000000000000e+00
2.103547048300925219e-25 0.000000000000000000e+00
1.880280802680057073e-25 0.000000000000000000e+00
1.680711586547555463e-25 0.000000000000000000e+00
1.502324244936604188e-25 0.000000000000000000e+00
1.342870576361363734e-25 0.000000000000000000e+00
1.200340998912159804e-25 0.000000000000000000e+00
1.072939223654323203e-25 0.000000000000000000e+00
9.590596161418155374e-26 0.000000000000000000e+00
8.572669607336430817e-26 0.000000000000000000e+00
7.662783726854657121e-26 0.000000000000000000e+00
6.849471300550270626e-26 0.000000000000000000e+00
6.122482216566172725e-26 0.000000000000000000e+00
5.472654289267379333e-26 0.000000000000000000e+00
4.891797788942089346e-26 0.000000000000000000e+00
4.372592227290528974e-26 0.000000000000000000e+00
3.908494097892180481e-26 0.000000000000000000e+00
3.493654408914197421e-26 0.000000000000000000e+00
3.122844968733201657e-26 0.000000000000000000e+00
2.791392495450876876e-26 0.000000000000000000e+00
2.495119719894478252e-26 0.000000000000000000e+00
2.230292739825151661e-26 0.000000000000000000e+00
1.993573961864637790e-26 0.000000000000000000e+00
1.781980038071761810e-26 0.000000000000000000e+00
1.592844267044928943e-26 0.000000000000000000e+00
1.423782985696792526e-26 0.000000000000000000e+00
1.272665528137635422e-26 0.000000000000000000e+00
1.137587373062427087e-26 0.000000000000000000e+00
1.016846141220509267e-26 0.000000000000000000e+00
9.089201404649068239e-27 0.000000000000000000e+00
8.124491879874221439e-27 0.000000000000000000e+00
7.262174680427038260e-27 0.000000000000000000e+00
6.491382091189963581e-27 0.000000000000000000e+00
5.802399874433386024e-27 0.000000000000000000e+00
5.186544842047912057e-27 0.000000000000000000e+00
4.636055422016484747e-27 0.000000000000000000e+00
4.143993839937804439e-27 0.000000000000000000e+00
3.704158682808216339e-27 0.000000000000000000e+00
3.311006743106036685e-27 0.000000000000000000e+00
2.959583158187525635e-27 0.000000000000000000e+00
2.645458964547636380e-27 0.000000000000000000e+00
2.364675279944198418e-27 0.000000000000000000e+00
2.113693409920395493e-27 0.000000000000000000e+00
1.889350249919508499e-27 0.000000000000000000e+00
1.688818420929472380e-27 0.000000000000000000e+00
1.509570636250380734e-27 0.000000000000000000e+00
1.349347850300640380e-27 0.000000000000000000e+00
1.206130788045460502e-27 0.000000000000000000e+00
1.078114496233929819e-27 0.000000000000000000e+00
9.636855957165840948e-28 0.000000000000000000e+00
8.614019481564879764e-28 0.000000000000000000e+00
7.699744808741456175e-28 0.000000000000000000e+00
6.882509407672096090e-28 0.000000000000000000e+00
6.152013725561253738e-28 0.000000000000000000e+00
5.499051383395651677e-28 0.000000000000000000e+00
4.915393148682846928e-28 0.000000000000000000e+00
4.393683223086753910e-28 0.000000000000000000e+00
3.927346537887191865e-28 0.000000000000000000e+00
3.510505888910888328e-28 0.000000000000000000e+00
3.137907866594175481e-28 0.000000000000000000e+00
2.804856647680695955e-28 0.000000000000000000e+00
2.507154814133297450e-28 0.000000000000000000e+00
