# k  Ps  Pt
4.566734632163193700e-05 2.638838452977211085e-09 8.352941313814984630e-12
4.830260296558184163e-05 2.633939661743936035e-09 8.352750173027124991e-12
5.108992838818535734e-05 2.629045155000221851e-09 8.352557897871193042e-12
5.403809779298632818e-05 2.624155304957481093e-09 8.352365716907504900e-12
5.715639276095837930e-05 2.619269653793734928e-09 8.352172127457023645e-12
6.045463047126252578e-05 2.614388940392568688e-09 8.351979528363037126e-12
6.394319460820385411e-05 2.609512533069477744e-09 8.351785869141364005e-12
6.763306805168948133e-05 2.604640486568313971e-09 8.351591320432420857e-12
7.153586745410419234e-05 2.599773220900792119e-09 8.351397253752478359e-12
7.566387981246299323e-05 2.594910424207294019e-09 8.351202650207654760e-12
8.003010115097703033e-05 2.590051949754183394e-09 8.351007036242569836e-12
8.464827743581597246e-05 2.585198259484549256e-09 8.350811908750521480e-12
8.953294785087758897e-05 2.580349176134142202e-09 8.350616699831532560e-12
9.469949057080531457e-05 2.575504356500594254e-09 8.350420264838260692e-12
1.001641711753616982e-04 2.570664093753880981e-09 8.350223592460166720e-12
1.059441938575767477e-04 2.565828445427792605e-09 8.350026836833333126e-12
1.120577555868872079e-04 2.560997238513414842e-09 8.349829452979161114e-12
1.185241033977863781e-04 2.556170477044981988e-09 8.349631444401337344e-12
1.253635949843440189e-04 2.551348618031565264e-09 8.349434324063621419e-12
1.325977627913629017e-04 2.546530938383142259e-09 8.349235683560047471e-12
1.402493818039463470e-04 2.541717780000996983e-09 8.349036674756512677e-12
1.483425412488963255e-04 2.536909304447313676e-09 8.348837818306943353e-12
1.569027204336760097e-04 2.532105274428297428e-09 8.348638336104317001e-12
1.659568689616975007e-04 2.527305704672040080e-09 8.348438263791217753e-12
1.755334915764710586e-04 2.522510888167047837e-09 8.348238591172352715e-12
1.856627379017278788e-04 2.517720412137417160e-09 8.348037926183583631e-12
1.963764973600410691e-04 2.512934237362363591e-09 8.347836131063097661e-12
2.077084995687727943e-04 2.508152947841597486e-09 8.347635181915966430e-12
2.196944205294175910e-04 2.503376114311172227e-09 8.347433601955873974e-12
2.323719949446542406e-04 2.498603694784843348e-09 8.347231310617622599e-12
2.457811350167086800e-04 2.493835868797672869e-09 8.347028847044762733e-12
2.599640561010352281e-04 2.489072664800739376e-09 8.346826346791853303e-12
2.749654096109042847e-04 2.484313660702367996e-09 8.346622350831509553e-12
2.908324235913139176e-04 2.479559533917570645e-09 8.346419187793957925e-12
3.076150514047896740e-04 2.474809740090812166e-09 8.346214975108261181e-12
3.253661289971711821e-04 2.470064512978339151e-09 8.346010522446959342e-12
3.441415412384974987e-04 2.465323822900869448e-09 8.345805727792605686e-12
3.640003978626741871e-04 2.460587540532087114e-09 8.345600150556305203e-12
3.850052195598269210e-04 2.455855978320454968e-09 8.345394855861761914e-12
4.072221348072060324e-04 2.451128846769734843e-09 8.345188846524554258e-12
4.307210880583132572e-04 2.446406210906188670e-09 8.344982343348355538e-12
4.555760599456843384e-04 2.441688169487956163e-09 8.344775690406499260e-12
4.818653001905828358e-04 2.436974531035601412e-09 8.344568227494222622e-12
5.096715739528622944e-04 2.432265527138927493e-09 8.344360755639461172e-12
5.390824223965668066e-04 2.427561056574551206e-09 8.344152903548136511e-12
5.701904382915967424e-04 2.422861152600286097e-09 8.343944816992371901e-12
6.030935575191059351e-04 2.418165668940850729e-09 8.343735962417407793e-12
6.378953673983620357e-04 2.413474486140117890e-09 8.343525920900686111e-12
6.747054328057562394e-04 2.408788221570280222e-09 8.343316861516144838e-12
7.136396411126717017e-04 2.404106353379500116e-09 8.343106943648079103e-12
7.548205670281618509e-04 2.399428949758997963e-09 8.342896419575628514e-12
7.983778584950569071e-04 2.394755956122750839e-09 8.342685085919230242e-12
8.444486448543902938e-04 2.390087645169423669e-09 8.342473900121065965e-12
8.931779685631540408e-04 2.385424000747693366e-09 8.342262807265781268e-12
9.447192418245423844e-04 2.380764718582391403e-09 8.342050742618364625e-12
9.992347295682678810e-04 2.376109950881352218e-09 8.341838224907671731e-12
1.056896060301491108e-03 2.371459724835191618e-09 8.341625354719331978e-12
1.117884766438652323e-03 2.366813943612164759e-09 8.341411786650068607e-12
1.182392855811306579e-03 2.362172948681113072e-09 8.341198745623703354e-12
1.250623416157214778e-03 2.357536220995986486e-09 8.340984347124883319e-12
1.322791254491768832e-03 2.352903946326038876e-09 8.340769309184685771e-12
1.399123573374660414e-03 2.348276568823282953e-09 8.340555175906935886e-12
1.479860686200853677e-03 2.343653391112023847e-09 8.340339451029257512e-12
1.565256773767774792e-03 2.339034802317296252e-09 8.340123546412649191e-12
1.655580684500578643e-03 2.334420733853845677e-09 8.339907191146595585e-12
1.751116780854805556e-03 2.329811124964891755e-09 8.339690184026291860e-12
1.852165834561125520e-03 2.325206298642390375e-09 8.339473686212242067e-12
1.959045973530621973e-03 2.320605902384289643e-09 8.339256418905952125e-12
2.072093683401699492e-03 2.316009910523712407e-09 8.339038287429009283e-12
2.191664866881752431e-03 2.311418501551944068e-09 8.338819943035836546e-12
2.318135964218664795e-03 2.306831484119735364e-09 8.338600680763924985e-12
2.451905138329678324e-03 2.302249238338993942e-09 8.338381888833843821e-12
2.593393528318687236e-03 2.297671392583250493e-09 8.338162208841787835e-12
2.743046575328366831e-03 2.293098088453639449e-09 8.337942153847890670e-12
2.901335424901259254e-03 2.288529360363465848e-09 8.337721857782076830e-12
3.068758410264795650e-03 2.283964858726001834e-09 8.337500017066299891e-12
3.245842621209997156e-03 2.279405377314093872e-09 8.337279574237948098e-12
3.433145563503092138e-03 2.274850085387824999e-09 8.337057446371686710e-12
3.631256914054305576e-03 2.270299414970938134e-09 8.336835239028222164e-12
3.840800377369528538e-03 2.265753084634204137e-09 8.336611898668146563e-12
4.062435649129427818e-03 2.261211679133400436e-09 8.336389611231516877e-12
4.296860493077853289e-03 2.256674561164627982e-09 8.336165993085576786e-12
4.544812937758120792e-03 2.252141930970426535e-09 8.335941789061561035e-12
4.807073600013049043e-03 2.247613717441263479e-09 8.335716718970672917e-12
5.084468142563685657e-03 2.243090285154882418e-09 8.335492173427654158e-12
5.377869873403817551e-03 2.238571311210099784e-09 8.335266930665286634e-12
5.688202495193844972e-03 2.234056872903468420e-09 8.335041267805018165e-12
6.016443013309767142e-03 2.229546819554117719e-09 8.334814621639701494e-12
6.363624811702556748e-03 2.225041255339642746e-09 8.334587383671632872e-12
6.730840906251497543e-03 2.220540505753018434e-09 8.334360798939585655e-12
7.119247385853898734e-03 2.216044101217965337e-09 8.334133055561750691e-12
7.530067052084588042e-03 2.211552109981727135e-09 8.333904438813959438e-12
7.964593268883712884e-03 2.207064897790237801e-09 8.333676320724109935e-12
8.424194034392665231e-03 2.202582107903450093e-09 8.333447352173996938e-12
8.910316287757324635e-03 2.198103822497407727e-09 8.333217856942903191e-12
9.424490464457506086e-03 2.193630039614778861e-09 8.332987783859529610e-12
9.968335314503888253e-03 2.189160856576817282e-09 8.332757544380395763e-12
1.054356299867137241e-02 2.184696077243756056e-09 8.332526366428118523e-12
1.115198447881310916e-02 2.180235917177416903e-09 8.332295080183471907e-12
1.179551521922525895e-02 2.175780150360692265e-09 8.332062818150509487e-12
1.247618121701176731e-02 2.171329105620764961e-09 8.331830844231031309e-12
1.319612538043427562e-02 2.166882514153331428e-09 8.331598108951829646e-12
1.395761427532791685e-02 2.162440300041718774e-09 8.331364329548207591e-12
1.476304526082234184e-02 2.158002877641326951e-09 8.331131106466867831e-12
1.561495403683297624e-02 2.153569935525909293e-09 8.330897239782939322e-12
1.651602262708396288e-02 2.149141300894711519e-09 8.330662034686664964e-12
1.746908782279542327e-02 2.144717366867259069e-09 8.330427023074097732e-12
1.847715011361784204e-02 2.140297998810627112e-09 8.330191705454198983e-12
1.954338313393035736e-02 2.135883039260213674e-09 8.329955428828889369e-12
2.067114365424228134e-02 2.131472499186997525e-09 8.329718252082230871e-12
2.186398214915347832e-02 2.127066622384927158e-09 8.329481131938998852e-12
2.312565397514406221e-02 2.122665362004154897e-09 8.329243879224428326e-12
2.446013119338386055e-02 2.118268483954065828e-09 8.329005577039330334e-12
2.587161507478289921e-02 2.113876238675955098e-09 8.328767201097282004e-12
2.736454932665204412e-02 2.109488341407373335e-09 8.328527619827193018e-12
2.894363408261463669e-02 2.105105311248754842e-09 8.328288915770015433e-12
3.061384069981269718e-02 2.100726371542445967e-09 8.328047960709193431e-12
3.238042740999319546e-02 2.096352315231843193e-09 8.327807945665592838e-12
3.424895587374806455e-02 2.091982606284505995e-09 8.327566715353570304e-12
3.622530869002475035e-02 2.087617530268283451e-09 8.327325412887219479e-12
3.831570791603155363e-02 2.083256904018887555e-09 8.327083303242612608e-12
4.052673465584317319e-02 2.078900884994085286e-09 8.326841015717710235e-12
4.286534977937652563e-02 2.074549358431382331e-09 8.326598093769162875e-12
4.533891583696521288e-02 2.070202219788770032e-09 8.326354096872742622e-12
4.795522023852515775e-02 2.065859692762585346e-09 8.326109928928217225e-12
5.072249977028531198e-02 2.061521789340636594e-09 8.325865653236809292e-12
5.364946652626853552e-02 2.057188314978815126e-09 8.325620469228043235e-12
5.674533533616136355e-02 2.052859300813710872e-09 8.325374502249048216e-12
6.001985277592226248e-02 2.048534903616010192e-09 8.325128391366850823e-12
6.348332785246120491e-02 2.044215083208670201e-09 8.324881968461914249e-12
6.714666445899400427e-02 2.039899629597176445e-09 8.324634369661512786e-12
7.102139570324887685e-02 2.035588895991258234e-09 8.324387047688446351e-12
7.511972021659873988e-02 2.031282683885160203e-09 8.324139196086411474e-12
7.945454055842970931e-02 2.026980950811351537e-09 8.323890602477774622e-12
8.403950383665294288e-02 2.022683659631757862e-09 8.323641141073079876e-12
8.888904467224302552e-02 2.018390956177109352e-09 8.323391408304694370e-12
9.401843064306589226e-02 2.014102753489225617e-09 8.323141038198626131e-12
9.944381035006501224e-02 2.009819134241401725e-09 8.322890363146615424e-12
1.051822642571308697e-01 2.005539965650596818e-09 8.322638869125123298e-12
1.112518584647101266e-01 2.001265185060370549e-09 8.322386241874530020e-12
1.176717015864469501e-01 1.996995336744073959e-09 8.322134778750674926e-12
1.244620049079186164e-01 1.992729844773486139e-09 8.321882058094304041e-12
1.316441460168612243e-01 1.988468762303007432e-09 8.321628311546856289e-12
1.392407361052086512e-01 1.984212200014836306e-09 8.321373974500071895e-12
1.472756911548283310e-01 1.979960175544423716e-09 8.321119164434923593e-12
1.557743072310646959e-01 1.975712829529457468e-09 8.320864444367877350e-12
1.647633401211343052e-01 1.971470026708211949e-09 8.320609252292214005e-12
1.742710895680934791e-01 1.967231585424938364e-09 8.320352783499516034e-12
1.843274883655678931e-01 1.962997735778980680e-09 8.320096084862403172e-12
1.949641965937372323e-01 1.958768459476279709e-09 8.319839004843220890e-12
2.062147012932542545e-01 1.954543609417282182e-09 8.319580920752052442e-12
2.181144218908964705e-01 1.950323326156688596e-09 8.319322484456395761e-12
2.307008217088558633e-01 1.946107531401701773e-09 8.319063314204838821e-12
2.440135259087271302e-01 1.941896359712110957e-09 8.318803992484955428e-12
2.580944462415121765e-01 1.937689745671010316e-09 8.318544256209415288e-12
2.729879129963853068e-01 1.933487510419498012e-09 8.318283299189221898e-12
2.887408145636256029e-01 1.929289806932144112e-09 8.318021799356226051e-12
3.054027450510967689e-01 1.925096804522929409e-09 8.317760496966734932e-12
3.230261604190091673e-01 1.920908121043006549e-09 8.317497697156623125e-12
3.416665436245158727e-01 1.916724167280417647e-09 8.317235221214089131e-12
3.613825792960567163e-01 1.912544564787520526e-09 8.316971405726682707e-12
3.822363384873714853e-01 1.908369693978837348e-09 8.316707914954547818e-12
4.042934740928351700e-01 1.904199196228258915e-09 8.316443172105339071e-12
4.276234275393318018e-01 1.900033160513590774e-09 8.316177547055300443e-12
4.522996474053821436e-01 1.895871789395079821e-09 8.315911950709015529e-12
4.783998206557957822e-01 1.891714849991971561e-09 8.315645350440968203e-12
5.060061172198333512e-01 1.887562608755812297e-09 8.315378923505663328e-12
5.352054486828752289e-01 1.883414809412714934e-09 8.315111527999209650e-12
5.660897419060102465e-01 1.879271547618918775e-09 8.314843595432141644e-12
5.987562284349868813e-01 1.875132760238812634e-09 8.314574841804883529e-12
6.333077506096456144e-01 1.870998526602240778e-09 8.314305601897544879e-12
6.698530853375457284e-01 1.866868819022566064e-09 8.314035760253204145e-12
7.085072865511148343e-01 1.862743701040309965e-09 8.313765596947143648e-12
7.493920474264436082e-01 1.858622976764353970e-09 8.313494225527547326e-12
7.926360835041044162e-01 1.854506833052076412e-09 8.313222510636827601e-12
8.383755379181478951e-01 1.850395291014808593e-09 8.312950496351923796e-12
8.867544100090218873e-01 1.846288283507530172e-09 8.312677951679137572e-12
9.379250086698254218e-01 1.842185740106301054e-09 8.312404490306538766e-12
9.920484318531237466e-01 1.838087666704973768e-09 8.312130147323200048e-12
1.049295073747938067e+00 1.833994191159269065e-09 8.311855516660215550e-12
1.109845161223643739e+00 1.829905254921927177e-09 8.311580327379129969e-12
1.173889321229605320e+00 1.825820806763221892e-09 8.311304350889910654e-12
1.241629180936905774e+00 1.821740940969009008e-09 8.311027986597454700e-12
1.313278002511549136e+00 1.817665492776405835e-09 8.310750505108278299e-12
1.389061354517542091e+00 1.813594752560967311e-09 8.310473232203420851e-12
1.469217822063642265e+00 1.809528388954055261e-09 8.310194625075664407e-12
1.553999757929462877e+00 1.805466614241498837e-09 8.309915686381052562e-12
1.643674077035676806e+00 1.801409485110103083e-09 8.309636673556091033e-12
1.738523096759529762e+00 1.797356762484069212e-09 8.309356454548071670e-12
1.838845425741140627e+00 1.793308554687257443e-09 8.309075524813309429e-12
1.944956903978833918e+00 1.789264785437681939e-09 8.308793558913604385e-12
2.057191597173139375e+00 1.785225803060491082e-09 8.308512170949246204e-12
2.175902848449863480e+00 1.781191094345322058e-09 8.308228926128393320e-12
2.301464390773396484e+00 1.777161139490578343e-09 8.307946125223220162e-12
2.434271523552355987e+00 1.773135490781209957e-09 8.307661612052174076e-12
2.574742357141837079e+00 1.769114573813595853e-09 8.307377428064706409e-12
2.723319129160299390e+00 1.765098134424112411e-09 8.307092353081559632e-12
2.880469596765115714e+00 1.761086169408972074e-09 8.306806380587620134e-12
3.046688509270111478e+00 1.757078781092604507e-09 8.306519964414574565e-12
3.222499165741226967e+00 1.753075796192682870e-09 8.306232303722598265e-12
3.408455062473943808e+00 1.749077502614192400e-09 8.305944765661724590e-12
3.605141635539268474e+00 1.745083609618186963e-09 8.305655954329322424e-12
3.813178103884157455e+00 1.741094399195036206e-09 8.305367217564501135e-12
4.033219418788954513e+00 1.737109618026423546e-09 8.305077341481803987e-12
4.265958325819267039e+00 1.733129408120565876e-09 8.304787020580018252e-12
4.512127545763704894e+00 1.729153725518925262e-09 8.304496005078346648e-12
4.772502081423779963e+00 1.725182529917429314e-09 8.304204122423179775e-12
5.047901657518249152e+00 1.721215887796258986e-09 8.303911681759306439e-12
5.339193301383255097e+00 1.717253771140888945e-09 8.303618534807948852e-12
5.647294072593125769e+00 1.713296161561287405e-09 8.303324623351330941e-12
5.973173950095237217e+00 1.709343128552440027e-09 8.303030249449140682e-12
6.317858885948410830e+00 1.705394577883125464e-09 8.302734982228302584e-12
6.682434035278842721e+00 1.701450632311935760e-09 8.302439397125607925e-12
7.068047172622099694e+00 1.697511058985078371e-09 8.302142338366556651e-12
7.475912305406924752e+00 1.693576235564006625e-09 8.301845694621570434e-12
7.907313495956908689e+00 1.689645751707956471e-09 8.301547400370195249e-12
8.363608904042502346e+00 1.685719890533214449e-09 8.301248883508834721e-12
8.846235062710636754e+00 1.681798621130523643e-09 8.300949982999519585e-12
9.356711400853109595e+00 1.677881723904905236e-09 8.300649600578278360e-12
9.896645026751999197e+00 1.673969551093294357e-09 8.300349486280146063e-12
1.046773578766201496e+01 1.670061708816351783e-09 8.300047675625990568e-12
1.107178162135832977e+01 1.666158478841762076e-09 8.299745568302408165e-12
1.171068421649828828e+01 1.662259911430378933e-09 8.299443423518142266e-12
1.238645499961708296e+01 1.658365758703221163e-09 8.299139986738421625e-12
1.310122146760573436e+01 1.654476130068746966e-09 8.298835815804455092e-12
1.385723388560807301e+01 1.650591001479449431e-09 8.298530774854909597e-12
1.465687237142301669e+01 1.646710411424085061e-09 8.298225039584876257e-12
1.550265438871577395e+01 1.642834499027570390e-09 8.297919360874129940e-12
1.639724267262862156e+01 1.638963006129789896e-09 8.297612378647156026e-12
1.734345361274263198e+01 1.635096015646351280e-09 8.297304527938588593e-12
1.834426611978260624e+01 1.631233656058521325e-09 8.296996472595505788e-12
1.940283100397959970e+01 1.627375633259151782e-09 8.296686678963885806e-12
2.052248089461610192e+01 1.623522324094784937e-09 8.296377107548167460e-12
2.170674073198383880e+01 1.619673507596598579e-09 8.296066595548849708e-12
2.295933886478496433e+01 1.615829187203321274e-09 8.295755181905589133e-12
2.428421878791419175e+01 1.611989436368447693e-09 8.295443209733403038e-12
2.568555155757570319e+01 1.608154199871667445e-09 8.295130418757111871e-12
2.716774892281994624e+01 1.604323494137705421e-09 8.294816882352557043e-12
2.873547721484264983e+01 1.600497351917883585e-09 8.294502771935955227e-12
3.039367203777273119e+01 1.596675667004450463e-09 8.294187523276915744e-12
3.214755380719876143e+01 1.592858462865760804e-09 8.293871254811572292e-12
3.400264418535432753e+01 1.589045976020817770e-09 8.293555209174152040e-12
3.596478346470357934e+01 1.585238003791529763e-09 8.293238320753539637e-12
3.804014895465503088e+01 1.581434433037093990e-09 8.292919987447067470e-12
4.023527442929015052e+01 1.577635510895326852e-09 8.292601501956489432e-12
4.255707069733188774e+01 1.573841008957239129e-09 8.292281653698204992e-12
4.501284735911400503e+01 1.570051090166891203e-09 8.291961334797464932e-12
4.761033581904712975e+01 1.566265726702635374e-09 8.291640357240817377e-12
5.035771362602950774e+01 1.562484874426843316e-09 8.291318494969295721e-12
5.326363021843418011e+01 1.558708557035500369e-09 8.290995873140981199e-12
5.633723415472271512e+01 1.554936701155237333e-09 8.290672076705217322e-12
5.958820191541487077e+01 1.551169569140200014e-09 8.290348556516264396e-12
6.302676836709070329e+01 1.547406786339714731e-09 8.290023244397069613e-12
6.666375898433163627e+01 1.543648524013144666e-09 8.289697092099348412e-12
7.051062393104550097e+01 1.539894942295170009e-09 8.289370955399561996e-12
7.457947410847137348e+01 1.536145849706870595e-09 8.289043799931416874e-12
7.888311928335079415e+01 1.532401305183500842e-09 8.288715919214492724e-12
8.343510841630541108e+01 1.528661104161323266e-09 8.288386201859534545e-12
8.824977231738255057e+01 1.524925656016957359e-09 8.288056901053394270e-12
9.334226876306017573e+01 1.521194689018407931e-09 8.287726504475871736e-12
9.872863021675152595e+01 1.517468244156735969e-09 8.287395263262547130e-12
1.044258143030431114e+02 1.513746332314100069e-09 8.287063196737810358e-12
1.104517571945749950e+02 1.510028990592034314e-09 8.286730524533113162e-12
1.168254300796375276e+02 1.506316097547743688e-09 8.286396561918448355e-12
1.235668988882562331e+02 1.502607699690425108e-09 8.286061582531095004e-12
1.306973874648021479e+02 1.498903978262624801e-09 8.285726567689572140e-12
1.382393443860075308e+02 1.495204733314608197e-09 8.285390420348484265e-12
1.462165136347477414e+02 1.491510070565394547e-09 8.285053729452238106e-12
1.546540093520901280e+02 1.487819836744805077e-09 8.284715615166648294e-12
1.635783949029434154e+02 1.484134142149187863e-09 8.284376689615972832e-12
1.730177665042320712e+02 1.480453128154831033e-09 8.284037764739785612e-12
1.830018416788755360e+02 1.476776539541974208e-09 8.283697389052033208e-12
1.935620528140447334e+02 1.473104382834611558e-09 8.283355564784481223e-12
2.047316461182471699e+02 1.469436920597318675e-09 8.283013851643826854e-12
2.165457862887774638e+02 1.465773957834080771e-09 8.282671089652326083e-12
2.290416672190544602e+02 1.462115539813207623e-09 8.282327523291747327e-12
2.422586290943817176e+02 1.458461650916786664e-09 8.281983077218294409e-12
2.562382822447719946e+02 1.454812219797228076e-09 8.281637323075278660e-12
2.710246381447635713e+02 1.451167377402012821e-09 8.281291038249329043e-12
2.866642479726460238e+02 1.447527079917669974e-09 8.280943941333150419e-12
3.032063491653089500e+02 1.443891296392254308e-09 8.280595864937591921e-12
3.207030204301156573e+02 1.440260126126036198e-09 8.280247383502464392e-12
3.392093457018106619e+02 1.436633385083146659e-09 8.279897411618614430e-12
3.587835875606403988e+02 1.433011198197587680e-09 8.279546660413599158e-12
3.794873706576559584e+02 1.429393507808300062e-09 8.279194818370039897e-12
4.013858757246552500e+02 1.425780452597738950e-09 8.278842676589498048e-12
4.245480447795706596e+02 1.422171921614944346e-09 8.278489590726518512e-12
4.490467981733352758e+02 1.418567844359842865e-09 8.278135136221108621e-12
4.749592641615369644e+02 1.414968322578836980e-09 8.277779904839567836e-12
5.023670217236260100e+02 1.411373355883776943e-09 8.277423889588187474e-12
5.313563573941205505e+02 1.407783055099560011e-09 8.277067775226741917e-12
5.620185369143817979e+02 1.404197144366895781e-09 8.276709872502910669e-12
5.944500925601950030e+02 1.400615842171278121e-09 8.276351517450000281e-12
6.287531270497171363e+02 1.397038953034719537e-09 8.275991501504138094e-12
6.650356349885925056e+02 1.393466618267652378e-09 8.275630688132708695e-12
7.034118428642181016e+02 1.389898965986427531e-09 8.275269844256850325e-12
7.440025686595314482e+02 1.386335777636527246e-09 8.274907668141777079e-12
7.869356022185036181e+02 1.382777076558937209e-09 8.274544243215801092e-12
8.323461075608013289e+02 1.379223009873308901e-09 8.274180512506735466e-12
8.803770484122157995e+02 1.375673363543402423e-09 8.273815129555439126e-12
9.311796382905406517e+02 1.372128357620792637e-09 8.273449469266783055e-12
9.849138165638606779e+02 1.368587766190437803e-09 8.273082116616840076e-12
1.041748751980032011e+03 1.365051838456525317e-09 8.272714607977829879e-12
1.101863375252580227e+03 1.361520317360912151e-09 8.272345348735120611e-12
1.165446942379711345e+03 1.357993364604797277e-09 8.271975340249387800e-12
1.232699630469941667e+03 1.354471036045157321e-09 8.271604924866186603e-12
1.303833167950129109e+03 1.350953168997192431e-09 8.271233091919634749e-12
1.379071501139967722e+03 1.347439831854615364e-09 8.270860255730847741e-12
1.458651499291504706e+03 1.343931047776248643e-09 8.270486562345474207e-12
1.542823700313279915e+03 1.340426819588817608e-09 8.270112013330572274e-12
1.631853099526868846e+03 1.336927195232471945e-09 8.269736916525085595e-12
1.726019983939012036e+03 1.333432012771382073e-09 8.269360257636993432e-12
1.825620814655795357e+03 1.329941373180858900e-09 8.268982645157742943e-12
1.930969160217009403e+03 1.326455342326782871e-09 8.268604523651035547e-12
2.042396683789007511e+03 1.322973707411397847e-09 8.268224500848028407e-12
2.160254187324012491e+03 1.319496748318409686e-09 8.267844359928293994e-12
2.284912715973171089e+03 1.316024254924661633e-09 8.267462789799530183e-12
2.416764726230261658e+03 1.312556365794870631e-09 8.267080642351158539e-12
2.556225321483746484e+03 1.309092940935372054e-09 8.266697022641321751e-12
2.703733558866967087e+03 1.305634045005075472e-09 8.266312351937290808e-12
2.859753831520722542e+03 1.302179774804644419e-09 8.265927237246229349e-12
3.024777330620042903e+03 1.298729951006682431e-09 8.265540508377637002e-12
3.199323591767907146e+03 1.295284757283494000e-09 8.265153366846734860e-12
3.383942130624369383e+03 1.291844036753422350e-09 8.264764791647451635e-12
3.579214172920502278e+03 1.288407811492129667e-09 8.264374904502075337e-12
3.785754484303573463e+03 1.284976215959675338e-09 8.263984576155556279e-12
4.004213305774399032e+03 1.281549115884781616e-09 8.263592946257854718e-12
4.235278400810066159e+03 1.278126567177503654e-09 8.263200363460731080e-12
4.479677220616800696e+03 1.274708571848186057e-09 8.262806852218343920e-12
4.738179194329889469e+03 1.271295167035922492e-09 8.262412611475790887e-12
5.011598151370730193e+03 1.267886182490447466e-09 8.262016578124854913e-12
5.300794883587036566e+03 1.264481729665901352e-09 8.261619402507483469e-12
5.606679855242833582e+03 1.261081903909591553e-09 8.261221793542554813e-12
5.930216069389583936e+03 1.257686559198993456e-09 8.260822710648324175e-12
6.272422099642632020e+03 1.254295753353385024e-09 8.260422558312781367e-12
6.634375296908056043e+03 1.250909481599695686e-09 8.260021321646224615e-12
7.017215181154884704e+03 1.247527855995127840e-09 8.259619714050287257e-12
7.422147028911590496e+03 1.244150635947052034e-09 8.259216125040946859e-12
7.850445667780565600e+03 1.240777965171182404e-09 8.258811533639725901e-12
8.303459489916889652e+03 1.237409878620298983e-09 8.258406147735253745e-12
8.782614697107199390e+03 1.234046314555937929e-09 8.257999560940493835e-12
9.289419790812409701e+03 1.230687418705152253e-09 8.257592751405026581e-12
9.825470321311078806e+03 1.227332912304648309e-09 8.257183803957964248e-12
1.039245391089407167e+04 1.223982906301840797e-09 8.256773498023496524e-12
1.099215556692511200e+04 1.220637546356414448e-09 8.256362793822535791e-12
1.162646330149448295e+04 1.217296763142825759e-09 8.255951248554512876e-12
1.229737407535723105e+04 1.213960366911663288e-09 8.255537504513420490e-12
1.300700008486921070e+04 1.210628680617595688e-09 8.255123823085777496e-12
1.375757541171431149e+04 1.207301357060159175e-09 8.254707784534290536e-12
1.455146305635702265e+04 1.203978734467777170e-09 8.254291719738526011e-12
1.539116237736378389e+04 1.200660606147089793e-09 8.253874217368795442e-12
1.627931696001464297e+04 1.197346928957798522e-09 8.253454920404800612e-12
1.721872293897607233e+04 1.194037876583974037e-09 8.253035069563317180e-12
1.821233780123869292e+04 1.190733347592227696e-09 8.252613952653468349e-12
1.926328969703215989e+04 1.187433332476911953e-09 8.252191501620958009e-12
2.037488728803095728e+04 1.184137920177867040e-09 8.251768316015578917e-12
2.155063016385649098e+04 1.180847012922286860e-09 8.251343706880686218e-12
2.279421985966735883e+04 1.177560640519874922e-09 8.250917866437935603e-12
2.410957150952636221e+04 1.174278782056528318e-09 8.250490676301273347e-12
2.550082617222988483e+04 1.171001507977647932e-09 8.250062608953255502e-12
2.697236386840527484e+04 1.167728791996657709e-09 8.249633463865092204e-12
2.852881736992124934e+04 1.164460591957098442e-09 8.249202953520732027e-12
3.017508678502210387e+04 1.161196974736343572e-09 8.248771550283877124e-12
3.191635498510414982e+04 1.157937816751670671e-09 8.248338339111375117e-12
3.375810392170298292e+04 1.154683225100034655e-09 8.247904116455119242e-12
3.570613188505943253e+04 1.151433196155327803e-09 8.247468818663908714e-12
3.776657175859943527e+04 1.148187717296757752e-09 8.247032354598253397e-12
3.994591032679910131e+04 1.144946775764398500e-09 8.246594660856996927e-12
4.225100869721737399e+04 1.141710361531043620e-09 8.246155599749730567e-12
4.468912390099443292e+04 1.138478497058685659e-09 8.245715376761196654e-12
4.726793173981592554e+04 1.135251171791301207e-09 8.245273894966001232e-12
4.999555095127232198e+04 1.132028410060309964e-09 8.244831335213103780e-12
5.288056876869414555e+04 1.128810158337683202e-09 8.244387261012995232e-12
5.593206795592710114e+04 1.125596463907011712e-09 8.243942054958459543e-12
5.915965540216524823e+04 1.122387312585001142e-09 8.243495592267860206e-12
6.257349236686097720e+04 1.119182704493068162e-09 8.243047867743462439e-12
6.618432646993220260e+04 1.115982609510421317e-09 8.242598656186808196e-12
7.000352552798246325e+04 1.112787117046782854e-09 8.242148600637996948e-12
7.404311334305450146e+04 1.109596185026123644e-09 8.241697422995110124e-12
7.831580755659120041e+04 1.106409670033854524e-09 8.241243971771176819e-12
8.283505968778063834e+04 1.103227836333451023e-09 8.240790289742882290e-12
8.761509748233095161e+04 1.100050522834046904e-09 8.240335118187381690e-12
9.267096970500165480e+04 1.096877626227597973e-09 8.239877694985371936e-12
9.801859351691375196e+04 1.093709398661862846e-09 8.239419904371193929e-12
1.036748045867850888e+05 1.090545668681830895e-09 8.238960454470765527e-12
1.096574100938650517e+05 1.087386499559479822e-09 8.238499809245462703e-12
1.159852447894257202e+05 1.084231871502018487e-09 8.238037816550325264e-12
1.226782302933085302e+05 1.081081788089714331e-09 8.237574495266348458e-12
1.297574378122120979e+05 1.077936283440645014e-09 8.237110116149844678e-12
1.372451544771622866e+05 1.074795219479748121e-09 8.236643576620103481e-12
1.451649535090263234e+05 1.071658826083005487e-09 8.236176673351069823e-12
1.535417684329569456e+05 1.068526934159145188e-09 8.235708061169618062e-12
1.624019715754173812e+05 1.065399574316536364e-09 8.235237997992273935e-12
1.717734570909210888e+05 1.062276759538574477e-09 8.234766568330455344e-12
1.816857287798650505e+05 1.059158451223318869e-09 8.234293447986129054e-12
1.921699929739333165e+05 1.056044791268153535e-09 8.233819788280466341e-12
2.032592567815056827e+05 1.052935550327130818e-09 8.233343717471212761e-12
2.149884320023587788e+05 1.049830969132643289e-09 8.232867185968579936e-12
2.273944450388158730e+05 1.046730835246007299e-09 8.232388451460716282e-12
2.405163531493821938e+05 1.043635349014395785e-09 8.231909150750548996e-12
2.543954674108398613e+05 1.040544278771588655e-09 8.231427382644364887e-12
2.690754827759449254e+05 1.037457851082304403e-09 8.230944969972789338e-12
2.846026156361585017e+05 1.034375945553026415e-09 8.230460949005504128e-12
3.010257493225013604e+05 1.031298624211896559e-09 8.229975812334490007e-12
3.183965880026193336e+05 1.028225815557018197e-09 8.229488961740837738e-12
3.367698194585361052e+05 1.025157556843862069e-09 8.229000713762797613e-12
3.562032872575945221e+05 1.022093844868042771e-09 8.228511000976357683e-12
3.767581728585948586e+05 1.019034684028359149e-09 8.228019868691817494e-12
3.984991882264552405e+05 1.015980022920003322e-09 8.227526865873779304e-12
4.214947795618100790e+05 1.012929959964102805e-09 8.227032857695682869e-12
4.458173427869116422e+05 1.009884455910159778e-09 8.226537447477259019e-12
4.715434514662493602e+05 1.006843468813541304e-09 8.226040300501032876e-12
4.987540978794576949e+05 1.003807052126881492e-09 8.225541872293967058e-12
5.275349480054380838e+05 1.000775129858778918e-09 8.225041474528198375e-12
5.579766112204634119e+05 9.977478340139043074e-10 8.224540273864855934e-12
5.901749255593660055e+05 9.947250414318283070e-10 8.224037170274220375e-12
6.242312594378291396e+05 9.917067534050679801e-10 8.223532176166225549e-12
6.602528307857459877e+05 9.886931187710843029e-10 8.223026561661599524e-12
6.983530445963031380e+05 9.856839968472892781e-10 8.222519092696623928e-12
7.386518499534963630e+05 9.826794058952467188e-10 8.222009956265341005e-12
7.812761176621253835e+05 9.796792889595013085e-10 8.221498646850643189e-12
8.263600396690665511e+05 9.766838582865549307e-10 8.220986953845166392e-12
8.740455515333940275e+05 9.736928832793790276e-10 8.220472899370791887e-12
9.244827792753148824e+05 9.707064771424649580e-10 8.219957456769548982e-12
9.778305120107384864e+05 9.677246187317986847e-10 8.219440410507079363e-12
1.034256701859491179e+06 9.647473666328608888e-10 8.218922310608730292e-12
1.093938992700945120e+06 9.617745535658321893e-10 8.218401631502401291e-12
1.157065279441748746e+06 9.588064269524246112e-10 8.217880557521241130e-12
1.223834299556415761e+06 9.558427515220304501e-10 8.217357029483209398e-12
1.294456258763015270e+06 9.528836859291704287e-10 8.216832414065016041e-12
1.369153492803781061e+06 9.499291044952923273e-10 8.216305574156728973e-12
1.448161167414149735e+06 9.469791582536963598e-10 8.215777888127206012e-12
1.531728018683774164e+06 9.440337110530423615e-10 8.215248101440116873e-12
1.620117136140517192e+06 9.410927826477378094e-10 8.214716389664511028e-12
1.713606791022635764e+06 9.381564698658842302e-10 8.214183626236213868e-12
1.812491312346810941e+06 9.352246523422533453e-10 8.213648681794791421e-12
1.917082013530187774e+06 9.322974338114403343e-10 8.213112529549447498e-12
2.027708172483484261e+06 9.293747349123890278e-10 8.212574379138642002e-12
2.144718068260968197e+06 9.264566391447091515e-10 8.212035060633888405e-12
2.268480077530754264e+06 9.235430232603020978e-10 8.211493371204590115e-12
2.399383834317449480e+06 9.206340300357809555e-10 8.210950651848607545e-12
2.537841456668404862e+06 9.177294773398691998e-10 8.210405188261726714e-12
2.684288844105262309e+06 9.148295937391115201e-10 8.209859090999254897e-12
2.839187049945569132e+06 9.119342491576475339e-10 8.209311165742561884e-12
3.003023732814991847e+06 9.090434625088666146e-10 8.208761515412010502e-12
3.176314691919651348e+06 9.061572084981137852e-10 8.208209993635420960e-12
3.359605490912097041e+06 9.032754628125515473e-10 8.207656299854438094e-12
3.553473175463395193e+06 9.003983052359571061e-10 8.207101153269601305e-12
3.758528089948355686e+06 8.975257143992348929e-10 8.206544399112183578e-12
3.975415798963685054e+06 8.946576664515499084e-10 8.205985752959055499e-12
4.204819119728141464e+06 8.917941793180046679e-10 8.205425396176098190e-12
4.447460271763331257e+06 8.889352274436370730e-10 8.204863082274667358e-12
4.704103150623063557e+06 8.860808955668920621e-10 8.204299597185899507e-12
4.975555732829106040e+06 8.832310570370380388e-10 8.203733732120335929e-12
5.262672619585225359e+06 8.803857679349847247e-10 8.203165980034081633e-12
5.566357727277291939e+06 8.775450583841330218e-10 8.202596649159840862e-12
5.887567133230018429e+06 8.747089016927278601e-10 8.202025470550598870e-12
6.227312085679677315e+06 8.718773270508677365e-10 8.201452699086942751e-12
6.586662187438580208e+06 8.690502618315383831e-10 8.200877665831276403e-12
6.966748763274462894e+06 8.662277478495544930e-10 8.200300715998075838e-12
7.368768421606387012e+06 8.634098336929058519e-10 8.199722297617360607e-12
7.793986821729823016e+06 8.605964610665103864e-10 8.199141872342258605e-12
8.243742658431279473e+06 8.577876412865334709e-10 8.198559530416951663e-12
8.719451876537403092e+06 8.549833866451568371e-10 8.197975391554021405e-12
9.222612128666207194e+06 8.521836906617854826e-10 8.197389327355026103e-12
9.754807490215545520e+06 8.493885401525814361e-10 8.196801260182271722e-12
1.031771344643194601e+07 8.465979403921483139e-10 8.196211204867258513e-12
1.091310216726069711e+07 8.438119642144603529e-10 8.195619862523137723e-12
1.154284808658415638e+07 8.410304868572438446e-10 8.195025993198427625e-12
1.220893380341210030e+07 8.382535450965189994e-10 8.194429946205768799e-12
1.291345632360384054e+07 8.354811964468067637e-10 8.193832281241109361e-12
1.365863366177151911e+07 8.327134204289779815e-10 8.193232777742215815e-12
1.444681182414943725e+07 8.299501921984898672e-10 8.192631187383818563e-12
1.528047219441379607e+07 8.271915430964005406e-10 8.192027829498193366e-12
1.616223934570430033e+07 8.244374179204988385e-10 8.191422071786457274e-12
1.709488930344224721e+07 8.216878709378776507e-10 8.190814500152971550e-12
1.808135828495920822e+07 8.189428483425176628e-10 8.190204557099700668e-12
1.912475194344968721e+07 8.162024602009276845e-10 8.189593328799075708e-12
2.022835514535053074e+07 8.134666008197633212e-10 8.188979737573926803e-12
2.139564231192965060e+07 8.107352898779044630e-10 8.188363946496861344e-12
2.263028835763996094e+07 8.080085893564818244e-10 8.187746622709566160e-12
2.393618025967767090e+07 8.052863745590303256e-10 8.187126431453187377e-12
2.531742929516676441e+07 8.025687743641288644e-10 8.186504707703065929e-12
2.677838398449615762e+07 7.998557261047881633e-10 8.185880773292029449e-12
2.832364378155953065e+07 7.971472411062239867e-10 8.185254751570259009e-12
2.995807355399556458e+07 7.944433491928342958e-10 8.184626930684881836e-12
3.168681889901920781e+07 7.917439650727035719e-10 8.183996397397658497e-12
3.351532234305941314e+07 7.890491987286474210e-10 8.183364297701334182e-12
3.544934047620480508e+07 7.863589344164841243e-10 8.182729422770133399e-12
3.749496207540218532e+07 7.836732709120032610e-10 8.182092754653500726e-12
3.965862727346193790e+07 7.809922150127058577e-10 8.181454382276468480e-12
4.194714783422012627e+07 7.783156836677560021e-10 8.180813387745888415e-12
4.436772859769031405e+07 7.756436794309329044e-10 8.180169815735987266e-12
4.692799016271693259e+07 7.729762981275760898e-10 8.179524654713345939e-12
4.963599287854216993e+07 7.703134911613958422e-10 8.178877360808792558e-12
5.250026222081997246e+07 7.676552129767171512e-10 8.178227435982644718e-12
5.552981563196240366e+07 7.650014954092216408e-10 8.177575208632559092e-12
5.873419091032447666e+07 7.623523516038419792e-10 8.176920810011855583e-12
6.212347623759876192e+07 7.597078332647288563e-10 8.176264791546976781e-12
6.570834193895532191e+07 7.570678303195139215e-10 8.175605896864204537e-12
6.950007407591874897e+07 7.544324048231720607e-10 8.174944849548757500e-12
7.351060997773472965e+07 7.518015497843451294e-10 8.174281516023652333e-12
7.775257582309557498e+07 7.491752807233441720e-10 8.173616060431984462e-12
8.223932639053510129e+07 7.465535962553209845e-10 8.172948459603206777e-12
8.698498710263906419e+07 7.439364576652579739e-10 8.172278266046232132e-12
9.200449849644072354e+07 7.413238558031017868e-10 8.171605369172710806e-12
9.731366325999927521e+07 7.387158844831323481e-10 8.170930777065435500e-12
1.029291959832469076e+08 7.361124458448848506e-10 8.170253374670624775e-12
1.088687757797366083e+08 7.335136255030035683e-10 8.169574133195183525e-12
1.151511019449500889e+08 7.309193441982841147e-10 8.168892133438305664e-12
1.217959528263955563e+08 7.283296158885228253e-10 8.168207504200056572e-12
1.288242480908380151e+08 7.257444852728018302e-10 8.167520739885191391e-12
1.362581145846835375e+08 7.231639491808200134e-10 8.166831786006487912e-12
1.441209559948767126e+08 7.205879389783067449e-10 8.166139841562305884e-12
1.524375265296095908e+08 7.180165638629387830e-10 8.165446152848025568e-12
1.612340088508112133e+08 7.154497018135826912e-10 8.164749272503533273e-12
1.705380965037766993e+08 7.128874620180959735e-10 8.164050486024741161e-12
1.803790811034281850e+08 7.103297611729473123e-10 8.163348774899459636e-12
1.907879445517123640e+08 7.077766751089565251e-10 8.162645009003522604e-12
2.017974565764412284e+08 7.052281491349090624e-10 8.161938533453531619e-12
2.134422778986589313e+08 7.026842199771046521e-10 8.161229735640354399e-12
2.257590693533396423e+08 7.001448211258831725e-10 8.160517880267100048e-12
2.387866073069418967e+08 6.976100537648726968e-10 8.159804083925983161e-12
2.525659057351883948e+08 6.950798164141758363e-10 8.159087168960288763e-12
2.671403453454133868e+08 6.925541784421133261e-10 8.158367910333234422e-12
2.825558101499696374e+08 6.900331263079687018e-10 8.157646156845020421e-12
2.988608319206701517e+08 6.875166587816606996e-10 8.156921844697668270e-12
3.161067429790560603e+08 6.850047561545442658e-10 8.156194724423313452e-12
3.343478378034842610e+08 6.824974482349243561e-10 8.155465184567958791e-12
3.536415439618498087e+08 6.799947033341429460e-10 8.154732749893436580e-12
3.740486029080526233e+08 6.774965483548337391e-10 8.153997815068238424e-12
3.956332612114117146e+08 6.750029522049761248e-10 8.153259896781156175e-12
4.184634728210825920e+08 6.725139752152240331e-10 8.152519799188742177e-12
4.426111130022180080e+08 6.700295601022802785e-10 8.151776760126258189e-12
4.681522046174452305e+08 6.675497211077909122e-10 8.151030943355333665e-12
4.951671574660099745e+08 6.650744581493638856e-10 8.150282332553081101e-12
5.237410214341016412e+08 6.626037903644743848e-10 8.149531176089193891e-12
5.539637542533611059e+08 6.601376736188876958e-10 8.148776899939123633e-12
5.859305047105067968e+08 6.576761579289050827e-10 8.148020103673132575e-12
6.197419121997091770e+08 6.552192235619115554e-10 8.147260552281757601e-12
6.555044235608046055e+08 6.527668968144930867e-10 8.146498591652856292e-12
6.933306282007920742e+08 6.503190967641488599e-10 8.145733144257335420e-12
7.333396125536787510e+08 6.478758848032715435e-10 8.144965031775977350e-12
7.756573349946340322e+08 6.454372433832716950e-10 8.144194038419571359e-12
8.204170223887046576e+08 6.430031651866002502e-10 8.143420032915557514e-12
8.677595895226141214e+08 6.405736895104284905e-10 8.142643508109112995e-12
9.178340827400487661e+08 6.381487570603075035e-10 8.141863783519363716e-12
9.707981491771337986e+08 6.357284040507637844e-10 8.141081271200741887e-12
1.026818533075411201e+09 6.333126091605592292e-10 8.140295773214185663e-12
1.086071600734742403e+09 6.309013684441167623e-10 8.139507252611446702e-12
1.148743895758938074e+09 6.284946770809387936e-10 8.138715629511263507e-12
1.215032726342067480e+09 6.260925623386649831e-10 8.137921356321740044e-12
1.285146786444409609e+09 6.236949647087399194e-10 8.137123656560136039e-12
1.359306812813713789e+09 6.213019489401375304e-10 8.136323456673296739e-12
1.437746279920149326e+09 6.189134364556251738e-10 8.135519779108588254e-12
1.520712134992813587e+09 6.165294604639138173e-10 8.134713129447980744e-12
1.608465575471938372e+09 6.141500120694526956e-10 8.133903483693943587e-12
1.701282871324302673e+09 6.117750862595420825e-10 8.133090861678679652e-12
1.799456234810757160e+09 6.094046550342764413e-10 8.132275005308358981e-12
1.903294740444181204e+09 6.070387189051447649e-10 8.131456053627502742e-12
2.013125298033957243e+09 6.046772480347030061e-10 8.130633736998338987e-12
2.129293681880567312e+09 6.023202725760070089e-10 8.129808666536135009e-12
2.252165619360292912e+09 5.999677294677236144e-10 8.128980168152392561e-12
2.382127942327221870e+09 5.976196015968578280e-10 8.128148217615070472e-12
2.519589804957571507e+09 5.952759035865543977e-10 8.127313266336536277e-12
2.664983971870166302e+09 5.929366208527525493e-10 8.126475394479549763e-12
2.818768180578697205e+09 5.906016656058849635e-10 8.125633728013400504e-12
2.981426582564850330e+09 5.882710616180044070e-10 8.124788953937179743e-12
3.153471267509263515e+09 5.859447743374631921e-10 8.123940958687354886e-12
3.335443875479089260e+09 5.836227690865155301e-10 8.123089778487652911e-12
3.527917302147523880e+09 5.813049732967605509e-10 8.122234854700540455e-12
3.731497502413855076e+09 5.789914030406937167e-10 8.121377043312354797e-12
3.946825398102426052e+09 5.766819657649173670e-10 8.120515679507484613e-12
4.174578895746174335e+09 5.743766362548487453e-10 8.119651148385898296e-12
4.415475020807347298e+09 5.720753044485141629e-10 8.118782732993328405e-12
4.670272175054650307e+09 5.697779507681166485e-10 8.117911046459907186e-12
4.939772524203180313e+09 5.674845128118889462e-10 8.117036288837176832e-12
5.224824523334579468e+09 5.651948507127120348e-10 8.116157604043971561e-12
5.526325588047601700e+09 5.629089223596413889e-10 8.115275614408402227e-12
5.845224919748726845e+09 5.606265696231446598e-10 8.114389629675575310e-12
6.182526493977783203e+09 5.583477208025360249e-10 8.113500265465079657e-12
6.539292221176018715e+09 5.560722664056892078e-10 8.112607687408724154e-12
6.916645289848206520e+09 5.538000370158717657e-10 8.111711625542874542e-12
7.315773702643325806e+09 5.515308657300179964e-10 8.110811784194258785e-12
7.737934016486478806e+09 5.492645843299158514e-10 8.109908485727081396e-12
8.184455298537239075e+09 5.470009823176320653e-10 8.109001332563272049e-12
8.656743310428255081e+09 5.447398453149281887e-10 8.108090576449280580e-12
9.156284933957365036e+09 5.424809274509317683e-10 8.107176149239858169e-12
9.684652852166770935e+09 5.402239379653245969e-10 8.106257826263123163e-12
1.024351050054588509e+10 5.379686064251712366e-10 8.105336149690373607e-12
1.083461730394572258e+10 5.357145427628575511e-10 8.104410263669212472e-12
1.145983421569244194e+10 5.334614032656929986e-10 8.103480880260870534e-12
1.212112957633750916e+10 5.312087589989825495e-10 8.102547766478212028e-12
1.282058531049058723e+10 5.289561037307524793e-10 8.101610448409905727e-12
1.356040348124324989e+10 5.267029596802401030e-10 8.100669730802298289e-12
1.434291322281891060e+10 5.244486976115104833e-10 8.099724897986651421e-12
1.517057807327526093e+10 5.221926516793713928e-10 8.098775740917628687e-12
1.604600373034307098e+10 5.199341816012368854e-10 8.097823387430252537e-12
1.697194625482034683e+10 5.176723363329651529e-10 8.096866826134736498e-12
1.795132074734679031e+10 5.154064058671613466e-10 8.095906487799953921e-12
1.898721052587572861e+10 5.131352307138378411e-10 8.094941948809869006e-12
2.008287683273723221e+10 5.108577156590905714e-10 8.093973750551056816e-12
2.124176910185144043e+10 5.085726150628378079e-10 8.093001361305578587e-12
2.246753581841640091e+10 5.062784937516687012e-10 8.092024385261871198e-12
2.376403600526032257e+10 5.039739648557301372e-10 8.091043893374543054e-12
2.513535137201867676e+10 5.016571391562832000e-10 8.090059132629160160e-12
2.658579916538539886e+10 4.993261118528283363e-10 8.089070046725622521e-12
2.811994576089528275e+10 4.969789115695168735e-10 8.088076657589208535e-12
2.974262103902515793e+10 4.946130156523016036e-10 8.087079715696305197e-12
3.145893359087678909e+10 4.922258055747205316e-10 8.086078386281213679e-12
3.327428680131000137e+10 4.898142682484786401e-10 8.085072031278905845e-12
3.519439586016082764e+10 4.873753236414914860e-10 8.084062049064316717e-12
3.722530575510173035e+10 4.849051552648280354e-10 8.083047776268121500e-12
3.937341030278654480e+10 4.823999646875468526e-10 8.082029577998478630e-12
4.164547227819917297e+10 4.798548713823072435e-10 8.081006457119069041e-12
4.404864470557481384e+10 4.772652663420169441e-10 8.079979556340223691e-12
4.659049337792399597e+10 4.746252704275099627e-10 8.078947526295423210e-12
4.927902067605857849e+10 4.719289056793481604e-10 8.077911395424084369e-12
5.212269076210469818e+10 4.691693049797397100e-10 8.076871018142942809e-12
5.513045622681955719e+10 4.663389535338364908e-10 8.075825905026032188e-12
5.831178627460671234e+10 4.634291511142329741e-10 8.074776527451073141e-12
6.167669653495964050e+10 4.604305957008322840e-10 8.073722416904604923e-12
6.523578059418904114e+10 4.573333212380259874e-10 8.072663913404317116e-12
6.900024334670655823e+10 4.541254414150091907e-10 8.071600647052454201e-12
7.298193627085682678e+10 4.507935770182133717e-10 8.070532941991427979e-12
7.719339474036274719e+10 4.473249932060505286e-10 8.069460509892624243e-12
8.164787748884329224e+10 4.437037767085683269e-10 8.068383414502027043e-12
8.635940835165049744e+10 4.399107673740295335e-10 8.067301537573145148e-12
9.134282041644300842e+10 4.359293184340098230e-10 8.066215139038868510e-12
9.661380272148497009e+10 4.317380311156509722e-10 8.065123717950197729e-12
1.021889496486986542e+11 4.273125363667672945e-10 8.064027691151084548e-12
1.080858131669636688e+11 4.226293314312912220e-10 8.062926772736343930e-12
1.143229580901412354e+11 4.176588888991338097e-10 8.061821078528078277e-12
1.209200205237938080e+11 4.123712158538869951e-10 8.060710789607352008e-12
1.278977696845974884e+11 4.067337452450200328e-10 8.059595213998761779e-12
1.352781732870736084e+11 4.007097867261303396e-10 8.058474743874067605e-12
1.430844667034985657e+11 3.942585842901405282e-10 8.057350187916289852e-12
1.513412261147155151e+11 3.873393391054762717e-10 8.056219287617328552e-12
1.600744458821491394e+11 3.799041856733038029e-10 8.055083960845491261e-12
1.693116203846170044e+11 3.719046672658049925e-10 8.053944453733666755e-12
1.790818305775644531e+11 3.632884554945065483e-10 8.052798955895231385e-12
1.894158355472527466e+11 3.539991718632990778e-10 8.051648737383092486e-12
2.003461693481198730e+11 3.439798651035743384e-10 8.050493483805216802e-12
2.119072434281882629e+11 3.331679319552365718e-10 8.049332437053902654e-12
2.241354549649891968e+11 3.215021772012243868e-10 8.048166441708459878e-12
2.370693014530523071e+11 3.089221913310726644e-10 8.046995817302120658e-12
2.507495019037355042e+11 2.953721487915278447e-10 8.045819741129464955e-12
2.652191250389419861e+11 2.807888460650849875e-10 8.044638277844470718e-12
2.805237248823175659e+11 2.651310374146118136e-10 8.043452082480120375e-12
2.967114841748145142e+11 2.483586250085351956e-10 8.042260104031518122e-12
3.138333660661116943e+11 2.304544300314476244e-10 8.041063067018412522e-12
3.319432745594611206e+11 2.114217541973514354e-10 8.039860644189603079e-12
3.510982242150953979e+11 1.913044405139910901e-10 8.038652656180955058e-12
3.713585196464418945e+11 1.701793916015316784e-10 8.037439598656672319e-12
3.927879453742532349e+11 1.481991804444188958e-10 8.036221770399862494e-12
4.154539666363790283e+11 1.255847889216661118e-10 8.034998183709422787e-12
4.394279417853404541e+11 1.026704908749365066e-10 8.033768331675443115e-12
4.647853469424357300e+11 7.991764449677036469e-11 8.032533898558971537e-12
4.916060136156027222e+11 5.797574613904994928e-11 8.031293958961297577e-12
5.199743800291494751e+11 3.771428893939000696e-11 8.030048701684173004e-12
5.499797569565673828e+11 2.029029743616852944e-11 8.028797363047110880e-12
5.817166088934000244e+11 7.236503659172078525e-12 8.027541663450715769e-12
6.152848514552879639e+11 5.554535899340405184e-13 8.026279481168788786e-12
6.507901659375347900e+11 2.844013034911718594e-12 8.025012281636088021e-12
6.883443320264830322e+11 1.745714048443938281e-11 8.023739802300625749e-12
7.280655797101699219e+11 4.869986431741281076e-11 8.022462025152405287e-12
7.700789614961302490e+11 1.020989031304548047e-10 8.021178682289620832e-12
8.145167461082692871e+11 1.846604369584101333e-10 8.019889768937942602e-12
8.615188349021489258e+11 3.053507595412006125e-10 8.018595750826082571e-12
9.112332023097502441e+11 4.754668810337092803e-10 8.017296892006353152e-12
9.638163617003214111e+11 7.093713298576364593e-10 8.015992112788958729e-12
1.019433858123913452e+12 1.025157736779375250e-09 8.014682284668367340e-12
1.078260789489003174e+12 1.445696313817758629e-09 8.013366641336181247e-12
1.140482357814848389e+12 1.999706053254946918e-09 8.012046609201084202e-12
1.206294452294169434e+12 2.723393574793681658e-09 8.010721346737626716e-12
1.275904266001752441e+12 3.662116780817855281e-09 8.009390928488776196e-12
1.349530948190472900e+12 4.872833221157193714e-09 8.008055852643370895e-12
1.427406294228484863e+12 6.427097213867082231e-09 8.006715738040809311e-12
1.509775475349472900e+12 8.414022783265083133e-09 8.005370563011759205e-12
1.596897810513549316e+12 1.094603873509719892e-08 8.004021464772324206e-12
1.689047582808769775e+12 1.416336963914693413e-08 8.002667065170125476e-12
1.786514902963428467e+12 1.824113394439599681e-08 8.001309266380458482e-12
1.889606622687892578e+12 2.339766457983016469e-08 7.999946899931555534e-12
1.998647300721138672e+12 2.990693144571594215e-08 7.998580593976570517e-12
2.113980224623547607e+12 3.811092159621309214e-08 7.997210124546201851e-12
2.235968491532738770e+12 4.843354363554872431e-08 7.995837209794888764e-12
2.364996151284972656e+12 6.141017005591979160e-08 7.994460480285815095e-12
2.501469415500836914e+12 7.769830553248486009e-08 7.993080144488964696e-12
2.645817936442008301e+12 9.812915109532777118e-08 7.991697794240907565e-12
2.798496159664880859e+12 1.237271806035464953e-07 7.990312747591283257e-12
2.959984754729832031e+12 1.557768461639089781e-07 7.988926045186649051e-12
3.130792128470271973e+12 1.958636320857327057e-07 7.987537733893080976e-12
3.311456025585504883e+12 2.459824285963989714e-07 7.986147927438203579e-12
3.502545221596839355e+12 3.086068772838403790e-07 7.984758108990609630e-12
3.704661313496305664e+12 3.867966750819905177e-07 7.983367948533320086e-12
3.918440613725767578e+12 4.843717585934939766e-07 7.981978046415987124e-12
4.144556153449000000e+12 6.060712539099268566e-07 7.980589465765316590e-12
4.383719801423604980e+12 7.577798999969152197e-07 7.979202370268960203e-12
4.636684505143290039e+12 9.467728325531070118e-07 7.977818474685552981e-12
4.904246661306721680e+12 1.182223952789401616e-06 7.976437559529346523e-12
5.187248623075086914e+12 1.475174546979736402e-06 7.975061360249580551e-12
5.486581352012370117e+12 1.839717703620548081e-06 7.973690149140409306e-12
5.803187223057149414e+12 2.292973535027803998e-06 7.972325992263143382e-12
6.138062991356433594e+12 2.856234974498476657e-06 7.970968477143383537e-12
6.492262930302577148e+12 3.555857905438864072e-06 7.969620008681040529e-12
6.866902150651685547e+12 4.424217679809759473e-06 7.968281805548920894e-12
7.263160111173605469e+12 5.501720057545210123e-06 7.966954459036305834e-12
7.682284331885721680e+12 6.837302161949733426e-06 7.965640344743339680e-12
8.125594321560416016e+12 8.491891406236457208e-06 7.964341302383476822e-12
8.594485731871898438e+12 1.054040202768715946e-05 7.963058384664348197e-12
9.090434751259496094e+12 1.307431042820192804e-05 7.961793205728933747e-12
9.615002752341296875e+12 1.620558268887724258e-05 7.960548232073250324e-12
1.016984120750909180e+13 2.007133878363989631e-05 7.959325915549154786e-12
1.075669688817972461e+13 2.484124159746870343e-05 7.958127851615811003e-12
1.137741736407263672e+13 3.071711211585375522e-05 7.956956195674530286e-12
1.203395681982507422e+13 3.794951192503409366e-05 7.955814372473167505e-12
1.272838220725835547e+13 4.683846259758469021e-05 7.954703125252911087e-12
1.346287975266360352e+13 5.774850724032208203e-05 7.953626343338918314e-12
1.423976183959371094e+13 7.112134524297609279e-05 7.952585652129525250e-12
1.506147428882960938e+13 8.748268788190772594e-05 7.951584966210946261e-12
1.593060405844174219e+13 1.074677353279170929e-04 7.950625947792867358e-12
1.684988738818618164e+13 1.318384721042574958e-04 7.949711366722503419e-12
1.782221841387773438e+13 1.614864454336606512e-04 7.948844332203046726e-12
1.885065827885967969e+13 1.974717871000833598e-04 7.948026775458091419e-12
1.993844477125460547e+13 2.410562515501237391e-04 7.947261134061906235e-12
2.108900251733905859e+13 2.936969465941406112e-04 7.946549712299187908e-12
2.230595376313033984e+13 3.571118910486756706e-04 7.945894540169972184e-12
2.359312977813085156e+13 4.332515531923161224e-04 7.945296768123300861e-12
2.495458291713092578e+13 5.243786361570398468e-04 7.944758297592528787e-12
2.639459937804416016e+13 6.330362561105251640e-04 7.944279648458031084e-12
2.791771269593879688e+13 7.621223513809845902e-04 7.943861086217489036e-12
2.952871801575098438e+13 9.147967608559619485e-04 7.943501859786610598e-12
3.123268718860979688e+13 1.094553934451353381e-03 7.943201548865053680e-12
3.303498473930419141e+13 1.305166680203865420e-03 7.942958519067253720e-12
3.494128475516055078e+13 1.550571678869301856e-03 7.942770156528389069e-12
3.695758874949976562e+13 1.834893884335267976e-03 7.942633792694830985e-12
3.909024455591675781e+13 2.162163544265877958e-03 7.942545186433357029e-12
4.134596631286077344e+13 2.536301533632521771e-03 7.942499675830225941e-12
4.373185560143718750e+13 2.960802123060457883e-03 7.942492534166501175e-12
4.625542380297659375e+13 3.438417799230788358e-03 7.942517677736897338e-12
4.892461574675653125e+13 3.971064696387821384e-03 7.942568974965804045e-12
5.174783472233032031e+13 4.559336057211020414e-03 7.942640078919663403e-12
5.473396893520096094e+13 5.201985736938382829e-03 7.942724350633325902e-12
5.789241948913444531e+13 5.895708895717111098e-03 7.942816277983084855e-12
6.123312998320639062e+13 6.635058387375870198e-03 7.942908956849413656e-12
6.476661781675827344e+13 7.411517918055408882e-03 7.942997427415872774e-12
6.850400730082652344e+13 8.213751412687972375e-03 7.943078054598179291e-12
7.245706468027790625e+13 9.027778478243035643e-03 7.943146928199819334e-12
7.663823517691690625e+13 9.836852236893019186e-03 7.943201856669191124e-12
8.106068217018332812e+13 1.062196404585906938e-02 7.943242679694538275e-12
8.573832863879201562e+13 1.136274605349449872e-02 7.943268892872923500e-12
9.068590099377912500e+13 1.203831249090899815e-02 7.943282452093090326e-12
9.591897544096304688e+13 1.262864626002561594e-02 7.943285139270486996e-12
1.014540270187667344e+14 1.311571111222709259e-02 7.943279807695448992e-12
1.073084814657952188e+14 1.348489343020123528e-02 7.943269288429895938e-12
1.135007700814574062e+14 1.372630921847498540e-02 7.943255812108658578e-12
1.200503877523422656e+14 1.383543485706670295e-02 7.943242231538200816e-12
1.269779543270449844e+14 1.381351826180724114e-02 7.943230040871534350e-12
1.343052795326480938e+14 1.366741598006567665e-02 7.943219349578272974e-12
1.420554316372449062e+14 1.340878144424071695e-02 7.943211113695068254e-12
1.502528100746664375e+14 1.305292267088412235e-02 7.943205168818876796e-12
1.589232222600553125e+14 1.261725935283743161e-02 7.943200105031280413e-12
1.680939648381135938e+14 1.211977723769817189e-02 7.943196088031233407e-12
1.777939096198333750e+14 1.157776894598718138e-02 7.943192191734218259e-12
1.880535944782360000e+14 1.100685431197196210e-02 7.943187906845687581e-12
1.989053194893008750e+14 1.042049664965969888e-02 7.943183272816177306e-12
2.103832486207539688e+14 9.829876766404897423e-03 7.943178435707110653e-12
2.225235172888497188e+14 9.244047078789421196e-03 7.943172938273388477e-12
2.353643461217865000e+14 8.670170101886179662e-03 7.943167343298263511e-12
2.489461612878790000e+14 8.113767972493956052e-03 7.943161546157529504e-12
2.633117217673353750e+14 7.578913446327073880e-03 7.943155554954197652e-12
2.785062539683152500e+14 7.068403476939184339e-03 7.943149737105974439e-12
2.945775941110623125e+14 6.583930031509973441e-03 7.943143599213323042e-12
3.115763388284055625e+14 6.126285341199601102e-03 7.943137385493766447e-12
3.295560044567141875e+14 5.695574204608395454e-03 7.943131021101362960e-12
3.485731955188260625e+14 5.291408659939927407e-03 7.943124623272609823e-12
3.686877829293676250e+14 4.913061635740496522e-03 7.943118042986963110e-12
3.899630924834836250e+14 4.559577448600611073e-03 7.943111447735420303e-12
4.124661042224321250e+14 4.229850696685822156e-03 7.943104864673656904e-12
4.362676633036390000e+14 3.922685636392804313e-03 7.943098076081379970e-12
4.614427030391269375e+14 3.636841770755691941e-03 7.943091226013510047e-12
4.880704808044840625e+14 3.371069001640118572e-03 7.943084367025810690e-12
5.162348275610797500e+14 3.124132069398191137e-03 7.943077448599948203e-12
5.460244117770605625e+14 2.894827940652760102e-03 7.943070476391409749e-12
5.775330185780800000e+14 2.681997668933164703e-03 7.943063496702916122e-12
6.108598450065153750e+14 2.484533666840565546e-03 7.943056560030436446e-12
6.461098123187837500e+14 2.301384286064188465e-03 7.943049557135056308e-12
6.833938963039302500e+14 2.131555900253536470e-03 7.943042678628828401e-12
7.228294766633830000e+14 1.974113198491036971e-03 7.943035797735210227e-12
7.645407065518962500e+14 1.828178664745811095e-03 7.943028947144489456e-12
8.086589034429777500e+14 1.692930915001637218e-03 7.943022193149857513e-12
8.553229625494258750e+14 1.567602717382495393e-03 7.943015511841779963e-12
9.046797941004967500e+14 1.451478438041174483e-03 7.943008876033820523e-12
9.568847858523722500e+14 1.343891514077969265e-03 7.943002347569627164e-12
1.012102292287982375e+15 1.244221647736638197e-03 7.942995949095579445e-12
1.070506152046423000e+15 1.151892189475839379e-03 7.942989691080564055e-12
1.132280235210812750e+15 1.066367273339356280e-03 7.942983552095691745e-12
1.197619022177703750e+15 9.871493502125851596e-04 7.942977617776303997e-12
1.266728215930439250e+15 9.137764717284240510e-04 7.942971810909772603e-12
1.339825389643993500e+15 8.458202085920555778e-04 7.942966248512374119e-12
1.417140671660270750e+15 7.828829487977022328e-04 7.942960828053212079e-12
1.498917469990136250e+15 7.245960358569177896e-04 7.942955583130925093e-12
1.585413238623245250e+15 6.706176067419341268e-04 7.942950623034119803e-12
1.676900288058160000e+15 6.206308548706049137e-04 7.942945861217232935e-12
1.773666642604436000e+15 5.743419708215683405e-04 7.942941350506866685e-12
1.876016947155884000e+15 5.314786667110236789e-04 7.942937032928119426e-12
1.984273426289491500e+15 4.917886840989283857e-04 7.942933105533570650e-12
2.098776898709685500e+15 4.550382173458140922e-04 7.942929243104659505e-12
2.219887850231605250e+15 4.210105890881706957e-04 7.942925741332083749e-12
2.347987568681312000e+15 3.895050294998435997e-04 7.942922497125590260e-12
2.483479344286150000e+15 3.603356145574938547e-04 7.942919529642118184e-12
2.626789739334046500e+15 3.333299971022476039e-04 7.942916795209563637e-12
2.778369931099212500e+15 3.083285744185767434e-04 7.942914334685897435e-12
2.938697132262013000e+15 2.851834426371963700e-04 7.942912123203768155e-12
3.108276093294889000e+15 2.637578006893956883e-04 7.942910138752408606e-12
3.287640691544069500e+15 2.439243981607476085e-04 7.942908422334526827e-12
3.477355612010278500e+15 2.255662841940169676e-04 7.942906795600832065e-12
3.678018125119465000e+15 2.085741116458081845e-04 7.942905339328188165e-12
3.890259967080789500e+15 1.928469543104621318e-04 7.942904078447728316e-12
4.114749328751603500e+15 1.782918845184483308e-04 7.942902875396970817e-12
4.352192959270688500e+15 1.648214658501091659e-04 7.942901767015373602e-12
4.603338391083022000e+15 1.523559631583617559e-04 7.942900718864422164e-12
4.868976293360354000e+15 1.408206471275199429e-04 7.942899685579513843e-12
5.149942961227239000e+15 1.301467027873837732e-04 7.942898641275356150e-12
5.447122948629048000e+15 1.202699690723533653e-04 7.942897479636916190e-12
5.761451853130967000e+15 1.111316413761612100e-04 7.942896390045527920e-12
6.093919261414955000e+15 1.026766637285239284e-04 7.942895141067673635e-12
6.445571864748522000e+15 9.485436375570197531e-05 7.942893769909732108e-12
6.817516754232687000e+15 8.761799936954742815e-05 7.942892277575680883e-12
7.210924906204079000e+15 8.092381391059886837e-05 7.942890594387111264e-12
7.627034868763892000e+15 7.473181265052151470e-05 7.942888780117549955e-12
8.067156661039486000e+15 6.900463022062284526e-05 7.942886716830485200e-12
8.532675897455422000e+15 6.370775630571722296e-05 7.942884441683941248e-12
9.025058149996962000e+15 5.880928317466358054e-05 7.942881882139493660e-12
9.545853562200430000e+15 5.427955960273470211e-05 7.942879029121517088e-12
1.009670172939621800e+16 5.009120138530730713e-05 7.942875867674243551e-12
1.067933686056790600e+16 4.621880700647187164e-05 7.942872311568026532e-12
1.129559323808076000e+16 4.263885496770590620e-05 7.942868322737828544e-12
1.194741099246388000e+16 3.932957155545449730e-05 7.942863902320181209e-12
1.263684221043198600e+16 3.627077899629342546e-05 7.942859005500174079e-12
1.336605739537074600e+16 3.344379735107097046e-05 7.942853399999844672e-12
1.413735230062946000e+16 3.083132755894650947e-05 7.942847241197111059e-12
1.495315515713244400e+16 2.841734784363863047e-05 7.942840393400263892e-12
1.581603431806091600e+16 2.618702337442516950e-05 7.942832683465044808e-12
1.672870634467857600e+16 2.412661729088394177e-05 7.942823996278558613e-12
1.769404455874972600e+16 2.222341076848516163e-05 7.942814462951557725e-12
1.871508808848311200e+16 2.046562623777382090e-05 7.942803937737674570e-12
1.979505143647223600e+16 1.884235947564481131e-05 7.942791543225109278e-12
2.093733459976114400e+16 1.734351627793918898e-05 7.942778599715727960e-12
2.214553377389387200e+16 1.595974937121486548e-05 7.942763056543204752e-12
2.342345267464278400e+16 1.468240642984126185e-05 7.942746420197038997e-12
2.477511451306816400e+16 1.350347768343931534e-05 7.942727173064699894e-12
2.620477466159892400e+16 1.241554947748210721e-05 7.942706863129234430e-12
2.771693405101947200e+16 1.141175610010901753e-05 7.942683179547994966e-12
2.931635334053663200e+16 1.048574651598729536e-05 7.942657074378761846e-12
3.100806790553255200e+16 9.631639428608194765e-06 7.942627527316877399e-12
3.279740369020035600e+16 8.843993132842353530e-06 7.942594822399878857e-12
3.468999397495655600e+16 8.117770978208225247e-06 7.942558314556015847e-12
3.669179711143016000e+16 7.448311469965798300e-06 7.942517759852168493e-12
3.880911528085852800e+16 6.831301561997701663e-06 7.942472467030926224e-12
4.104861433493946400e+16 6.262749616838221022e-06 7.942421231671678442e-12
4.341734478161879200e+16 5.738963073636441720e-06 7.942364785078253499e-12
4.592276398186341600e+16 5.256524605260155778e-06 7.942301220137155524e-12
4.857275962731657600e+16 4.812273374071478405e-06 7.942230169589821443e-12
5.137567457274334400e+16 4.403285174723510610e-06 7.942150416105695513e-12
5.434033310143637600e+16 4.026855237080693098e-06 7.942062374176431381e-12
5.747606870629229600e+16 3.680481607541999911e-06 7.941963112377839799e-12
6.079275347399575200e+16 3.361850486940215161e-06 7.941853119194004657e-12
6.430082916484094400e+16 3.068822412394087308e-06 7.941730233576549537e-12
6.801134008603035200e+16 2.799418751365769346e-06 7.941592456824490965e-12
7.193596786193238400e+16 2.551810599073163616e-06 7.941439607711654104e-12
7.608706821079038400e+16 2.324307068032146744e-06 7.941268813304462901e-12
8.047770984363251200e+16 2.115345249080732428e-06 7.941077559512050893e-12
8.512171560787388800e+16 1.923480920650041160e-06 7.940865677889878453e-12
9.003370600513139200e+16 1.747379478139076543e-06 7.940628272585095150e-12
9.522914522024128000e+16 1.585808154358398974e-06 7.940364146248901395e-12
1.007243898064253120e+17 1.437628051286650363e-06 7.940070669035916407e-12
1.065367401798342400e+17 1.301787635217576621e-06 7.939743318815521298e-12
1.126844950856347680e+17 1.177315975951873147e-06 7.939378706001869548e-12
1.191870092070636000e+17 1.063316967674732553e-06 7.938973524818498542e-12
1.260647540988572160e+17 9.589637008650185078e-07 7.938523333140064976e-12
1.333393826368766720e+17 8.634933403227840904e-07 7.938022546879842008e-12
1.410337971868085280e+17 7.762025160789451616e-07 7.937467380111883898e-12
1.491722217066062080e+17 6.964427793600434017e-07 7.936850608824947612e-12
1.577802780096048960e+17 6.236166854263716236e-07 7.936167635918889847e-12
1.668850664284590400e+17 5.571739028390061706e-07 7.935411187155362841e-12
1.765152511338345600e+17 4.966078270479726144e-07 7.934574444292579314e-12
1.867011503764296000e+17 4.414522858508516393e-07 7.933649721454543617e-12
1.974748319364981760e+17 3.912785271576559105e-07 7.932629835682707017e-12
2.088702140812912320e+17 3.456924735622022283e-07 7.931506215368740146e-12
2.209231723483261120e+17 3.043320681530636812e-07 7.930269974341616214e-12
2.336716524906397120e+17 2.668648346850263100e-07 7.928913386261652789e-12
2.471557899395658240e+17 2.329856394783822718e-07 7.927426954454423876e-12
2.614180361612272960e+17 2.024144830940643657e-07 7.925802184687042337e-12
2.765032923044327040e+17 1.748945157506494847e-07 7.924031519968732271e-12
2.924590505608302080e+17 1.501901008283012792e-07 7.922107599733720831e-12
3.093355436823217920e+17 1.280849270773427621e-07 7.920023100646863907e-12
3.271859031264045440e+17 1.083802516095331995e-07 7.917771902314889161e-12
3.460663263274409600e+17 9.089312865964299448e-08 7.915348231884709034e-12
3.660362536203224320e+17 7.545471172228408566e-08 7.912748374479297130e-12
3.871585553736517760e+17 6.190861135881770864e-08 7.909970678101208417e-12
4.094997299215430400e+17 5.010926355620888654e-08 7.907016236356364860e-12
4.331301129171072640e+17 3.992033469135275506e-08 7.903891086434257733e-12
4.581240987668837120e+17 3.121312800210477505e-08 7.900605256871622277e-12
4.845603748431500160e+17 2.386502581645185864e-08 7.897173917133030331e-12
5.125221692116386560e+17 1.775798462090496933e-08 7.893617443730885971e-12
5.420975126545084160e+17 1.277713298030328964e-08 7.889961995492106768e-12
5.733795158133946880e+17 8.809523020510021994e-09 7.886238895256450281e-12
6.064666623252657920e+17 5.743120182683131844e-09 7.882484382870977194e-12
6.414631188736823040e+17 3.466100718713087454e-09 7.878739155102140819e-12
6.784790631318702080e+17 1.866578903274131040e-09 7.875045624285660022e-12
7.176310306297591040e+17 8.328581904068797606e-10 7.871447907956063801e-12
7.590422816372547840e+17 2.543111079332073547e-10 7.867987315053817091e-12
8.028431892187009280e+17 2.295918195271833060e-11 7.864700341386981874e-12
8.491716496800862720e+17 3.577335928870429313e-11 7.861615314442319335e-12
8.981735167015031040e+17 1.976287422888002148e-10 7.858747756852238305e-12
9.500030605212318720e+17 4.247322425056696012e-10 7.856098892246229656e-12
1.004823453617403008e+18 6.481961508819707901e-10 7.853653448348779209e-12
1.062807284416171008e+18 8.172772104521989348e-10 7.851378413370266207e-12
1.124137100643501568e+18 9.016713559750570218e-10 7.849227345748883515e-12
1.189005984031596800e+18 8.921948119156122838e-10 7.847141347373940657e-12
1.257618158188771328e+18 7.992511176006841866e-10 7.845060194183429724e-12
1.330189631546935808e+18 6.487427388911919754e-10 7.842928801123373975e-12
1.406948877410698240e+18 4.755545625081852452e-10 7.840704489526625285e-12
1.488137553248808704e+18 3.153887598768492898e-10 7.838368510405145915e-12
1.574011261493009920e+18 1.964340152127644615e-10 7.835923642427246799e-12
1.664840354238805760e+18 1.328649710701210061e-10 7.833396747610570727e-12
1.760910784382120704e+18 1.221756312814594252e-10 7.830827106521388156e-12
1.862525005871238144e+18 1.475823360219250945e-10 7.828255363558780840e-12
1.970002925907926016e+18 1.851509603565579738e-10 7.825707675599353801e-12
2.083682912096242944e+18 2.133140253822784456e-10 7.823193337005965387e-12
2.203922857708893952e+18 2.209342129261412261e-10 7.820698520715705606e-12
2.331101308425619968e+18 2.101323458929115430e-10 7.818200394922794659e-12
2.465618654090606592e+18 1.923397690894048285e-10 7.815677399598700463e-12
2.607898389240448000e+18 1.797904657015341108e-10 7.813118845102152800e-12
2.758388446372090880e+18 1.777673775455392900e-10 7.810532039771714839e-12
2.917562606147043328e+18 1.827401835230770076e-10 7.807927650686365320e-12
3.085921988972521984e+18 1.872759887317633216e-10 7.805314408674773648e-12
3.263996632655064064e+18 1.870604047344304261e-10 7.802691536689976746e-12
3.452347161092894208e+18 1.836227035324736842e-10 7.800052567697795300e-12
3.651566549261791744e+18 1.808931827492149850e-10 7.797393451056417211e-12
3.862281990049455104e+18 1.803218253198690021e-10 7.794714321465382609e-12
4.085156868817390080e+18 1.802699334180239378e-10 7.792019065624332276e-12
4.320892851904946688e+18 1.792582811344660082e-10 7.789307014418028225e-12
4.570232095652121600e+18 1.777714333580800156e-10 7.786575958278094609e-12
4.833959582895162368e+18 1.766541550893171851e-10 7.783826909280368899e-12
5.112905594290031616e+18 1.757111513635271953e-10 7.781058419178628254e-12
5.407948322245971968e+18 1.745758753457542936e-10 7.778272107890373007e-12
5.720016635696175104e+18 1.734025230138615884e-10 7.775464870355949201e-12
6.050093004411720704e+18 1.722914359137815516e-10 7.772639397430857337e-12
6.399216592064555008e+18 1.711495339826359029e-10 7.769794086393717513e-12
6.768486527776178176e+18 1.699921580930181572e-10 7.766928166817929301e-12
7.159065366454190080e+18 1.688401849616217976e-10 7.764043215095810640e-12
7.572182748807664640e+18 1.676781511519209559e-10 7.761137012403220756e-12
8.009139272566574080e+18 1.665135654857207514e-10 7.758210374302207856e-12
8.471310587091935232e+18 1.653457416448956675e-10 7.755262952191697329e-12
8.960151724266100736e+18 1.641752816764986313e-10 7.752293883193168325e-12
9.477201679301242880e+18 1.630030533858608380e-10 7.749303978665459014e-12
1.002408825588352205e+19 1.618294752527254285e-10 7.746292296325133220e-12
1.060253319091009331e+19 1.606550882231477633e-10 7.743258640562393766e-12
1.121435757495172506e+19 1.594803485033579064e-10 7.740203335337215508e-12
1.186148758550408397e+19 1.583056338620296542e-10 7.737124808562065739e-12
1.254596055108180992e+19 1.571313411481831994e-10 7.734024228855901832e-12
1.326993136524130509e+19 1.559578000922039554e-10 7.730901412478112140e-12
1.403567927072974234e+19 1.547852764959382069e-10 7.727754408774051554e-12
1.484561503511691469e+19 1.536140673374244221e-10 7.724584604322308313e-12
1.570228854049805722e+19 1.524443956991472738e-10 7.721390697626133894e-12
1.660839681116781158e+19 1.512764915797633598e-10 7.718173376032495836e-12
1.756679250453130650e+19 1.501105377333998949e-10 7.714931841151348874e-12
1.858049289198995866e+19 1.489467002261242653e-10 7.711665555152199713e-12
1.965268935807391744e+19 1.477851286777333933e-10 7.708374330390979473e-12
2.078675744772348314e+19 1.466259579725320152e-10 7.705057828269165853e-12
2.198626749335857971e+19 1.454693134959293124e-10 7.701716232671230456e-12
2.325499585518321254e+19 1.443153018600704194e-10 7.698349013197728103e-12
2.459693681012276019e+19 1.431640238244210110e-10 7.694955430667035323e-12
2.601631512681280717e+19 1.420156059159405630e-10 7.691535355487103302e-12
2.751759936623749530e+19 1.408702249944077885e-10 7.688089035643571294e-12
2.910551594988815155e+19 1.397281297049698898e-10 7.684615210936392048e-12
3.078506403972726374e+19 1.385897769836756458e-10 7.681114348876034274e-12
3.256153127681511834e+19 1.374559235983886734e-10 7.677585576857493110e-12
3.444051042813430579e+19 1.363278170167987289e-10 7.674028357987978186e-12
3.642791699403232051e+19 1.352072830183737295e-10 7.670442795246643546e-12
3.853000783171074458e+19 1.340963113348790860e-10 7.666828103874693795e-12
4.075340085338588774e+19 1.329956923840889621e-10 7.663184127851268576e-12
4.310509586115075277e+19 1.319029350708972877e-10 7.659510415817804251e-12
4.559249658411329126e+19 1.308122468143331303e-10 7.655806359130264690e-12
4.822343398720502989e+19 1.297186580457162624e-10 7.652071313543929881e-12
5.100619092503654400e+19 1.286218183257569021e-10 7.648304868167916697e-12
5.394952821840769024e+19 1.275246151609537062e-10 7.644505940995398076e-12
5.706271223558788710e+19 1.264299209251001360e-10 7.640674630816746831e-12
6.035554406517508506e+19 1.253392867377108108e-10 7.636810287455341753e-12
6.383839037239730995e+19 1.242532704553717658e-10 7.632912814782864651e-12
6.752221603599314125e+19 1.231719454173254965e-10 7.628980611029831483e-12
7.141861866840866816e+19 1.220952837094993794e-10 7.625015072151341171e-12
7.553986512801560986e+19 1.210231772188806024e-10 7.621014119536728948e-12
7.989893013826802483e+19 1.199555809286542959e-10 7.616978573458666976e-12
8.450953713540777574e+19 1.188924381860591451e-10 7.612907098167886692e-12
8.938620147330796749e+19 1.178337261097067294e-10 7.608799437532321971e-12
9.454427612145883546e+19 1.167794380288391431e-10 7.604655570975741986e-12
1.000000000000000000e+20 1.157295728558217113e-10 7.600475300276224662e-12
