# k_modes P_scalar P_tensor
4.5667357242231052e-05 2.6343317027993087e-09 8.3417269029796343e-12
4.8634173294769331e-05 2.6283456343279063e-09 8.3398741967623558e-12
5.1793730903227099e-05 2.6223913359831343e-09 8.3380982508255355e-12
5.5158551675523558e-05 2.6164668268394507e-09 8.3363928449970346e-12
5.8741970695759171e-05 2.6105721672207401e-09 8.3347586783737546e-12
6.2558189372340447e-05 2.6047054517737718e-09 8.3331898499732086e-12
6.6622331719424986e-05 2.5988661875564943e-09 8.3316864027885514e-12
7.0950504294735382e-05 2.5930531348438120e-09 8.3302437016495811e-12
7.5559860031279929e-05 2.5872647129357944e-09 8.3288575653277601e-12
8.0468666215953189e-05 2.5815022275632926e-09 8.3275324148894876e-12
8.5696376884418640e-05 2.5757635351133104e-09 8.3262617819505223e-12
9.1263709919183115e-05 2.5700465258458567e-09 8.3250394877429002e-12
9.7192729156408443e-05 2.5643526182556459e-09 8.3238698885108180e-12
1.0350693182685730e-04 2.5586799361363782e-09 8.3227479295255575e-12
1.1023134167750937e-04 2.5530261719461987e-09 8.3216658385057943e-12
1.1739260814289701e-04 2.5473939479920326e-09 8.3206325036597605e-12
1.2501911195918544e-04 2.5417806225438783e-09 8.3196399874358073e-12
1.3314107763955546e-04 2.5361862923797564e-09 8.3186888471009914e-12
1.4179069325663776e-04 2.5306087563457192e-09 8.3177715769561146e-12
1.5100223800670949e-04 2.5250480449267105e-09 8.3168891343082683e-12
1.6081221806119852e-04 2.5195045312982876e-09 8.3160425319623057e-12
1.7125951124388896e-04 2.5139760439302666e-09 8.3152250480307413e-12
1.8238552110719621e-04 2.5084638530067273e-09 8.3144412179616839e-12
1.9423434101812815e-04 2.5029669290602073e-09 8.3136874714437454e-12
2.0685292890422285e-04 2.4974820890502481e-09 8.3129536051368034e-12
2.2029129335199280e-04 2.4920137463410641e-09 8.3122543641021006e-12
2.3460269179540274e-04 2.4865572424253832e-09 8.3115745783334378e-12
2.4984384157981904e-04 2.4811147474258108e-09 8.3109214368061998e-12
2.6607514473789561e-04 2.4756840568963234e-09 8.3102879109785137e-12
2.8336092736820379e-04 2.4702655261751980e-09 8.3096751597831085e-12
3.0176969456528416e-04 2.4648591579204043e-09 8.3090832376018283e-12
3.2137440191143054e-04 2.4594645482304190e-09 8.3085111191597389e-12
3.4225274460615530e-04 2.4540806413949374e-09 8.3079552139070521e-12
3.6448746537917669e-04 2.4487081595727666e-09 8.3074180506890760e-12
3.8816668240721907e-04 2.4433439591038245e-09 8.3068891230556569e-12
4.1338423853418761e-04 2.4379922321619407e-09 8.3063827090342897e-12
4.4024007317870675e-04 2.4326502496059117e-09 8.3058895814087300e-12
4.6884061840293052e-04 2.4273172330323363e-09 8.3054071638500826e-12
4.9929922071227303e-04 2.4219942196338411e-09 8.3049392254214521e-12
5.3173659025769439e-04 2.4166802493623323e-09 8.3044822478837463e-12
5.6628127922076930e-04 2.4113747503293374e-09 8.3040345686863306e-12
6.0307019127742005e-04 2.4060787761753906e-09 8.3035996951325220e-12
6.4224912415936509e-04 2.4007893041824954e-09 8.3031673213277415e-12
6.8397334746350224e-04 2.3955118943499489e-09 8.3027567157347570e-12
7.2840821799913648e-04 2.3902405396295729e-09 8.3023470848607975e-12
7.7572983511172463e-04 2.3849769484897556e-09 8.3019444137583184e-12
8.2612573858025428e-04 2.3797218264684357e-09 8.3015511596481347e-12
8.7979565185407175e-04 2.3744753620176278e-09 8.3011680103758777e-12
9.3695227357467920e-04 2.3692351288932820e-09 8.3007865593913772e-12
9.9782212051938027e-04 2.3640038397069173e-09 8.3004162377739500e-12
1.0626464253074201e-03 2.3587783822671067e-09 8.3000462096741186e-12
1.1316820924263183e-03 2.3535612995426542e-09 8.2996853636333524e-12
1.2052027163672119e-03 2.3483506520815490e-09 8.2993269508474003e-12
1.2834996659041652e-03 2.3431481202126297e-09 8.2989768598336625e-12
1.3668832388145462e-03 2.3379520023721621e-09 8.2986291065402506e-12
1.4556838916167268e-03 2.3327635699694432e-09 8.2982881900305401e-12
1.5502535491986680e-03 2.3275809796204281e-09 8.2979475659244377e-12
1.6509669995275564e-03 2.3224068343310819e-09 8.2976165188971951e-12
1.7582233789678750e-03 2.3172375371078328e-09 8.2972821937495450e-12
1.8724477540943201e-03 2.3120756235356484e-09 8.2969536591039456e-12
1.9940928062684620e-03 2.3069204153033487e-09 8.2966284753890199e-12
2.1236406256552477e-03 2.3017722805755103e-09 8.2963079603112630e-12
2.2616046217892316e-03 2.2966302218526008e-09 8.2959885077965836e-12
2.4085315582622309e-03 2.2914937661863433e-09 8.2956684389535799e-12
2.5650037195960916e-03 2.2863644865506820e-09 8.2953533804602129e-12
2.7316412188880539e-03 2.2812409022963379e-09 8.2950379680554688e-12
2.9091044553741330e-03 2.2761235602313247e-09 8.2947241926592709e-12
3.0980967316500472e-03 2.2710135380746846e-09 8.2944159140254121e-12
3.2993670409219812e-03 2.2659086526097632e-09 8.2941052195899029e-12
3.5137130353333056e-03 2.2608096123242434e-09 8.2937946327996526e-12
3.7419841871309781e-03 2.2557177299994852e-09 8.2934889385304968e-12
3.9850851551996571e-03 2.2506317445744945e-09 8.2931835454147493e-12
4.2439793703053421e-03 2.2455512719923377e-09 8.2928769707141789e-12
4.5196928532572249e-03 2.2404774905613478e-09 8.2925735483069185e-12
4.8133182811194259e-03 2.2354081834145213e-09 8.2922650712586614e-12
5.1260193175874475e-03 2.2303464003683646e-09 8.2919627972795017e-12
5.4590352246909161e-03 2.2252893011028361e-09 8.2916561795513303e-12
5.8136857740992724e-03 2.2202388732616570e-09 8.2913525751938907e-12
6.1913764774943194e-03 2.2151938599444700e-09 8.2910473171702322e-12
6.5936041567380733e-03 2.2101543944580702e-09 8.2907408635043624e-12
7.0219628759109797e-03 2.2051203330662356e-09 8.2904326595809234e-12
7.4781502587296994e-03 2.2000927363935142e-09 8.2901266979352975e-12
7.9639742163809136e-03 2.1950698561986962e-09 8.2898163668382875e-12
8.4813601124342584e-03 2.1900546528429943e-09 8.2895128377926102e-12
9.0323583932294203e-03 2.1850432051515331e-09 8.2892013077727470e-12
9.6191527139774333e-03 2.1800383261530333e-09 8.2888923701273221e-12
1.0244068592780566e-02 2.1750393961112417e-09 8.2885837282636511e-12
1.0909582626867472e-02 2.1700454431965550e-09 8.2882716430781966e-12
1.1618332307568327e-02 2.1650584763025103e-09 8.2879637871058621e-12
1.2373126472927693e-02 2.1600751957270947e-09 8.2876475205026573e-12
1.3176956439379566e-02 2.1550996108723238e-09 8.2873382229328695e-12
1.4033007856600551e-02 2.1501281187193534e-09 8.2870220455503608e-12
1.4944673332522983e-02 2.1451633149618662e-09 8.2867089775984786e-12
1.5915565878542020e-02 2.1402042053817729e-09 8.2863951877763995e-12
1.6949533228201207e-02 2.1352506458111961e-09 8.2860800912743628e-12
1.8050673086102947e-02 2.1303028841594905e-09 8.2857646773029450e-12
1.9223349367476366e-02 2.1253608180360347e-09 8.2854485310748693e-12
2.0472209492761646e-02 2.1204242177105491e-09 8.2851307646679413e-12
2.1802202805750751e-02 2.1154935684343920e-09 8.2848132473063097e-12
2.3218600188277202e-02 2.1105677646036622e-09 8.2844916613882504e-12
2.4727014949189798e-02 2.1056481271286404e-09 8.2841711651320819e-12
2.6333425070394927e-02 2.1007350866354463e-09 8.2838534706715384e-12
2.8044196898130865e-02 2.0958267551548642e-09 8.2835311355499679e-12
2.9866110373364275e-02 2.0909253837304312e-09 8.2832130751642603e-12
3.1806385901299514e-02 2.0860281435064414e-09 8.2828880352268993e-12
3.3872712966486890e-02 2.0811372106406645e-09 8.2825646691516579e-12
3.6073280606934106e-02 2.0762524722559409e-09 8.2822425420623360e-12
3.8416809867992376e-02 2.0713711077106542e-09 8.2819103613611419e-12
4.0912588364635301e-02 2.0664979138763568e-09 8.2815873139821260e-12
4.3570507089103198e-02 2.0616311389846992e-09 8.2812663990748537e-12
4.6401099609785466e-02 2.0567678415768184e-09 8.2809358141700288e-12
4.9415583816689257e-02 2.0519105639214398e-09 8.2806057279597065e-12
5.2625906378935793e-02 2.0470599247309973e-09 8.2802786860145363e-12
5.6044790090472751e-02 2.0422149931699412e-09 8.2799508975991989e-12
5.9685784291639045e-02 2.0373752505166429e-09 8.2796202894897543e-12
6.3563318566405860e-02 2.0325412545687411e-09 8.2792891431404249e-12
6.7692759928101892e-02 2.0277116095500842e-09 8.2789516357012591e-12
7.2090473720254331e-02 2.0228902454361161e-09 8.2786238940365318e-12
7.6773888473901472e-02 2.0180734837165407e-09 8.2782909432690488e-12
8.1761564978411860e-02 2.0132621161871789e-09 8.2779559022086438e-12
8.7073269839543721e-02 2.0084568873873044e-09 8.2776219121952885e-12
9.2730053816262731e-02 2.0036568354337232e-09 8.2772849645329455e-12
9.8754335246772462e-02 1.9988626611338766e-09 8.2769479604581626e-12
1.0516998889438339e-01 1.9940752510253358e-09 8.2766145639247439e-12
1.1200244056532413e-01 1.9892919520149103e-09 8.2762737950382383e-12
1.1927876787347383e-01 1.9845150314413060e-09 8.2759350359454246e-12
1.2702780755135470e-01 1.9797428904041545e-09 8.2755916061644545e-12
1.3528026973266946e-01 1.9749778026503953e-09 8.2752530436654970e-12
1.4406885965929303e-01 1.9702173531740093e-09 8.2749092073640605e-12
1.5342840729505619e-01 1.9654632394878713e-09 8.2745672346493365e-12
1.6339600535999110e-01 1.9607153326887989e-09 8.2742265834720828e-12
1.7401115633208114e-01 1.9559722196812437e-09 8.2738812831604904e-12
1.8531592899909596e-01 1.9512352860888616e-09 8.2735371870272949e-12
1.9735512518093970e-01 1.9465037431328969e-09 8.2731909593203993e-12
2.1017645728325049e-01 1.9417774352941683e-09 8.2728419068637476e-12
2.2383073738590856e-01 1.9370580319179974e-09 8.2724971428894582e-12
2.3837207861582974e-01 1.9323433416285159e-09 8.2721473443351179e-12
2.5385810960210209e-01 1.9276340060803904e-09 8.2717952178424716e-12
2.7035020286337086e-01 1.9229315427602834e-09 8.2714472869246118e-12
2.8791371803258897e-01 1.9182344432075895e-09 8.2710970401043827e-12
3.0661826088305966e-01 1.9135428934568790e-09 8.2707452887605863e-12
3.2653795918230788e-01 1.9088564777540570e-09 8.2703902602255841e-12
3.4775175646701872e-01 1.9041766016716887e-09 8.2700379894900712e-12
3.7034372490329709e-01 1.8995022038337602e-09 8.2696839040679670e-12
3.9440339847214240e-01 1.8948330615317145e-09 8.2693270070561900e-12
4.2002612780058157e-01 1.8901700161721142e-09 8.2689709758752643e-12
4.4731345804468614e-01 1.8855128518752082e-09 8.2686148569677246e-12
4.7637353132206250e-01 1.8808614614254013e-09 8.2682582058684396e-12
5.0732151528868719e-01 1.8762150291151491e-09 8.2678974109654960e-12
5.4028005955856773e-01 1.8715750174885510e-09 8.2675388930360927e-12
5.7537978177508342e-01 1.8669404825850625e-09 8.2671785079169948e-12
6.1275978526032326e-01 1.8623115693187313e-09 8.2668168814945192e-12
6.5256821029392875e-01 1.8576880969832453e-09 8.2664532371567451e-12
6.9496282120620267e-01 1.8530711219592651e-09 8.2660922056323265e-12
7.4011163161218718e-01 1.8484585465532321e-09 8.2657244836788345e-12
7.8819357026456838e-01 1.8438526632247525e-09 8.2653602891645782e-12
8.3939919016424391e-01 1.8392524882723445e-09 8.2649952373346068e-12
8.9393142373881906e-01 1.8346571037562301e-09 8.2646251571682940e-12
9.5200638708187324e-01 1.8300682643699829e-09 8.2642579888849768e-12
1.0138542364402672e+00 1.8254849891044263e-09 8.2638892597094479e-12
1.0797200803438278e+00 1.8209072637570668e-09 8.2635189433032117e-12
1.1498649509922612e+00 1.8163357737751919e-09 8.2631501148300867e-12
1.2245668387489768e+00 1.8117692214990056e-09 8.2627768983695489e-12
1.3041217938416447e+00 1.8072091085363031e-09 8.2624061198861864e-12
1.3888450996355797e+00 1.8026539208985054e-09 8.2620308579659821e-12
1.4790725221297714e+00 1.7981043279394456e-09 8.2616541445201797e-12
1.5751616406274132e+00 1.7935615766130333e-09 8.2612817524094163e-12
1.6774932648544960e+00 1.7890239601971742e-09 8.2609058135622936e-12
1.7864729441426339e+00 1.7844911199910846e-09 8.2605246476969772e-12
1.9025325746571486e+00 1.7799644999353220e-09 8.2601449065319129e-12
2.0261321110399999e+00 1.7754444420109511e-09 8.2597681846712457e-12
2.1577613892509557e+00 1.7709299291775313e-09 8.2593898290603032e-12
2.2979420678310829e+00 1.7664207343849995e-09 8.2590087058753738e-12
2.4472296952819641e+00 1.7619175732683622e-09 8.2586281377114231e-12
2.6062159117538193e+00 1.7574195459378277e-09 8.2582439984514889e-12
2.7755307937680902e+00 1.7529265823646405e-09 8.2578558371047185e-12
2.9558453512667362e+00 1.7484407057411407e-09 8.2574732258624911e-12
3.1478741868843407e+00 1.7439592975320707e-09 8.2570837907162167e-12
3.3523783279819321e+00 1.7394848840038887e-09 8.2566995262419126e-12
3.5701682426661288e+00 1.7350154700619843e-09 8.2563109041306529e-12
3.8021070517463533e+00 1.7305515514631103e-09 8.2559203005971594e-12
4.0491139493593975e+00 1.7260934880633264e-09 8.2555294219117496e-12
4.3121678458175676e+00 1.7216417348918021e-09 8.2551404698488000e-12
4.5923112471173528e+00 1.7171951422731528e-09 8.2547478952173028e-12
4.8906543864834404e+00 1.7127538628652010e-09 8.2543524514235577e-12
5.2083796243217693e+00 1.7083192914401038e-09 8.2539608303783754e-12
5.5467461340190294e+00 1.7038889207491557e-09 8.2535609499956213e-12
5.9070948921587805e+00 1.6994652547256566e-09 8.2531648706145658e-12
6.2908539929310265e+00 1.6950479690369061e-09 8.2527710632164309e-12
6.6995443077965184e+00 1.6906350268329610e-09 8.2523696148400452e-12
7.1347855128356716e+00 1.6862282835195483e-09 8.2519695494196166e-12
7.5983025076689881e+00 1.6818277916414517e-09 8.2515710962336023e-12
8.0919322513877177e+00 1.6774322050286168e-09 8.2511677146208513e-12
8.6176310425861828e+00 1.6730432217331238e-09 8.2507677186515620e-12
9.1774822723471576e+00 1.6686590088123023e-09 8.2503620879092088e-12
9.7737046809061088e+00 1.6642806215821058e-09 8.2499559790204486e-12
1.0408661150716142e+01 1.6599086187231170e-09 8.2495521726224290e-12
1.1084868070761415e+01 1.6555413171863999e-09 8.2491423377480478e-12
1.1805005309230555e+01 1.6511805653436340e-09 8.2487356440880604e-12
1.2571926834072769e+01 1.6468250326455897e-09 8.2483254535023264e-12
1.3388672023526645e+01 1.6424753078507464e-09 8.2479147056240951e-12
1.4258477711446686e+01 1.6381307951699301e-09 8.2475004159255520e-12
1.5184791015163768e+01 1.6337936627178348e-09 8.2470934677538208e-12
1.6171282996717853e+01 1.6294607096793496e-09 8.2466777494530741e-12
1.7221863211603480e+01 1.6251338635258793e-09 8.2462629663654697e-12
1.8340695202686035e+01 1.6208130133967858e-09 8.2458485540673602e-12
1.9532213000692565e+01 1.6164968750735825e-09 8.2454279938979092e-12
2.0801138696670073e+01 1.6121878012986902e-09 8.2450132775676673e-12
2.2152501156052473e+01 1.6078828305133287e-09 8.2445892570412216e-12
2.3591655948501732e+01 1.6035848730931384e-09 8.2441707946852330e-12
2.5124306572506960e+01 1.5992926297937732e-09 8.2437512994148499e-12
2.6756527058856371e+01 1.5950057180774945e-09 8.2433287405459535e-12
2.8494786042561781e+01 1.5907244048441674e-09 8.2429045040707175e-12
3.0345972398634483e+01 1.5864488481245190e-09 8.2424794012602293e-12
3.2317422543310158e+01 1.5821789172498176e-09 8.2420527380848845e-12
3.4416949508918975e+01 1.5779146906162739e-09 8.2416249138214640e-12
3.6652873907627878e+01 1.5736563009222263e-09 8.2411966626651834e-12
3.9034056906766963e+01 1.5694035084431873e-09 8.2407666736125478e-12
4.1569935346423989e+01 1.5651569464565426e-09 8.2403382826368459e-12
4.4270559138481282e+01 1.5609150952310429e-09 8.2399034931243322e-12
4.7146631095310696e+01 1.5566795946807348e-09 8.2394709504913489e-12
5.0209549345971318e+01 1.5524490924981620e-09 8.2390334529378271e-12
5.3471452508009058e+01 1.5482252855381072e-09 8.2386000452724286e-12
5.6945267793877989e+01 1.5440069135193415e-09 8.2381640131615716e-12
6.0644762242633618e+01 1.5397933292055870e-09 8.2377219214196356e-12
6.4584597279933064e+01 1.5355865511974566e-09 8.2372844723912072e-12
6.8780386822570165e+01 1.5313855822032756e-09 8.2368463948059818e-12
7.3248759157816423e+01 1.5271898165748765e-09 8.2364044082401140e-12
7.8007422842803138e+01 1.5229994654218578e-09 8.2359596607143454e-12
8.3075236885108851e+01 1.5188149686517885e-09 8.2355144881239507e-12
8.8472285482684313e+01 1.5146370233272145e-09 8.2350726655549871e-12
9.4219957619316006e+01 1.5104630121260789e-09 8.2346199973277073e-12
1.0034103183107187e+02 1.5062963607853269e-09 8.2341751069103185e-12
1.0685976647966645e+02 1.5021352053207734e-09 8.2337278047348612e-12
1.1380199589050673e+02 1.4979790048478271e-09 8.2332751959712304e-12
1.2119523273642227e+02 1.4938289750952855e-09 8.2328238592283390e-12
1.2906877707283556e+02 1.4896845669631247e-09 8.2323708013799671e-12
1.3745383245648881e+02 1.4855460921805846e-09 8.2319177397041724e-12
1.4638362960791457e+02 1.4814133406485569e-09 8.2314635231446316e-12
1.5589355810773949e+02 1.4772859870777643e-09 8.2310063293157102e-12
1.6602130664873991e+02 1.4731639024699604e-09 8.2305454004553129e-12
1.7680701239948499e+02 1.4690473513132621e-09 8.2300822041527400e-12
1.8829342007150686e+02 1.4649373052445185e-09 8.2296221962761592e-12
2.0052605132039557e+02 1.4608337584852129e-09 8.2291653499228750e-12
2.1355338515217039e+02 1.4567347402165360e-09 8.2287005938996543e-12
2.2742705004989409e+02 1.4526416734690715e-09 8.2282358924183159e-12
2.4220202858194475e+02 1.4485541866379190e-09 8.2277691808778155e-12
2.5793687530282637e+02 1.4444721993207935e-09 8.2272999450419108e-12
2.7469394881007804e+02 1.4403967560709005e-09 8.2268341672946583e-12
2.9253965887694449e+02 1.4363265836935397e-09 8.2263645803526998e-12
3.1154472964021642e+02 1.4322624375484764e-09 8.2258955023126364e-12
3.3178447988627499e+02 1.4282029886218031e-09 8.2254192384169502e-12
3.5333912154614728e+02 1.4241501678973241e-09 8.2249469854239139e-12
3.7629407758252313e+02 1.4201023293686562e-09 8.2244691641945775e-12
4.0074032052855733e+02 1.4160607203774511e-09 8.2239930316609580e-12
4.2677473302011259e+02 1.4120247233548456e-09 8.2235149425790364e-12
4.5450049175026572e+02 1.4079944517128454e-09 8.2230356097025761e-12
4.8402747636772182e+02 1.4039697333955947e-09 8.2225539964465284e-12
5.1547270493963890e+02 1.3999507494977824e-09 8.2220711502065788e-12
5.4896079770463939e+02 1.3959376789843190e-09 8.2215881184015302e-12
5.8462447095390348e+02 1.3919300868773185e-09 8.2211023416066823e-12
6.2260506299763961e+02 1.3879281481142604e-09 8.2206148501052697e-12
6.6305309430138323e+02 1.3839318317613561e-09 8.2201254304620842e-12
7.0612886401199512e+02 1.3799420384340516e-09 8.2196394162334506e-12
7.5200308523743718e+02 1.3759573942900180e-09 8.2191487150738527e-12
8.0085756159801724e+02 1.3719781889805492e-09 8.2186549249187408e-12
8.5288590773030558e+02 1.3680048414356647e-09 8.2181606195669717e-12
9.0829431659916816e+02 1.3640373208546466e-09 8.2176655820353140e-12
9.6730237665883203e+02 1.3600757409052761e-09 8.2171704874277724e-12
1.0301439421014670e+03 1.3561194006978125e-09 8.2166711154008778e-12
1.0970680596421557e+03 1.3521686172516436e-09 8.2161693669510978e-12
1.1683399555131846e+03 1.3482238328870244e-09 8.2156678892129318e-12
1.2442420865792001e+03 1.3442848728922678e-09 8.2151656638314206e-12
1.3250752597388946e+03 1.3403518251381145e-09 8.2146631957703496e-12
1.4111598240495098e+03 1.3364240867553072e-09 8.2141567955686258e-12
1.5028369402986532e+03 1.3325022906689018e-09 8.2136503306294807e-12
1.6004699330548567e+03 1.3285858834496131e-09 8.2131403904706969e-12
1.7044457305551555e+03 1.3246751246584260e-09 8.2126285400816702e-12
1.8151763981361360e+03 1.3207709774474660e-09 8.2121208156168093e-12
1.9331007712855160e+03 1.3168715111331085e-09 8.2116051547989118e-12
2.0586861947862303e+03 1.3129778640122548e-09 8.2110886592751261e-12
2.1924303748453858e+03 1.3090904312246476e-09 8.2105737591828793e-12
2.3348633515482443e+03 1.3052084292429659e-09 8.2100555771117587e-12
2.4865495994542384e+03 1.3013322797491967e-09 8.2095367304087368e-12
2.6480902646598752e+03 1.2974617676555044e-09 8.2090159031160594e-12
2.8201255471942018e+03 1.2935967601557128e-09 8.2084921893483714e-12
3.0033372381884824e+03 1.2897378096309038e-09 8.2079691121246362e-12
3.1984514218751110e+03 1.2858840703979891e-09 8.2074412829116566e-12
3.4062413531240290e+03 1.2820365136690041e-09 8.2069148504297763e-12
3.6275305219205788e+03 1.2781942512461424e-09 8.2063842006985347e-12
3.8631959169295574e+03 1.2743575181614782e-09 8.2058507531810190e-12
4.1141715010793669e+03 1.2705274107688586e-09 8.2053215958951846e-12
4.3814519129401660e+03 1.2667028886799135e-09 8.2047900009025758e-12
4.6660964085650312e+03 1.2628837426704476e-09 8.2042546461910968e-12
4.9692330594159312e+03 1.2590701160539485e-09 8.2037164274737519e-12
5.2920632230113433e+03 1.2552625441985916e-09 8.2031787814730844e-12
5.6358663040129049e+03 1.2514605772981422e-09 8.2026388081930151e-12
6.0020048246199631e+03 1.2476638855766382e-09 8.2020943118285070e-12
6.3919298243663543e+03 1.2438732264161255e-09 8.2015502584075797e-12
6.8071866107190117e+03 1.2400881663355898e-09 8.2010038293795288e-12
7.2494208832691529e+03 1.2363091516091670e-09 8.2004578767156275e-12
7.7203852557859645e+03 1.2325355387624197e-09 8.1999082234840810e-12
8.2219462019811381e+03 1.2287676934132747e-09 8.1993572302825995e-12
8.7560914525100088e+03 1.2250054014496105e-09 8.1988034470823584e-12
9.3249378725252627e+03 1.2212489650106803e-09 8.1982489441795569e-12
9.9307398510015973e+03 1.2174983533898832e-09 8.1976934554836626e-12
1.0575898235080112e+04 1.2137530154709404e-09 8.1971333058406441e-12
1.1262969844838826e+04 1.2100140456691301e-09 8.1965758150094045e-12
1.1994677606198458e+04 1.2062806684742436e-09 8.1960157846699688e-12
1.2773921342119833e+04 1.2025528566499267e-09 8.1954530274650979e-12
1.3603789264860388e+04 1.1988303991933763e-09 8.1948860257005753e-12
1.4487570214834303e+04 1.1951137767258131e-09 8.1943181077350785e-12
1.5428766694579286e+04 1.1914028378358836e-09 8.1937482114073232e-12
1.6431108749486226e+04 1.1876983659428196e-09 8.1931816825523870e-12
1.7498568750300470e+04 1.1839990575128530e-09 8.1926096040290307e-12
1.8635377135981023e+04 1.1803055112926019e-09 8.1920360625682118e-12
1.9846039179306008e+04 1.1766172798246322e-09 8.1914579369274035e-12
2.1135352841670108e+04 1.1729355769717133e-09 8.1908836170263020e-12
2.2508427787831846e+04 1.1692589008970617e-09 8.1903027210375729e-12
2.3970705635970317e+04 1.1655881011863541e-09 8.1897210956424935e-12
2.5527981523301471e+04 1.1619232453539755e-09 8.1891392743928183e-12
2.7186427072723280e+04 1.1582637729585392e-09 8.1885532201408686e-12
2.8952614851505699e+04 1.1546104774837398e-09 8.1879686011642711e-12
3.0833544418959817e+04 1.1509624089337289e-09 8.1873786289023742e-12
3.2836670066314575e+04 1.1473201198757149e-09 8.1867872617258746e-12
3.4969930358735270e+04 1.1436838130998959e-09 8.1861958787149118e-12
3.7241779596564651e+04 1.1400526923950440e-09 8.1855988234842120e-12
3.9661221320466320e+04 1.1364279171875518e-09 8.1850043552105703e-12
4.2237843993258590e+04 1.1328084621088723e-09 8.1844051409246762e-12
4.4981858999844524e+04 1.1291949672467565e-09 8.1838057543112694e-12
4.7904141115840182e+04 1.1255865791991391e-09 8.1832000355393515e-12
5.1016271605276524e+04 1.1219846215691672e-09 8.1825975086526110e-12
5.4330584118180719e+04 1.1183882495195437e-09 8.1819921287906925e-12
5.7860213569927168e+04 1.1147974123340522e-09 8.1813834257910843e-12
6.1619148196076356e+04 1.1112125169003245e-09 8.1807744064914911e-12
6.5622284988997751e+04 1.1076331050779598e-09 8.1801617012019152e-12
6.9885488735974257e+04 1.1040594490210978e-09 8.1795472610116414e-12
7.4425654892767809e+04 1.1004916426858878e-09 8.1789318093557762e-12
7.9260776541811632e+04 1.0969293203766471e-09 8.1783126101928002e-12
8.4410015700399206e+04 1.0933726827096370e-09 8.1776911351751393e-12
8.9893779261461139e+04 1.0898218886524101e-09 8.1770685762798403e-12
9.5733799867900219e+04 1.0862767178076107e-09 8.1764432110682837e-12
1.0195322204098605e+05 1.0827373986571866e-09 8.1758168172398996e-12
1.0857669390415511e+05 1.0792033207078375e-09 8.1751847539521012e-12
1.1563046486571369e+05 1.0756759234900301e-09 8.1745579116793171e-12
1.2314248964758203e+05 1.0721536659952808e-09 8.1739245912278706e-12
1.3114253907234131e+05 1.0686372676621609e-09 8.1732902317629652e-12
1.3966231804765365e+05 1.0651266096000100e-09 8.1726539438503368e-12
1.4873559121563382e+05 1.0616212675776832e-09 8.1720124156306159e-12
1.5839831676512610e+05 1.0581219771539333e-09 8.1713713363129681e-12
1.6868878893721095e+05 1.0546281765653028e-09 8.1707262971194826e-12
1.7964778978868417e+05 1.0511403926570861e-09 8.1700814663448509e-12
1.9131875081498220e+05 1.0476582491669918e-09 8.1694338340082178e-12
2.0374792507305695e+05 1.0441816017246371e-09 8.1687822508674127e-12
2.1698457048636180e+05 1.0407108205048281e-09 8.1681296510626303e-12
2.3108114505837855e+05 1.0372456008871729e-09 8.1674736122459435e-12
2.4609351476835948e+05 1.0337858937081346e-09 8.1668136935281972e-12
2.6208117497316620e+05 1.0303326117184906e-09 8.1661570909828080e-12
2.7910748619267048e+05 1.0268847004988767e-09 8.1654955577471120e-12
2.9723992521312460e+05 1.0234427578803927e-09 8.1648337096615432e-12
3.1655035250367178e+05 1.0200065026801806e-09 8.1641693530320051e-12
3.3711529700578318e+05 1.0165755025294915e-09 8.1634989901946458e-12
3.5901625942425290e+05 1.0131504528180347e-09 8.1628281878343316e-12
3.8234003522175335e+05 1.0097309588446399e-09 8.1621537250096055e-12
4.0717905859696481e+05 1.0063173680327192e-09 8.1614784659993335e-12
4.3363176880954119e+05 1.0029095208221517e-09 8.1608010305070522e-12
4.6180300030364154e+05 9.9950737688820538e-10 8.1601211313575345e-12
4.9180439817617356e+05 9.9611069928211580e-10 8.1594367827416395e-12
5.2375486063623131e+05 9.9272027246250595e-10 8.1587544005478576e-12
5.5778101020929241e+05 9.8933514117435688e-10 8.1580661486988118e-12
5.9401769555353606e+05 9.8595562236005641e-10 8.1573746186690648e-12
6.3260852587709052e+05 9.8258226308302112e-10 8.1566842745754063e-12
6.7370644007408689e+05 9.7921453413887232e-10 8.1559907780595916e-12
7.1747431283510989e+05 9.7585230669454083e-10 8.1552929875837825e-12
7.6408560013409774e+05 9.7249567130805922e-10 8.1545916730727928e-12
8.1372502664977941e+05 9.6914517619017892e-10 8.1538914252024756e-12
8.6658931784603605e+05 9.6580026446403200e-10 8.1531875052568512e-12
9.2288797961239237e+05 9.6246038440664201e-10 8.1524752487798938e-12
9.8284412855452439e+05 9.5912718313042845e-10 8.1517686103288643e-12
1.0466953762251900e+06 9.5579951147187591e-10 8.1510578023220387e-12
1.1146947707999849e+06 9.5247708621846966e-10 8.1503404229653837e-12
1.1871117999297441e+06 9.4916085959511139e-10 8.1496245308380594e-12
1.2642334587441140e+06 9.4585013300783029e-10 8.1489041768883165e-12
1.3463653872387498e+06 9.4254503523347351e-10 8.1481804214428644e-12
1.4338330815538506e+06 9.3924614177670580e-10 8.1474582601626121e-12
1.5269831839442884e+06 9.3595267558032643e-10 8.1467308937215381e-12
1.6261848565537203e+06 9.3266500034662208e-10 8.1460015114454488e-12
1.7318312444370296e+06 9.2938286347756911e-10 8.1452678800582693e-12
1.8443410336291124e+06 9.2610641529607263e-10 8.1445312563915476e-12
1.9641601104349406e+06 9.2283618336666607e-10 8.1437963135263833e-12
2.0917633285166018e+06 9.1957134914943311e-10 8.1430558288618456e-12
2.2276563907806748e+06 9.1631169132846343e-10 8.1423077690098026e-12
2.3723778535237745e+06 9.1305826019990355e-10 8.1415614443279082e-12
2.5265012607791452e+06 9.0981071185849394e-10 8.1408137790527578e-12
2.6906374173226175e+06 9.0656867887187559e-10 8.1400615282052211e-12
2.8654368093463620e+06 9.0333243962682340e-10 8.1393071104199258e-12
3.0515921823934591e+06 9.0010172558269296e-10 8.1385481092131514e-12
3.2498412867702120e+06 8.9687647875654668e-10 8.1377839440457172e-12
3.4609698013161700e+06 8.9365769768371281e-10 8.1370237078438691e-12
3.6858144471193054e+06 8.9044466236902600e-10 8.1362608100119037e-12
3.9252663035161784e+06 8.8723715216439940e-10 8.1354932717729802e-12
4.1802743395185280e+06 8.8403498039486992e-10 8.1347192838720742e-12
4.4518491746620191e+06 8.8083893346105998e-10 8.1339460931774808e-12
4.7410670841812538e+06 8.7764829045727309e-10 8.1331670154863119e-12
5.0490742643844206e+06 8.7446392335347549e-10 8.1323901160588185e-12
5.3770913751311004e+06 8.7128442375953419e-10 8.1316022986029949e-12
5.7264183774160529e+06 8.6811133693348150e-10 8.1308178927590652e-12
6.0984396852301322e+06 8.6494335163047829e-10 8.1300246859933249e-12
6.4946296521162903e+06 8.6178203190681731e-10 8.1292372713789832e-12
6.9165584141636491e+06 8.5862582136289344e-10 8.1284410601792590e-12
7.3658981125967354e+06 8.5547564236855490e-10 8.1276446660797927e-12
7.8444295206197342e+06 8.5233095717902670e-10 8.1268430461832500e-12
8.3540491007792186e+06 8.4919184554547535e-10 8.1260368682766641e-12
8.8967765208140630e+06 8.4605844216330907e-10 8.1252274040233158e-12
9.4747626577781476e+06 8.4293116184362677e-10 8.1244185892299144e-12
1.0090298122157782e+07 8.3980951368828969e-10 8.1236057709398647e-12
1.0745822335764565e+07 8.3669352353615431e-10 8.1227891273432721e-12
1.1443933199381385e+07 8.3358344517553369e-10 8.1219710655734689e-12
1.2187397388474027e+07 8.3047867837936636e-10 8.1211457515755423e-12
1.2979161317772567e+07 8.2738004301566008e-10 8.1203211884613197e-12
1.3822362818174718e+07 8.2428673428852902e-10 8.1194894650802403e-12
1.4720343572249265e+07 8.2119958102997284e-10 8.1186586706674983e-12
1.5676662357620973e+07 8.1811797650869579e-10 8.1178228076013038e-12
1.6695109150723420e+07 8.1504226089271342e-10 8.1169852654283335e-12
1.7779720146812379e+07 8.1197187957024735e-10 8.1161404270022949e-12
1.8934793755766906e+07 8.0890753762717839e-10 8.1152953866736116e-12
2.0164907637070369e+07 8.0584887908753917e-10 8.1144464871690987e-12
2.1474936841481749e+07 8.0279582193885475e-10 8.1135929144138641e-12
2.2870073131296165e+07 7.9974862539190187e-10 8.1127372864877285e-12
2.4355845555760130e+07 7.9670730799916471e-10 8.1118796944739175e-12
2.5938142363186345e+07 7.9367149878017668e-10 8.1110164223127708e-12
2.7623234336604912e+07 7.9064177102883959e-10 8.1101532402839377e-12
2.9417799645435229e+07 7.8761733689513110e-10 8.1092821157603699e-12
3.1328950311664701e+07 7.8459876226332210e-10 8.1084087507106361e-12
3.3364260395425595e+07 7.8158587669332083e-10 8.1075314002736319e-12
3.5531796011668243e+07 7.7857890821124314e-10 8.1066524330153678e-12
3.7840147296893314e+07 7.7557767374329893e-10 8.1057698878932707e-12
4.0298462452626094e+07 7.7258201815157842e-10 8.1048821213320515e-12
4.2916484000553466e+07 7.6959223263728902e-10 8.1039921635943342e-12
4.5704587393004738e+07 7.6660803147714131e-10 8.1030969890204932e-12
4.8673822131791122e+07 7.6362995763456982e-10 8.1022022684330944e-12
5.1835955558366016e+07 7.6065706147498408e-10 8.1012979383658705e-12
5.5203519488844566e+07 7.5769033809889489e-10 8.1003945958710874e-12
5.8789859878707640e+07 7.5472921252552482e-10 8.0994860033427584e-12
6.2609189714009032e+07 7.5177339483210830e-10 8.0985690566848385e-12
6.6676645338705651e+07 7.4882413329401063e-10 8.0976570900330484e-12
7.1008346441333383e+07 7.4588016674009625e-10 8.0967365784831531e-12
7.5621459938769087e+07 7.4294203189079733e-10 8.0958132628615630e-12
8.0534268010247663e+07 7.4000958979662187e-10 8.0948855765947266e-12
8.5766240551265717e+07 7.3708327386029971e-10 8.0939582691202332e-12
9.1338112334510863e+07 7.3416222804593540e-10 8.0930218882281900e-12
9.7271965183608264e+07 7.3124669754874881e-10 8.0920791092268292e-12
1.0359131548535532e+08 7.2833754487584289e-10 8.0911393800338244e-12
1.1032120738725169e+08 7.2543381430322077e-10 8.0901921708326963e-12
1.1748831204968745e+08 7.2253601501804308e-10 8.0892430518691557e-12
1.2512103334612125e+08 7.1964378577680161e-10 8.0882879729495494e-12
1.3324962043016173e+08 7.1675728481233445e-10 8.0873287000359942e-12
1.4190628761565068e+08 7.1387650731886494e-10 8.0863651132636763e-12
1.5112534204485926e+08 7.1100154203060739e-10 8.0853981590681331e-12
1.6094331965074068e+08 7.0813265136685509e-10 8.0844308288242860e-12
1.7139912995208812e+08 7.0526895445007056e-10 8.0834530827660740e-12
1.8253421025541517e+08 7.0241157304258135e-10 8.0824776707497012e-12
1.9439268987469012e+08 6.9955930174602141e-10 8.0814907386055101e-12
2.0702156501973602e+08 6.9671333293084227e-10 8.0805059735488344e-12
2.2047088504638627e+08 6.9387278893242677e-10 8.0795131716551163e-12
2.3479395080654120e+08 6.9103826329423855e-10 8.0785192631062852e-12
2.5004752588417959e+08 6.8820938947036216e-10 8.0775199333401665e-12
2.6629206155450007e+08 6.8538609946803378e-10 8.0765142822281396e-12
2.8359193635769498e+08 6.8256869834011088e-10 8.0755058969982179e-12
3.0201571123684210e+08 6.7975727328228925e-10 8.0744958352477960e-12
3.2163640125101256e+08 6.7695110226585373e-10 8.0734754165072977e-12
3.4253176494045645e+08 6.7415091163980855e-10 8.0724532859873588e-12
3.6478461249060589e+08 6.7135670784753322e-10 8.0714294941766168e-12
3.8848313391621858e+08 6.6856798735313272e-10 8.0703979697757345e-12
4.1372124856624305e+08 6.6578522967447525e-10 8.0693644784589268e-12
4.4059897733455884e+08 6.6300794696262943e-10 8.0683230596218124e-12
4.6922283905168372e+08 6.6023667144904356e-10 8.0672801471825497e-12
4.9970627262836385e+08 6.5747087925163470e-10 8.0662293387948730e-12
5.3217008662408525e+08 6.5471108944058768e-10 8.0651769659883192e-12
5.6674293802212763e+08 6.5195708905009365e-10 8.0641203742337985e-12
6.0356184210865331e+08 6.4920862445490726e-10 8.0630564177750977e-12
6.4277271547645903e+08 6.4646630412006948e-10 8.0619926394747059e-12
6.8453095430543482e+08 6.4372932449683224e-10 8.0609190651992852e-12
7.2900205021143091e+08 6.4099828098532560e-10 8.0598429773096480e-12
7.7636224610427737e+08 6.3827292868766176e-10 8.0587614287476265e-12
8.2679923465409338e+08 6.3555315052994672e-10 8.0576728975200043e-12
8.8051290213406360e+08 6.3283946136922073e-10 8.0565838611723567e-12
9.3771612058750069e+08 6.3013134925925014e-10 8.0554878819776057e-12
9.9863559145870161e+08 6.2742900558129744e-10 8.0543873979464305e-12
1.0635127440309552e+09 6.2473234286107635e-10 8.0532812704717166e-12
1.1326046922322438e+09 6.2204120043283479e-10 8.0521674610513912e-12
1.2061852536006498e+09 6.1935634006528745e-10 8.0510558745271373e-12
1.2845460344475868e+09 6.1667687774710613e-10 8.0499351544487166e-12
1.3679975855195932e+09 6.1400304840088037e-10 8.0488083596590956e-12
1.4568706327385333e+09 6.1133507186256335e-10 8.0476784158642835e-12
1.5515173878978922e+09 6.0867248930702898e-10 8.0465394498976540e-12
1.6523129445094070e+09 6.0601585143873722e-10 8.0453987882721159e-12
1.7596567643320751e+09 6.0336476529192145e-10 8.0442513898616501e-12
1.8739742604745941e+09 6.0071946371670783e-10 8.0431004660188455e-12
1.9957184833454192e+09 5.9807971420060391e-10 8.0419431418221089e-12
2.1253719161317887e+09 5.9544560154543042e-10 8.0407808272459582e-12
2.2634483869235449e+09 5.9281709862881086e-10 8.0396133029834516e-12
2.4104951050595999e+09 5.9019403577151011e-10 8.0384386069458201e-12
2.5670948297671676e+09 5.8757667122809852e-10 8.0372606580197511e-12
2.7338681796885090e+09 5.8496459286547326e-10 8.0360741278547280e-12
2.9114760924477482e+09 5.8235829127886349e-10 8.0348862360614672e-12
3.1006224440055704e+09 5.7975713587820590e-10 8.0336888735819794e-12
3.3020568381821861e+09 5.7716137008570326e-10 8.0324858939089302e-12
3.5165775774040647e+09 5.7457134665767471e-10 8.0312829974602512e-12
3.7450348264473753e+09 5.7198635314584395e-10 8.0300710380989819e-12
3.9883339817167449e+09 5.6940667563595318e-10 8.0288549429312215e-12
4.2474392594116507e+09 5.6683197034511442e-10 8.0276308255316593e-12
4.5233775168011332e+09 5.6426217166902799e-10 8.0263989881438386e-12
4.8172423217504015e+09 5.6169748790952488e-10 8.0251637435065161e-12
5.1301982866276274e+09 5.5913757989609481e-10 8.0239217053035951e-12
5.4634856837664452e+09 5.5658243734101341e-10 8.0226745017855529e-12
5.8184253607754164e+09 5.5403193566664381e-10 8.0214225592645414e-12
6.1964239751747980e+09 5.5148564522974431e-10 8.0201615861990971e-12
6.5989795691052628e+09 5.4894367853610199e-10 8.0188961069549744e-12
7.0276875062023869e+09 5.4640568163410571e-10 8.0176236548534580e-12
7.4842467941644735e+09 5.4387174434670043e-10 8.0163489890285568e-12
7.9704668180714502e+09 5.4134087910192681e-10 8.0150613732197263e-12
8.4882745111386929e+09 5.3881353064711852e-10 8.0137716319010986e-12
9.0397219913250523e+09 5.3628889244996849e-10 8.0124727988053857e-12
9.6269946940586452e+09 5.3376704450999442e-10 8.0111714568833909e-12
1.0252420033312185e+10 5.3124734319432114e-10 8.0098645190515634e-12
1.0918476625351376e+10 5.2872895925081622e-10 8.0085464243361700e-12
1.1627804111711802e+10 5.2621220820162643e-10 8.0072300571771655e-12
1.2383213620333347e+10 5.2369556331342387e-10 8.0059020220003285e-12
1.3187698906310003e+10 5.2117858918248673e-10 8.0045653584270611e-12
1.4044448216408068e+10 5.1866081765006402e-10 8.0032251145450264e-12
1.4956856924371328e+10 5.1614140906187318e-10 8.0018818890066248e-12
1.5928540987089750e+10 5.1361848685473643e-10 8.0005222655205619e-12
1.6963351274957888e+10 5.1109163436262506e-10 7.9991555208461860e-12
1.8065388833217384e+10 5.0856039804949444e-10 7.9977963720602276e-12
1.9239021134763607e+10 5.0602154187938817e-10 7.9964155326060091e-12
2.0488899388829910e+10 5.0347496172255047e-10 7.9950352717785103e-12
2.1819976974143021e+10 5.0091817099010136e-10 7.9936476909775342e-12
2.3237529069604343e+10 4.9834940138268415e-10 7.9922538801602380e-12
2.4747173560292660e+10 4.9576598999037292e-10 7.9908503701310972e-12
2.6354893301642811e+10 4.9316557627269885e-10 7.9894401098034049e-12
2.8067059830034416e+10 4.9054541963787211e-10 7.9880264151535265e-12
2.9890458613756710e+10 4.8790146173225944e-10 7.9865968567789355e-12
3.1832315944423981e+10 4.8523076319604201e-10 7.9851663067042563e-12
3.3900327575411240e+10 4.8252924842203486e-10 7.9837302111244847e-12
3.6102689220810585e+10 4.7979172620432088e-10 7.9822867519604581e-12
3.8448129035774246e+10 4.7701277944665253e-10 7.9808335147164164e-12
4.0945942206971214e+10 4.7418631328633067e-10 7.9793682870390588e-12
4.3606027790237778e+10 4.7130602871582505e-10 7.9778991066668367e-12
4.6438927941417877e+10 4.6836433656475544e-10 7.9764293214408654e-12
4.9455869695863297e+10 4.6535245568412187e-10 7.9749441382477688e-12
5.2668809462175140e+10 4.6226057328071403e-10 7.9734488225579712e-12
5.6090480406513603e+10 4.5907772209157975e-10 7.9719516030079259e-12
5.9734442915268852e+10 4.5579272140628935e-10 7.9704497607833709e-12
6.3615138336079659e+10 4.5239120378670442e-10 7.9689354477687905e-12
6.7747946210177200e+10 4.4885774309348396e-10 7.9674127048045932e-12
7.2149245222877426e+10 4.4517515567844628e-10 7.9658835456902529e-12
7.6836478113766052e+10 4.4132403022552867e-10 7.9643443318266429e-12
8.1828220803829758e+10 4.3728410391419491e-10 7.9627947208305373e-12
8.7144256013481415e+10 4.3302940050158802e-10 7.9612482209279175e-12
9.2805651663243774e+10 4.2853419165348407e-10 7.9596878302656128e-12
9.8834844367790283e+10 4.2376381414687810e-10 7.9580486189882432e-12
1.0525572835424815e+11 4.1869428414883920e-10 7.9564785997192825e-12
1.1209375015714339e+11 4.1328373938373024e-10 7.9549543664473550e-12
1.1937600946528442e+11 4.0748932641475957e-10 7.9533559996867983e-12
1.2713136652023706e+11 4.0126010333714076e-10 7.9516953929734758e-12
1.3539055649203075e+11 3.9456185937000724e-10 7.9501479276590670e-12
1.4418631128537375e+11 3.8732373424201289e-10 7.9484450506315440e-12
1.5355348925909998e+11 3.7949128358768830e-10 7.9468191070137207e-12
1.6352921337295105e+11 3.7100847548910711e-10 7.9452593845091860e-12
1.7415301830916397e+11 3.6178362611822570e-10 7.9435318336446752e-12
1.8546700715193930e+11 3.5176087344393570e-10 7.9418923503371576e-12
1.9751601824570462e+11 3.4085479138949696e-10 7.9402201047862237e-12
2.1034780289346875e+11 3.2898154219789036e-10 7.9386301170500161e-12
2.2401321459947775e+11 3.1604124922538383e-10 7.9368710852068236e-12
2.3856641060618381e+11 3.0197910983138961e-10 7.9351750689334522e-12
2.5406506652420822e+11 2.8668346812927778e-10 7.9334858070643255e-12
2.7057060490592578e+11 2.7009610910825610e-10 7.9317834283434753e-12
2.8814843866849762e+11 2.5216204240651038e-10 7.9300733945386716e-12
3.0686823033108490e+11 2.3282101991289594e-10 7.9283441245970937e-12
3.2680416809361414e+11 2.1208405611996892e-10 7.9266120347508651e-12
3.4803525985120569e+11 1.8999471221751289e-10 7.9248591301479970e-12
3.7064564630950201e+11 1.6664579680571878e-10 7.9231114845428150e-12
3.9472493444175958e+11 1.4225383178034303e-10 7.9213560127721640e-12
4.2036855260926794e+11 1.1713056528785490e-10 7.9195901561318215e-12
4.4767812875242395e+11 9.1801020797716093e-11 7.9178390120138661e-12
4.7676189315131488e+11 6.6986478309275918e-11 7.9160328449038543e-12
5.0773510735193597e+11 4.3716457238404738e-11 7.9142721713009388e-12
5.4072052095795496e+11 2.3445400976338387e-11 7.9124503972814444e-12
5.7584885809832861e+11 8.1423635242778944e-12 7.9106398054374905e-12
6.1325933549863086e+11 4.8563651089921916e-13 7.9088331143539360e-12
6.5310021420934009e+11 4.0589237851970367e-12 7.9070025774858773e-12
6.9552938717756897e+11 2.3633952128916700e-11 7.9051589284759482e-12
7.4071500499085645e+11 6.5544105581799654e-11 7.9033132672467639e-12
7.8883614227293042e+11 1.3804678956078770e-10 7.9014831783937013e-12
8.4008350737233997e+11 2.5213571994750798e-10 7.8996056468159250e-12
8.9466019815663098e+11 4.2195532809179415e-10 7.8977407571465556e-12
9.5278250690725293e+11 6.6634595835558156e-10 7.8959591330048684e-12
1.0146807775051443e+12 1.0091548723525779e-09 7.8939941313743014e-12
1.0806003183039829e+12 1.4817358842081134e-09 7.8921938147681396e-12
1.1508023743090461e+12 2.1247461934456712e-09 7.8902119795424640e-12
1.2255651625143945e+12 2.9905737545700504e-09 7.8883164419204007e-12
1.3051849745016116e+12 4.1467807386884766e-09 7.8864130373214072e-12
1.3899773506696460e+12 5.6815028524990536e-09 7.8845064701549340e-12
1.4802783307495261e+12 7.7062601164472588e-09 7.8825879020328778e-12
1.5764457855597019e+12 1.0365272636329536e-08 7.8806995972172928e-12
1.6788608352799268e+12 1.3845036639122342e-08 7.8787477199331355e-12
1.7879293598644937e+12 1.8388030025378664e-08 7.8768213673587276e-12
1.9040836075805259e+12 2.4293534317821634e-08 7.8748960815701931e-12
2.0277839080463716e+12 3.1962988803499069e-08 7.8729807430380888e-12
2.1595204965588066e+12 4.1900007890634078e-08 7.8711460879260439e-12
2.2998154569392056e+12 5.4736878198527618e-08 7.8691324534744326e-12
2.4492247905980713e+12 7.1333962659258544e-08 7.8672177186741298e-12
2.6083406200181646e+12 9.2714329622221583e-08 7.8653005817302468e-12
2.7777935353885459e+12 1.2026735688331234e-07 7.8634095083217403e-12
2.9582550936896904e+12 1.5570615371631602e-07 7.8615799400274702e-12
3.1504404801334194e+12 2.0129830774445539e-07 7.8596112509519793e-12
3.3551113425056143e+12 2.5981103189312618e-07 7.8577258251094099e-12
3.5730788096441387e+12 3.3492779739077399e-07 7.8558616401850284e-12
3.8052067060145581e+12 4.3127623181359327e-07 7.8540167001678977e-12
4.0524149751234785e+12 5.5471659775704154e-07 7.8522031925839973e-12
4.3156833253363335e+12 7.1278779921463759e-07 7.8504828793208433e-12
4.5960551125489219e+12 9.1515120513915085e-07 7.8487122417578468e-12
4.8946414750995830e+12 1.1739205005369858e-06 7.8468833523192219e-12
5.2126257373094570e+12 1.5046163820255278e-06 7.8451852287315968e-12
5.5512680991018135e+12 1.9272881450835753e-06 7.8435576324782976e-12
5.9119106302866299e+12 2.4667227990285008e-06 7.8420014083701573e-12
6.2959825893025664e+12 3.1547743536767657e-06 7.8403547370563264e-12
6.7050060874955273e+12 4.0322018429193914e-06 7.8388697360052535e-12
7.1406021213810518e+12 5.1496142578398875e-06 7.8374481853748063e-12
7.6044969967979316e+12 6.5718614226656685e-06 7.8360929125275474e-12
8.0985291704117900e+12 8.3806430130570654e-06 7.8348363058698453e-12
8.6246565356823574e+12 1.0678967519721373e-05 7.8337677715724592e-12
9.1849641821697285e+12 1.3594473642000490e-05 7.8326310050507879e-12
9.7816726589293926e+12 1.7294029849533294e-05 7.8317971894013661e-12
1.0417146774745990e+13 2.1974904529204528e-05 7.8309199610116512e-12
1.1093904970080764e+13 2.7896923171362372e-05 7.8303089437781471e-12
1.1814629297875541e+13 3.5377495511980755e-05 7.8298412183146859e-12
1.2582176052766648e+13 4.4804724454527889e-05 7.8296571775322393e-12
1.3399587090835037e+13 5.6682139067507514e-05 7.8296023597998804e-12
1.4270101884752371e+13 7.1593341896566455e-05 7.8296864190695216e-12
1.5197170362099916e+13 9.0298819148821401e-05 7.8301117899674417e-12
1.6184466577737811e+13 1.1370008481529120e-04 7.8308553707558677e-12
1.7235903274411820e+13 1.4291843220873185e-04 7.8318430925157890e-12
1.8355647389300863e+13 1.7927608300692999e-04 7.8331980460690195e-12
1.9548136567959633e+13 2.2443810009378735e-04 7.8349180212329985e-12
2.0818096751103391e+13 2.8028702508207682e-04 7.8370276808433634e-12
2.2170560903930578e+13 3.4919671298206263e-04 7.8395490455722269e-12
2.3610888962212312e+13 4.3381221591909543e-04 7.8426003143215538e-12
2.5144789074194379e+13 5.3738569506210795e-04 7.8460338268976909e-12
2.6778340222497418e+13 6.6349141260026840e-04 7.8498579858763380e-12
2.8518016315664707e+13 8.1634604893893832e-04 7.8543229907442933e-12
3.0370711844838531e+13 1.0005355023341332e-03 7.8590928044082173e-12
3.2343769207241805e+13 1.2213417440799618e-03 7.8645194390510874e-12
3.4445007804751254e+13 1.4840740296471135e-03 7.8702856212644026e-12
3.6682755032883898e+13 1.7947553348288793e-03 7.8764426726792352e-12
3.9065879283004750e+13 2.1589644897421442e-03 7.8829501629461550e-12
4.1603825088551930e+13 2.5824712538770160e-03 7.8897168543495768e-12
4.4306650554562359e+13 3.0699714962712393e-03 7.8965875319896182e-12
4.7185067218838383e+13 3.6258127571823016e-03 7.9036903675220918e-12
5.0250482502722961e+13 4.2519692294047265e-03 7.9106754648472754e-12
5.3515044919726836e+13 4.9480672088857208e-03 7.9174861321574571e-12
5.6991692221167656e+13 5.7114229276312590e-03 7.9239882186469874e-12
6.0694202669631398e+13 6.5351477023105941e-03 7.9300450617722653e-12
6.4637249643450180e+13 7.4079269808531760e-03 7.9355193262821167e-12
6.8836459788607898e+13 8.3142529228925188e-03 7.9403002251426985e-12
7.3308474948528219e+13 9.2338288007912262e-03 7.9443121575291532e-12
7.8071018117180078e+13 1.0142142933731346e-02 7.9475052316872003e-12
8.3142963676882203e+13 1.1011365995105755e-02 7.9498862074573931e-12
8.8544412199155797e+13 1.1811721437658011e-02 7.9515079297206498e-12
9.4296770105080391e+13 1.2513889657415303e-02 7.9524848791032630e-12
1.0042283450084372e+14 1.3091205079745415e-02 7.9529591809253342e-12
1.0694688352470512e+14 1.3520631028030536e-02 7.9531060113936200e-12
1.1389477256341286e+14 1.3788320455245650e-02 7.9531092590844939e-12
1.2129403671940528e+14 1.3887609547927986e-02 7.9531290051913442e-12
1.2917399993486991e+14 1.3821846700009837e-02 7.9532949386864694e-12
1.3756589120513953e+14 1.3602808152813088e-02 7.9536659937043014e-12
1.4650296834197316e+14 1.3249696320915239e-02 7.9542551249091124e-12
1.5602064977722700e+14 1.2785936262241384e-02 7.9550420599096447e-12
1.6615665492925034e+14 1.2237362942755053e-02 7.9559489677487304e-12
1.7695115368829503e+14 1.1629027575794525e-02 7.9569055015200765e-12
1.8844692561337022e+14 1.0983639003469770e-02 7.9578145526893025e-12
2.0068952947143266e+14 1.0320315874525157e-02 7.9587375689186003e-12
2.1372748379083900e+14 9.6543366693392745e-03 7.9596283464493235e-12
2.2761245914458766e+14 8.9981031135795472e-03 7.9604487114960218e-12
2.4239948292540381e+14 8.3606188873792276e-03 7.9612569177993590e-12
2.5814715742418234e+14 7.7487229463350515e-03 7.9620277347468397e-12
2.7491789207608747e+14 7.1668883748249521e-03 7.9627616561628094e-12
2.9277815079469319e+14 6.6179025390692963e-03 7.9635327657258195e-12
3.1179871537439562e+14 6.1029394592674591e-03 7.9642663333809575e-12
3.3205496600494800e+14 5.6221303935662104e-03 7.9649451373639929e-12
3.5362718000986850e+14 5.1748234861162343e-03 7.9656044717642400e-12
3.7660084999261394e+14 4.7598715592214492e-03 7.9662482832449770e-12
4.0106702265137038e+14 4.3758048840795774e-03 7.9668505350971963e-12
4.2712265960523162e+14 4.0209622705488631e-03 7.9674310383505888e-12
4.5487102166170381e+14 3.6935864657218504e-03 7.9679605005933452e-12
4.8442207804848556e+14 3.3918935969309487e-03 7.9684573441715003e-12
5.1589294223129412e+14 3.1141148320241790e-03 7.9689133032414241e-12
5.4940833604496694e+14 2.8585449512729269e-03 7.9693415092526732e-12
5.8510108397716538e+14 2.6235334520518000e-03 7.9697226197688807e-12
6.2311263956365312e+14 2.4075254227274253e-03 7.9700679216263929e-12
6.6359364598123488e+14 2.2090547704755707e-03 7.9703529034080321e-12
7.0670453306009088e+14 2.0267525065653992e-03 7.9706060433352784e-12
7.5261615308143550e+14 1.8593396666572338e-03 7.9708002626699263e-12
8.0151045788033088e+14 1.7056277174732543e-03 7.9709517332687061e-12
8.5358121993699188e+14 1.5645181848619805e-03 7.9710460042623346e-12
9.0903480031435950e+14 1.4349928519742040e-03 7.9710754132975598e-12
9.6809096648538238e+14 1.3161155515123099e-03 7.9710546253833577e-12
1.0309837632910226e+15 1.2070181483797614e-03 7.9709544898065865e-12
1.0979624404808131e+15 1.1069054533444250e-03 7.9707930717468384e-12
1.1692924405117742e+15 1.0150430973453735e-03 7.9705520275914120e-12
1.2452564505205265e+15 9.3075646218916046e-04 7.9702305436398373e-12
1.3261555226375092e+15 8.5342534705293250e-04 7.9698171433906642e-12
1.4123102670833948e+15 7.8247959543029241e-04 7.9693084701742639e-12
1.5040621227758990e+15 7.1739571208098230e-04 7.9686998846369588e-12
1.6017747104826380e+15 6.5769237657879623e-04 7.9679848149712494e-12
1.7058352738825125e+15 6.0292750454308945e-04 7.9671543564494753e-12
1.8166562142469080e+15 5.5269555664983958e-04 7.9662047801621548e-12
1.9346767248226152e+15 5.0662396670913266e-04 7.9651331700636965e-12
2.0603645313937258e+15 4.6437009706445318e-04 7.9639311857143730e-12
2.1942177459205968e+15 4.2561973689319525e-04 7.9626036364548946e-12
2.3367668406017710e+15 3.9008470288979310e-04 7.9611614323047286e-12
2.4885767501825610e+15 3.5749942045201690e-04 7.9596052838293436e-12
2.6502491108416715e+15 3.2762056753145357e-04 7.9579609992142074e-12
2.8224246445289915e+15 3.0022439766218040e-04 7.9562485800801840e-12
3.0057856982035625e+15 2.7510534941252728e-04 7.9545072124104926e-12
3.2010589480353700e+15 2.5207438162124901e-04 7.9527663087879391e-12
3.4090182792876140e+15 2.3095751844263464e-04 7.9510772342914384e-12
3.6304878532929685e+15 2.1159524088530912e-04 7.9494833009955212e-12
3.8663453736781125e+15 1.9384148390242124e-04 7.9480327103040378e-12
4.1175255647814005e+15 1.7756100566904069e-04 7.9467480602298500e-12
4.3850238760485535e+15 1.6263078566985058e-04 7.9456585025005915e-12
4.6699004270873450e+15 1.4893843932245777e-04 7.9447704827637320e-12
4.9732842090160780e+15 1.3638069295068467e-04 7.9440666547953039e-12
5.2963775587556150e+15 1.2486373255668134e-04 7.9435293479124423e-12
5.6404609239977180e+15 1.1430150027454716e-04 7.9431197555817098e-12
6.0068979377330910e+15 1.0461569194773682e-04 7.9428302633317888e-12
6.3971408224504450e+15 9.5734957939669308e-05 7.9426476023632798e-12
6.8127361454231420e+15 8.7592795964516477e-05 7.9425044442114566e-12
7.2553309478930900e+15 8.0128713190620604e-05 7.9423832261896689e-12
7.7266792724416210e+15 7.3287671760779928e-05 7.9423066110232051e-12
8.2286491144165500e+15 6.7018563837334367e-05 7.9422610840191650e-12
8.7632298249635760e+15 6.1274013449877940e-05 7.9421948471250426e-12
9.3325399950021080e+15 5.6011307905567033e-05 7.9421663793236874e-12
9.9388358513895280e+15 5.1190267401907992e-05 7.9420932055184971e-12
1.0584520198548914e+16 4.6774963327200388e-05 7.9420738604401863e-12
1.1272151940996936e+16 4.2731374243236025e-05 7.9420228234810712e-12
1.2004456224509872e+16 3.9028860975875683e-05 7.9419693345921859e-12
1.2784335236118956e+16 3.5639000735266085e-05 7.9418808214249397e-12
1.3614879705735534e+16 3.2536134919084465e-05 7.9418470494539191e-12
1.4499381154989570e+16 2.9696063575732466e-05 7.9417746884091033e-12
1.5441344941821434e+16 2.7097005102626616e-05 7.9416945970152865e-12
1.6444504152528150e+16 2.4718796846959540e-05 7.9415810012654574e-12
1.7512834396316328e+16 2.2543051285209831e-05 7.9414592926219669e-12
1.8650569560995176e+16 2.0553057649430153e-05 7.9414106148872321e-12
1.9862218592250588e+16 1.8732852810167160e-05 7.9412476466559691e-12
2.1152583362998080e+16 1.7068545110624160e-05 7.9411303615746207e-12
2.2526777703632384e+16 1.5547007654387668e-05 7.9410400063688059e-12
2.3990247668591916e+16 1.4156020696814930e-05 7.9408238056090320e-12
2.5548793119558604e+16 1.2884972327891551e-05 7.9407238213616387e-12
2.7208590710823496e+16 1.1723489682507909e-05 7.9405400006220984e-12
2.8976218367918768e+16 1.0662435197007631e-05 7.9403422271813029e-12
3.0858681356521500e+16 9.6932294128592287e-06 7.9400292821405094e-12
3.2863440044944828e+16 8.8083279055382063e-06 7.9398010872612994e-12
3.4998439470241364e+16 8.0004589199392524e-06 7.9395279895206567e-12
3.7272140825091912e+16 7.2631233258589361e-06 7.9392343014769354e-12
3.9693554990264256e+16 6.5903107328336284e-06 7.9388899124194006e-12
4.2272278245537904e+16 5.9766213176365298e-06 7.9386146358403987e-12
4.5018530300610928e+16 5.4168944130133388e-06 7.9382070389307008e-12
4.7943194796721208e+16 4.9065298393331371e-06 7.9376586570486737e-12
5.1057862439484456e+16 4.4414133877559404e-06 7.9371491235902874e-12
5.4374876933891800e+16 4.0176380919030266e-06 7.9366227924124703e-12
5.7907383903510952e+16 3.6316152162204554e-06 7.9359840026014141e-12
6.1669382987762000e+16 3.2801319224611138e-06 7.9352889183764861e-12
6.5675783323734040e+16 2.9602432029328495e-06 7.9346341578381471e-12
6.9942462632420808e+16 2.6691112256101292e-06 7.9336667356486545e-12
7.4486330143546224e+16 2.4043561803666955e-06 7.9327212714554568e-12
7.9325393608339568e+16 2.1636535941958342e-06 7.9316574320970431e-12
8.4478830665860208e+16 1.9449138601263448e-06 7.9304696727809628e-12
8.9967064845686400e+16 1.7462478450656789e-06 7.9292557807173493e-12
9.5811846508180160e+16 1.5658361027010290e-06 7.9276755608152018e-12
1.0203633904310059e+17 1.4021423172348985e-06 7.9260102369778194e-12
1.0866521066817845e+17 1.2536855733164882e-06 7.9241701032226426e-12
1.1572473219145778e+17 1.1191248094912464e-06 7.9221089547518015e-12
1.2324288112484362e+17 9.9723602252177375e-07 7.9197997500753648e-12
1.3124945256147886e+17 8.8690225389821592e-07 7.9172244982858643e-12
1.3977617725633766e+17 7.8709726944300542e-07 7.9142990749276905e-12
1.4885684737803821e+17 6.9689881848531674e-07 7.9110668742226436e-12
1.5852745043021174e+17 6.1546001063606072e-07 7.9074897430798992e-12
1.6882631187318138e+17 5.4198228698158717e-07 7.9033741530637244e-12
1.7979424701117133e+17 4.7578287716245848e-07 7.8988280837969894e-12
1.9147472274698890e+17 4.1621047781689036e-07 7.8937308399825098e-12
2.0391402984522458e+17 3.6268182125487497e-07 7.8880578439586296e-12
2.1716146638668374e+17 3.1466333804700093e-07 7.8817338115193806e-12
2.3126953314104781e+17 2.7167068917849261e-07 7.8746921377023077e-12
2.4629414163210829e+17 2.3326729873536141e-07 7.8668890670256631e-12
2.6229483572010717e+17 1.9904508707602273e-07 7.8582059294034523e-12
2.7933502757935286e+17 1.6865101829036862e-07 7.8486422573544051e-12
2.9748224900630899e+17 1.4175278882335005e-07 7.8380996014017598e-12
3.1680841905411226e+17 1.1805125925098632e-07 7.8265742778683080e-12
3.3739012905417894e+17 9.7274470965093682e-08 7.8140291468376622e-12
3.5930894615446010e+17 7.9174504754590187e-08 7.8004207817731742e-12
3.8265173657732941e+17 6.3521840726646795e-08 7.7858655038428606e-12
4.0751100987811661e+17 5.0107554320393221e-08 7.7704453413363684e-12
4.3398528556872928e+17 3.8737242482858771e-08 7.7542380573492796e-12
4.6217948355923808e+17 2.9227356783913834e-08 7.7375678664394930e-12
4.9220533996481568e+17 2.1404359306143138e-08 7.7206681531243628e-12
5.2418184992590278e+17 1.5100951552025823e-08 7.7040593081494680e-12
5.5823573919653702e+17 1.0154425574626947e-08 7.6881664016888228e-12
5.9450196636979136e+17 6.4039268942437954e-09 7.6735941246690540e-12
6.3312425773067597e+17 3.6893694943200141e-09 7.6611205387221209e-12
6.7425567685623450e+17 1.8506707085110220e-09 7.6514337177100593e-12
7.1805923122005773e+17 7.2803087700127662e-10 7.6452093960580332e-12
7.6470851820544486e+17 1.6353484912241599e-10 7.6430224814553931e-12
8.1438841308726899e+17 4.1445151334630280e-12 7.6451557391862122e-12
8.6729580170914074e+17 1.0610225614795927e-10 7.6516082009757792e-12
9.2364036075952371e+17 3.4054848036323086e-10 7.6617208756152349e-12
9.8364538873910682e+17 5.9986312852066783e-10 7.6744382096155262e-12
1.0475486909126131e+18 8.0375793966638767e-10 7.6880898846526450e-12
1.1156035217522894e+18 9.0393097201852954e-10 7.7006117267344928e-12
1.1880795886078134e+18 8.8576788167842598e-10 7.7098062037770081e-12
1.2652641205805827e+18 7.6572463480140188e-10 7.7139187103037563e-12
1.3474630068381824e+18 5.8363404953311975e-10 7.7120055200399748e-12
1.4350020088803738e+18 3.9038016180916719e-10 7.7045738561070280e-12
1.5282280515609009e+18 2.3296166145134385e-10 7.6934368766993398e-12
1.6275105979815534e+18 1.4080891847481399e-10 7.6815970878022758e-12
1.7332431137073116e+18 1.1781718249008647e-10 7.6720164325749721e-12
1.8458446261053576e+18 1.4377308897662840e-10 7.6667917003297127e-12
1.9657613849879334e+18 1.8549516979123807e-10 7.6658788328082063e-12
2.0934686311398753e+18 2.1336370815073712e-10 7.6674212291512426e-12
2.2294724797402437e+18 2.1495635895389112e-10 7.6680031349430238e-12
2.3743119261417789e+18 1.9788379649589520e-10 7.6659312301895071e-12
2.5285609819574426e+18 1.7991804412378889e-10 7.6611024587025676e-12
2.6928309499195095e+18 1.7370063319075124e-10 7.6555079235511301e-12
2.8677728465266857e+18 1.7818748173845574e-10 7.6514102548011733e-12
3.0540799820804178e+18 1.8351944388188837e-10 7.6479397187748549e-12
3.2524907083352484e+18 1.8315844128916700e-10 7.6463049629055656e-12
3.4637913446527247e+18 1.7921498851168372e-10 7.6427532454247269e-12
3.6888192942546785e+18 1.7687678031024967e-10 7.6388299349125654e-12
3.9284663629269059e+18 1.7673919575246380e-10 7.6346137337400070e-12
4.1836822933247908e+18 1.7620529825444134e-10 7.6321780525187722e-12
4.4554785288879544e+18 1.7458634043491892e-10 7.6277995016901917e-12
4.7449322222805934e+18 1.7327670926575013e-10 7.6265351025635461e-12
5.0531905042433290e+18 1.7218095708838786e-10 7.6200120453201424e-12
5.3814750297743094e+18 1.7090358599936453e-10 7.6159598536097040e-12
5.7310868196570051e+18 1.6954330494231227e-10 7.6089557352835634e-12
6.1034114165208197e+18 1.6835225733405192e-10 7.6070219424555182e-12
6.4999243758701476e+18 1.6706658807991133e-10 7.6031145720968228e-12
6.9221971138420306e+18 1.6578332789305095e-10 7.5993857622888270e-12
7.3719031348681349e+18 1.6454883883561486e-10 7.5977437786524181e-12
7.8508246639217019e+18 1.6320975417562494e-10 7.5916996728785865e-12
8.3608597096336927e+18 1.6192734897099289e-10 7.5881501064706492e-12
8.9040295862698629e+18 1.6065020022529316e-10 7.5852022111190289e-12
9.4824869243788902e+18 1.5932464732340244e-10 7.5800136311286282e-12
1.0098524201859373e+19 1.5805002932765986e-10 7.5772668693145222e-12
1.0754582829252807e+19 1.5669902493279683e-10 7.5709397334529295e-12
1.1453262825271380e+19 1.5538671821652871e-10 7.5662242548943930e-12
1.2197333120903320e+19 1.5406216969239723e-10 7.5610204992679713e-12
1.2989742532932743e+19 1.5277683274428331e-10 7.5575073923308595e-12
1.3833631450362962e+19 1.5140681160417396e-10 7.5501631915386722e-12
1.4732344280057494e+19 1.5019331774226046e-10 7.5495110752607998e-12
1.5689442700922042e+19 1.4876867515389583e-10 7.5392967543289271e-12
1.6708719779154608e+19 1.4755503206127486e-10 7.5384745771987976e-12
1.7794215000505403e+19 1.4629527572024846e-10 7.5353893443558832e-12
1.8950230279116681e+19 1.4497465870729226e-10 7.5290691501857984e-12
2.0181347006392308e+19 1.4364182956339052e-10 7.5223546185971584e-12
2.1492444207459222e+19 1.4231264902183490e-10 7.5153965129778277e-12
2.2888717877178155e+19 1.4105854034205292e-10 7.5114666065272129e-12
2.4375701572333552e+19 1.3972707081583120e-10 7.5032966376788603e-12
2.5959288341611446e+19 1.3843301648208271e-10 7.4977468623732243e-12
2.7645754080275284e+19 1.3741382421751278e-10 7.5059440937721779e-12
2.9441782402099012e+19 1.3584686560180933e-10 7.4844080482709709e-12
3.1354491127120515e+19 1.3491085952930609e-10 7.4968039892493097e-12
3.3391460490197430e+19 1.3329225722044673e-10 7.4695273301301358e-12
3.5560763182151909e+19 1.3216353194641385e-10 7.4722305765101768e-12
3.7870996342562611e+19 1.3057130033431631e-10 7.4465871820587014e-12
4.0331315630993760e+19 1.2956421440661139e-10 7.4576338978483177e-12
4.2951471511688610e+19 1.2765995996769439e-10 7.4142025308765369e-12
4.5741847895526777e+19 1.2672272963962699e-10 7.4274404104171519e-12
4.8713503292386165e+19 1.2514105507615473e-10 7.3988502076822883e-12
5.1878214637004620e+19 1.2423395545145218e-10 7.4127162042790709e-12
5.5248523962015547e+19 1.2258570798862670e-10 7.3789850909716502e-12
5.8837788103142162e+19 1.2138114216819963e-10 7.3723846791574861e-12
6.2660231633525129e+19 1.2024400962498269e-10 7.3696679133047139e-12
6.6731003236971504e+19 1.1911304307136027e-10 7.3674838991452391e-12
7.1066235743536521e+19 1.1832692306704235e-10 7.3890138800627558e-12
7.5683110065364484e+19 1.1718417531840466e-10 7.3855942659861227e-12
8.0599923286172238e+19 1.1628562055236073e-10 7.3975577354234755e-12
8.5836161174218490e+19 1.1485853371037749e-10 7.3753607864644998e-12
9.1412575406142652e+19 1.1365894068869165e-10 7.3670707328771239e-12
9.7351265807697625e+19 1.1293079854745137e-10 7.3902804837405245e-12
1.0367576793733076e+20 1.1159219382200221e-10 7.3707130186799685e-12
1.1041114635969487e+20 1.1044343777407245e-10 7.3651241701514922e-12
1.1758409397874794e+20 1.0934730465139665e-10 7.3623223471155233e-12
1.2522303782410648e+20 1.0822694684830591e-10 7.3587635759798719e-12
1.3335825170989317e+20 1.0710648535516004e-10 7.3536527059214752e-12
1.4202197621255579e+20 1.0603545560578277e-10 7.3520011597502356e-12
1.5124854644313778e+20 1.0488977367376838e-10 7.3440686883324384e-12
1.6107452812038786e+20 1.0398915966497422e-10 7.3543394417318677e-12
1.7153886248394267e+20 1.0285905684838800e-10 7.3466641731110476e-12
1.8268302062193328e+20 1.0166500387774037e-10 7.3330661643364502e-12
1.9455116782459529e+20 1.0041543226127801e-10 7.3159446041073753e-12
2.0719033861524337e+20 9.9453464238134286e-11 7.3177089677103967e-12
2.2065062315227202e+20 9.8401998052164395e-11 7.3140466642814526e-12
2.3498536574091005e+20 9.7334757319520394e-11 7.3093545338865919e-12
2.5025137624144426e+20 9.6612219633183518e-11 7.3326636865185022e-12
2.6650915521176653e+20 9.5436378915115713e-11 7.3193550302710796e-12
2.8382313367644376e+20 9.4304860463942937e-11 7.3076436508029228e-12
3.0226192847261670e+20 9.3156311819686771e-11 7.2934219904621368e-12
3.2189861418462649e+20 9.2012441187082439e-11 7.2787265119411256e-12
3.4281101274509443e+20 9.1155197477763610e-11 7.2892109668330576e-12
3.6508200185016477e+20 9.0532013196936635e-11 7.3138572602776324e-12
3.8879984341118871e+20 8.9128217798812419e-11 7.2798872205395562e-12
4.1405853334453178e+20 8.7981511924013079e-11 7.2625777109223443e-12
4.4095817408574646e+20 8.7029898719818412e-11 7.2596456278649117e-12
4.6960537130445924e+20 8.5991332899591756e-11 7.2525600981622418e-12
5.0011365639208233e+20 8.5432034581603478e-11 7.2856210396958325e-12
5.3260393639684676e+20 8.4304045700848069e-11 7.2711653346219193e-12
5.6720497318918508e+20 8.3405181844896110e-11 7.2727977803863318e-12
6.0405389375648039e+20 8.2138179724999511e-11 7.2415419794570896e-12
6.4329673364951833e+20 8.1467220611944471e-11 7.2632322493445983e-12
6.8508901573436742e+20 8.0203823472944336e-11 7.2332005855016199e-12
7.2959636654333533e+20 7.9830506128402579e-11 7.2777945339270725e-12
7.7699517266763973e+20 7.8876657508341305e-11 7.2733404909747653e-12
8.2747327979321347e+20 7.7220273086211971e-11 7.2047910263446974e-12
8.8123073714979668e+20 7.6275088513118088e-11 7.1972575116324173e-12
9.3848059032388226e+20 7.5659307239930025e-11 7.2258252211004373e-12
9.9944972557731876e+20 7.5098193428550813e-11 7.2539978610705749e-12
1.0643797690177524e+21 7.3502755351261122e-11 7.1824339127434702e-12
1.1335280441843906e+21 7.2823958910754196e-11 7.2042181549840026e-12
1.2071685918440822e+21 7.2467514600144824e-11 7.2512711638003141e-12
1.2855932560392386e+21 7.0824655424329734e-11 7.1773473909136060e-12
1.3691128406918221e+21 7.0366260964206698e-11 7.2185408953913113e-12
1.4580583413468208e+21 6.9505532632245944e-11 7.2182290071719547e-12
1.5527822569371221e+21 6.8599728358918229e-11 7.2115239378808171e-12
1.6536599867681281e+21 6.7223283606634477e-11 7.1520457788109794e-12
1.7610913182586034e+21 6.6794847252039447e-11 7.1964274457933439e-12
1.8755020113337857e+21 6.4324587367378849e-11 7.0021878038370514e-12
1.9973454857498510e+21 6.5309752034497675e-11 7.2163873702583299e-12
2.1271046180367497e+21 6.4415836784521664e-11 7.2020036073802257e-12
2.2652936551808211e+21 6.1458826493975235e-11 6.9457612249662835e-12
2.4124602526315006e+21 6.2536843375342281e-11 7.1840409753906461e-12
2.5691876447083771e+21 6.1839060509709033e-11 7.1800712807390070e-12
2.7360969560108344e+21 6.0627671036897226e-11 7.1489372894390576e-12
2.9138496629900695e+21 5.8086439236237764e-11 6.9114849847699187e-12
3.1031502154391198e+21 5.9200608366640480e-11 7.1541597832351797e-12
3.3047488282900730e+21 5.5672537189320430e-11 6.8004267726092526e-12
3.5194444547825897e+21 5.7396539026866402e-11 7.1304836300216263e-12
3.7480879527866810e+21 5.6812823936710580e-11 7.1348274019962481e-12
3.9915854568280812e+21 5.3440403032203536e-11 6.8054358791685805e-12
4.2509019691802585e+21 5.2343620341656373e-11 6.7545782907139233e-12
4.5270651842538981e+21 5.4375224590594620e-11 7.1145149395889858e-12
4.8211695614415434e+21 5.1067972161175202e-11 6.7674442450801746e-12
5.1343806625574835e+21 4.9398165114577077e-11 6.6482552363796920e-12
5.4679397710629259e+21 4.8224089898277986e-11 6.5795946899479212e-12
5.8231688113827988e+21 4.7468626391001077e-11 6.5651561006549268e-12
6.2014755878098572e+21 4.6774395370239671e-11 6.5543976023838277e-12
6.6043593637582497e+21 4.5990271776386407e-11 6.5492713709351484e-12
7.0334168034782468e+21 4.4851622652102141e-11 6.4757903967284615e-12
7.4903482997780964e+21 4.4110807089487059e-11 6.4539443005289989e-12
7.9769647128324279e+21 4.3760560655245991e-11 6.4905387740456299e-12
8.4951945467821367e+21 4.2659640550165280e-11 6.4268958795104604e-12
9.0470915925678846e+21 4.1560713630241990e-11 6.3526372019140425e-12
9.6348430672863303e+21 4.0395651346959875e-11 6.2762869988892988e-12
1.0260778282326086e+22 3.9481328110808979e-11 6.2282578917968070e-12
1.0927377874635993e+22 3.8696276870314936e-11 6.1744909203933544e-12
1.1637283637709886e+22 3.8176763833940723e-11 6.1893760512027014e-12
1.2393308991249988e+22 3.7071726099357570e-11 6.1206386880789898e-12
1.3198450130998419e+22 3.6475320234514130e-11 6.1146488681769892e-12
1.4055897902928223e+22 3.5610552459766393e-11 6.0637142930514735e-12
1.4969050448849680e+22 3.4833692836373358e-11 6.0212083073396877e-12
1.5941526673548649e+22 3.3313943591891117e-11 5.8695709645516233e-12
1.6977180586828223e+22 3.3314249021304434e-11 5.9243650968817417e-12
1.8080116577292473e+22 3.2942030180845638e-11 5.9312380985115715e-12
1.9254705678403682e+22 3.2295332096472131e-11 5.9248537124396940e-12
2.0505602891276509e+22 3.0627986305065724e-11 5.7257095580096286e-12
2.1837765632862919e+22 3.1089133624916900e-11 5.8923594894412999e-12
2.3256473382634675e+22 2.9828643188151246e-11 5.7351755542876330e-12
2.4767348605631511e+22 2.9484829731378920e-11 5.7833666247173093e-12
2.6376379034790011e+22 2.8212427954074106e-11 5.6619267583889431e-12
2.8089941400861991e+22 2.7548919805615989e-11 5.5713608137129568e-12
2.9914826703965820e+22 2.7802101649944101e-11 5.7128899813204353e-12
3.1858267126924126e+22 2.7222359411597624e-11 5.6837043010321697e-12
3.3927964697047217e+22 2.6680082750442244e-11 5.6748863725606595e-12
3.6132121809954800e+22 2.6202027588970731e-11 5.6806706947464962e-12
3.8479473736396359e+22 2.5630557566765342e-11 5.6660498487684977e-12
4.0979323240908484e+22 2.4469771355184719e-11 5.5238462869095853e-12
4.3641577449497903e+22 2.6484456663184252e-11 6.0895175761019858e-12
4.6476787112463326e+22 2.6322095829471632e-11 6.1392829713907046e-12
4.9496188417957576e+22 2.3282396070951226e-11 5.5733998515118216e-12
5.2711747522001031e+22 2.2527350993461209e-11 5.4672521426689811e-12
5.6136207971422531e+22 2.2682161395669293e-11 5.6147891328965772e-12
5.9783141207668370e+22 2.1063122552148838e-11 5.3567564814559652e-12
6.3667000351636079e+22 2.0549177904323721e-11 5.3179315068107650e-12
6.7803177482672799e+22 2.1755509382387864e-11 5.8172157978445347e-12
7.2208064638758972e+22 2.1413233995444852e-11 5.8074811160546197e-12
7.6899118779612361e+22 2.0209319556820053e-11 5.6001632071213773e-12
8.1894930970172648e+22 1.9526922972945475e-11 5.5385026972239756e-12
8.7215300058645883e+22 1.7826374200350723e-11 5.1259391525206174e-12
9.2881311141100752e+22 1.9525324561767591e-11 5.7963527150937165e-12
