# k  Ps  Pt
4.823254415099566066e-05 2.554691444869250994e-09 3.072629989590106802e-10
4.890737716044128350e-05 2.553609368450762388e-09 3.071973405959641657e-10
4.959165191920053469e-05 2.552526246338080649e-09 3.071315287070546071e-10
5.028550052903636697e-05 2.551445020627266008e-09 3.070659177929899753e-10
5.098905693997853229e-05 2.550363656533652947e-09 3.070002625472609701e-10
5.170245697618395170e-05 2.549281712407016253e-09 3.069345104242105550e-10
5.242583836215735884e-05 2.548199832503757652e-09 3.068687377876862897e-10
5.315934074933982681e-05 2.547120339447256464e-09 3.068032253431698974e-10
5.390310574306930507e-05 2.546038427311122307e-09 3.067373941528307173e-10
5.465727692991732037e-05 2.544957979472546179e-09 3.066717114482903761e-10
5.542199990540973585e-05 2.543877639902146540e-09 3.066060144499771813e-10
5.619742230213376410e-05 2.542796943843726703e-09 3.065402469660392235e-10
5.698369381823927731e-05 2.541718038034953193e-09 3.064746673684217101e-10
5.778096624633897511e-05 2.540638131610765261e-09 3.064089399776326877e-10
5.858939350281165882e-05 2.539558385804628369e-09 3.063432040063971695e-10
5.940913165751731274e-05 2.538479193018232352e-09 3.062775072328788364e-10
6.024033896392612706e-05 2.537400322366241674e-09 3.062118219536021470e-10
6.108317588967028511e-05 2.536321516486760797e-09 3.061461165243157509e-10
6.193780514752318374e-05 2.535242729946695640e-09 3.060803859584255868e-10
6.280439172681086409e-05 2.534163657104949367e-09 3.060145932446948307e-10
6.368310292526482114e-05 2.533086062862952556e-09 3.059489513895584180e-10
6.457410838131860426e-05 2.532008179856084207e-09 3.058832471027403314e-10
6.547758010685740418e-05 2.530930383400679399e-09 3.058175254254628519e-10
6.639369252042609494e-05 2.529853166022009194e-09 3.057518463341264221e-10
6.732262248090054176e-05 2.528776300930581589e-09 3.056861819078991639e-10
6.826454932163122816e-05 2.527699014837761886e-09 3.056204391982218672e-10
6.921965488506467729e-05 2.526622434177573503e-09 3.055547540714352000e-10
7.018812355784780413e-05 2.525546655820226008e-09 3.054891381473739131e-10
7.117014230642557961e-05 2.524468456342255551e-09 3.054232016026176683e-10
7.216590071313460882e-05 2.523393506895371577e-09 3.053576308524999985e-10
7.317559101280307230e-05 2.522318418436512036e-09 3.052920153305531794e-10
7.419940812986287155e-05 2.521242846803200412e-09 3.052263139522404208e-10
7.523754971597942682e-05 2.520166887213221894e-09 3.051605378071261381e-10
7.629021618821030812e-05 2.519092008789952527e-09 3.050948649009809364e-10
7.735761076769538279e-05 2.518017265209756535e-09 3.050291798887497885e-10
7.843993951888985012e-05 2.516942143082862661e-09 3.049634223677287480e-10
7.953741138934626185e-05 2.515868310822974438e-09 3.048977929695558381e-10
8.065023825005149152e-05 2.514793938904007953e-09 3.048320702286023629e-10
8.177863493633048396e-05 2.513720220797048520e-09 3.047663994297203995e-10
8.292281928931986162e-05 2.512645846176958487e-09 3.047006210869718456e-10
8.408301219802346270e-05 2.511571955049530299e-09 3.046348736257195087e-10
8.525943764195628943e-05 2.510499172397107159e-09 3.045692328413455998e-10
8.645232273438338522e-05 2.509425122201289183e-09 3.045034103555085523e-10
8.766189776616621729e-05 2.508351796865808609e-09 3.044376484709330225e-10
8.888839625022006152e-05 2.507280192452411296e-09 3.043720671156095952e-10
9.013205496659493904e-05 2.506207119517762145e-09 3.043062802248535707e-10
9.139311400818750429e-05 2.505135512431781910e-09 3.042406431187352279e-10
9.267181682709052526e-05 2.504063440610478892e-09 3.041749223612789190e-10
9.396841028159375238e-05 2.502992005160322488e-09 3.041092505084739363e-10
9.528314468383944228e-05 2.501921095038901061e-09 3.040436151929351124e-10
9.661627384814667162e-05 2.500848850918042834e-09 3.039777893536796857e-10
9.796805514001163744e-05 2.499778464865318362e-09 3.039121618472537923e-10
9.933874952579169605e-05 2.498708256852486005e-09 3.038465280348529985e-10
1.007286216230874655e-04 2.497636804845393539e-09 3.037807156705225719e-10
1.021379397518266643e-04 2.496565815682299373e-09 3.037149313764991273e-10
1.035669759860654616e-04 2.495496495770565595e-09 3.036493221095302831e-10
1.050160062065129228e-04 2.494425569030611688e-09 3.035834896834104097e-10
1.064853101537904486e-04 2.493356311481066125e-09 3.035178327138727835e-10
1.079751714824374439e-04 2.492286479957327736e-09 3.034520776641553078e-10
1.094858778156713883e-04 2.491217394040657518e-09 3.033863857537367445e-10
1.110177208009146670e-04 2.490149045193057662e-09 3.033207557488581330e-10
1.125709961660983287e-04 2.489080641804875225e-09 3.032550912002416966e-10
1.141460037767529594e-04 2.488011268720718080e-09 3.031892807752409725e-10
1.157430476938995360e-04 2.486943689907591718e-09 3.031236608016493748e-10
1.173624362327490666e-04 2.485874525151375721e-09 3.030578197437657028e-10
1.190044820222242061e-04 2.484807028309311100e-09 3.029921540451700535e-10
1.206695020653129142e-04 2.483739146253490644e-09 3.029264138435432516e-10
1.223578178002678203e-04 2.482672709451092815e-09 3.028608215394387058e-10
1.240697551626605746e-04 2.481604439587919010e-09 3.027949776221475280e-10
1.258056446483049714e-04 2.480538530683021296e-09 3.027293947702067354e-10
1.275658213770606349e-04 2.479471545224910074e-09 3.026636518719952799e-10
1.293506251575284461e-04 2.478405052179814888e-09 3.025979412429340936e-10
1.311604005526527980e-04 2.477339261986626504e-09 3.025322883046230290e-10
1.329954969462401090e-04 2.476273386333134583e-09 3.024665970931084420e-10
1.348562686104089919e-04 2.475207074826686300e-09 3.024008250966893635e-10
1.367430747739831632e-04 2.474141462932844331e-09 3.023351101958213043e-10
1.386562796918428149e-04 2.473075170819332835e-09 3.022692843077059733e-10
1.405962527152447203e-04 2.472011327894070908e-09 3.022037296867644044e-10
1.425633683631270397e-04 2.470946513479500088e-09 3.021380284554585978e-10
1.445580063944117274e-04 2.469881402882712220e-09 3.020722630338848767e-10
1.465805518813177678e-04 2.468817277185014670e-09 3.020065900598539444e-10
1.486313952837017198e-04 2.467752930266984027e-09 3.019408622727732888e-10
1.507109325244367917e-04 2.466688941634425885e-09 3.018751498223205193e-10
1.528195650658474136e-04 2.465624680340560365e-09 3.018093762175988212e-10
1.549576999872131317e-04 2.464562020437810072e-09 3.017437709257684198e-10
1.571257500633560815e-04 2.463498290061386785e-09 3.016780061343834891e-10
1.593241338443297924e-04 2.462435431342547365e-09 3.016123200613515217e-10
1.615532757362210092e-04 2.461372998982370435e-09 3.015466585247573624e-10
1.638136060830831743e-04 2.460309282330584534e-09 3.014808114845547629e-10
1.661055612500159139e-04 2.459247552596331973e-09 3.014151795900486818e-10
1.684295837074064348e-04 2.458185437485925688e-09 3.013494728365329790e-10
1.707861221163509407e-04 2.457122771541418422e-09 3.012836701018648928e-10
1.731756314152697548e-04 2.456061578746712910e-09 3.012180203463913316e-10
1.755985729077348787e-04 2.455000994267810625e-09 3.011524166467904998e-10
1.780554143515266567e-04 2.453939000028140269e-09 3.010866124033845259e-10
1.805466300489353489e-04 2.452877536066375388e-09 3.010208449061051272e-10
1.830727009383280486e-04 2.451817797361438230e-09 3.009552608614176611e-10
1.856341146869949050e-04 2.450757094378879081e-09 3.008895309724543185e-10
1.882313657852951409e-04 2.449696240495895325e-09 3.008237538485175714e-10
1.908649556421206474e-04 2.448636595723393190e-09 3.007580975514698216e-10
1.935353926816938254e-04 2.447575794705871866e-09 3.006922709140496756e-10
1.962431924417220609e-04 2.446516074456175416e-09 3.006265489578189246e-10
1.989888776729233652e-04 2.445457180932260055e-09 3.005609001906939498e-10
2.017729784399454847e-04 2.444398213487477881e-09 3.004952145340876571e-10
2.045960322236970764e-04 2.443339480728075402e-09 3.004295294286560533e-10
2.074585840251095962e-04 2.442280415223105764e-09 3.003637754970386116e-10
2.103611864703528042e-04 2.441221100800666901e-09 3.002979626440037787e-10
2.133043999175206651e-04 2.440162627636524039e-09 3.002322250864669909e-10
2.162887925648106831e-04 2.439105710266754151e-09 3.001666508504693923e-10
2.193149405602167553e-04 2.438047550445341962e-09 3.001008953000937164e-10
2.223834281127559545e-04 2.436989808935457491e-09 3.000351633928212597e-10
2.254948476052534470e-04 2.435933232923813804e-09 2.999695468631938160e-10
2.286497997087035678e-04 2.434875683665797254e-09 2.999037823177826209e-10
2.318488934982306101e-04 2.433819092740056104e-09 2.998381072971727983e-10
2.350927465706756467e-04 2.432763235908743330e-09 2.997724947392545650e-10
2.383819851638224751e-04 2.431705946499924228e-09 2.997066772848023232e-10
2.417172442772978693e-04 2.430648886188546430e-09 2.996408602706592003e-10
2.450991677951594731e-04 2.429593484042775632e-09 2.995752187730731583e-10
2.485284086101994714e-04 2.428537785666037483e-09 2.995095131878913925e-10
2.520056287499891634e-04 2.427482485313750209e-09 2.994438281251760159e-10
2.555314995046851492e-04 2.426427095687083772e-09 2.993781037472511853e-10
2.591067015566243131e-04 2.425372159562310176e-09 2.993124073686303759e-10
2.627319251117324881e-04 2.424316986822092226e-09 2.992466534484772439e-10
2.664078700327701926e-04 2.423261834332098154e-09 2.991808738458962211e-10
2.701352459744451998e-04 2.422207447455817498e-09 2.991151602001585744e-10
2.739147725204130299e-04 2.421153234236648052e-09 2.990494400950463131e-10
2.777471793221955023e-04 2.420099735366364606e-09 2.989837797387999071e-10
2.816332062400428307e-04 2.419045781383284269e-09 2.989180349896622295e-10
2.855736034857653326e-04 2.417992538916759823e-09 2.988523496788067312e-10
2.895691317675663052e-04 2.416938942018554335e-09 2.987865926398776670e-10
2.936205624368981321e-04 2.415885712077228089e-09 2.987208522577991397e-10
2.977286776373753367e-04 2.414834052377405664e-09 2.986552778784283935e-10
3.018942704557701180e-04 2.413780347867623528e-09 2.985894222584447134e-10
3.061181450751195325e-04 2.412728200636527937e-09 2.985237311237421181e-10
3.104011169299780953e-04 2.411676159047618101e-09 2.984580248562092423e-10
3.147440128638390026e-04 2.410624434267389398e-09 2.983923289740385585e-10
3.191476712887594282e-04 2.409572652215281498e-09 2.983265980588857014e-10
3.236129423472198195e-04 2.408521754429266815e-09 2.982609483613299824e-10
3.281406880762454347e-04 2.407471123286624512e-09 2.981953028930081665e-10
3.327317825738277985e-04 2.406419261169439475e-09 2.981294771705083527e-10
3.373871121676711208e-04 2.405368509899904237e-09 2.980637605776911026e-10
3.421075755863016801e-04 2.404317622047501530e-09 2.979979985316294445e-10
3.468940841325709079e-04 2.403268281626488448e-09 2.979323999552174383e-10
3.517475618595843219e-04 2.402218045547752261e-09 2.978666620173920153e-10
3.566689457490954465e-04 2.401167512419615544e-09 2.978008585620514542e-10
3.616591858923924228e-04 2.400118321760052307e-09 2.977351936552004653e-10
3.667192456737166100e-04 2.399069691433869339e-09 2.976695694756577725e-10
3.718501019562483068e-04 2.398020041855959336e-09 2.976037909570147414e-10
3.770527452706917389e-04 2.396971248621597633e-09 2.975380899975211563e-10
3.823281800065034936e-04 2.395922263647654196e-09 2.974723367438102798e-10
3.876774246057915620e-04 2.394873594777009075e-09 2.974065943609384463e-10
3.931015117599300358e-04 2.393826405722337337e-09 2.973410071517734743e-10
3.986014886089244260e-04 2.392777532846699521e-09 2.972751827364292873e-10
4.041784169435640845e-04 2.391729281228347565e-09 2.972094070951548516e-10
4.098333734104072680e-04 2.390681733252636206e-09 2.971436901736766687e-10
4.155674497196306630e-04 2.389634702051546883e-09 2.970780092775581839e-10
4.213817528557862535e-04 2.388587652950911409e-09 2.970122974398141208e-10
4.272774052915135072e-04 2.387541317315027458e-09 2.969466457679757691e-10
4.332555452042308403e-04 2.386494376241782401e-09 2.968808906455444130e-10
4.393173266958695167e-04 2.385447216037309272e-09 2.968150797190750585e-10
4.454639200156759477e-04 2.384401566010580202e-09 2.967494281727994151e-10
4.516965117861308559e-04 2.383355590702436739e-09 2.966837076795213810e-10
4.580163052320340928e-04 2.382309476597105081e-09 2.966179413923247072e-10
4.644245204127896956e-04 2.381264692343806868e-09 2.965523121569875224e-10
4.709223944579432803e-04 2.380218925441506768e-09 2.964865319635207825e-10
4.775111818060149746e-04 2.379173839960811811e-09 2.964208080827839225e-10
4.841921544466710981e-04 2.378129527038556211e-09 2.963551523747731413e-10
4.909666021662915632e-04 2.377085007841410577e-09 2.962894419473834997e-10
4.978358327969611323e-04 2.376039572725652291e-09 2.962235892828641393e-10
5.048011724689569022e-04 2.374996018671731385e-09 2.961579422154520660e-10
5.118639658667600411e-04 2.373952141073443940e-09 2.960922263776809363e-10
5.190255764886508687e-04 2.372908077013914339e-09 2.960264588069064368e-10
5.262873869099419762e-04 2.371865123300867724e-09 2.959608009911184796e-10
5.336507990498828890e-04 2.370821647449376170e-09 2.958950496472988264e-10
5.411172344423114062e-04 2.369778806354182769e-09 2.958293489244330250e-10
5.486881345100836022e-04 2.368735309133513238e-09 2.957635378391446827e-10
5.563649608433441805e-04 2.367693666813662779e-09 2.956979294436375489e-10
5.641491954816952930e-04 2.366651772939617624e-09 2.956322613025791244e-10
5.720423412003075190e-04 2.365609577680752914e-09 2.955665268146667315e-10
5.800459218000367538e-04 2.364567225480755075e-09 2.955007445175423301e-10
5.881614824016000252e-04 2.363525466887309314e-09 2.954350073412774368e-10
5.963905897438641227e-04 2.362484398805016062e-09 2.953693279616722858e-10
6.047348324863146933e-04 2.361442665966868926e-09 2.953035369023658273e-10
6.131958215157494972e-04 2.360401912930405468e-09 2.952378396473412653e-10
6.217751902572670559e-04 2.359361080142040830e-09 2.951721037855794822e-10
6.304745949896063120e-04 2.358320899668279540e-09 2.951064209260564618e-10
6.392957151648942212e-04 2.357281084096773495e-09 2.950407549165184504e-10
6.482402537328743521e-04 2.356239676880719637e-09 2.949748614106408372e-10
6.573099374696654996e-04 2.355200504086115939e-09 2.949092189470175962e-10
6.665065173111198085e-04 2.354161387970185894e-09 2.948435546491353717e-10
6.758317686908544598e-04 2.353122338074897100e-09 2.947778701054912357e-10
6.852874918829961670e-04 2.352083189024948809e-09 2.947121446800682009e-10
6.948755123497387699e-04 2.351043878235216053e-09 2.946463700229568178e-10
7.045976810937517676e-04 2.350005038599939805e-09 2.945806258128294145e-10
7.144558750155214277e-04 2.348966356933136810e-09 2.945148727273935960e-10
7.244519972757003682e-04 2.347928486961584739e-09 2.944491926161648743e-10
7.345879776625098469e-04 2.346891064289785246e-09 2.943835398837087169e-10
7.448657729643006842e-04 2.345853289290960729e-09 2.943178144727934995e-10
7.552873673473156461e-04 2.344815135617043769e-09 2.942520129212599898e-10
7.658547727387364458e-04 2.343778315933891034e-09 2.941863496301562459e-10
7.765700292151026408e-04 2.342741323831796940e-09 2.941206361630670191e-10
7.874352053961448201e-04 2.341704056958734594e-09 2.940548593105453433e-10
7.984523988441478721e-04 2.340667328933189962e-09 2.939891217302096484e-10
8.096237364688904127e-04 2.339630940882553908e-09 2.939233977562862396e-10
8.209513749382484115e-04 2.338594879681106686e-09 2.938576861922250151e-10
8.324375010945577738e-04 2.337559905418235579e-09 2.937920823998980122e-10
8.440843323767802239e-04 2.336522767519326543e-09 2.937261783531204377e-10
8.558941172485972802e-04 2.335488481671658832e-09 2.936606034097910814e-10
8.678691356324813285e-04 2.334452982159729265e-09 2.935948474887971838e-10
8.800116993498393117e-04 2.333417885487872760e-09 2.935291133008665963e-10
8.923241525673283490e-04 2.332382495428096380e-09 2.934633131755049075e-10
9.048088722493928321e-04 2.331348721916972359e-09 2.933976882346431700e-10
9.174682686171563555e-04 2.330314663179307631e-09 2.933319981241285708e-10
9.303047856137203067e-04 2.329280530569780750e-09 2.932662699644359813e-10
9.433209013759720051e-04 2.328246259429617594e-09 2.932004954846125128e-10
9.565191287130087516e-04 2.327211923509793247e-09 2.931346844628582073e-10
9.699020155912313479e-04 2.326179481340716758e-09 2.930690826751633523e-10
9.834721456262493326e-04 2.325146449993684978e-09 2.930033777291515421e-10
9.972321385816531204e-04 2.324113357270829059e-09 2.929376366260546233e-10
1.011184650874766451e-03 2.323080804188834404e-09 2.928719342279090780e-10
1.025332376089483234e-03 2.322047567487836340e-09 2.928061171402286681e-10
1.039678045496270423e-03 2.321015360394559697e-09 2.927404009886215433e-10
1.054224428579449580e-03 2.319983458746489044e-09 2.926746944798512129e-10
1.068974333571858599e-03 2.318951082613563165e-09 2.926088993226651682e-10
1.083930607996985967e-03 2.317920210367767912e-09 2.925432646603069817e-10
1.099096139218703116e-03 2.316889547536296013e-09 2.924776280067056512e-10
1.114473854998675097e-03 2.315857085813301395e-09 2.924117354303344078e-10
1.130066724061578156e-03 2.314826554287801231e-09 2.923460571901214885e-10
1.145877756668222877e-03 2.313795767892264378e-09 2.922803178202695636e-10
1.161910005196692842e-03 2.312765981245311673e-09 2.922146761443286991e-10
1.178166564731622816e-03 2.311735598668232974e-09 2.921489299683568358e-10
1.194650573661714277e-03 2.310705391159868224e-09 2.920831773135048705e-10
1.211365214285607542e-03 2.309675855997350764e-09 2.920174804842570014e-10
1.228313713426248824e-03 2.308645504947984835e-09 2.919516516908508695e-10
1.245499343053824452e-03 2.307617197230085915e-09 2.918860523458206219e-10
1.262925420917439170e-03 2.306587501206727084e-09 2.918202482818104257e-10
1.280595311185616161e-03 2.305558420234885008e-09 2.917544933109178857e-10
1.298512425095755402e-03 2.304529740402881401e-09 2.916887597937710112e-10
1.316680221612701474e-03 2.303501781109136525e-09 2.916230886708388198e-10
1.335102208096489596e-03 2.302473426236235971e-09 2.915573385019506963e-10
1.353781940979470423e-03 2.301445337757251631e-09 2.914915929920285396e-10
1.372723026452886278e-03 2.300418035712128720e-09 2.914259181059560764e-10
1.391929121163053848e-03 2.299390980050491601e-09 2.913602454746958136e-10
1.411403932917309253e-03 2.298363265556821053e-09 2.912944606003811294e-10
1.431151221399794195e-03 2.297335909840071275e-09 2.912286920330314220e-10
1.451174798897291590e-03 2.296309926064415889e-09 2.911630682934104691e-10
1.471478531035196741e-03 2.295283041853985814e-09 2.910973013929157744e-10
1.492066337523784321e-03 2.294256476540825319e-09 2.910315458299646268e-10
1.512942192914939208e-03 2.293230287452114348e-09 2.909658090114270692e-10
1.534110127369437467e-03 2.292205015367951558e-09 2.909001595049404558e-10
1.555574227435000192e-03 2.291179259108173521e-09 2.908344195392002838e-10
1.577338636835210828e-03 2.290152649865823874e-09 2.907685421964805918e-10
1.599407557269469675e-03 2.289127988903553770e-09 2.907028830750003420e-10
1.621785249224165113e-03 2.288103881889937202e-09 2.906372654053157168e-10
1.644476032795153279e-03 2.287079391122213911e-09 2.905715694938050918e-10
1.667484288521787084e-03 2.286053725811992675e-09 2.905056956182388901e-10
1.690814458232588495e-03 2.285029648710659734e-09 2.904399945570985078e-10
1.714471045902752700e-03 2.284006230896616855e-09 2.903743480381174687e-10
1.738458618523676738e-03 2.282982079023809904e-09 2.903085789389182346e-10
1.762781806984609284e-03 2.281958860146198109e-09 2.902428997312168279e-10
1.787445306966680292e-03 2.280934781168616879e-09 2.901770819807795623e-10
1.812453879849412622e-03 2.279911949283686860e-09 2.901113936594438584e-10
1.837812353629917749e-03 2.278888509272880900e-09 2.900455985815628243e-10
1.863525623854970061e-03 2.277866098830310067e-09 2.899799056277197145e-10
1.889598654566103072e-03 2.276844011462345354e-09 2.899142245914190864e-10
1.916036479257936589e-03 2.275820858182126892e-09 2.898483786364906338e-10
1.942844201849914599e-03 2.274799634507323545e-09 2.897827492852076976e-10
1.970026997671627325e-03 2.273777959282956823e-09 2.897170332859950557e-10
1.997590114461939102e-03 2.272756049556660867e-09 2.896512584016049426e-10
2.025538873382076634e-03 2.271734800856955653e-09 2.895855384297139964e-10
2.053878670042900371e-03 2.270714007403507960e-09 2.895198470207523795e-10
2.082614975546548484e-03 2.269692737424720454e-09 2.894540664401001792e-10
2.111753337542646679e-03 2.268672239096179278e-09 2.893883544958775502e-10
2.141299381299312157e-03 2.267651397002992037e-09 2.893225695879982549e-10
2.171258810789129540e-03 2.266631310172299967e-09 2.892568517511775674e-10
2.201637409790312139e-03 2.265611500266844391e-09 2.891911400533790223e-10
2.232441043003307018e-03 2.264591764927184364e-09 2.891254087496467504e-10
2.263675657182966181e-03 2.263572951539204015e-09 2.890597660359513523e-10
2.295347282286613888e-03 2.262553019289889039e-09 2.889939509964436030e-10
2.327462032638142383e-03 2.261534463713895533e-09 2.889282825724968536e-10
2.360026108108396244e-03 2.260515702549538401e-09 2.888625585274902993e-10
2.393045795312106865e-03 2.259497421006037315e-09 2.887968668123770918e-10
2.426527468821510197e-03 2.258477754207694014e-09 2.887309685289963069e-10
2.460477592397012497e-03 2.257459763650035725e-09 2.886652554932390147e-10
2.494902720235028532e-03 2.256442862969663224e-09 2.885996523188153606e-10
2.529809498233287577e-03 2.255424131379882067e-09 2.885337857623478942e-10
2.565204665273872198e-03 2.254406265718102045e-09 2.884680007748508623e-10
2.601095054524152871e-03 2.253390304636219021e-09 2.884024303279084320e-10
2.637487594755981001e-03 2.252372857799655389e-09 2.883366400048276154e-10
2.674389311683304273e-03 2.251355815507730945e-09 2.882708724303085726e-10
2.711807329318497058e-03 2.250340201932483302e-09 2.882052583928131015e-10
2.749748871347706437e-03 2.249323137604830058e-09 2.881394293062537470e-10
2.788221262525372116e-03 2.248307756051571647e-09 2.880737865401286949e-10
2.827231930088328765e-03 2.247291375159808426e-09 2.880079862292458526e-10
2.866788405189650384e-03 2.246276100788932008e-09 2.879422986872737248e-10
2.906898324352554571e-03 2.245260696602191413e-09 2.878765647347017676e-10
2.947569430944695004e-03 2.244245148795692117e-09 2.878107832230676106e-10
2.988809576673004311e-03 2.243230032457947593e-09 2.877450276386245012e-10
3.030626723099528845e-03 2.242216162834595751e-09 2.876794023994757480e-10
3.073028943178424469e-03 2.241201698296352665e-09 2.876136718829049872e-10
3.116024422814459450e-03 2.240187354489153726e-09 2.875479272667944440e-10
3.159621462443365763e-03 2.239173200886075478e-09 2.874821776162123674e-10
3.203828478634226148e-03 2.238159273987385170e-09 2.874164278527305286e-10
3.248654005714359232e-03 2.237145907268037558e-09 2.873507204629099652e-10
3.294106697416887466e-03 2.236132358009913439e-09 2.872849602444262190e-10
3.340195328551361694e-03 2.235118707526030870e-09 2.872191575792626042e-10
3.386928796697805805e-03 2.234105891500358749e-09 2.871534330215931325e-10
3.434316123924380498e-03 2.233094246903421562e-09 2.870878292297486344e-10
3.482366458529164051e-03 2.232081461464705150e-09 2.870220492226974886e-10
3.531089076806251306e-03 2.231069144340072873e-09 2.869563004311052549e-10
3.580493384836565957e-03 2.230056849506339312e-09 2.868905248611345635e-10
3.630588920303759980e-03 2.229045256692370513e-09 2.868248098766619123e-10
3.681385354335485124e-03 2.228034600115759818e-09 2.867591863206015397e-10
3.732892493370442832e-03 2.227023747648128220e-09 2.866935079219961993e-10
3.785120281051556484e-03 2.226011736930353163e-09 2.866276509658244556e-10
3.838078800145614238e-03 2.225000551643586617e-09 2.865618711071370965e-10
3.891778274489806136e-03 2.223990768272197344e-09 2.864962417936148002e-10
3.946229070965459954e-03 2.222979671246859886e-09 2.864304139903949401e-10
4.001441701499406853e-03 2.221970117822847028e-09 2.863647556194571224e-10
4.057426825093355012e-03 2.220960194525131214e-09 2.862990199839863641e-10
4.114195249881629456e-03 2.219949618315453645e-09 2.862331708970562919e-10
4.171757935217749493e-03 2.218940626855876054e-09 2.861674962777528333e-10
4.230125993790159050e-03 2.217932188997244147e-09 2.861018635677649033e-10
4.289310693767553993e-03 2.216922317572258224e-09 2.860360163399482283e-10
4.349323460974293017e-03 2.215913676442728291e-09 2.859702986368009102e-10
4.410175881096130637e-03 2.214905379544451631e-09 2.859045954152360460e-10
4.471879701916931481e-03 2.213897307713392566e-09 2.858388922834560021e-10
4.534446835586596579e-03 2.212888037970040204e-09 2.857730045492614085e-10
4.597889360920737710e-03 2.211880833659707378e-09 2.857073539839498000e-10
4.662219525732582900e-03 2.210873310177681185e-09 2.856416324166461381e-10
4.727449749197397584e-03 2.209864934487314096e-09 2.855757712585776215e-10
4.793592624250106633e-03 2.208859132453826958e-09 2.855102133938318226e-10
4.860660920016380074e-03 2.207851175167792288e-09 2.854443470419775103e-10
4.928667584277768819e-03 2.206845138236586536e-09 2.853786995921543081e-10
4.997625745971305024e-03 2.205838692359646498e-09 2.853129694270054919e-10
5.067548717724120431e-03 2.204831389618954199e-09 2.852470990950637670e-10
5.138449998423475634e-03 2.203826165312155222e-09 2.851814677320063402e-10
5.210343275822779639e-03 2.202820775486848201e-09 2.851157851537590044e-10
5.283242429184061180e-03 2.201815132694163414e-09 2.850500406824575944e-10
5.357161531957394841e-03 2.200809284059345089e-09 2.849842396151689536e-10
5.432114854497861398e-03 2.199804359553912846e-09 2.849185289013936675e-10
5.508116866820470837e-03 2.198799261525169581e-09 2.848527657905790762e-10
5.585182241393659569e-03 2.197795072264941865e-09 2.847870906855592977e-10
5.663325855971870076e-03 2.196790432661810004e-09 2.847213275680025640e-10
5.742562796467729977e-03 2.195786499495853315e-09 2.846556266051013049e-10
5.822908359864482734e-03 2.194782511210243361e-09 2.845898886027822123e-10
5.904378057169098505e-03 2.193778493635396693e-09 2.845241171766659090e-10
5.986987616406745129e-03 2.192775289340095013e-09 2.844584213835266908e-10
6.070752985657119731e-03 2.191771265195116936e-09 2.843925897003584198e-10
6.155690336133314879e-03 2.190768697911791925e-09 2.843269171265862791e-10
6.241816065303711081e-03 2.189765215097226253e-09 2.842610964489765971e-10
6.329146800057574782e-03 2.188762759109399955e-09 2.841953788017167031e-10
6.417699399914942975e-03 2.187761369025158967e-09 2.841297699744385052e-10
6.507490960281393788e-03 2.186758963819397212e-09 2.840639999023657345e-10
6.598538815748414277e-03 2.185756740309592262e-09 2.839982233540347659e-10
6.690860543439881500e-03 2.184755139024788048e-09 2.839324979705950764e-10
6.784473966405399348e-03 2.183752692287619911e-09 2.838666332080170405e-10
6.879397157061106945e-03 2.182751938270941567e-09 2.838009583475542958e-10
6.975648440678602208e-03 2.181751003873106280e-09 2.837352302507619676e-10
7.073246398922741242e-03 2.180749763301154686e-09 2.836694328314839644e-10
7.172209873438868677e-03 2.179749385577929686e-09 2.836037177177594311e-10
7.272557969490278662e-03 2.178749731278973413e-09 2.835380668046030722e-10
7.374310059646558765e-03 2.177749720971186807e-09 2.834723400496403862e-10
7.477485787523507205e-03 2.176749864783301917e-09 2.834066032900274531e-10
7.582105071575450869e-03 2.175750384311804360e-09 2.833408859755139886e-10
7.688188108940548736e-03 2.174750043254464711e-09 2.832750262371457937e-10
7.795755379339924622e-03 2.173751335607261119e-09 2.832093499974365122e-10
7.904827649031368267e-03 2.172752302426890302e-09 2.831436010036248818e-10
8.015425974818300367e-03 2.171753149815988547e-09 2.830778070980737909e-10
8.127571708114915763e-03 2.170755110700136414e-09 2.830121279951561605e-10
8.241286499068124077e-03 2.169757817199961335e-09 2.829465164654964273e-10
8.356592300737200260e-03 2.168759465610292884e-09 2.828807372312418190e-10
8.473511373331877108e-03 2.167761639175246991e-09 2.828149965854034668e-10
8.592066288509801752e-03 2.166763340601742113e-09 2.827491645797103923e-10
8.712279933734053475e-03 2.165766167127381807e-09 2.826834493920258310e-10
8.834175516691657876e-03 2.164769352974359049e-09 2.826177510430074493e-10
8.957776569773923114e-03 2.163772107606450281e-09 2.825519665823151763e-10
9.083106954619415280e-03 2.162775197148603347e-09 2.824861959890426742e-10
9.210190866720603317e-03 2.161779161787082701e-09 2.824205096431121906e-10
9.339052840094837910e-03 2.160782821629580349e-09 2.823547537873000735e-10
9.469717752020746782e-03 2.159787269107043311e-09 2.822890709654989706e-10
9.602210827840901644e-03 2.158791374901551622e-09 2.822233134555669067e-10
9.736557645831611998e-03 2.157795689426831835e-09 2.821575532883914161e-10
9.872784142140975105e-03 2.156799811285355559e-09 2.820917379043412799e-10
1.001091661579590203e-02 2.155805581008898524e-09 2.820261079558624792e-10
1.015098173377924906e-02 2.154810284141254852e-09 2.819603088618455530e-10
1.029300653617799127e-02 2.153815761245472661e-09 2.818945811070061746e-10
1.043701844140336628e-02 2.152821918011152048e-09 2.818289118432875727e-10
1.058304525148416435e-02 2.151827482601034638e-09 2.817631355745413247e-10
1.073111515743396804e-02 2.150833164297673245e-09 2.816973448326791782e-10
1.088125674469355743e-02 2.149839579806008241e-09 2.816316198066619048e-10
1.103349899864938290e-02 2.148846069767702193e-09 2.815658742405152479e-10
1.118787131022937545e-02 2.147853207619117162e-09 2.815001843145997542e-10
1.134440348157692360e-02 2.146859919567268138e-09 2.814344079119865250e-10
1.150312573180430065e-02 2.145867013120857194e-09 2.813686517895244657e-10
1.166406870282658652e-02 2.144874344255616524e-09 2.813028966240009287e-10
1.182726346527715640e-02 2.143881511258728337e-09 2.812370901180001222e-10
1.199274152450604917e-02 2.142889940559681540e-09 2.811714191690985633e-10
1.216053482666214561e-02 2.141898528648868384e-09 2.811057386256531339e-10
1.233067576486050233e-02 2.140906122253157981e-09 2.810398981306626634e-10
1.250319718543597448e-02 2.139915654488388760e-09 2.809742813790410364e-10
1.267813239428427184e-02 2.138924390567610722e-09 2.809085303921291897e-10
1.285551516329185712e-02 2.137933979956065776e-09 2.808428613346155993e-10
1.303537973685568556e-02 2.136942478691731712e-09 2.807770191883260746e-10
1.321776083849422571e-02 2.135951615042776518e-09 2.807112304647472961e-10
1.340269367755097391e-02 2.134960848703600461e-09 2.806454244689068237e-10
1.359021395599168888e-02 2.133971640334373793e-09 2.805797930463839513e-10
1.378035787529688187e-02 2.132981990651198127e-09 2.805140737533501560e-10
1.397316214345057858e-02 2.131992136326149498e-09 2.804482972747522191e-10
1.416866398202694909e-02 2.131002721323986841e-09 2.803825485659220941e-10
1.436690113337608932e-02 2.130013889661881579e-09 2.803168463070552041e-10
1.456791186791025344e-02 2.129024806896214730e-09 2.802510809497904328e-10
1.477173499149219207e-02 2.128036790128533522e-09 2.801854258234268988e-10
1.497840985292670651e-02 2.127047408946754910e-09 2.801195608117282736e-10
1.518797635155710868e-02 2.126059295133775226e-09 2.800538327184271647e-10
1.540047494496787905e-02 2.125071424611474531e-09 2.799881061879486308e-10
1.561594665679524006e-02 2.124083363325899730e-09 2.799223247144759860e-10
1.583443308464686089e-02 2.123096162143278419e-09 2.798566261040146607e-10
1.605597640813244409e-02 2.122109216667107400e-09 2.797909310478594022e-10
1.628061939700667371e-02 2.121121896154052277e-09 2.797251564731530442e-10
1.650840541942600118e-02 2.120135360534834812e-09 2.796594551849388658e-10
1.673937845032113375e-02 2.119148350474617168e-09 2.795936611539992400e-10
1.697358307988649020e-02 2.118161503418704505e-09 2.795278582474901201e-10
1.721106452218850585e-02 2.117175381994519419e-09 2.794621211383038359e-10
1.745186862389441762e-02 2.116190255167778603e-09 2.793964848097573960e-10
1.769604187312303484e-02 2.115204415543328846e-09 2.793307243380191737e-10
1.794363140841956708e-02 2.114218740913455485e-09 2.792649551170078233e-10
1.819468502785581004e-02 2.113233428881958622e-09 2.791992040856712078e-10
1.844925119825776422e-02 2.112248609006496767e-09 2.791334874707973935e-10
1.870737906456235514e-02 2.111264031266622349e-09 2.790677724043357890e-10
1.896911845930496221e-02 2.110278809857718058e-09 2.790019421773041635e-10
1.923451991223988980e-02 2.109294669697173916e-09 2.789362246119368561e-10
1.950363466009524815e-02 2.108311286117618582e-09 2.788705769017515768e-10
1.977651465646440565e-02 2.107326921595744654e-09 2.788047692673338812e-10
2.005321258183585462e-02 2.106343247665769713e-09 2.787390221744193325e-10
2.033378185376327404e-02 2.105358916050804427e-09 2.786731583406373768e-10
2.061827663717812759e-02 2.104376975076926136e-09 2.786075802634325265e-10
2.090675185484629911e-02 2.103393668607743488e-09 2.785417911757934659e-10
2.119926319797119790e-02 2.102410684541438399e-09 2.784760146442659994e-10
2.149586713694505088e-02 2.101428097118757113e-09 2.784102602162766006e-10
2.179662093225085556e-02 2.100446444752900786e-09 2.783445989752067255e-10
2.210158264551663823e-02 2.099463649944406464e-09 2.782787562882796555e-10
2.241081115072448768e-02 2.098482472217817651e-09 2.782130977059703598e-10
2.272436614557641829e-02 2.097500641264832571e-09 2.781473218138643635e-10
2.304230816301913037e-02 2.096518487636848190e-09 2.780814730869216395e-10
2.336469858293028015e-02 2.095537545867413133e-09 2.780157544355421334e-10
2.369159964396796297e-02 2.094557335464944647e-09 2.779501025172632059e-10
2.402307445558617832e-02 2.093576361792673723e-09 2.778843190561762585e-10
2.435918701021833402e-02 2.092596043759420214e-09 2.778185923186137303e-10
2.470000219563114191e-02 2.091616056363241382e-09 2.777528787581367429e-10
2.504558580745158344e-02 2.090635424242314883e-09 2.776870493683325623e-10
2.539600456186889496e-02 2.089655455661426561e-09 2.776212776115484827e-10
2.575132610851440032e-02 2.088676560592999006e-09 2.775556180160264300e-10
2.611161904352155352e-02 2.087697006714837986e-09 2.774898406514227245e-10
2.647695292276856099e-02 2.086718112221674429e-09 2.774241201215282482e-10
2.684739827530656722e-02 2.085739141507876814e-09 2.773583592110507407e-10
2.722302661697543688e-02 2.084760559462508541e-09 2.772926197466189846e-10
2.760391046421019692e-02 2.083782058844303459e-09 2.772268603196065156e-10
2.799012334804051177e-02 2.082804104580802101e-09 2.771611433582085446e-10
2.838173982828626901e-02 2.081826251970287226e-09 2.770954091374264792e-10
2.877883550795151332e-02 2.080848116215478098e-09 2.770296070390235489e-10
2.918148704781993452e-02 2.079870842440431989e-09 2.769638893050148975e-10
2.958977218125451863e-02 2.078893154154030121e-09 2.768980853587373179e-10
3.000376972920415497e-02 2.077916461244557074e-09 2.768323839537399195e-10
3.042355961542048820e-02 2.076939851008075933e-09 2.767666627633106531e-10
3.084922288188736775e-02 2.075963364454100017e-09 2.767009275413197725e-10
3.128084170446634310e-02 2.074987216992711378e-09 2.766352072168902912e-10
3.171849940876103613e-02 2.074010495040635857e-09 2.765693797603294697e-10
3.216228048620332902e-02 2.073034912627944513e-09 2.765036736428466917e-10
3.261227061036493791e-02 2.072059033864668471e-09 2.764378972609146321e-10
3.306855665349690832e-02 2.071083564775705330e-09 2.763721452069328159e-10
3.353122670330061644e-02 2.070109306431280235e-09 2.763065240744232849e-10
3.400037007993347848e-02 2.069133435273349658e-09 2.762406571895800563e-10
3.447607735325240036e-02 2.068158996457321210e-09 2.761749508313918043e-10
3.495844036029882584e-02 2.067183905530714339e-09 2.761091267590565665e-10
3.544755222302806846e-02 2.066209818477269336e-09 2.760434062969826286e-10
3.594350736628689619e-02 2.065236126301175576e-09 2.759777079600837354e-10
3.644640153604264410e-02 2.064262221297977105e-09 2.759119507612581773e-10
3.695633181786713017e-02 2.063287782527952307e-09 2.758460912632790599e-10
3.747339665567966244e-02 2.062315504635023204e-09 2.757804902509186359e-10
3.799769587075180893e-02 2.061342761640272818e-09 2.757147962481534856e-10
3.852933068097837144e-02 2.060368927063530311e-09 2.756489260713678893e-10
3.906840372041768539e-02 2.059396796386745171e-09 2.755832528241559069e-10
3.961501905910576327e-02 2.058423858758575031e-09 2.755174409458572662e-10
4.016928222314721658e-02 2.057451815430287860e-09 2.754517181732977367e-10
4.073130021508752224e-02 2.056479234422263477e-09 2.753858927600283314e-10
4.130118153457029706e-02 2.055508036523690782e-09 2.753202214699347773e-10
4.187903619928336901e-02 2.054536376745436605e-09 2.752544582732076049e-10
4.246497576619834985e-02 2.053565216703932357e-09 2.751887309224063544e-10
4.305911335310699112e-02 2.052593610781476397e-09 2.751229133416748074e-10
4.366156366045896575e-02 2.051622803042245862e-09 2.750571721075722284e-10
4.427244299350532181e-02 2.050652700827205199e-09 2.749914943834487187e-10
4.489186928475141086e-02 2.049682126256123963e-09 2.749257229611111315e-10
4.551996211672450221e-02 2.048711783268791671e-09 2.748599518716248707e-10
4.615684274505941348e-02 2.047741730328570466e-09 2.747941888554943353e-10
4.680263412190743127e-02 2.046773052392829711e-09 2.747285795037039096e-10
4.745746091967271291e-02 2.045803442738026690e-09 2.746628145350353552e-10
4.812144955508056154e-02 2.044833533583814668e-09 2.745969784880015233e-10
4.879472821358291773e-02 2.043863707448298973e-09 2.745311230390399681e-10
4.947742687410487672e-02 2.042895161264812505e-09 2.744654085320969268e-10
5.016967733413759539e-02 2.041926543909508374e-09 2.743996537007945789e-10
5.087161323518238354e-02 2.040958588011840458e-09 2.743339571565998181e-10
5.158337008855045508e-02 2.039991058819554402e-09 2.742682869726433534e-10
5.230508530152419566e-02 2.039022413608934873e-09 2.742024362046413602e-10
5.303689820388394344e-02 2.038055157850218633e-09 2.741367411459549807e-10
5.377895007480622963e-02 2.037087648174556027e-09 2.740709813817200528e-10
5.453138417013800310e-02 2.036120329510759289e-09 2.740052161341230422e-10
5.529434575005306995e-02 2.035152772998898314e-09 2.739393884346389204e-10
5.606798210709482838e-02 2.034187138846452032e-09 2.738737884821894245e-10
5.685244259461174482e-02 2.033219925584718375e-09 2.738079453091766469e-10
5.764787865559058838e-02 2.032254018793868104e-09 2.737422473615588244e-10
5.845444385189284969e-02 2.031287758441007191e-09 2.736764702510581271e-10
5.927229389390075570e-02 2.030321953588411940e-09 2.736107243125888428e-10
6.010158667057750870e-02 2.029356412709755637e-09 2.735449825833815475e-10
6.094248227994839007e-02 2.028391471040097725e-09 2.734792909761510450e-10
6.179514306000834234e-02 2.027425359213445854e-09 2.734134108906100432e-10
6.265973362006165004e-02 2.026461655240903615e-09 2.733478241715573906e-10
6.353642087250074844e-02 2.025495914682560947e-09 2.732819324204977451e-10
6.442537406502904518e-02 2.024531873899489564e-09 2.732162388779224311e-10
6.532676481333488105e-02 2.023567113069856700e-09 2.731504170022644165e-10
6.624076713422259732e-02 2.022603539606900277e-09 2.730847248147762786e-10
6.716755747920687136e-02 2.021640304139962609e-09 2.730190473540555620e-10
6.810731476857775912e-02 2.020676671356042207e-09 2.729532849920283841e-10
6.906022042594162080e-02 2.019712721150676853e-09 2.728874487906801832e-10
7.002645841324575682e-02 2.018749381362561282e-09 2.728216644807776109e-10
7.100621526629266600e-02 2.017786766062462502e-09 2.727559466604258827e-10
7.199968013075189188e-02 2.016824548326081199e-09 2.726902521181151173e-10
7.300704479867498042e-02 2.015862338062520273e-09 2.726245274283671323e-10
7.402850374552177870e-02 2.014899751181911294e-09 2.725587207843769866e-10
7.506425416770462489e-02 2.013938057138898292e-09 2.724930040062105331e-10
7.611449602065763209e-02 2.012976568874968227e-09 2.724272839584046209e-10
7.717943205743919843e-02 2.012014088560613694e-09 2.723613987584208843e-10
7.825926786787397449e-02 2.011053093120122697e-09 2.722956833114765157e-10
7.935421191824279519e-02 2.010092487352901025e-09 2.722299898517422544e-10
8.046447559152795914e-02 2.009131435853172231e-09 2.721642048976831198e-10
8.159027322822114126e-02 2.008171834725305013e-09 2.720985853701003292e-10
8.273182216770312569e-02 2.007210843419260827e-09 2.720327465423926789e-10
8.388934279020161811e-02 2.006250674869771975e-09 2.719669881813088769e-10
8.506305855933660176e-02 2.005290465205932107e-09 2.719011932800526171e-10
8.625319606526082872e-02 2.004331823807672922e-09 2.718355797109377763e-10
8.745998506840357845e-02 2.003372086417445492e-09 2.717697864848115924e-10
8.868365854382727342e-02 2.002412811679845648e-09 2.717040253620544658e-10
8.992445272620379348e-02 2.001453523624623880e-09 2.716382310656331869e-10
9.118260715542059192e-02 2.000493942521020026e-09 2.715723657222241243e-10
9.245836472282480123e-02 1.999535733788813639e-09 2.715066553827209753e-10
9.375197171811393282e-02 1.998577427254606434e-09 2.714409014367844685e-10
9.506367787688359272e-02 1.997619403726066698e-09 2.713751543932253570e-10
9.639373642883948545e-02 1.996661855644301424e-09 2.713094405319438814e-10
9.774240414668447507e-02 1.995704345089308896e-09 2.712437009942035537e-10
9.910994139568922445e-02 1.994746900942764428e-09 2.711779392457639616e-10
1.004966121839571125e-01 1.993789897790058747e-09 2.711122063718918231e-10
1.019026842133917005e-01 1.992832492537038379e-09 2.710463876545266401e-10
1.033284289313776277e-01 1.991875881089272171e-09 2.709806456312988232e-10
1.047741215831845818e-01 1.990920202955868758e-09 2.709149994281403568e-10
1.062400412651040987e-01 1.989963383724828817e-09 2.708491667803815224e-10
1.077264709783306573e-01 1.989007471628975921e-09 2.707834264948624764e-10
1.092336976835957402e-01 1.988051718846360757e-09 2.707176767456168295e-10
1.107620123565667414e-01 1.987095979852104009e-09 2.706518975614349792e-10
1.123117100440210320e-01 1.986140434271968878e-09 2.705861135793779464e-10
1.138830899208053415e-01 1.985185804953544372e-09 2.705204232822153151e-10
1.154764553475932376e-01 1.984230612414684872e-09 2.704546249962708192e-10
1.170921139294496260e-01 1.983275669938820218e-09 2.703888294605568449e-10
1.187303775752150958e-01 1.982322058929727870e-09 2.703231843978012180e-10
1.203915625577212101e-01 1.981367494369117889e-09 2.702573780154038908e-10
1.220759895748476653e-01 1.980413707621437157e-09 2.701916463870058134e-10
1.237839838114349056e-01 1.979460233119977307e-09 2.701259261876380274e-10
1.255158750020617942e-01 1.978506325021218105e-09 2.700601155464507033e-10
1.272719974947022215e-01 1.977553014919430902e-09 2.699943550071486788e-10
1.290526903152722504e-01 1.976600237822848440e-09 2.699286362956384155e-10
1.308582972330799288e-01 1.975646676117444981e-09 2.698627790430416395e-10
1.326891668271919233e-01 1.974694558239484182e-09 2.697970878433800338e-10
1.345456525537274961e-01 1.973742075221660095e-09 2.697313153027395466e-10
1.364281128140946986e-01 1.972789712950275642e-09 2.696655278991011951e-10
1.383369110241807198e-01 1.971838300624930778e-09 2.695998389941657876e-10
1.402724156845112924e-01 1.970886535680472662e-09 2.695340706995504528e-10
1.422350004513906196e-01 1.969935124049332510e-09 2.694683192485166634e-10
1.442250442090372287e-01 1.968984370423498054e-09 2.694026266922492813e-10
1.462429311427291267e-01 1.968032562729213471e-09 2.693367584378083193e-10
1.482890508129715845e-01 1.967082687648275457e-09 2.692711232882821628e-10
1.503637982307040322e-01 1.966131911577763206e-09 2.692053337741946352e-10
1.524675739335579205e-01 1.965181468016195654e-09 2.691395578373217792e-10
1.546007840631820618e-01 1.964231699914324016e-09 2.690738437540899091e-10
1.567638404436499378e-01 1.963281797997568227e-09 2.690080796335169706e-10
1.589571606609632148e-01 1.962331863473834523e-09 2.689422794627277116e-10
1.611811681436691734e-01 1.961382573519807544e-09 2.688765363075185810e-10
1.634362922446046529e-01 1.960433257383539697e-09 2.688107582639243934e-10
1.657229683237841922e-01 1.959484443211848298e-09 2.687450174665205485e-10
1.680416378324481042e-01 1.958536285557466003e-09 2.686793354408243301e-10
1.703927483982856927e-01 1.957586694753428957e-09 2.686134254391771965e-10
1.727767539118522655e-01 1.956638411364998689e-09 2.685476631580489546e-10
1.751941146141938466e-01 1.955690501120436871e-09 2.684819207539291777e-10
1.776452971856986585e-01 1.954742880538761987e-09 2.684161867678061545e-10
1.801307748361908601e-01 1.953795292586495675e-09 2.683504257404561949e-10
1.826510273962864139e-01 1.952848019407399333e-09 2.682846763389209849e-10
1.852065414100255714e-01 1.951901586756647670e-09 2.682190110489746337e-10
1.877978102288020146e-01 1.950953983838812994e-09 2.681531538381560104e-10
1.904253341066064753e-01 1.950007597885131643e-09 2.680874317940843652e-10
1.930896202966018438e-01 1.949061316643898273e-09 2.680216931189227070e-10
1.957911831490513066e-01 1.948114767048164788e-09 2.679558858055194349e-10
1.985305442106148621e-01 1.947169490111645405e-09 2.678902219895838613e-10
2.013082323250360572e-01 1.946222631892386434e-09 2.678243089938695432e-10
2.041247837352373196e-01 1.945277831780585449e-09 2.677586476994972868e-10
2.069807421868429254e-01 1.944333065648805266e-09 2.676929598863122300e-10
2.098766590331522242e-01 1.943387866859470738e-09 2.676271808800606001e-10
2.128130933415796344e-01 1.942443217996518964e-09 2.675614459588905962e-10
2.157906120015849472e-01 1.941498010736679187e-09 2.674956026056056948e-10
2.188097898341135050e-01 1.940553724915645189e-09 2.674298546625292847e-10
2.218712097025667684e-01 1.939610317328875670e-09 2.673641962402930859e-10
2.249754626253274714e-01 1.938665596401464203e-09 2.672983251970066916e-10
2.281231478898569920e-01 1.937721978536878729e-09 2.672325742768512672e-10
2.313148731683903614e-01 1.936778759054754930e-09 2.671668471901855367e-10
2.345512546352496730e-01 1.935835451493210729e-09 2.671010760451554419e-10
2.378329170857980679e-01 1.934893207499800850e-09 2.670354202423076279e-10
2.411604940570599986e-01 1.933950414149627532e-09 2.669696568868800130e-10
2.445346279500270892e-01 1.933007051306502845e-09 2.669037832915305496e-10
2.479559701536764305e-01 1.932064670571061057e-09 2.668380135606306973e-10
2.514251811707226558e-01 1.931122184047955606e-09 2.667721978196731165e-10
2.549429307451318016e-01 1.930181695817313847e-09 2.667066262747805136e-10
2.585098979914171036e-01 1.929239258830110044e-09 2.666407541203696993e-10
2.621267715257445396e-01 1.928297943289848231e-09 2.665750049631387678e-10
2.657942495988731002e-01 1.927356647073671585e-09 2.665092268665820668e-10
2.695130402309536821e-01 1.926416229184295702e-09 2.664435385894642848e-10
2.732838613482163614e-01 1.925474919991305057e-09 2.663776952578953043e-10
2.771074409215678602e-01 1.924535091314863452e-09 2.663120252436144179e-10
2.809845171071292391e-01 1.923594324687454878e-09 2.662461937800768168e-10
2.849158383887397394e-01 1.922654224660873605e-09 2.661804226226590720e-10
2.889021637224535310e-01 1.921714843364917407e-09 2.661147195113989493e-10
2.929442626830602858e-01 1.920774564008340048e-09 2.660488597945294370e-10
2.970429156126537240e-01 1.919835600733610876e-09 2.659831509106297638e-10
3.011989137712794973e-01 1.918896916583756883e-09 2.659174491190352373e-10
3.054130594896912188e-01 1.917958395938234829e-09 2.658517378922002974e-10
3.096861663242423401e-01 1.917019155310730111e-09 2.657858953690090802e-10
3.140190592139476822e-01 1.916081406596294199e-09 2.657202281107705898e-10
3.184125746397401535e-01 1.915142795996367387e-09 2.656544092913114152e-10
3.228675607859563534e-01 1.914204686944699502e-09 2.655886282688623082e-10
3.273848777040824221e-01 1.913267308542785033e-09 2.655229169954710585e-10
3.319653974787883932e-01 1.912329416374691596e-09 2.654571025237435455e-10
3.366100043962897970e-01 1.911392925696524597e-09 2.653914511028863190e-10
3.413195951150606589e-01 1.910455639216303500e-09 2.653256567208941880e-10
3.460950788389376420e-01 1.909518126793784234e-09 2.652597995503876949e-10
3.509373774926436429e-01 1.908581546358894167e-09 2.651940404176020773e-10
3.558474258997709749e-01 1.907645564938370202e-09 2.651283321705340235e-10
3.608261719632511189e-01 1.906710095336110815e-09 2.650626628542986034e-10
3.658745768483510630e-01 1.905773138239936316e-09 2.649967555859311479e-10
3.709936151682303729e-01 1.904837872728978891e-09 2.649310515628540161e-10
3.761842751720920752e-01 1.903902837731366436e-09 2.648653474298441674e-10
3.814475589359704877e-01 1.902966809616667704e-09 2.647994734757897959e-10
3.867844825561837507e-01 1.902032425604523697e-09 2.647337960807809792e-10
3.921960763454955812e-01 1.901097205301260253e-09 2.646679708258628427e-10
3.976833850320213304e-01 1.900163589513563463e-09 2.646023367947858421e-10
4.032474679609148738e-01 1.899228943733008718e-09 2.645365272973379974e-10
4.088893992988816839e-01 1.898293955358493467e-09 2.644706391034691078e-10
4.146102682415488960e-01 1.897360782417350463e-09 2.644049704738486036e-10
4.204111792237389955e-01 1.896426815726196143e-09 2.643391603674680804e-10
4.262932521326854851e-01 1.895494029044183289e-09 2.642734824931199894e-10
4.322576225242295567e-01 1.894561238676562163e-09 2.642077724683491890e-10
4.383054418420457288e-01 1.893627378239043853e-09 2.641418809355634303e-10
4.444378776399307562e-01 1.892695039625736879e-09 2.640761694795504503e-10
4.506561138072051609e-01 1.891762445305901031e-09 2.640103907189128359e-10
4.569613507972651867e-01 1.890830333501342412e-09 2.639446473496974501e-10
4.633548058593379149e-01 1.889897888075500372e-09 2.638788253478585131e-10
4.698377132734737893e-01 1.888967168528364988e-09 2.638132122036453633e-10
4.764113245888291770e-01 1.888034627566379931e-09 2.637473126795414809e-10
4.830769088652832610e-01 1.887103461745526387e-09 2.636815734118711771e-10
4.898357529184321213e-01 1.886172257551524344e-09 2.636157971364505122e-10
4.966891615680188443e-01 1.885242092282271547e-09 2.635501331339735612e-10
5.036384578898270847e-01 1.884310178930681345e-09 2.634841934531538780e-10
5.106849834711087999e-01 1.883381539468405761e-09 2.634186790837102902e-10
5.178300986695858477e-01 1.882450048485892483e-09 2.633527342053424837e-10
5.250751828760645834e-01 1.881520758390218026e-09 2.632870650989113965e-10
5.324216347807408933e-01 1.880590706316045341e-09 2.632212569537927009e-10
5.398708726432148719e-01 1.879660918323966295e-09 2.631554539333992672e-10
5.474243345662944682e-01 1.878732145490094717e-09 2.630897610782060791e-10
5.550834787736296239e-01 1.877803273433651287e-09 2.630240222348627309e-10
5.628497838912203122e-01 1.876874505171530853e-09 2.629582657885116404e-10
5.707247492328793026e-01 1.875945053955244329e-09 2.628923811074828738e-10
5.787098950896726324e-01 1.875017048464056188e-09 2.628266677079280843e-10
5.868067630234202747e-01 1.874089186609932193e-09 2.627609419271553411e-10
5.950169161643045213e-01 1.873161798780801876e-09 2.626952501807195957e-10
6.033419395126294882e-01 1.872233670496801644e-09 2.626294228145012176e-10
6.117834402448204534e-01 1.871306543180668808e-09 2.625637041282809158e-10
6.203430480236874489e-01 1.870377974985703923e-09 2.624977506462399507e-10
6.290224153130404838e-01 1.869452389050324783e-09 2.624321835142824000e-10
6.378232176967084666e-01 1.868525078698265003e-09 2.623663420896524352e-10
6.467471542020070130e-01 1.867598713311463194e-09 2.623006015177489854e-10
6.557959476277529509e-01 1.866672710558825026e-09 2.622348792616594204e-10
6.649713448768475033e-01 1.865746072446574599e-09 2.621690358117724379e-10
6.742751172935264048e-01 1.864820527723493759e-09 2.621033137992746386e-10
6.837090610053282447e-01 1.863895646590194015e-09 2.620376526187301893e-10
6.932749972698342145e-01 1.862969403593801195e-09 2.619717684403644502e-10
7.029747728262797368e-01 1.862044908480696759e-09 2.619060968154510867e-10
7.128102602520640652e-01 1.861120100712166640e-09 2.618403493911645208e-10
7.227833583242631033e-01 1.860193884972397399e-09 2.617743720216392854e-10
7.328959923861987358e-01 1.859270626809718487e-09 2.617087784056512586e-10
7.431501147191257317e-01 1.858346396856864828e-09 2.616430158887705967e-10
7.535477049191304788e-01 1.857421771659771409e-09 2.615771655340784955e-10
7.640907702793042766e-01 1.856498249972657349e-09 2.615114376040865175e-10
7.747813461772478094e-01 1.855575282771680382e-09 2.614457561234513994e-10
7.856214964680204860e-01 1.854651544240606588e-09 2.613799335486413060e-10
7.966133138825646220e-01 1.853728876766627440e-09 2.613142295537180936e-10
8.077589204317194849e-01 1.852805263691382730e-09 2.612483602115971298e-10
8.190604678158881491e-01 1.851883074439257124e-09 2.611826592391490691e-10
8.305201378404195589e-01 1.850959354662556330e-09 2.611167098030698025e-10
8.421401428368275877e-01 1.850037717131712277e-09 2.610510218451601917e-10
8.539227260898780703e-01 1.849115710185047373e-09 2.609852495061146316e-10
8.658701622706680423e-01 1.848194250549676525e-09 2.609195222535198306e-10
8.779847578757646875e-01 1.847273127865215022e-09 2.608538100482438083e-10
8.902688516724707180e-01 1.846351597963595102e-09 2.607880076319007230e-10
9.027248151503465268e-01 1.845428565962961921e-09 2.607219611684442101e-10
9.153550529790216439e-01 1.844509916490515778e-09 2.606565014158834295e-10
9.281620034724312740e-01 1.843588513871606264e-09 2.605906202419085026e-10
9.411481390595469732e-01 1.842668667175171463e-09 2.605249262260686771e-10
9.543159667616752939e-01 1.841748507704396530e-09 2.604591558265353678e-10
9.676680286764621775e-01 1.840828849755862798e-09 2.603934241936581591e-10
9.812069024686415064e-01 1.839910106413984463e-09 2.603277892786133561e-10
9.949352018676679288e-01 1.838989718716246780e-09 2.602618897955280679e-10
1.008855577172313334e+00 1.838070082064701939e-09 2.601960638204446732e-10
1.022970715762302918e+00 1.837151381750451648e-09 2.601303376210147289e-10
1.037283342617139059e+00 1.836233000297541521e-09 2.600646241211441276e-10
1.051796220842155627e+00 1.835313654586210747e-09 2.599987424477377611e-10
1.066512152201950725e+00 1.834397043383077965e-09 2.599332144661096658e-10
1.081433977661284462e+00 1.833478499558330115e-09 2.598673807900712382e-10
1.096564577933522910e+00 1.832560845451768278e-09 2.598016410287122996e-10
1.111906874036787229e+00 1.831642701373362105e-09 2.597357995510998139e-10
1.127463827857852152e+00 1.830725537433186936e-09 2.596700635954068126e-10
1.143238442723955473e+00 1.829807140160612615e-09 2.596041212055369158e-10
1.159233763982608245e+00 1.828890155536225257e-09 2.595383464455547151e-10
1.175452879589494515e+00 1.827973976679926350e-09 2.594726523498491021e-10
1.191898920704630660e+00 1.827057959687174465e-09 2.594069496919831651e-10
1.208575062296831870e+00 1.826141722831138426e-09 2.593411829866479324e-10
1.225484523756656952e+00 1.825225914569677292e-09 2.592754447953751969e-10
1.242630569517932937e+00 1.824311409836304632e-09 2.592098593155256457e-10
1.260016509687947428e+00 1.823394975122499846e-09 2.591439680092797897e-10
1.277645700686496966e+00 1.822479670129812634e-09 2.590782026798885235e-10
1.295521545893839832e+00 1.821563345763879143e-09 2.590122619592052548e-10
1.313647496307736917e+00 1.820649331499707017e-09 2.589466148949629376e-10
1.332027051209689006e+00 1.819735506071744728e-09 2.588809635926067785e-10
1.350663758840469297e+00 1.818819718304549535e-09 2.588150002092482608e-10
1.369561217085132565e+00 1.817905740377066796e-09 2.587492614219940136e-10
1.388723074167607985e+00 1.816992807789754642e-09 2.586836391797896893e-10
1.408153029354983543e+00 1.816077824777196346e-09 2.586176922913280163e-10
1.427854833671685197e+00 1.815165014037677588e-09 2.585520219949497965e-10
1.447832290623606077e+00 1.814251184727221498e-09 2.584861748745714237e-10
1.468089256932395781e+00 1.813332900927340063e-09 2.584196590988557489e-10
1.488629643280023673e+00 1.812424937597162863e-09 2.583545820980945866e-10
1.509457415063729879e+00 1.811511228666638601e-09 2.582886532496566137e-10
1.530576593161583343e+00 1.810598918330227035e-09 2.582228907296630127e-10
1.551991254708706691e+00 1.809689335447366798e-09 2.581574847340593449e-10
1.573705533884390384e+00 1.808775606465037986e-09 2.580914551695063718e-10
1.595723622710221168e+00 1.807866150445283004e-09 2.580260023668767212e-10
1.618049771859345398e+00 1.806953496842968752e-09 2.579600600749735983e-10
1.640688291477102156e+00 1.806043348392727823e-09 2.578944439307686345e-10
1.663643552013090998e+00 1.805128515923136927e-09 2.578281252932533631e-10
1.686919985064911476e+00 1.804218957208468009e-09 2.577625271439353349e-10
1.710522084233711215e+00 1.803311874442939382e-09 2.576972497278187543e-10
1.734454405991667558e+00 1.802397845785580786e-09 2.576309475929019478e-10
1.758721570561658565e+00 1.801489436745708038e-09 2.575654153180423297e-10
1.783328262809190656e+00 1.800580010098259589e-09 2.574997054545712834e-10
1.808279233146838472e+00 1.799672180129223440e-09 2.574341906769919734e-10
1.833579298451341044e+00 1.798758337167485582e-09 2.573677834734954810e-10
1.859233342993492410e+00 1.797852581522461968e-09 2.573025001757521002e-10
1.885246319381096880e+00 1.796926432878992751e-09 2.572342614342536890e-10
1.911623249515062462e+00 1.796016025853857128e-09 2.571682452038079879e-10
1.938369225558908449e+00 1.795109686750563737e-09 2.571027816685636044e-10
1.965489410921838154e+00 1.794202666665710608e-09 2.570371852926767622e-10
1.992989041255526450e+00 1.793311334741125075e-09 2.569738084049693976e-10
2.020873425464913886e+00 1.792388350145211290e-09 2.569058536846048655e-10
2.049147946733081760e+00 1.791477419130708435e-09 2.568396024247573268e-10
2.077818063560506801e+00 1.790572941473582368e-09 2.567742397087579271e-10
2.106889310818859773e+00 1.789661108742405037e-09 2.567077866366728391e-10
2.136367300819499881e+00 1.788774006018026660e-09 2.566448570208830124e-10
2.166257724396989826e+00 1.787853389128656824e-09 2.565770771908411593e-10
2.196566352007699230e+00 1.786942159833638614e-09 2.565106152746839091e-10
2.227299034843828185e+00 1.786036749057804850e-09 2.564449539034699859e-10
2.258461705963011656e+00 1.785150309241669888e-09 2.563819893284036041e-10
2.290060381433690395e+00 1.784226010874012642e-09 2.563135485181923331e-10
2.322101161496567645e+00 1.783319077262849878e-09 2.562475711471953366e-10
2.354590231742254680e+00 1.782415265903978370e-09 2.561820090186658514e-10
2.387533864305432463e+00 1.781507801369413536e-09 2.561158892275544285e-10
2.420938419075726600e+00 1.780623030746733424e-09 2.560529997592071909e-10
2.454810344925478116e+00 1.779699904465113642e-09 2.559845586684617511e-10
2.489156180954736453e+00 1.778795407917371725e-09 2.559187683559553013e-10
2.523982557753671419e+00 1.777897980430816890e-09 2.558539581945340335e-10
2.559296198682599055e+00 1.777006660516957131e-09 2.557899995718552469e-10
2.595103921169990890e+00 1.776085528996040300e-09 2.557217111309512559e-10
2.631412638028566953e+00 1.775181105558636143e-09 2.556557986971473453e-10
2.668229358789856676e+00 1.774282843712492710e-09 2.555907394924065434e-10
2.705561191057430648e+00 1.773372769339204681e-09 2.555239394678195362e-10
2.743415341879010150e+00 1.772471919150354044e-09 2.554584483766359073e-10
2.781799119137860821e+00 1.771569396488719970e-09 2.553926756267316498e-10
2.820719932963565491e+00 1.770665747564170993e-09 2.553267079457042506e-10
2.860185297162594065e+00 1.769764184868001028e-09 2.552610083642557225e-10
2.900202830668889398e+00 1.768861661026247606e-09 2.551951351200737423e-10
2.940780259014690312e+00 1.767960828784853213e-09 2.551294740515647031e-10
2.981925415822019865e+00 1.767059117763929701e-09 2.550636557456188391e-10
3.023646244314953435e+00 1.766158152364236521e-09 2.549979091745990604e-10
3.065950798853107173e+00 1.765277827345864011e-09 2.549351131620749939e-10
3.108847246486578175e+00 1.764360813968313567e-09 2.548669799245358565e-10
3.152343868532579751e+00 1.763463218490308840e-09 2.548016228882686319e-10
3.196449062174233635e+00 1.762574115098615514e-09 2.547374590088820109e-10
3.241171342081629714e+00 1.761674617671545390e-09 2.546717626801235971e-10
3.286519342055634230e+00 1.760757302376360234e-09 2.546034525892902222e-10
3.332501816694697361e+00 1.759862021464139115e-09 2.545382982201968431e-10
3.379127643084913313e+00 1.758959541554184185e-09 2.544720667407749202e-10
3.426405822513828969e+00 1.758059396610523672e-09 2.544061425994047076e-10
3.474345482208128111e+00 1.757161894958429649e-09 2.543405649903495493e-10
3.522955877095696131e+00 1.756261319681449416e-09 2.542745102053341684e-10
3.572246391592339254e+00 1.755360465302348709e-09 2.542083806366675942e-10
3.622226541413430478e+00 1.754464549913191284e-09 2.541429385553654868e-10
3.672905975411012047e+00 1.753586907504291482e-09 2.540801083280703782e-10
3.724294477436490336e+00 1.752686889494840050e-09 2.540139999135436695e-10
3.776401968229465833e+00 1.751790654974132127e-09 2.539484099259142784e-10
3.829238507332992647e+00 1.750875527356144645e-09 2.538800463208442768e-10
3.882814295035554419e+00 1.749996268397601936e-09 2.538168523552953997e-10
3.937139674340333073e+00 1.749086861784824645e-09 2.537492367271230631e-10
3.992225132961905398e+00 1.748203971792193633e-09 2.536854623046893510e-10
4.048081305350960335e+00 1.747307431020698033e-09 2.536196607553719615e-10
4.104718974747343374e+00 1.746411945641581394e-09 2.535539819894156593e-10
4.162149075261742937e+00 1.745497575722180862e-09 2.534855157778048552e-10
4.220382693986626244e+00 1.744619923715961844e-09 2.534223641818416829e-10
4.279431073136586328e+00 1.743725156558941973e-09 2.533566876077701263e-10
4.339305612218718800e+00 1.742808177036475592e-09 2.532877483429463200e-10
4.400017870233360107e+00 1.741934075416199500e-09 2.532250093059957916e-10
4.461579567905539001e+00 1.741039064228203564e-09 2.531591966143585787e-10
4.524002589947776265e+00 1.740145859262197077e-09 2.530936136992995627e-10
4.587298987354405888e+00 1.739250580333957282e-09 2.530276966268467405e-10
4.651480979728093601e+00 1.738337322736336493e-09 2.529591279441016016e-10
4.716560957638903595e+00 1.737463747561077476e-09 2.528963015502082617e-10
4.782551485016288240e+00 1.736568128525164342e-09 2.528302349896854269e-10
4.849465301574626963e+00 1.735675655995483668e-09 2.527645921620477090e-10
4.917315325272705984e+00 1.734765748995715972e-09 2.526963677551424808e-10
4.986114654807510149e+00 1.733892456824127403e-09 2.526334613389125815e-10
5.055876572143053416e+00 1.732998604835086037e-09 2.525675164559282800e-10
5.126614545074437146e+00 1.732105359311901678e-09 2.525016271648079784e-10
5.198342229827892957e+00 1.731214041552985967e-09 2.524359855573493968e-10
5.271073473697195588e+00 1.730321817726080205e-09 2.523701789272681897e-10
5.344822317716864113e+00 1.729427967701467269e-09 2.523041036108206607e-10
5.419602999372914454e+00 1.728537613011962319e-09 2.522384992243355623e-10
5.495429955351387896e+00 1.727646943901718245e-09 2.521728209179359414e-10
5.572317824325437208e+00 1.726756407494576294e-09 2.521071258794473996e-10
5.650281449781412668e+00 1.725864644122931904e-09 2.520412207481696609e-10
5.729335882884367237e+00 1.724976636078219770e-09 2.519758266256706778e-10
5.809496385383836170e+00 1.724084605447696044e-09 2.519098135896744415e-10
5.890778432560090927e+00 1.723194463469624317e-09 2.518440428996044887e-10
5.973197716211733344e+00 1.722302803624806775e-09 2.517780198213853938e-10
6.056770147685092809e+00 1.721415101878800478e-09 2.517125423402406693e-10
6.141511860945883861e+00 1.720526208613918392e-09 2.516468489876294510e-10
6.227439215694027475e+00 1.719637595940423300e-09 2.515811666452710199e-10
6.314568800521861647e+00 1.718748359370115218e-09 2.515153604537872882e-10
6.402917436116672967e+00 1.717860499991709639e-09 2.514497237132452945e-10
6.492502178508025246e+00 1.716967783354125104e-09 2.513833431239991685e-10
6.583340322360399455e+00 1.716081117948297768e-09 2.513178067443500074e-10
6.675449404312102430e+00 1.715194512033439467e-09 2.512522552606517983e-10
6.768847206360678825e+00 1.714305554585139141e-09 2.511863189417955285e-10
6.863551759295835275e+00 1.713419775521134533e-09 2.511208367944526420e-10
6.959581346180395478e+00 1.712534297996023657e-09 2.510553339043320302e-10
7.056954505879806661e+00 1.711646942405094007e-09 2.509895351576595136e-10
7.155690036641257912e+00 1.710756646339417211e-09 2.509232675156870929e-10
7.255806999722646644e+00 1.709870846248985599e-09 2.508576129644158132e-10
7.357324723072465211e+00 1.708983803256949214e-09 2.507917750629043628e-10
7.460262805061183222e+00 1.708097867618272960e-09 2.507260580621275282e-10
7.564641118264676223e+00 1.707208707442039065e-09 2.506598231314963832e-10
7.670479813300820737e+00 1.706325413982494214e-09 2.505944116904821962e-10
7.777799322719541664e+00 1.705440649909482925e-09 2.505287663978782544e-10
7.886620364947433792e+00 1.704556826725608955e-09 2.504632200215777861e-10
7.996963948287578283e+00 1.703669344390181410e-09 2.503970955852871191e-10
8.108851374975163395e+00 1.702784461237191297e-09 2.503313233797416339e-10
8.222304245290086300e+00 1.701898876329785830e-09 2.502654196699869611e-10
8.337344461726857503e+00 1.701019080511596548e-09 2.502003261012388098e-10
8.453994233222996257e+00 1.700130278709635889e-09 2.501338770942108848e-10
8.572276079446611519e+00 1.699249892624044818e-09 2.500686291869526920e-10
8.692212835143795502e+00 1.698366418888528345e-09 2.500028948865675207e-10
8.813827654547013779e+00 1.697486381922136859e-09 2.499376377885316497e-10
8.937144015845159828e+00 1.696596197829115294e-09 2.498708345682209060e-10
9.062185725715989904e+00 1.695717410899164407e-09 2.498056970659532093e-10
9.188976923922229645e+00 1.694832845406021796e-09 2.497396711757271080e-10
9.317542087971714793e+00 1.693947668566418543e-09 2.496735084218821826e-10
9.447906037842923155e+00 1.693069847494872121e-09 2.496084123299978818e-10
9.580093940776617245e+00 1.692183367866675518e-09 2.495420098149107985e-10
9.714131316134343663e+00 1.691301458853202622e-09 2.494762186206409826e-10
9.850044040325185435e+00 1.690420120657778322e-09 2.494105125824878755e-10
9.987858351801170542e+00 1.689538614379326757e-09 2.493447137338683470e-10
1.012760085612275596e+01 1.688656029384497113e-09 2.492787523878382555e-10
1.026929853109519009e+01 1.687776470637097950e-09 2.492131775839246079e-10
1.041297873197653523e+01 1.686906969767934133e-09 2.491490876748371662e-10
1.055866919675886884e+01 1.686006914636076783e-09 2.490804140449578616e-10
1.070639805152305257e+01 1.685133414230607842e-09 2.490156415042480549e-10
1.085619381586864662e+01 1.684262426083970852e-09 2.489512352292169945e-10
1.100808540841977923e+01 1.683386182845284231e-09 2.488859998037945915e-10
1.116210215240785075e+01 1.682494213348815466e-09 2.488183885754012064e-10
1.131827378133266038e+01 1.681624112893978575e-09 2.487539992455105488e-10
1.147663044470241722e+01 1.680737359766575581e-09 2.486870944769785385e-10
1.163720271385427729e+01 1.679865802497163160e-09 2.486224168665319357e-10
1.180002158785632105e+01 1.678986738539473212e-09 2.485565905244205934e-10
1.196511849949188111e+01 1.678107008757673182e-09 2.484906274974445708e-10
1.213252532132793959e+01 1.677230610804303729e-09 2.484251350952766062e-10
1.230227437186808004e+01 1.676351811368191583e-09 2.483592390016807172e-10
1.247439842179176317e+01 1.675467690651621509e-09 2.482925087763491779e-10
1.264893070028090527e+01 1.674601565172354485e-09 2.482284420014149417e-10
1.282590490143471662e+01 1.673722181686774792e-09 2.481623648830852462e-10
1.300535519077467583e+01 1.672840782354112954e-09 2.480959696170720269e-10
1.318731621184012859e+01 1.671952532136862398e-09 2.480284910115303388e-10
1.337182309287642745e+01 1.671094641889319869e-09 2.479655108504674307e-10
1.355891145361665018e+01 1.670216693598793171e-09 2.478995061932797496e-10
1.374861741215793565e+01 1.669340344542303734e-09 2.478337087477479643e-10
1.394097759193442521e+01 1.668465054852514446e-09 2.477680329466643341e-10
1.413602912878736539e+01 1.667585425157667880e-09 2.477016832406592074e-10
1.433380967813440243e+01 1.666713279650589456e-09 2.476363950308425702e-10
1.453435742223917870e+01 1.665839711067160452e-09 2.475708752271273290e-10
1.473771107758236276e+01 1.664968229755846335e-09 2.475056439835347108e-10
1.494390990233624272e+01 1.664093172583460877e-09 2.474398345877400222e-10
1.515299370394345324e+01 1.663212420552994966e-09 2.473731488079818822e-10
1.536500284680203166e+01 1.662340173230329305e-09 2.473076812289096677e-10
1.557997826005802011e+01 1.661465069678442442e-09 2.472417414726118216e-10
1.579796144550678605e+01 1.660588093620227008e-09 2.471755138679552475e-10
1.601899448560520156e+01 1.659714456883449871e-09 2.471097452676803912e-10
1.624312005159590910e+01 1.658843384177381201e-09 2.470443344733275211e-10
1.647038141174493830e+01 1.657965859966613106e-09 2.469779260325250661e-10
1.670082243969505953e+01 1.657104648061963832e-09 2.469138866925828280e-10
1.693448762293552790e+01 1.656228622254342033e-09 2.468476317400648603e-10
1.717142207139064780e+01 1.655352879573248717e-09 2.467813717963674073e-10
1.741167152612852931e+01 1.654480100597824200e-09 2.467155245237476318e-10
1.765528236819130825e+01 1.653606213777205612e-09 2.466495034034504679e-10
1.790230162754946974e+01 1.652736379364168624e-09 2.465840016378153109e-10
1.815277699218090390e+01 1.651871208005624548e-09 2.465191989997220174e-10
1.840675681727735835e+01 1.650998030714422762e-09 2.464531550813685208e-10
1.866429013457968722e+01 1.650125788352358408e-09 2.463872152080727496e-10
1.892542666184335687e+01 1.649256205005025225e-09 2.463216784181484671e-10
1.919021681243694744e+01 1.648391021892705177e-09 2.462567122086600317e-10
1.945871170507436076e+01 1.647524427534512703e-09 2.461914886574360532e-10
1.973096317368359109e+01 1.646634858270546148e-09 2.461228653964058020e-10
2.000702377741358617e+01 1.645774432242741702e-09 2.460584715390207472e-10
2.028694681078070161e+01 1.644908866647598268e-09 2.459933784919956224e-10
2.057078631395772561e+01 1.644040808944918650e-09 2.459277812694960924e-10
2.085859708320623440e+01 1.643171102987887796e-09 2.458619471830756303e-10
2.115043468145536565e+01 1.642303259259916595e-09 2.457963455455889163e-10
2.144635544902853752e+01 1.641433929482632771e-09 2.457305492184829707e-10
2.174641651451988267e+01 1.640564967129147449e-09 2.456647288681814711e-10
2.205067580582348086e+01 1.639673560176233644e-09 2.455955003460481890e-10
2.235919206131622516e+01 1.638831991250144518e-09 2.455337406323702126e-10
2.267202484119762573e+01 1.637981565914619813e-09 2.454705127170323292e-10
2.298923453898827063e+01 1.637070559235548863e-09 2.453982973439598381e-10
2.331088239318868105e+01 1.636208542948018338e-09 2.453333369909803465e-10
2.363703049910201415e+01 1.635339108485351675e-09 2.452672380521449409e-10
2.396774182082145188e+01 1.634499122523687413e-09 2.452054771209878490e-10
2.430308020338579311e+01 1.633625225037339347e-09 2.451386256681423385e-10
2.464311038510513541e+01 1.632789471357198266e-09 2.450774799597524298e-10
2.498789801005846911e+01 1.631892811729741102e-09 2.450071551346194133e-10
2.533750964076693890e+01 1.631057283077338973e-09 2.449460145020591898e-10
2.569201277104362191e+01 1.630151736289528021e-09 2.448742112577198921e-10
2.605147583902358832e+01 1.629287244863171605e-09 2.448086441310877819e-10
2.641596824037632274e+01 1.628420517988974509e-09 2.447426764012355818e-10
2.678556034170242128e+01 1.627570179387946287e-09 2.446791300499277725e-10
2.716032349411857183e+01 1.626705037821681783e-09 2.446133324431773484e-10
2.754033004703175180e+01 1.625824781905641190e-09 2.445452715296862574e-10
2.792565336210671845e+01 1.624980061680968695e-09 2.444825206385218849e-10
2.831636782742891967e+01 1.624113629224594409e-09 2.444164066882175532e-10
2.871254887186498550e+01 1.623239756854827945e-09 2.443491617863696555e-10
2.911427297962501726e+01 1.622382627638553482e-09 2.442843160834097836e-10
2.952161770502772953e+01 1.621504434750342872e-09 2.442163681068056461e-10
2.993466168747278289e+01 1.620657711240759544e-09 2.441531463536132221e-10
3.035348466662257039e+01 1.619810723374776457e-09 2.440897678081924313e-10
3.077816749779591987e+01 1.618945952822035258e-09 2.440237169370266314e-10
3.120879216757766628e+01 1.618085531135795376e-09 2.439582270324818778e-10
3.164544180964666253e+01 1.617209211214184133e-09 2.438904510504439093e-10
3.208820072082460229e+01 1.616352195344887439e-09 2.438254266558351723e-10
3.253715437735035465e+01 1.615512463447787161e-09 2.437630121059143258e-10
3.299238945138097989e+01 1.614649221014646459e-09 2.436970087802326076e-10
3.345399382772434649e+01 1.613752627758660314e-09 2.436258578602993175e-10
3.392205662080577611e+01 1.612906981514948572e-09 2.435625377408024784e-10
3.439666819187147695e+01 1.612064985469093185e-09 2.434996439262620317e-10
3.487792016643363269e+01 1.611204772911067085e-09 2.434339706990607891e-10
3.536590545195858226e+01 1.610342554441347807e-09 2.433679431894472794e-10
3.586071825580314965e+01 1.609464330792447296e-09 2.432994650538419331e-10
3.636245410340192308e+01 1.608623671302557986e-09 2.432366521992243158e-10
3.687120985670830464e+01 1.607762720407904636e-09 2.431707121884209864e-10
3.738708373289465925e+01 1.606882410919847713e-09 2.431018063904763869e-10
3.791017532331294859e+01 1.606035982793829039e-09 2.430380200818330709e-10
3.844058561272146335e+01 1.605150850652298342e-09 2.429682965995168177e-10
3.897841699878052424e+01 1.604321486557051280e-09 2.429070336945565002e-10
3.952377331182017883e+01 1.603460942002053787e-09 2.428409989125116657e-10
4.007675983488567795e+01 1.602587027766079796e-09 2.427728863646723999e-10
4.063748332406215980e+01 1.601739808392447348e-09 2.427088204308814299e-10
4.120605202908459574e+01 1.600860013907131824e-09 2.426396896219569183e-10
4.178257571423600325e+01 1.600013567700253560e-09 2.425756826351817877e-10
4.236716567953728685e+01 1.599150907577404423e-09 2.425091359484857151e-10
4.295993478223478945e+01 1.598299142009814431e-09 2.424442313375296642e-10
4.356099745858719530e+01 1.597439415739890307e-09 2.423780624623622969e-10
4.417046974595812969e+01 1.596573453681627529e-09 2.423108796555597751e-10
4.478846930521788039e+01 1.595723885362256082e-09 2.422462087142124517e-10
4.541511544345760143e+01 1.594858871384244510e-09 2.421791093513163825e-10
4.605052913702276385e+01 1.594010925288613702e-09 2.421146306751233629e-10
4.669483305486738800e+01 1.593145950485753725e-09 2.420474795182147524e-10
4.734815158223604215e+01 1.592295586978076343e-09 2.419825484220794783e-10
4.801061084467717421e+01 1.591435582262722161e-09 2.419160649668888130e-10
4.868233873239139342e+01 1.590583049245241989e-09 2.418507517245816508e-10
4.936346492492197058e+01 1.589724115998686995e-09 2.417843609279467732e-10
5.005412091618924819e+01 1.588871750957118955e-09 2.417189998317068064e-10
5.075444003987628605e+01 1.588094628071861008e-09 2.416650353589778396e-10
5.146455749516974976e+01 1.587164958469228343e-09 2.415877669368530834e-10
