# k_modes P_scalar P_tensor
4.8189704732837525e-05 2.6326065330359242e-09 3.1195622669729320e-10
4.8864036874476839e-05 2.6315075888962660e-09 3.1189051530171911e-10
4.9547805136129207e-05 2.6304094919503701e-09 3.1182487685690417e-10
5.0241141560085467e-05 2.6293102565514309e-09 3.1175907627639281e-10
5.0944180036341791e-05 2.6282130670963349e-09 3.1169349151726671e-10
5.1657056328454891e-05 2.6271141674871488e-09 3.1162767635183958e-10
5.2379908099758917e-05 2.6260171067583505e-09 3.1156205264643811e-10
5.3112874939950246e-05 2.6249193586968697e-09 3.1149631993964844e-10
5.3856098392043266e-05 2.6238210112586739e-09 3.1143048919948437e-10
5.4609721979703410e-05 2.6227256616504720e-09 3.1136498650579961e-10
5.5373891234963603e-05 2.6216284632034988e-09 3.1129923795185415e-10
5.6148753726327579e-05 2.6205323719124758e-09 3.1123359325110651e-10
5.6934459087266480e-05 2.6194347947681217e-09 3.1116774508351883e-10
5.7731159045115165e-05 2.6183395967674577e-09 3.1110215234286393e-10
5.8539007450371947e-05 2.6172433900592464e-09 3.1103641216926604e-10
5.9358160306408234e-05 2.6161476396880443e-09 3.1097069949951476e-10
6.0188775799594989e-05 2.6150526147753681e-09 3.1090504578823950e-10
6.1031014329849738e-05 2.6139564464678586e-09 3.1083922882960092e-10
6.1885038541610951e-05 2.6128618589349868e-09 3.1077357294184141e-10
6.2751013355247026e-05 2.6117681138569435e-09 3.1070798962405545e-10
6.3629105998903594e-05 2.6106724662709078e-09 3.1064215288402563e-10
6.4519486040796610e-05 2.6095778244310091e-09 3.1057640823150926e-10
6.5422325421958272e-05 2.6084839278858310e-09 3.1051072561417516e-10
6.6337798489440202e-05 2.6073890361894642e-09 3.1044489706613587e-10
6.7266082029981158e-05 2.6062961702131017e-09 3.1037928234402468e-10
6.8207355304147004e-05 2.6052033157470335e-09 3.1031364183238468e-10
6.9161800080947306e-05 2.6041101925461110e-09 3.1024794206956481e-10
7.0129600672936309e-05 2.6030166318542321e-09 3.1018216297624032e-10
7.1110943971806242e-05 2.6019248609344252e-09 3.1011656984968576e-10
7.2106019484477580e-05 2.6008314543553665e-09 3.1005075455663810e-10
7.3115019369694156e-05 2.5997396587308304e-09 3.0998510386369020e-10
7.4138138475131820e-05 2.5986471095851165e-09 3.0991933612389499e-10
7.5175574375024943e-05 2.5975560646211232e-09 3.0985372067943049e-10
7.6227527408319465e-05 2.5964645890958737e-09 3.0978802599902476e-10
7.7294200717361239e-05 2.5953728844010636e-09 3.0972227722261657e-10
7.8375800287124270e-05 2.5942814566335521e-09 3.0965653411734107e-10
7.9472534984988019e-05 2.5931916023263407e-09 3.0959095137322048e-10
8.0584616601072595e-05 2.5921002737651015e-09 3.0952516548614380e-10
8.1712259889137059e-05 2.5910101227739691e-09 3.0945949259528278e-10
8.2855682608049937e-05 2.5899201903568779e-09 3.0939381872055695e-10
8.4015105563841591e-05 2.5888297697949420e-09 3.0932805893950792e-10
8.5190752652343488e-05 2.5877399681615444e-09 3.0926234606659520e-10
8.6382850902424165e-05 2.5866496605961628e-09 3.0919654527441995e-10
8.7591630519831694e-05 2.5855605352720803e-09 3.0913085837703297e-10
8.8817324931648198e-05 2.5844710366360640e-09 3.0906509936303607e-10
9.0060170831366307e-05 2.5833833559862735e-09 3.0899953045546828e-10
9.1320408224598032e-05 2.5822943823022118e-09 3.0893377968698061e-10
9.2598280475421693e-05 2.5812064482376732e-09 3.0886812583306529e-10
9.3894034353377286e-05 2.5801174132283844e-09 3.0880231276433743e-10
9.5207920081121194e-05 2.5790296805474217e-09 3.0873662826123057e-10
9.6540191382746084e-05 2.5779420874749513e-09 3.0867093328054158e-10
9.7891105532776882e-05 2.5768558010714301e-09 3.0860536689021959e-10
9.9260923405854163e-05 2.5757671748137409e-09 3.0853949314877364e-10
1.0064990952711098e-04 2.5746804161343462e-09 3.0847381563464725e-10
1.0205833212325464e-04 2.5735942989205261e-09 3.0840818772217576e-10
1.0348646317436523e-04 2.5725070878728446e-09 3.0834240119110770e-10
1.0493457846641641e-04 2.5714194007689682e-09 3.0827652996101301e-10
1.0640295764453283e-04 2.5703347271872190e-09 3.0821099290088785e-10
1.0789188426699266e-04 2.5692491536713362e-09 3.0814532030488714e-10
1.0940164585998476e-04 2.5681630972660280e-09 3.0807956224110084e-10
1.1093253397313310e-04 2.5670774262991279e-09 3.0801382325272761e-10
1.1248484423579820e-04 2.5659929351300345e-09 3.0794819814982662e-10
1.1405887641416531e-04 2.5649074472380816e-09 3.0788242598211549e-10
1.1565493446913254e-04 2.5638229902125546e-09 3.0781674999985491e-10
1.1727332661500901e-04 2.5627370539814784e-09 3.0775086922419624e-10
1.1891436537903331e-04 2.5616540414426054e-09 3.0768531191324704e-10
1.2057836766172590e-04 2.5605705278071153e-09 3.0761966697561540e-10
1.2226565479808604e-04 2.5594864750131703e-09 3.0755392940456145e-10
1.2397655261964398e-04 2.5584021412854926e-09 3.0748813125214515e-10
1.2571139151738259e-04 2.5573197176644423e-09 3.0742253469417482e-10
1.2747050650553930e-04 2.5562364547078306e-09 3.0735680966373394e-10
1.2925423728630004e-04 2.5551520579251038e-09 3.0729092146511718e-10
1.3106292831539934e-04 2.5540703316423581e-09 3.0722532600654924e-10
1.3289692886863839e-04 2.5529869985925606e-09 3.0715951015965970e-10
1.3475659310933284e-04 2.5519056928194713e-09 3.0709391062907801e-10
1.3664228015670572e-04 2.5508235623687601e-09 3.0702818421768975e-10
1.3855435415523697e-04 2.5497423224495245e-09 3.0696253716364559e-10
1.4049318434498274e-04 2.5486602119806170e-09 3.0689675899678702e-10
1.4245914513287945e-04 2.5475783248503542e-09 3.0683097864617690e-10
1.4445261616504593e-04 2.5464982226704651e-09 3.0676538665866125e-10
1.4647398240009586e-04 2.5454160350579518e-09 3.0669951548680251e-10
1.4852363418347753e-04 2.5443351605362354e-09 3.0663377506948557e-10
1.5060196732285364e-04 2.5432559756101476e-09 3.0656821054586956e-10
1.5270938316453483e-04 2.5421757743879992e-09 3.0650249593608801e-10
1.5484628867098400e-04 2.5410956892413739e-09 3.0643676775793999e-10
1.5701309649940505e-04 2.5400160552724406e-09 3.0637106640816925e-10
1.5921022508143023e-04 2.5389367329188644e-09 3.0630537522487843e-10
1.6143809870392372e-04 2.5378563082718084e-09 3.0623952334403913e-10
1.6369714759091603e-04 2.5367783776170695e-09 3.0617394483628155e-10
1.6598780798668345e-04 2.5357000963141356e-09 3.0610829636755671e-10
1.6831052223999167e-04 2.5346204081331903e-09 3.0604245025625307e-10
1.7066573888951792e-04 2.5335411665996590e-09 3.0597663064601554e-10
1.7305391275046736e-04 2.5324644593531375e-09 3.0591108939525314e-10
1.7547550500240258e-04 2.5313864899688796e-09 3.0584536795596860e-10
1.7793098327830261e-04 2.5303080609003710e-09 3.0577956328482309e-10
1.8042082175486615e-04 2.5292309900004500e-09 3.0571389514346352e-10
1.8294550124408037e-04 2.5281536440413976e-09 3.0564816620386374e-10
1.8550550928607079e-04 2.5270774671657806e-09 3.0558255058462709e-10
1.8810134024324900e-04 2.5260005045191606e-09 3.0551681304424737e-10
1.9073349539577936e-04 2.5249248296416552e-09 3.0545120280098951e-10
1.9340248303838166e-04 2.5238477126566875e-09 3.0538539074136022e-10
1.9610881857848664e-04 2.5227710867734688e-09 3.0531961030904616e-10
1.9885302463576663e-04 2.5216953244462595e-09 3.0525390670000126e-10
2.0163563114305921e-04 2.5206197808697380e-09 3.0518820187316234e-10
2.0445717544870115e-04 2.5195444721683295e-09 3.0512249781610277e-10
2.0731820242029614e-04 2.5184696804342658e-09 3.0505682874130141e-10
2.1021926454993476e-04 2.5173940793622972e-09 3.0499103359173872e-10
2.1316092206088465e-04 2.5163201763794985e-09 3.0492541661991235e-10
2.1614374301577585e-04 2.5152453420016260e-09 3.0485965921762286e-10
2.1916830342629976e-04 2.5141710933979842e-09 3.0479394503737630e-10
2.2223518736444131e-04 2.5130974721473105e-09 3.0472827913462115e-10
2.2534498707526957e-04 2.5120236719749969e-09 3.0466256358784378e-10
2.2849830309130679e-04 2.5109490160161601e-09 3.0459671663930407e-10
2.3169574434849560e-04 2.5098768610017005e-09 3.0453114521241152e-10
2.3493792830379115e-04 2.5088029492857895e-09 3.0446533287572785e-10
2.3822548105439882e-04 2.5077300557399452e-09 3.0439961640608596e-10
2.4155903745867814e-04 2.5066576574891317e-09 3.0433393216970928e-10
2.4493924125874097e-04 2.5055853390409814e-09 3.0426822987071332e-10
2.4836674520476484e-04 2.5045125381277580e-09 3.0420244121581711e-10
2.5184221118104428e-04 2.5034403752110348e-09 3.0413670200475362e-10
2.5536631033380730e-04 2.5023693359803330e-09 3.0407107209276558e-10
2.5893972320082152e-04 2.5012967923305570e-09 3.0400523092403619e-10
2.6256313984281083e-04 2.5002269413196146e-09 3.0393968943702749e-10
2.6623725997671356e-04 2.4991546874274282e-09 3.0387382842487390e-10
2.6996279311080549e-04 2.4980842285036346e-09 3.0380815704517523e-10
2.7374045868171123e-04 2.4970142243586368e-09 3.0374251389308682e-10
2.7757098619333515e-04 2.4959430147683574e-09 3.0367669580612772e-10
2.8145511535773645e-04 2.4948733675945836e-09 3.0361104006083312e-10
2.8539359623797327e-04 2.4938043016336014e-09 3.0354542715085353e-10
2.8938718939294767e-04 2.4927333535641324e-09 3.0347955754331605e-10
2.9343666602427816e-04 2.4916637850495885e-09 3.0341382773764783e-10
2.9754280812522427e-04 2.4905936620453024e-09 3.0334800241824223e-10
3.0170640863169792e-04 2.4895262957705344e-09 3.0328248518555814e-10
3.0592827157538801e-04 2.4884564119577676e-09 3.0321663366951893e-10
3.1020921223902495e-04 2.4873891696946296e-09 3.0315107582514561e-10
3.1455005731382044e-04 2.4863198058363272e-09 3.0308523135989360e-10
3.1895164505911066e-04 2.4852523050183143e-09 3.0301958611360587e-10
3.2341482546423045e-04 2.4841842770894774e-09 3.0295384912003881e-10
3.2794046041265519e-04 2.4831173083998313e-09 3.0288821291766032e-10
3.3252942384844015e-04 2.4820488113778509e-09 3.0282236274841436e-10
3.3718260194498545e-04 2.4809825759901375e-09 3.0275676024377766e-10
3.4190089327616556e-04 2.4799153941300046e-09 3.0269101446116146e-10
3.4668520898985418e-04 2.4788492969729571e-09 3.0262537317947307e-10
3.5153647298387310e-04 2.4777814326172992e-09 3.0255948834935022e-10
3.5645562208440730e-04 2.4767159040832671e-09 3.0249386035960957e-10
3.6144360622691603e-04 2.4756489555520196e-09 3.0242803113393907e-10
3.6650138863957243e-04 2.4745837897627804e-09 3.0236239207363310e-10
3.7162994602927348e-04 2.4735183325174520e-09 3.0229668903303224e-10
3.7683026877025256e-04 2.4724530785659171e-09 3.0223098271625436e-10
3.8210336109532807e-04 2.4713871332393459e-09 3.0216516471290548e-10
3.8745024128983182e-04 2.4703222308314625e-09 3.0209944562407518e-10
3.9287194188825087e-04 2.4692586061951470e-09 3.0203385482778560e-10
3.9836950987361748e-04 2.4681935494132450e-09 3.0196806083020725e-10
4.0394400687969331e-04 2.4671298677784017e-09 3.0190240703116658e-10
4.0959650939598197e-04 2.4660657396720696e-09 3.0183667087378285e-10
4.1532810897560726e-04 2.4650024525791128e-09 3.0177100936044229e-10
4.2113991244610420e-04 2.4639388531993800e-09 3.0170528171357986e-10
4.2703304212315908e-04 2.4628741784218227e-09 3.0163939469085417e-10
4.3300863602733711e-04 2.4618118000012200e-09 3.0157376024913307e-10
4.3906784810384650e-04 2.4607493010489204e-09 3.0150808340272098e-10
4.4521184844537796e-04 2.4596856611851425e-09 3.0144223868688210e-10
4.5144182351805807e-04 2.4586236196177101e-09 3.0137656146050657e-10
4.5775897639056882e-04 2.4575620222147209e-09 3.0131091108773184e-10
4.6416452696647332e-04 2.4564996865402881e-09 3.0124514176371552e-10
4.7065971221978820e-04 2.4554386221849136e-09 3.0117950038618083e-10
4.7724578643385662e-04 2.4543763709161891e-09 3.0111368541460167e-10
4.8392402144356415e-04 2.4533153067532189e-09 3.0104798801906120e-10
4.9069570688093950e-04 2.4522539170403095e-09 3.0098222242253842e-10
4.9756215042419622e-04 2.4511936202757333e-09 3.0091656299780915e-10
5.0452467805025994e-04 2.4501325326287254e-09 3.0085077848445251e-10
5.1158463429082422e-04 2.4490713059952658e-09 3.0078494843701328e-10
5.1874338249199381e-04 2.4480126934420291e-09 3.0071941140110999e-10
5.2600230507756241e-04 2.4469527692233653e-09 3.0065368547349040e-10
5.3336280381596811e-04 2.4458926948585821e-09 3.0058791271577089e-10
5.4082630009099069e-04 2.4448338569062191e-09 3.0052226358980845e-10
5.4839423517623592e-04 2.4437740200732690e-09 3.0045646398657738e-10
5.5606807051345646e-04 2.4427156265128681e-09 3.0039081347132462e-10
5.6384928799477186e-04 2.4416565174635059e-09 3.0032504664377578e-10
5.7173939024883806e-04 2.4405981693221916e-09 3.0025934549322131e-10
5.7973990093101633e-04 2.4395398614900280e-09 3.0019362127607620e-10
5.8785236501760743e-04 2.4384818746146610e-09 3.0012790795086390e-10
5.9607834910420420e-04 2.4374233485960589e-09 3.0006210048202822e-10
6.0441944170820932e-04 2.4363662645564783e-09 2.9999644189871520e-10
6.1287725357560188e-04 2.4353087316519925e-09 2.9993070015121992e-10
6.2145341799198391e-04 2.4342521069299196e-09 2.9986504217275283e-10
6.3014959109798023e-04 2.4331947941118209e-09 2.9979927115714269e-10
6.3896745220906289e-04 2.4321380647450561e-09 2.9973354380638275e-10
6.4790870413983898e-04 2.4310816178444195e-09 2.9966782283883937e-10
6.5697507353287767e-04 2.4300246539838516e-09 2.9960201018012844e-10
6.6616831119214873e-04 2.4289692199539612e-09 2.9953635772106969e-10
6.7549019242111599e-04 2.4279134442369603e-09 2.9947063530823736e-10
6.8494251736556187e-04 2.4268579197312381e-09 2.9940491514833928e-10
6.9452711136122104e-04 2.4258018511530958e-09 2.9933909979888028e-10
7.0424582528626635e-04 2.4247475023266415e-09 2.9927346825237374e-10
7.1410053591872700e-04 2.4236931156086671e-09 2.9920780412299901e-10
7.2409314629892142e-04 2.4226378546296033e-09 2.9914200349357770e-10
7.3422558609694845e-04 2.4215837257445264e-09 2.9907631445225040e-10
7.4449981198532070e-04 2.4205291620649122e-09 2.9901054390776599e-10
7.5491780801682632e-04 2.4194750273211822e-09 2.9894479721917133e-10
7.6548158600766409e-04 2.4184214757437521e-09 2.9887909507109825e-10
7.7619318592594012e-04 2.4173674020591589e-09 2.9881329963369009e-10
7.8705467628561467e-04 2.4163143060482934e-09 2.9874759692448710e-10
7.9806815454594817e-04 2.4152620174952463e-09 2.9868196564901430e-10
8.0923574751653527e-04 2.4142092309317542e-09 2.9861624412732122e-10
8.2055961176802274e-04 2.4131564120881690e-09 2.9855049084706301e-10
8.3204193404855925e-04 2.4121040410673601e-09 2.9848476454017517e-10
8.4368493170607257e-04 2.4110527831628912e-09 2.9841914777502403e-10
8.5549085311647068e-04 2.4100002505928369e-09 2.9835334465990306e-10
8.6746197811782104e-04 2.4089490131882705e-09 2.9828767358645462e-10
8.7960061845060282e-04 2.4078964982081804e-09 2.9822181599736372e-10
8.9190911820413786e-04 2.4068457392765101e-09 2.9815614764729940e-10
9.0438985426925182e-04 2.4057949698388026e-09 2.9809044950843044e-10
9.1704523679726887e-04 2.4047441020961077e-09 2.9802471100066604e-10
9.2987770966544659e-04 2.4036928967062918e-09 2.9795890190457269e-10
9.4288975094890715e-04 2.4026435789157189e-09 2.9789329870092790e-10
9.5608387339917139e-04 2.4015925618360705e-09 2.9782745627622960e-10
9.6946262492940741e-04 2.4005432912545737e-09 2.9776180206133679e-10
9.8302858910645171e-04 2.3994936141061449e-09 2.9769606924526638e-10
9.9678438564971454e-04 2.3984439916144490e-09 2.9763031483495818e-10
1.0107326709370859e-03 2.3973952861479662e-09 2.9756464541410493e-10
1.0248761385179008e-03 2.3963457718769525e-09 2.9749884737740179e-10
1.0392175196330847e-03 2.3952973443541120e-09 2.9743315602769578e-10
1.0537595837425944e-03 2.3942491184649491e-09 2.9736746084317486e-10
1.0685051390602223e-03 2.3932003526519990e-09 2.9730167036773585e-10
1.0834570330958814e-03 2.3921521730731118e-09 2.9723592426507483e-10
1.0986181532055025e-03 2.3911050116165259e-09 2.9717027629946745e-10
1.1139914271486022e-03 2.3900566660497098e-09 2.9710445291567849e-10
1.1295798236536565e-03 2.3890106480604277e-09 2.9703889004464217e-10
1.1453863529914028e-03 2.3879624939959315e-09 2.9697303312274388e-10
1.1614140675561475e-03 2.3869162093081496e-09 2.9690738051743309e-10
1.1776660624552050e-03 2.3858693990522884e-09 2.9684163405580220e-10
1.1941454761066083e-03 2.3848232909974359e-09 2.9677594670927383e-10
1.2108554908451549e-03 2.3837766135334867e-09 2.9671015900684342e-10
1.2277993335369519e-03 2.3827308961658470e-09 2.9664446282199742e-10
1.2449802762025577e-03 2.3816852971828979e-09 2.9657875343407711e-10
1.2624016366488350e-03 2.3806392494411178e-09 2.9651295893280140e-10
1.2800667791096540e-03 2.3795942067326357e-09 2.9644726153714109e-10
1.2979791148955634e-03 2.3785490497343773e-09 2.9638152116431060e-10
1.3161421030525393e-03 2.3775042108173848e-09 2.9631579192557615e-10
1.3345592510299645e-03 2.3764586015100652e-09 2.9624993808633970e-10
1.3532341153579550e-03 2.3754150018099652e-09 2.9618430619941608e-10
1.3721703023341528e-03 2.3743715257577442e-09 2.9611866109244129e-10
1.3913714687201410e-03 2.3733273515017295e-09 2.9605290080181059e-10
1.4108413224476037e-03 2.3722835838178002e-09 2.9598716253513605e-10
1.4305836233343555e-03 2.3712398367590566e-09 2.9592139785153736e-10
1.4506021838104032e-03 2.3701972665941905e-09 2.9585575182740998e-10
1.4709008696541669e-03 2.3691534592974639e-09 2.9578992273378770e-10
1.4914836007389916e-03 2.3681106678706521e-09 2.9572419160227226e-10
1.5123543517901160e-03 2.3670692096873747e-09 2.9565859876210060e-10
1.5335171531522356e-03 2.3660262135495919e-09 2.9559278521064910e-10
1.5549760915677929e-03 2.3649842116153813e-09 2.9552706712944555e-10
1.5767353109661702e-03 2.3639419691674050e-09 2.9546129042227548e-10
1.5987990132639292e-03 2.3629000241009425e-09 2.9539552228446025e-10
1.6211714591762303e-03 2.3618593939933140e-09 2.9532988984141043e-10
1.6438569690396243e-03 2.3608180496385993e-09 2.9526413940689238e-10
1.6668599236463566e-03 2.3597774066848000e-09 2.9519844829357675e-10
1.6901847650903287e-03 2.3587364733276552e-09 2.9513269195604571e-10
1.7138359976249173e-03 2.3576957369651520e-09 2.9506693177851537e-10
1.7378181885327924e-03 2.3566559413771504e-09 2.9500126047008244e-10
1.7621359690078952e-03 2.3556150558704394e-09 2.9493542434313531e-10
1.7867940350497701e-03 2.3545758452878150e-09 2.9486976896231675e-10
1.8117971483704149e-03 2.3535359158017273e-09 2.9480399541058259e-10
1.8371501373138019e-03 2.3524970768170939e-09 2.9473832933036515e-10
1.8628578977882835e-03 2.3514565202751024e-09 2.9467241952861557e-10
1.8889253942120452e-03 2.3504181881075744e-09 2.9460675959527854e-10
1.9153576604717722e-03 2.3493806095115222e-09 2.9454116550412498e-10
1.9421598008947469e-03 2.3483412934600911e-09 2.9447532460885334e-10
1.9693369912345501e-03 2.3473030625121305e-09 2.9440959147823188e-10
1.9968944796705372e-03 2.3462646693846529e-09 2.9434380960861045e-10
2.0248375878213201e-03 2.3452269975438336e-09 2.9427808868046356e-10
2.0531717117724265e-03 2.3441906640912382e-09 2.9421250743343710e-10
2.0819023231183269e-03 2.3431524596040650e-09 2.9414666248775507e-10
2.1110349700190580e-03 2.3421154096020444e-09 2.9408093389367107e-10
2.1405752782716319e-03 2.3410786689069540e-09 2.9401521504613793e-10
2.1705289523964201e-03 2.3400426190515793e-09 2.9394955436713242e-10
2.2009017767387583e-03 2.3390062483302208e-09 2.9388382484152088e-10
2.2316996165859656e-03 2.3379697031735742e-09 2.9381804453046380e-10
2.2629284192999754e-03 2.3369335829351751e-09 2.9375228864903674e-10
2.2945942154658353e-03 2.3358985750389823e-09 2.9368664391898164e-10
2.3267031200562799e-03 2.3348621702045240e-09 2.9362079507845699e-10
2.3592613336125751e-03 2.3338273236922924e-09 2.9355511308575850e-10
2.3922751434419121e-03 2.3327909866386927e-09 2.9348921447467538e-10
2.4257509248315529e-03 2.3317577468757297e-09 2.9342367706171959e-10
2.4596951422799465e-03 2.3307223720567978e-09 2.9335784244867418e-10
2.4941143507450944e-03 2.3296895802977216e-09 2.9329230378113475e-10
2.5290151969103824e-03 2.3286548159079158e-09 2.9322648812182878e-10
2.5644044204681058e-03 2.3276204278211483e-09 2.9316069081050891e-10
2.6002888554209772e-03 2.3265867332458212e-09 2.9309495214956959e-10
2.6366754314018455e-03 2.3255537850027155e-09 2.9302927866731620e-10
2.6735711750118605e-03 2.3245200029781076e-09 2.9296347112148640e-10
2.7109832111773852e-03 2.3234873708397900e-09 2.9289777986572266e-10
2.7489187645258974e-03 2.3224540849644944e-09 2.9283197727678705e-10
2.7873851607811174e-03 2.3214221797746622e-09 2.9276631955906554e-10
2.8263898281776860e-03 2.3203895562764897e-09 2.9270054283639106e-10
2.8659402988956370e-03 2.3193576940222054e-09 2.9263483321680057e-10
2.9060442105149154e-03 2.3183258132101005e-09 2.9256909227974475e-10
2.9467093074902807e-03 2.3172945902793583e-09 2.9250340544490989e-10
2.9879434426468413e-03 2.3162636691129688e-09 2.9243772749950559e-10
3.0297545786964956e-03 2.3152321478887492e-09 2.9237194551197095e-10
3.0721507897756174e-03 2.3142004229162843e-09 2.9230610856096060e-10
3.1151402630042587e-03 2.3131693755838501e-09 2.9224032816036344e-10
3.1587313000671453e-03 2.3121398878494346e-09 2.9217471570196253e-10
3.2029323188168192e-03 2.3111093198566651e-09 2.9210893840173193e-10
3.2477518548992205e-03 2.3100793820881820e-09 2.9204321129770792e-10
3.2931985634019820e-03 2.3090497945176416e-09 2.9197749939725209e-10
3.3392812205258206e-03 2.3080207085488342e-09 2.9191182247590410e-10
3.3860087252793178e-03 2.3069905932342092e-09 2.9184598603066434e-10
3.4333901011973835e-03 2.3059620242230731e-09 2.9178031676092277e-10
3.4814344980837997e-03 2.3049334063030299e-09 2.9171461162198820e-10
3.5301511937781455e-03 2.3039045554226980e-09 2.9164884837634229e-10
3.5795495959474173e-03 2.3028760826843551e-09 2.9158310424397638e-10
3.6296392439027522e-03 2.3018485405138636e-09 2.9151744848248175e-10
3.6804298104415713e-03 2.3008204570479759e-09 2.9145169540450498e-10
3.7319311037154693e-03 2.2997923683849104e-09 2.9138591261687101e-10
3.7841530691242755e-03 2.2987648151561039e-09 2.9132016861950671e-10
3.8371057912366170e-03 2.2977372041179362e-09 2.9125438849077295e-10
3.8907994957373261e-03 2.2967102364585034e-09 2.9118866076687737e-10
3.9452445514021285e-03 2.2956836555778956e-09 2.9112295305904401e-10
4.0004514720999671e-03 2.2946562520897755e-09 2.9105711195401430e-10
4.0564309188233106e-03 2.2936306155903807e-09 2.9099146587976599e-10
4.1131937017469021e-03 2.2926045542953966e-09 2.9092573693929654e-10
4.1707507823153271e-03 2.2915783888345899e-09 2.9085996527963556e-10
4.2291132753597442e-03 2.2905519843637850e-09 2.9079413473579510e-10
4.2882924512442832e-03 2.2895277588376967e-09 2.9072855157680486e-10
4.3482997380424734e-03 2.2885020109521525e-09 2.9066274598942546e-10
4.4091467237440890e-03 2.2874775258941141e-09 2.9059707164402647e-10
4.4708451584929186e-03 2.2864518601611911e-09 2.9053121854214973e-10
4.5334069568558405e-03 2.2854281416236042e-09 2.9046558344582907e-10
4.5968442001236174e-03 2.2844034029808263e-09 2.9039978994290091e-10
4.6611691386439268e-03 2.2833797176784647e-09 2.9033410093244667e-10
4.7263941941870303e-03 2.2823555290781627e-09 2.9026831882693556e-10
4.7925319623445140e-03 2.2813318687358582e-09 2.9020257500530149e-10
4.8595952149616322e-03 2.2803083319240975e-09 2.9013681758306463e-10
4.9275969026036917e-03 2.2792851322435623e-09 2.9007107390484745e-10
4.9965501570568985e-03 2.2782630598104585e-09 2.9000544443709748e-10
5.0664682938642500e-03 2.2772395526189383e-09 2.8993960345445695e-10
5.1373648148969131e-03 2.2762173878716713e-09 2.8987390387202408e-10
5.2092534109615301e-03 2.2751955958897871e-09 2.8980822300250545e-10
5.2821479644440698e-03 2.2741730396318158e-09 2.8974241542581090e-10
5.3560625519906580e-03 2.2731512332852182e-09 2.8967667417136148e-10
5.4310114472258912e-03 2.2721303400821795e-09 2.8961102007805270e-10
5.5070091235092222e-03 2.2711086942121677e-09 2.8954524112118624e-10
5.5840702567299238e-03 2.2700868722985086e-09 2.8947941034840540e-10
5.6622097281411165e-03 2.2690663881739791e-09 2.8941372073658693e-10
5.7414426272334937e-03 2.2680457185343706e-09 2.8934797869871641e-10
5.8217842546492695e-03 2.2670250995998417e-09 2.8928221350176534e-10
5.9032501251368476e-03 2.2660056308135031e-09 2.8921656596317439e-10
5.9858559705468842e-03 2.2649854212198171e-09 2.8915079485905448e-10
6.0696177428702812e-03 2.2639663288125686e-09 2.8908513691162734e-10
6.1545516173186331e-03 2.2629460245982114e-09 2.8901929518761998e-10
6.2406739954478383e-03 2.2619262233345768e-09 2.8895348824089864e-10
6.3280015083254136e-03 2.2609082552282315e-09 2.8888788619181063e-10
6.4165510197420807e-03 2.2598896372497789e-09 2.8882217198736009e-10
6.5063396294683436e-03 2.2588704968700113e-09 2.8875636187572583e-10
6.5973846765566436e-03 2.2578516369015790e-09 2.8869055828055173e-10
6.6897037426896563e-03 2.2568341634899754e-09 2.8862490246725901e-10
6.7833146555755057e-03 2.2558165850555048e-09 2.8855920392974348e-10
6.8782354923904894e-03 2.2547989876358549e-09 2.8849347397345276e-10
6.9744845832699146e-03 2.2537811827304731e-09 2.8842768785540440e-10
7.0720805148478541e-03 2.2527637065788403e-09 2.8836191499644294e-10
7.1710421338463904e-03 2.2517465271663665e-09 2.8829615028844842e-10
7.2713885507151290e-03 2.2507302154307266e-09 2.8823046751112761e-10
7.3731391433215715e-03 2.2497129962411666e-09 2.8816463879432941e-10
7.4763135606931872e-03 2.2486972941926440e-09 2.8809897558352903e-10
7.5809317268118572e-03 2.2476810205815434e-09 2.8803320980902986e-10
7.6870138444613424e-03 2.2466648782519920e-09 2.8796743150673220e-10
7.7945803991286604e-03 2.2456492727624617e-09 2.8790169251268419e-10
7.9036521629600540e-03 2.2446346479530226e-09 2.8783604996520707e-10
8.0142501987722492e-03 2.2436189224709298e-09 2.8777023688602711e-10
8.1263958641199091e-03 2.2426042695525626e-09 2.8770453174361884e-10
8.2401108154200181e-03 2.2415886337280036e-09 2.8763867168164782e-10
8.3554170121338880e-03 2.2405750311485028e-09 2.8757304250323596e-10
8.4723367210077730e-03 2.2395607507559913e-09 2.8750729733915331e-10
8.5908925203728170e-03 2.2385470249256255e-09 2.8744159383696003e-10
8.7111073045051009e-03 2.2375326329751116e-09 2.8737577561394218e-10
8.8330042880467741e-03 2.2365191781177043e-09 2.8731004785075205e-10
8.9566070104890524e-03 2.2355053635223669e-09 2.8724424465309216e-10
9.0819393407178713e-03 2.2344935473021704e-09 2.8717866898707237e-10
9.2090254816232214e-03 2.2334800829723416e-09 2.8711285191352346e-10
9.3378899747729970e-03 2.2324668718151012e-09 2.8704703789005815e-10
9.4685577051521509e-03 2.2314548286229631e-09 2.8698134488875550e-10
9.6010539059682518e-03 2.2304430065009937e-09 2.8691565087411079e-10
9.7354041635242979e-03 2.2294310918493189e-09 2.8684991490631009e-10
9.8716344221596187e-03 2.2284185605115962e-09 2.8678407090795299e-10
1.0009770989260001e-02 2.2274081042023084e-09 2.8671846404006497e-10
1.0149840540337947e-02 2.2263965888710300e-09 2.8665269142911806e-10
1.0291870124183896e-02 2.2253851255625527e-09 2.8658689607885663e-10
1.0435887168089655e-02 2.2243743721773843e-09 2.8652116242450552e-10
1.0581919483144894e-02 2.2233635540518693e-09 2.8645539102329009e-10
1.0729995269607681e-02 2.2223540208869332e-09 2.8638975601739309e-10
1.0880143122350255e-02 2.2213435923854290e-09 2.8632397567179419e-10
1.1032392036381011e-02 2.2203333583965968e-09 2.8625819129320663e-10
1.1186771412443642e-02 2.2193238798893411e-09 2.8619247437693539e-10
1.1343311062694750e-02 2.2183136808217310e-09 2.8612663509894908e-10
1.1502041216460895e-02 2.2173050861064715e-09 2.8606097329972430e-10
1.1662992526076102e-02 2.2162959529957444e-09 2.8599521229539441e-10
1.1826196072801156e-02 2.2152866930626102e-09 2.8592940582070937e-10
1.1991683372825737e-02 2.2142787218332337e-09 2.8586373575257334e-10
1.2159486383354425e-02 2.2132705058475994e-09 2.8579800490821189e-10
1.2329637508777988e-02 2.2122622104594869e-09 2.8573223385855867e-10
1.2502169606931015e-02 2.2112547063630662e-09 2.8566653549089347e-10
1.2677115995437013e-02 2.2102470372844681e-09 2.8560078656015580e-10
1.2854510458142402e-02 2.2092383133498170e-09 2.8553487100397674e-10
1.3034387251640538e-02 2.2082321590937472e-09 2.8546925836541869e-10
1.3216781111886920e-02 2.2072255377293136e-09 2.8540355582593786e-10
1.3401727260907078e-02 2.2062183615711985e-09 2.8533775194201171e-10
1.3589261413598326e-02 2.2052125341675932e-09 2.8527209259209907e-10
1.3779419784626580e-02 2.2042049088783150e-09 2.8520617118296701e-10
1.3972239095419798e-02 2.2031994577917616e-09 2.8514050158237068e-10
1.4167756581259286e-02 2.2021938369150270e-09 2.8507478047155108e-10
1.4366009998470111e-02 2.2011892358583231e-09 2.8500916113726603e-10
1.4567037631712257e-02 2.2001824580246666e-09 2.8494323104451587e-10
1.4770878301373802e-02 2.1991776749172885e-09 2.8487752919992523e-10
1.4977571371067432e-02 2.1981729454210406e-09 2.8481180482218481e-10
1.5187156755231974e-02 2.1971681951809421e-09 2.8474604780229486e-10
1.5399674926840311e-02 2.1961636818496328e-09 2.8468029190516962e-10
1.5615166925215019e-02 2.1951597795973772e-09 2.8461458572457275e-10
1.5833674363953491e-02 2.1941557281766516e-09 2.8454883035716426e-10
1.6055239438963993e-02 2.1931524609739384e-09 2.8448314704752656e-10
1.6279904936613993e-02 2.1921480130458004e-09 2.8441728081232204e-10
1.6507714241992669e-02 2.1911449322906188e-09 2.8435156221163878e-10
1.6738711347289069e-02 2.1901424711881024e-09 2.8428589437419669e-10
1.6972940860287288e-02 2.1891397120057135e-09 2.8422015797036256e-10
1.7210448012980752e-02 2.1881364592694591e-09 2.8415432805532009e-10
1.7451278670306981e-02 2.1871345997280357e-09 2.8408864925093582e-10
1.7695479339004470e-02 2.1861318319172730e-09 2.8402282257502350e-10
1.7943097176593627e-02 2.1851302619947752e-09 2.8395712172270890e-10
1.8194180000483406e-02 2.1841283925419542e-09 2.8389135226172289e-10
1.8448776297205222e-02 2.1831270746782917e-09 2.8382562447582205e-10
1.8706935231776193e-02 2.1821252546363576e-09 2.8375980186276669e-10
1.8968706657193468e-02 2.1811248051380029e-09 2.8369412798753654e-10
1.9234141124061199e-02 2.1801236950109628e-09 2.8362833781452521e-10
1.9503289890352410e-02 2.1791234055242807e-09 2.8356262515417412e-10
1.9776204931307474e-02 2.1781225967007181e-09 2.8349681459711169e-10
2.0052938949470904e-02 2.1771225730702166e-09 2.8343107673970580e-10
2.0333545384868812e-02 2.1761229967535364e-09 2.8336536719682778e-10
2.0618078425328725e-02 2.1751236805759697e-09 2.8329966159872012e-10
2.0906593016943691e-02 2.1741248478643547e-09 2.8323398932025420e-10
2.1199144874682933e-02 2.1731251778151517e-09 2.8316817816924124e-10
2.1495790493151038e-02 2.1721257849313926e-09 2.8310237325193572e-10
2.1796587157497483e-02 2.1711274532872192e-09 2.8303667677539260e-10
2.2101592954479006e-02 2.1701287658560927e-09 2.8297090388730591e-10
2.2410866783676792e-02 2.1691301370428009e-09 2.8290510887727628e-10
2.2724468368870428e-02 2.1681326580161003e-09 2.8283943393346604e-10
2.3042458269571218e-02 2.1671349445070063e-09 2.8277369855957610e-10
2.3364897892716854e-02 2.1661374569490713e-09 2.8270796295591830e-10
2.3691849504529586e-02 2.1651403560490535e-09 2.8264224766419582e-10
2.4023376242540476e-02 2.1641431327486621e-09 2.8257648674252811e-10
2.4359542127781970e-02 2.1631447484047937e-09 2.8251054409720938e-10
2.4700412077150808e-02 2.1621485476719911e-09 2.8244485669855948e-10
2.5046051915944192e-02 2.1611533918051055e-09 2.8237927579810520e-10
2.5396528390571365e-02 2.1601557686447780e-09 2.8231334272238687e-10
2.5751909181442847e-02 2.1591608397179197e-09 2.8224773193109243e-10
2.6112262916040234e-02 2.1581648453406242e-09 2.8218195174491755e-10
2.6477659182168940e-02 2.1571682291923050e-09 2.8211606033075052e-10
2.6848168541396090e-02 2.1561737942407967e-09 2.8205042437060789e-10
2.7223862542676738e-02 2.1551784385913946e-09 2.8198463809575670e-10
2.7604813736170759e-02 2.1541839793107692e-09 2.8191893865198426e-10
2.7991095687252797e-02 2.1531892515231988e-09 2.8185317452409791e-10
2.8382782990718555e-02 2.1521952485602700e-09 2.8178747528284127e-10
2.8779951285189852e-02 2.1512007219109871e-09 2.8172167707378812e-10
2.9182677267721016e-02 2.1502077809328221e-09 2.8165605685335745e-10
2.9591038708609928e-02 2.1492122006233982e-09 2.8159006092437890e-10
3.0005114466416169e-02 2.1482192812272738e-09 2.8152438365637477e-10
3.0424984503189506e-02 2.1472263910951074e-09 2.8145867993789160e-10
3.0850729899911139e-02 2.1462336233989008e-09 2.8139296224052436e-10
3.1282432872151329e-02 2.1452409045504225e-09 2.8132722119756218e-10
3.1720176785946116e-02 2.1442482396817600e-09 2.8126145704036375e-10
3.2164046173895913e-02 2.1432556145357229e-09 2.8119566829186688e-10
3.2614126751489690e-02 2.1422635923106017e-09 2.8112992829676821e-10
3.3070505433657534e-02 2.1412715490772640e-09 2.8106415542501911e-10
3.3533270351554581e-02 2.1402804540827725e-09 2.8099847710539272e-10
3.4002510869580109e-02 2.1392889531051972e-09 2.8093271544576782e-10
3.4478317602634763e-02 2.1382972633041226e-09 2.8086689879786005e-10
3.4960782433618956e-02 2.1373060246402533e-09 2.8080111141636124e-10
3.5449998531176488e-02 2.1363154681915427e-09 2.8073538341967777e-10
3.5946060367686376e-02 2.1353251719515442e-09 2.8066965960112338e-10
3.6449063737506206e-02 2.1343347013062922e-09 2.8060388268895459e-10
3.6959105775471048e-02 2.1333451695291833e-09 2.8053819924276303e-10
3.7476284975651253e-02 2.1323554101219077e-09 2.8047245570972695e-10
3.8000701210372391e-02 2.1313657150720920e-09 2.8040669054297253e-10
3.8532455749501669e-02 2.1303762790794301e-09 2.8034092912941385e-10
3.9071651280004255e-02 2.1293872853580840e-09 2.8027519571530390e-10
3.9618391925772899e-02 2.1283982935776726e-09 2.8020943271282107e-10
4.0172783267735351e-02 2.1274095117608755e-09 2.8014366700818728e-10
4.0734932364243227e-02 2.1264215972504292e-09 2.8007798532348728e-10
4.1304947771745752e-02 2.1254329550797094e-09 2.8001217786847074e-10
4.1882939565753188e-02 2.1244450970733747e-09 2.7994644329045051e-10
4.2469019362093609e-02 2.1234570916162366e-09 2.7988065939664248e-10
4.3063300338466753e-02 2.1224699338574711e-09 2.7981495674308760e-10
4.3665897256299858e-02 2.1214819043663694e-09 2.7974910910037729e-10
4.4276926482909339e-02 2.1204939791619129e-09 2.7968324485673040e-10
4.4896506013972194e-02 2.1195075810819719e-09 2.7961755179251549e-10
4.5524755496312228e-02 2.1185218466560905e-09 2.7955191622819827e-10
4.6161796251005166e-02 2.1175355701999862e-09 2.7948617848118243e-10
4.6807751296806657e-02 2.1165498151934227e-09 2.7942047985877703e-10
4.7462745373908516e-02 2.1155632642043925e-09 2.7935464578181207e-10
4.8126904968027427e-02 2.1145771326220763e-09 2.7928883683324731e-10
4.8800358334830263e-02 2.1135921501033080e-09 2.7922314933414159e-10
4.9483235524701651e-02 2.1126066379120974e-09 2.7915736170319277e-10
5.0175668407858115e-02 2.1116223699004660e-09 2.7909170796576506e-10
5.0877790699813172e-02 2.1106371767632947e-09 2.7902590196359153e-10
5.1589737987199298e-02 2.1096528758712583e-09 2.7896018367033300e-10
5.2311647753951113e-02 2.1086680795437425e-09 2.7889436935232206e-10
5.3043659407854618e-02 2.1076833551396124e-09 2.7882853436340681e-10
5.3785914307468291e-02 2.1066998030052126e-09 2.7876282415664263e-10
5.4538555789421003e-02 2.1057164456041093e-09 2.7869710898907076e-10
5.5301729196091359e-02 2.1047331063856443e-09 2.7863136644972546e-10
5.6075581903674898e-02 2.1037490121064603e-09 2.7856549346786406e-10
5.6860263350644043e-02 2.1027677727470854e-09 2.7849996794726305e-10
5.7655925066605759e-02 2.1017842050143869e-09 2.7843410421926607e-10
5.8462720701563595e-02 2.1008019860356013e-09 2.7836838837282247e-10
5.9280806055589129e-02 2.0998197983095003e-09 2.7830264630220015e-10
6.0110339108908159e-02 2.0988376299401793e-09 2.7823687657805407e-10
6.0951480052408365e-02 2.0978555219883800e-09 2.7817108463341858e-10
6.1804391318573938e-02 2.0968739309843085e-09 2.7810533083016561e-10
6.2669237612852466e-02 2.0958922447755849e-09 2.7803953364442985e-10
6.3546185945461395e-02 2.0949118312008179e-09 2.7797387535551568e-10
6.4435405663639422e-02 2.0939304239353509e-09 2.7790805449890639e-10
6.5337068484348809e-02 2.0929497614850879e-09 2.7784230231334087e-10
6.6251348527435749e-02 2.0919693763349719e-09 2.7777655622607528e-10
6.7178422349254766e-02 2.0909887706932871e-09 2.7771075076778832e-10
6.8118468976763116e-02 2.0900086987672365e-09 2.7764498529435508e-10
6.9071669942092767e-02 2.0890296201086615e-09 2.7757932186188741e-10
7.0038209317606306e-02 2.0880504871108235e-09 2.7751362069647434e-10
7.1018273751442623e-02 2.0870712980963471e-09 2.7744788163785414e-10
7.2012052503560686e-02 2.0860913957593976e-09 2.7738201713435212e-10
7.3019737482287739e-02 2.0851128185823615e-09 2.7731629831580024e-10
7.4041523281378196e-02 2.0841342511033924e-09 2.7725055067521840e-10
7.5077607217591782e-02 2.0831558847693802e-09 2.7718479903607563e-10
7.6128189368797602e-02 2.0821783449146766e-09 2.7711912687823631e-10
7.7193472612610614e-02 2.0811996446979808e-09 2.7705326978796526e-10
7.8273662665569510e-02 2.0802219334839141e-09 2.7698751395666591e-10
7.9368968122862829e-02 2.0792447491545480e-09 2.7692179752801408e-10
8.0479600498610221e-02 2.0782673858391226e-09 2.7685602705391463e-10
8.1605774266708106e-02 2.0772897320439970e-09 2.7679018725423956e-10
8.2747706902246948e-02 2.0763133331651623e-09 2.7672448397808409e-10
8.3905618923507286e-02 2.0753365675203175e-09 2.7665870151635395e-10
8.5079733934544183e-02 2.0743604934713310e-09 2.7659298072013870e-10
8.6270278668367673e-02 2.0733838112912438e-09 2.7652714797211466e-10
8.7477483030726499e-02 2.0724086874696959e-09 2.7646149294251725e-10
8.8701580144505451e-02 2.0714325432858003e-09 2.7639567094033204e-10
8.9942806394743946e-02 2.0704577472377267e-09 2.7632999850794579e-10
9.1201401474283697e-02 2.0694822798034735e-09 2.7626420564949224e-10
9.2477608430055994e-02 2.0685065013779250e-09 2.7619834105624278e-10
9.3771673710016767e-02 2.0675321481110111e-09 2.7613263535598975e-10
9.5083847210737441e-02 2.0665576633319483e-09 2.7606688200199940e-10
9.6414382325662740e-02 2.0655837999302916e-09 2.7600118117510701e-10
9.7763535994043638e-02 2.0646092728597605e-09 2.7593536096128214e-10
9.9131568750554344e-02 2.0636351018761178e-09 2.7586955778552087e-10
1.0051874477560425e-01 2.0626620267727471e-09 2.7580387022337407e-10
1.0192533194635413e-01 2.0616891839684844e-09 2.7573818340473406e-10
1.0335160188844515e-01 2.0607152496184812e-09 2.7567231975223003e-10
1.0479783002845280e-01 2.0597433786083744e-09 2.7560670112103619e-10
1.0626429564707464e-01 2.0587704472185887e-09 2.7554091090485420e-10
1.0775128193306160e-01 2.0577979215614228e-09 2.7547514361239692e-10
1.0925907603790473e-01 2.0568253647109191e-09 2.7540934173689730e-10
1.1078796913128724e-01 2.0558527159692012e-09 2.7534349665190451e-10
1.1233825645731166e-01 2.0548819749534513e-09 2.7527787648730683e-10
1.1391023739151451e-01 2.0539105388908831e-09 2.7521213250358501e-10
1.1550421549867909e-01 2.0529386612907942e-09 2.7514629883741402e-10
1.1712049859145605e-01 2.0519671471372679e-09 2.7508048324182925e-10
1.1875939878980533e-01 2.0509972726507765e-09 2.7501485639023204e-10
1.2042123258126997e-01 2.0500264042762366e-09 2.7494906585522631e-10
1.2210632088209215e-01 2.0490564651261023e-09 2.7488336886335737e-10
1.2381498909918576e-01 2.0480857543317976e-09 2.7481753795908977e-10
1.2554756719297533e-01 2.0471152574723290e-09 2.7475170487498122e-10
1.2730438974111519e-01 2.0461457605942579e-09 2.7468597507599145e-10
1.2908579600309880e-01 2.0451769795311639e-09 2.7462031104470126e-10
1.3089212998577354e-01 2.0442071374173246e-09 2.7455447333328941e-10
1.3272374050977201e-01 2.0432380834526988e-09 2.7448871117817521e-10
1.3458098127687210e-01 2.0422698630117274e-09 2.7442302942779975e-10
1.3646421093830044e-01 2.0413011161435442e-09 2.7435724676556915e-10
1.3837379316399198e-01 2.0403327219778838e-09 2.7429148081954777e-10
1.4031009671281730e-01 2.0393642302387643e-09 2.7422567077999486e-10
1.4227349550379392e-01 2.0383962061472592e-09 2.7415989274933581e-10
1.4426436868829418e-01 2.0374289616509218e-09 2.7409418893701954e-10
1.4628310072326217e-01 2.0364618898423387e-09 2.7402847712402472e-10
1.4833008144545654e-01 2.0354944259156816e-09 2.7396268202657404e-10
1.5040570614673215e-01 2.0345276732663673e-09 2.7389695185307639e-10
1.5251037565037398e-01 2.0335601968926764e-09 2.7383109355452912e-10
1.5464449638850031e-01 2.0325943729041378e-09 2.7376542646740090e-10
1.5680848048054929e-01 2.0316275227594345e-09 2.7369959050882809e-10
1.5900274581286225e-01 2.0306611673168818e-09 2.7363379028511240e-10
1.6122771611938203e-01 2.0296956270896749e-09 2.7356806902071721e-10
1.6348382106348064e-01 2.0287295324154431e-09 2.7350224216090160e-10
1.6577149632093041e-01 2.0277642676501981e-09 2.7343649609661861e-10
1.6809118366403783e-01 2.0267990224218685e-09 2.7337072222300158e-10
1.7044333104695442e-01 2.0258345207370879e-09 2.7330501746399070e-10
1.7282839269218006e-01 2.0248700125491429e-09 2.7323928101381864e-10
1.7524682917827836e-01 2.0239056042896976e-09 2.7317352705031510e-10
1.7769910752881926e-01 2.0229406961349207e-09 2.7310767447039636e-10
1.8018570130256487e-01 2.0219770864404488e-09 2.7304196667804835e-10
1.8270709068491864e-01 2.0210140392534323e-09 2.7297630379392419e-10
1.8526376258065458e-01 2.0200499220768044e-09 2.7291046545826679e-10
1.8785621070794203e-01 2.0190864792183052e-09 2.7284468712205338e-10
1.9048493569368805e-01 2.0181235969098356e-09 2.7277895378146309e-10
1.9315044517021390e-01 2.0171609591277102e-09 2.7271322227567225e-10
1.9585325387328265e-01 2.0161981522033626e-09 2.7264743741652517e-10
1.9859388374150019e-01 2.0152363150881919e-09 2.7258175188035373e-10
2.0137286401710727e-01 2.0142734440926096e-09 2.7251589615368154e-10
2.0419073134818011e-01 2.0133119908294429e-09 2.7245020069823028e-10
2.0704802989226290e-01 2.0123497508743286e-09 2.7238436862951715e-10
2.0994531142145062e-01 2.0113884680809352e-09 2.7231863446824282e-10
2.1288313542894033e-01 2.0104274854693935e-09 2.7225291020715395e-10
2.1586206923707524e-01 2.0094662283922240e-09 2.7218711750799398e-10
2.1888268810690104e-01 2.0085057810264566e-09 2.7212140338701155e-10
2.2194557534925280e-01 2.0075440474155225e-09 2.7205548442160640e-10
2.2505132243739892e-01 2.0065851981540339e-09 2.7198992446798549e-10
2.2820052912126082e-01 2.0056238881706501e-09 2.7192400049184863e-10
2.3139380354322914e-01 2.0046642683189413e-09 2.7185827498094734e-10
2.3463176235560271e-01 2.0037045833350952e-09 2.7179250882146989e-10
2.3791503083967080e-01 2.0027450404856495e-09 2.7172673114570136e-10
2.4124424302645947e-01 2.0017857809054404e-09 2.7166096092455296e-10
2.4462004181916996e-01 2.0008271664707562e-09 2.7159524702008744e-10
2.4804307911733020e-01 1.9998683597362561e-09 2.7152947569528819e-10
2.5151401594268147e-01 1.9989092785603548e-09 2.7146363672877369e-10
2.5503352256682899e-01 1.9979514801045222e-09 2.7139794015800064e-10
2.5860227864067831e-01 1.9969935460351348e-09 2.7133219373858114e-10
2.6222097332568145e-01 1.9960354660168759e-09 2.7126639707324983e-10
2.6589030542692088e-01 1.9950775607049291e-09 2.7120059277098567e-10
2.6961098352805696e-01 1.9941205942351731e-09 2.7113488490007583e-10
2.7338372612816014e-01 1.9931641481202100e-09 2.7106921661823633e-10
2.7720926178046135e-01 1.9922069314613004e-09 2.7100341275700496e-10
2.8108832923304328e-01 1.9912501138179973e-09 2.7093763171101652e-10
2.8502167757149843e-01 1.9902938950504471e-09 2.7087190082812086e-10
2.8901006636358517e-01 1.9893375950788702e-09 2.7080612784099061e-10
2.9305426580590899e-01 1.9883816121528083e-09 2.7074036669706309e-10
2.9715505687265292e-01 1.9874255545153559e-09 2.7067456453402897e-10
3.0131323146639233e-01 1.9864698543673354e-09 2.7060877962640672e-10
3.0552959257101964e-01 1.9855150294456649e-09 2.7054308269254134e-10
3.0980495440680667e-01 1.9845592532514830e-09 2.7047722483348386e-10
3.1414014258763928e-01 1.9836033405306286e-09 2.7041131724278982e-10
3.1853599428045259e-01 1.9826505590371142e-09 2.7034580504365159e-10
3.2299335836689397e-01 1.9816944118243456e-09 2.7027980305050655e-10
3.2751309560725111e-01 1.9807410704726820e-09 2.7021415221808949e-10
3.3209607880667463e-01 1.9797882006591476e-09 2.7014853449626400e-10
3.3674319298372296e-01 1.9788338574912109e-09 2.7008268466509507e-10
3.4145533554126883e-01 1.9778803955064376e-09 2.7001692362906292e-10
3.4623341643979799e-01 1.9769270177070815e-09 2.6995114286688987e-10
3.5107835837312901e-01 1.9759739512990584e-09 2.6988537344101809e-10
3.5599109694659536e-01 1.9750214696281771e-09 2.6981965220901612e-10
3.6097258085772138e-01 1.9740679127377982e-09 2.6975375327043524e-10
3.6602377207942249e-01 1.9731173741079782e-09 2.6968823484745267e-10
3.7114564604577255e-01 1.9721641070947327e-09 2.6962231315632693e-10
3.7633919184037101e-01 1.9712124099530762e-09 2.6955657404871137e-10
3.8160541238734225e-01 1.9702604946565947e-09 2.6949077404456923e-10
3.8694532464501086e-01 1.9693085809655390e-09 2.6942494272218524e-10
3.9235995980228766e-01 1.9683584267443187e-09 2.6935932030789204e-10
3.9785036347779967e-01 1.9674068763384065e-09 2.6929347649163947e-10
4.0341759592181070e-01 1.9664562596301280e-09 2.6922772831430882e-10
4.0906273222096684e-01 1.9655061603541653e-09 2.6916201964696178e-10
4.1478686250590402e-01 1.9645564720920095e-09 2.6909633641583154e-10
4.2059109216176371e-01 1.9636059191596155e-09 2.6903050277319492e-10
4.2647654204165514e-01 1.9626555034464403e-09 2.6896465753368428e-10
4.3244434868310005e-01 1.9617056181302175e-09 2.6889885262217822e-10
4.3849566452751076e-01 1.9607569120104160e-09 2.6883317825909742e-10
4.4463165814273875e-01 1.9598079611582329e-09 2.6876743885777159e-10
4.5085351444873401e-01 1.9588587048009881e-09 2.6870162603963980e-10
4.5716243494636588e-01 1.9579091103761222e-09 2.6863573583750294e-10
4.6355963794944594e-01 1.9569620255609770e-09 2.6857015783776262e-10
4.7004635881999346e-01 1.9560126436929263e-09 2.6850423389719578e-10
4.7662385020679704e-01 1.9550651875650357e-09 2.6843854221552920e-10
4.8329338228731500e-01 1.9541172760004917e-09 2.6837275678233836e-10
4.9005624301295536e-01 1.9531698532758298e-09 2.6830700701989944e-10
4.9691373835779629e-01 1.9522225319692015e-09 2.6824123968860381e-10
5.0386719257077628e-01 1.9512751690185805e-09 2.6817543505940230e-10
5.1091794843142613e-01 1.9503288335472435e-09 2.6810974003769725e-10
5.1806736750916971e-01 1.9493816155016251e-09 2.6804389251083943e-10
5.2531683042625310e-01 1.9484361570081926e-09 2.6797825504952958e-10
5.3266773712436211e-01 1.9474891454859708e-09 2.6791237314680460e-10
5.4012150713496210e-01 1.9465444720990457e-09 2.6784678063816683e-10
5.4767957985341942e-01 1.9455975239347295e-09 2.6778084407575855e-10
5.5534341481696947e-01 1.9446527565052899e-09 2.6771517594350386e-10
5.6311449198656438e-01 1.9437075157305038e-09 2.6764941099434669e-10
5.7099431203266393e-01 1.9427616975948753e-09 2.6758353527222416e-10
5.7898439662503709e-01 1.9418175915201934e-09 2.6751786343565776e-10
5.8708628872660706e-01 1.9408723550324974e-09 2.6745200466531169e-10
5.9530155289140940e-01 1.9399285570198214e-09 2.6738631190681948e-10
6.0363177556672976e-01 1.9389846275712046e-09 2.6732057007158247e-10
6.1207856539945815e-01 1.9380413503393377e-09 2.6725488633616747e-10
6.2064355354673106e-01 1.9370970803909873e-09 2.6718903428161347e-10
6.2932839399093099e-01 1.9361530242517580e-09 2.6712318032563811e-10
6.3813476385908297e-01 1.9352108961080539e-09 2.6705756026090920e-10
6.4706436374671961e-01 1.9342675719224466e-09 2.6699174381814749e-10
6.5611891804629141e-01 1.9333248035108428e-09 2.6692597217759842e-10
6.6530017528015861e-01 1.9323828460361827e-09 2.6686028082676883e-10
6.7460990843824475e-01 1.9314398231758885e-09 2.6679441113823021e-10
6.8404991532042592e-01 1.9304972679102687e-09 2.6672857412923599e-10
6.9362201888369923e-01 1.9295558371994181e-09 2.6666286048093243e-10
7.0332806759420952e-01 1.9286134836185134e-09 2.6659698791529509e-10
7.1316993578421450e-01 1.9276729930173871e-09 2.6653134131025159e-10
7.2314952401403210e-01 1.9267315606865470e-09 2.6646553289114188e-10
7.3326875943905312e-01 1.9257907204833706e-09 2.6639977430159307e-10
7.4352959618190206e-01 1.9248496165761332e-09 2.6633394798224801e-10
7.5393401570979302e-01 1.9239101921382028e-09 2.6626832205596198e-10
7.6448402721716535e-01 1.9229689980842391e-09 2.6620241912464713e-10
7.7518166801368826e-01 1.9220284257381869e-09 2.6613657098557055e-10
7.8602900391768038e-01 1.9210901274709288e-09 2.6607100596107538e-10
7.9702812965503400e-01 1.9201505969030999e-09 2.6600523843574841e-10
8.0818116926373740e-01 1.9192110913790653e-09 2.6593944288877619e-10
8.1949027650404171e-01 1.9182721676140465e-09 2.6587369582196441e-10
8.3095763527436850e-01 1.9173327210385453e-09 2.6580784461146541e-10
8.4258546003305135e-01 1.9163939994960649e-09 2.6574206284396242e-10
8.5437599622596450e-01 1.9154564106640547e-09 2.6567640562821903e-10
8.6633152072013486e-01 1.9145176934545424e-09 2.6561055991967501e-10
8.7845434224343777e-01 1.9135791387035141e-09 2.6554470588811484e-10
8.9074680183042931e-01 1.9126410212284564e-09 2.6547887955955959e-10
9.0321127327441764e-01 1.9117044118914270e-09 2.6541323136676447e-10
9.1585016358587623e-01 1.9107669782509516e-09 2.6534743666329298e-10
9.2866591345725558e-01 1.9098309148011531e-09 2.6528180062092943e-10
9.4166099773429901e-01 1.9088936896547544e-09 2.6521597137788353e-10
9.5483792589397054e-01 1.9079571113606412e-09 2.6515020034382721e-10
9.6819924252905387e-01 1.9070205845199026e-09 2.6508440418397548e-10
9.8174752783953201e-01 1.9060817123719082e-09 2.6501825105362171e-10
9.9548539813086034e-01 1.9051481750308051e-09 2.6495280654160052e-10
1.0094155063191954e+00 1.9042122773363099e-09 2.6488700290431315e-10
1.0235405424436921e+00 1.9032779985297053e-09 2.6482139180469423e-10
1.0378632341859906e+00 1.9023422524848065e-09 2.6475554529857630e-10
1.0523863473969426e+00 1.9014075634423078e-09 2.6468981334588439e-10
1.0671126866307370e+00 1.9004720790845231e-09 2.6462393917909912e-10
1.0820450956864818e+00 1.8995382912031171e-09 2.6455826925956102e-10
1.0971864581573620e+00 1.8986036872042083e-09 2.6449245458207595e-10
1.1125396979875024e+00 1.8976702077304828e-09 2.6442676333733316e-10
1.1281077800366037e+00 1.8967361878479953e-09 2.6436096524697190e-10
1.1438937106524782e+00 1.8958024492059177e-09 2.6429517448501314e-10
1.1599005382516190e+00 1.8948691694441697e-09 2.6422941586800002e-10
1.1761313539078715e+00 1.8939360783209843e-09 2.6416365182954916e-10
1.1925892919493428e+00 1.8930030364133274e-09 2.6409786206348473e-10
1.2092775305636856e+00 1.8920680887544803e-09 2.6403177521201354e-10
1.2261992924118292e+00 1.8911382866643104e-09 2.6396637377193680e-10
1.2433578452502996e+00 1.8902046937442322e-09 2.6390041150672526e-10
1.2607565025622700e+00 1.8892737178869829e-09 2.6383478217295001e-10
1.2783986241974190e+00 1.8883401718659191e-09 2.6376876267830827e-10
1.2962876170207422e+00 1.8874107771992835e-09 2.6370329018513052e-10
1.3144269355704670e+00 1.8864793025103654e-09 2.6363749606529214e-10
1.3328200827251493e+00 1.8855479579053624e-09 2.6357168729409440e-10
1.3514706103801049e+00 1.8846156442260058e-09 2.6350571170318413e-10
1.3703821201333324e+00 1.8836864382594234e-09 2.6344013802446421e-10
1.3895582639810073e+00 1.8827514740074991e-09 2.6337372756079602e-10
1.4090027450227101e+00 1.8818248194834993e-09 2.6330844582282023e-10
1.4287193181765481e+00 1.8808933902198676e-09 2.6324246523397252e-10
1.4487117909042568e+00 1.8799670503686942e-09 2.6317716453909931e-10
1.4689840239464507e+00 1.8790341298873879e-09 2.6311091099356841e-10
1.4895399320681857e+00 1.8780972982248720e-09 2.6304407380726823e-10
1.5103834848149307e+00 1.8771776884884794e-09 2.6297962313404540e-10
1.5315187072791157e+00 1.8762485629463572e-09 2.6291380379523162e-10
1.5529496808774339e+00 1.8753158633921704e-09 2.6284745226353559e-10
1.5746805441389957e+00 1.8743918680064737e-09 2.6278228895226798e-10
1.5967154935045069e+00 1.8734638430241103e-09 2.6271652739953647e-10
1.6190587841366628e+00 1.8725217755312094e-09 2.6264876076863155e-10
1.6417147307418516e+00 1.8716102518721517e-09 2.6258525351703047e-10
1.6646877084033558e+00 1.8706814849014268e-09 2.6251929265811143e-10
1.6879821534262436e+00 1.8697546620318833e-09 2.6245357208829660e-10
1.7116025641940520e+00 1.8688241255517533e-09 2.6238729721195469e-10
1.7355535020374588e+00 1.8678857971670166e-09 2.6231989415183276e-10
1.7598395921151397e+00 1.8669731671644336e-09 2.6225607240743555e-10
1.7844655243069212e+00 1.8660481665575275e-09 2.6219047827938059e-10
1.8094360541194321e+00 1.8651085072745712e-09 2.6212278919123294e-10
1.8347560036044577e+00 1.8641969039264697e-09 2.6205901738668514e-10
1.8604302622901159e+00 1.8632721378420805e-09 2.6199336009354070e-10
1.8864637881250608e+00 1.8623306882821054e-09 2.6192531892314658e-10
1.9128616084359320e+00 1.8614196002050709e-09 2.6186152679642157e-10
1.9396288208981707e+00 1.8604773170478013e-09 2.6179330637421394e-10
1.9667705945204177e+00 1.8595713022069876e-09 2.6173016057239272e-10
1.9942921706427226e+00 1.8586470320511358e-09 2.6166441212527505e-10
2.0221988639486859e+00 1.8577235208549791e-09 2.6159873797871875e-10
2.0504960634917637e+00 1.8567977138297240e-09 2.6153270879626356e-10
2.0791892337359710e+00 1.8558751614705461e-09 2.6146710538742912e-10
2.1082839156111097e+00 1.8549321048714455e-09 2.6139857676099159e-10
2.1377857275827652e+00 1.8540082495159214e-09 2.6133272568117430e-10
2.1677003667373089e+00 1.8530933695420773e-09 2.6126810751527220e-10
2.1980336098820517e+00 1.8521627041071101e-09 2.6120122893890552e-10
2.2287913146607852e+00 1.8512386022055922e-09 2.6113524088208760e-10
2.2599794206849784e+00 1.8503181892720805e-09 2.6106974975560539e-10
2.2916039506807606e+00 1.8494163708017497e-09 2.6100684854536675e-10
2.3236710116519532e+00 1.8484738532416426e-09 2.6093816641643640e-10
2.3561867960594207e+00 1.8475718867846195e-09 2.6087517927903648e-10
2.3891575830168801e+00 1.8466316604995307e-09 2.6080675369264861e-10
2.4225897395034450e+00 1.8457080348992886e-09 2.6074064438608666e-10
2.4564897215931794e+00 1.8447876488630054e-09 2.6067495799926683e-10
2.4908640757018148e+00 1.8438692782575979e-09 2.6060952405339870e-10
2.5257194398509100e+00 1.8429469845606067e-09 2.6054350404981289e-10
2.5610625449497495e+00 1.8420287408433597e-09 2.6047802330825172e-10
2.5969002160951304e+00 1.8411088023225307e-09 2.6041227161398635e-10
2.6332393738893418e+00 1.8401839588001069e-09 2.6034578577959744e-10
2.6700870357766284e+00 1.8392665149337812e-09 2.6028032721792833e-10
2.7074503173983140e+00 1.8383534228632525e-09 2.6021544742297976e-10
2.7453364339668838e+00 1.8374286392403468e-09 2.6014888073454109e-10
2.7837527016593446e+00 1.8365098765026921e-09 2.6008313014203258e-10
2.8227065390300332e+00 1.8355899819705396e-09 2.6001718941848747e-10
2.8622054684431939e+00 1.8346714046942684e-09 2.5995140483796961e-10
2.9022571175256555e+00 1.8337530565108878e-09 2.5988561836530473e-10
2.9428692206397824e+00 1.8328350203082189e-09 2.5981984342756819e-10
2.9840496203770353e+00 1.8319167554567749e-09 2.5975400280979424e-10
3.0258062690724907e+00 1.8310002312050330e-09 2.5968837428475441e-10
3.0681472303404949e+00 1.8300823457193876e-09 2.5962252641756284e-10
3.1110806806318059e+00 1.8291677141856015e-09 2.5955710414163065e-10
3.1546149108125849e+00 1.8282684914377057e-09 2.5949383729915805e-10
3.1987583277654248e+00 1.8273381089372273e-09 2.5942611371245007e-10
3.2435194560127787e+00 1.8264215463722920e-09 2.5936031760539748e-10
3.2889069393631689e+00 1.8255203586837187e-09 2.5929668081041430e-10
3.3349295425803707e+00 1.8245845286097632e-09 2.5922808153695490e-10
3.3815961530759528e+00 1.8236884132789409e-09 2.5916510012779034e-10
3.4289157826255630e+00 1.8227571674011102e-09 2.5909708472607672e-10
3.4768975691091701e+00 1.8218367154763414e-09 2.5903057471413337e-10
3.5255507782756554e+00 1.8209427785470834e-09 2.5896780765423211e-10
3.5748848055321614e+00 1.8200259476562161e-09 2.5890174794690535e-10
3.6249091777584144e+00 1.8190926114550773e-09 2.5883330636070700e-10
3.6756335551464372e+00 1.8181750746033269e-09 2.5876707996879616e-10
3.7270677330660678e+00 1.8172650129064570e-09 2.5870188414152427e-10
3.7792216439565198e+00 1.8163511356137006e-09 2.5863611574875429e-10
3.8321053592444092e+00 1.8154348933993056e-09 2.5856997528469061e-10
3.8857290912886921e+00 1.8145425118294986e-09 2.5850720445546807e-10
3.9401031953527448e+00 1.8136137837985896e-09 2.5843921779106430e-10
3.9952381716040439e+00 1.8127163774634113e-09 2.5837566764773009e-10
4.0511446671418980e+00 1.8118064363287560e-09 2.5831029566340447e-10
4.1078334780534824e+00 1.8108911578476474e-09 2.5824412835729936e-10
4.1653155514986411e+00 1.8099801397527909e-09 2.5817853837759777e-10
4.2236019878239421e+00 1.8090467762328987e-09 2.5810970724314671e-10
4.2827040427062384e+00 1.8081560198146443e-09 2.5804696144134894e-10
4.3426331293262175e+00 1.8072270793975639e-09 2.5797871357761541e-10
4.4034008205724549e+00 1.8063111012757740e-09 2.5791227152861123e-10
4.4650188512762199e+00 1.8054222343306048e-09 2.5784969370295927e-10
4.5274991204775645e+00 1.8044897575933819e-09 2.5778083892925712e-10
4.5908536937231927e+00 1.8036015229146052e-09 2.5771827778391671e-10
4.6550948053964101e+00 1.8026886800770999e-09 2.5765216278520174e-10
4.7202348610796721e+00 1.8017534095226411e-09 2.5758280519049017e-10
4.7862864399502820e+00 1.8008689738182909e-09 2.5752069260396527e-10
4.8532622972095201e+00 1.7999600126986754e-09 2.5745503605109325e-10
4.9211753665457705e+00 1.7990327111441682e-09 2.5738671267424654e-10
4.9900387626321994e+00 1.7981398005846054e-09 2.5732330066487916e-10
5.0598657836592968e+00 1.7972298688448159e-09 2.5725740446333403e-10
5.1306699139028558e+00 1.7963212757212598e-09 2.5719166889036643e-10
5.2024648263279767e+00 1.7954151908043155e-09 2.5712626072914235e-10
5.2752643852294216e+00 1.7945065412897137e-09 2.5706045206657332e-10
5.3490826489089116e+00 1.7935957422363191e-09 2.5699430198392971e-10
5.4239338723899824e+00 1.7926919159079342e-09 2.5692911977656902e-10
5.4998325101707399e+00 1.7917822075096188e-09 2.5686305881990895e-10
5.5767932190151290e+00 1.7908729145627516e-09 2.5679702892121326e-10
5.6548308607833615e+00 1.7899673938285161e-09 2.5673150138517702e-10
5.7339605053018570e+00 1.7890604640567609e-09 2.5666574624777876e-10
5.8141974332733337e+00 1.7881542328574128e-09 2.5660005189381589e-10
5.8955571392277344e+00 1.7872449272247354e-09 2.5653388571480785e-10
5.9780553345143286e+00 1.7863384423125632e-09 2.5646809100206016e-10
6.0617079503357001e+00 1.7854348386669413e-09 2.5640267760457398e-10
6.1465311408242806e+00 1.7845311537441141e-09 2.5633722002438150e-10
6.2325412861618394e+00 1.7836229617055271e-09 2.5627108000259206e-10
6.3197549957426133e+00 1.7827192015447035e-09 2.5620554801433832e-10
6.4081891113808220e+00 1.7818124415241258e-09 2.5613954719099170e-10
6.4978607105629438e+00 1.7809074231677964e-09 2.5607376647541140e-10
6.5887871097455077e+00 1.7800023995360265e-09 2.5600795124239529e-10
6.6809858676991460e+00 1.7790957614577416e-09 2.5594187500418489e-10
6.7744747888993269e+00 1.7781913830862578e-09 2.5587608689859709e-10
6.8692719269645268e+00 1.7772873100240811e-09 2.5581031813715798e-10
6.9653955881426448e+00 1.7763840938615794e-09 2.5574462505220235e-10
7.0628643348460729e+00 1.7754804041900570e-09 2.5567883536606668e-10
7.1616969892362388e+00 1.7745776762253721e-09 2.5561314658359454e-10
7.2619126368584306e+00 1.7736748526417678e-09 2.5554741739086255e-10
7.3635306303273591e+00 1.7727661513753998e-09 2.5548082214083371e-10
7.4665705930642909e+00 1.7718693010812593e-09 2.5541588692147884e-10
7.5710524230866119e+00 1.7709675336380964e-09 2.5535019866677574e-10
7.6769962968502821e+00 1.7700634344427664e-09 2.5528416400410041e-10
7.7844226731460582e+00 1.7691636368566448e-09 2.5521869474019115e-10
7.8933522970503782e+00 1.7682595107930538e-09 2.5515258775993028e-10
8.0038062039313917e+00 1.7673601941311726e-09 2.5508712458838491e-10
8.1158057235110430e+00 1.7664561639665014e-09 2.5502096391716689e-10
8.2293724839841484e+00 1.7655574831896934e-09 2.5495552929335099e-10
8.3445284161949562e+00 1.7646601499863067e-09 2.5489027197304641e-10
8.4612957578721613e+00 1.7637578607148603e-09 2.5482425631211637e-10
8.5796970579233225e+00 1.7628553660385550e-09 2.5475818119228109e-10
8.6997551807892304e+00 1.7619567662966451e-09 2.5469263433483789e-10
8.8214933108591946e+00 1.7610572258489029e-09 2.5462691029953535e-10
8.9449349569482823e+00 1.7601587070494531e-09 2.5456130802083668e-10
9.0701039568370483e+00 1.7592562300287817e-09 2.5449509511593135e-10
9.1970244818747826e+00 1.7583569946926609e-09 2.5442932072882764e-10
9.3257210416473466e+00 1.7574625536833327e-09 2.5436420813907242e-10
9.4562184887101530e+00 1.7565602709129261e-09 2.5429793617692286e-10
9.5885420233873866e+00 1.7556710603446381e-09 2.5423351700785531e-10
9.7227171986385308e+00 1.7547652340637152e-09 2.5416664771072738e-10
9.8587699249928509e+00 1.7538715674285672e-09 2.5410152178930600e-10
9.9967264755529044e+00 1.7529750391798541e-09 2.5403594370199709e-10
1.0136613491068243e+01 1.7520773902259063e-09 2.5397016717798161e-10
1.0278457985079951e+01 1.7511704614916522e-09 2.5390299396268865e-10
1.0422287349137161e+01 1.7502775667463583e-09 2.5383785401013797e-10
1.0568129358086738e+01 1.7493768452994782e-09 2.5377151996006578e-10
1.0716012175436829e+01 1.7484791407998936e-09 2.5370560275167482e-10
1.0865964358795429e+01 1.7475929547706352e-09 2.5364132969695411e-10
1.1018014865385274e+01 1.7466874893927445e-09 2.5357421281247656e-10
1.1172193057635688e+01 1.7457903683953102e-09 2.5350829876221098e-10
1.1328528708852694e+01 1.7449056842009113e-09 2.5344412839706232e-10
1.1487052008968654e+01 1.7440086469916815e-09 2.5337815560469711e-10
1.1647793570372180e+01 1.7431030942683211e-09 2.5331087741992086e-10
1.1810784433819606e+01 1.7422189930169825e-09 2.5324673088322984e-10
1.1976056074429405e+01 1.7413259333753759e-09 2.5318120349863926e-10
1.2143640407760266e+01 1.7404202544633513e-09 2.5311382349122659e-10
1.2313569795974232e+01 1.7395325674626284e-09 2.5304905002830542e-10
1.2485877054086281e+01 1.7386411000199893e-09 2.5298367506479892e-10
1.2660595456301165e+01 1.7377577810326691e-09 2.5291944710418380e-10
1.2837758742438897e+01 1.7368628286672265e-09 2.5285349723444553e-10
1.3017401124450394e+01 1.7359584521690266e-09 2.5278614815421308e-10
1.3199557293024061e+01 1.7350640223528498e-09 2.5272019666877409e-10
1.3384262424284815e+01 1.7341588568782419e-09 2.5265265324711220e-10
1.3571552186587104e+01 1.7332862465072594e-09 2.5258983398666828e-10
1.3761462747402724e+01 1.7323937101984651e-09 2.5252406538733775e-10
1.3954030780305036e+01 1.7314974073705911e-09 2.5245772112325322e-10
1.4149293472051143e+01 1.7305866018761154e-09 2.5238921274788458e-10
1.4347288529762945e+01 1.7297075469792564e-09 2.5232532114542598e-10
1.4548054188208649e+01 1.7288309575204099e-09 2.5226175215242550e-10
1.4751629217186460e+01 1.7279281373432465e-09 2.5219431680147238e-10
1.4958052929011311e+01 1.7270413471714649e-09 2.5212919334072632e-10
1.5167365186106364e+01 1.7261496961697385e-09 2.5206332294461301e-10
1.5379606408701015e+01 1.7252658342047572e-09 2.5199855587419542e-10
1.5594817582636340e+01 1.7243571221521705e-09 2.5193012937603883e-10
1.5813040267279760e+01 1.7234753910825305e-09 2.5186559607538205e-10
1.6034316603550760e+01 1.7225863600116133e-09 2.5179997364651972e-10
1.6258689322058597e+01 1.7216944537861269e-09 2.5173390612476689e-10
1.6486201751353917e+01 1.7208151289961682e-09 2.5166963650587941e-10
1.6716897826296098e+01 1.7199269429060589e-09 2.5160404383620601e-10
1.6950822096537415e+01 1.7190184287040617e-09 2.5153541758320951e-10
1.7188019735125895e+01 1.7181399244226515e-09 2.5147117865342497e-10
1.7428536547228880e+01 1.7172527502392821e-09 2.5140562099281298e-10
1.7672418978978357e+01 1.7163524239888167e-09 2.5133811532186261e-10
1.7919714126440031e+01 1.7154745353272009e-09 2.5127384911050874e-10
1.8170469744708310e+01 1.7145853672783800e-09 2.5120791041409039e-10
1.8424734257127952e+01 1.7136967004034555e-09 2.5114203150777331e-10
1.8682556764645373e+01 1.7128305522314983e-09 2.5107942262296002e-10
1.8943987055290389e+01 1.7119212723879653e-09 2.5101037374077666e-10
1.9209075613790656e+01 1.7110348083510301e-09 2.5094469524708261e-10
1.9477873631320993e+01 1.7101748787533959e-09 2.5088292833686155e-10
1.9750433015388776e+01 1.7092645930274022e-09 2.5081361579731718e-10
2.0026806399857669e+01 1.7083876917522297e-09 2.5074926263437886e-10
2.0307047155111967e+01 1.7075147091852508e-09 2.5068547496501734e-10
2.0591209398362817e+01 1.7066068079240420e-09 2.5061640903742098e-10
2.0879348004098656e+01 1.7057226983648980e-09 2.5055087106685105e-10
2.1171518614682252e+01 1.7048438051822353e-09 2.5048607569829721e-10
2.1467777651095666e+01 1.7039594072140061e-09 2.5042047517807487e-10
2.1768182323835557e+01 1.7030762517566420e-09 2.5035495631022298e-10
2.2072790643961341e+01 1.7021912719357515e-09 2.5028915974836023e-10
2.2381661434297566e+01 1.7013092987747073e-09 2.5022376837681395e-10
2.2694854340793036e+01 1.7003961484559074e-09 2.5015375520013742e-10
2.3012429844039289e+01 1.6995354959884221e-09 2.5009138346519949e-10
2.3334449270949857e+01 1.6986672384730932e-09 2.5002793187507524e-10
2.3660974806602937e+01 1.6977748615038106e-09 2.4996086776028155e-10
2.3992069506250225e+01 1.6968909373188830e-09 2.4989501683013624e-10
2.4327797307493359e+01 1.6960089534357347e-09 2.4982941509365404e-10
2.4668223042630732e+01 1.6951379796168782e-09 2.4976541268199141e-10
2.5013412451177540e+01 1.6942432988046965e-09 2.4969787478465756e-10
2.5363432192560573e+01 1.6933531283395729e-09 2.4963095946240062e-10
2.5718349858990646e+01 1.6924716254136308e-09 2.4956530651413340e-10
2.6078233988515610e+01 1.6915912766846302e-09 2.4949987429551951e-10
2.6443154078255574e+01 1.6907120487028012e-09 2.4943447120577600e-10
2.6813180597823305e+01 1.6898488242355841e-09 2.4937133570531141e-10
2.7188385002932911e+01 1.6889765270317086e-09 2.4930689811112173e-10
2.7568839749198489e+01 1.6880637064681506e-09 2.4923652679702986e-10
2.7954618306125816e+01 1.6871880895289111e-09 2.4917144864094859e-10
2.8345795171300381e+01 1.6863075816297149e-09 2.4910570882406484e-10
2.8742445884773424e+01 1.6854274547302744e-09 2.4904007140201903e-10
2.9144647043649254e+01 1.6845304751157144e-09 2.4897178103442527e-10
2.9552476316877272e+01 1.6836506111045410e-09 2.4890601635119157e-10
2.9966012460250411e+01 1.6827925890673515e-09 2.4884351280634373e-10
3.0385335331613462e+01 1.6818904404533340e-09 2.4877433720986314e-10
3.0810525906284763e+01 1.6810279217292769e-09 2.4871109138822694e-10
3.1241666292693150e+01 1.6801695170693633e-09 2.4864833931763851e-10
3.1678839748233685e+01 1.6792640033182417e-09 2.4857857603973144e-10
3.2122130695345845e+01 1.6784256223112048e-09 2.4851881274961837e-10
3.2571624737816158e+01 1.6775335277777728e-09 2.4845093586456125e-10
3.3027408677308877e+01 1.6766735946444583e-09 2.4838793160037760e-10
3.3489570530128660e+01 1.6757941769237094e-09 2.4832194083784538e-10
3.3958199544217166e+01 1.6749002840133582e-09 2.4825369324838861e-10
3.4433386216387483e+01 1.6740146683841196e-09 2.4818677417900350e-10
3.4915222309800356e+01 1.6731573933760134e-09 2.4812396619911669e-10
3.5403800871684346e+01 1.6722802045142834e-09 2.4805817909182205e-10
3.5899216251303940e+01 1.6714028211022500e-09 2.4799231755014170e-10
3.6401564118179721e+01 1.6705068195117006e-09 2.4792364590264245e-10
3.6910941480562890e+01 1.6696599609143084e-09 2.4786222402029183e-10
3.7427446704168268e+01 1.6687647616850935e-09 2.4779363576962393e-10
3.7951179531170112e+01 1.6679024604112047e-09 2.4772985841324329e-10
3.8482241099463081e+01 1.6670167025050498e-09 2.4766259519631481e-10
3.9020733962192708e+01 1.6661273792885689e-09 2.4759476440078571e-10
3.9566762107559889e+01 1.6652682469590484e-09 2.4753135869886359e-10
4.0120430978901759e+01 1.6643613517358315e-09 2.4746082792323059e-10
4.0681847495053596e+01 1.6634883039114012e-09 2.4739530536276649e-10
4.1251120070996350e+01 1.6626223439668477e-09 2.4733079985047016e-10
4.1828358638792444e+01 1.6617372534808348e-09 2.4726339052371228e-10
4.2413674668814387e+01 1.6608790582127472e-09 2.4720001533376975e-10
4.3007181191271364e+01 1.6599991284721396e-09 2.4713331800161674e-10
4.3608992818036164e+01 1.6591328556021021e-09 2.4706865174916604e-10
4.4219225764777612e+01 1.6582455556704122e-09 2.4700077819099915e-10
4.4837997873403459e+01 1.6573695266951477e-09 2.4693454883743637e-10
4.5465428634816540e+01 1.6565062499990286e-09 2.4687021721189318e-10
4.6101639211989337e+01 1.6556683027082766e-09 2.4680948682874437e-10
4.6746752463362292e+01 1.6547616149782822e-09 2.4673873998251143e-10
4.7400892966568705e+01 1.6538775111531960e-09 2.4667117262738017e-10
4.8064187042491547e+01 1.6530146305223414e-09 2.4660675737883383e-10
4.8736762779657873e+01 1.6521334455191225e-09 2.4653955514214198e-10
4.9418750058973657e+01 1.6512700619792485e-09 2.4647500865134996e-10
5.0110280578804748e+01 1.6503909581986358e-09 2.4640803468621158e-10
5.0811487880409693e+01 1.6495260705774329e-09 2.4634320324004359e-10
5.1522507373727635e+01 1.6487408887187089e-09 2.4629023246309362e-10
