# #Columns: f_hz, Omega_GW
7.0617572170785039e-20 2.3395157048053480e-23
7.5429128408480358e-20 2.5050129898661651e-23
8.0568521935349633e-20 2.8374840381682811e-23
8.6058090074882763e-20 3.8935939834652047e-23
9.1921692112949797e-20 4.8069833397414498e-23
9.8184812997308789e-20 5.8660435931309330e-23
1.0487467410272368e-19 6.6369032609418006e-23
1.1202035154310423e-19 7.3907552209742307e-23
1.1965290254489340e-19 8.0120500584864093e-23
1.2780550043095366e-19 8.3442791448647574e-23
1.3651357880163338e-19 8.7092500589002647e-23
1.4581498553967005e-19 8.8694649580065473e-23
1.5575014730827453e-19 9.0229292717774678e-23
1.6636224525736174e-19 9.0683417276430096e-23
1.7769740270159097e-19 9.0947163252981882e-23
1.8980488558592654e-19 9.0804966468915847e-23
2.0273731660999743e-19 9.0506270513652765e-23
2.1655090394190525e-19 9.0198747438111207e-23
2.3130568551553897e-19 8.9837729061592266e-23
2.4706578997318173e-19 8.9476322568452134e-23
2.6389971538754774e-19 8.9088821835386807e-23
2.8188062697465423e-19 8.8702466484270228e-23
3.0108667509147813e-19 8.8308049388288974e-23
3.2160133490050940e-19 8.7904502765528915e-23
3.4351376917748182e-19 8.7502504189964490e-23
3.6691921583915507e-19 8.7095995769962348e-23
3.9191940187545112e-19 8.6691043509233633e-23
4.1862298548502504e-19 8.6284132959076778e-23
4.4714602833591529e-19 8.5878755057771884e-23
4.7761250000386181e-19 8.5473607155238563e-23
5.1015481678072770e-19 8.5068466255155994e-23
5.4491441719484564e-19 8.4664815703430905e-23
5.8204237674467421e-19 8.4261771913708820e-23
6.2170006451756945e-19 8.3860201740722288e-23
6.6405984454754156e-19 8.3459581241951284e-23
7.0930582496029807e-19 8.3060419037694505e-23
7.5763465816157974e-19 8.2662515372579636e-23
8.0925639554665161e-19 8.2265831309064813e-23
8.6439540044574960e-19 8.1870587038664529e-23
9.2329132327344761e-19 8.1476644724396797e-23
9.8620014312019213e-19 8.1084133798099025e-23
1.0533952803131011e-18 8.0692969662575041e-23
1.1251687847815293e-18 8.0303228648787519e-23
1.2018326053923906e-18 7.9914876089000900e-23
1.2837199457721537e-18 7.9527901846424050e-23
1.3711867125082840e-18 7.9142338838544728e-23
1.4646130620244987e-18 7.8758162079042730e-23
1.5644050528529447e-18 7.8375391489388079e-23
1.6709964104846199e-18 7.7994008791838850e-23
1.7848504124685643e-18 7.7614023838631262e-23
1.9064619019530334e-18 7.7235426916437100e-23
2.0363594384201091e-18 7.6858213591926979e-23
2.1751075949614286e-18 7.6482386680391908e-23
2.3233094120797605e-18 7.6107938910744472e-23
2.4816090186812672e-18 7.5734871266270295e-23
2.6506944316501488e-18 7.5363177119747403e-23
2.8313005461733991e-18 7.4992853985026836e-23
3.0242123298125243e-18 7.4623897606309633e-23
3.2302682342046171e-18 7.4256304526870067e-23
3.4503638392209897e-18 7.3890073186427079e-23
3.6854557454220720e-18 7.3525200224126674e-23
3.9365657317261901e-18 7.3161682330879058e-23
4.2047851963627987e-18 7.2799516545644393e-23
4.4912799004118095e-18 7.2438698115069180e-23
4.7972950345458353e-18 7.2079225677688431e-23
5.1241606309969670e-18 7.1721095313480478e-23
5.4732973442699600e-18 7.1364303597310605e-23
5.8462226257267293e-18 7.1008847378074141e-23
6.2445573188784812e-18 7.0654722352959320e-23
6.6700327040507641e-18 7.0301925574789734e-23
7.1244980230395243e-18 6.9950452693521561e-23
7.6099285164626001e-18 6.9600300592114685e-23
8.1284340087393487e-18 6.9251466856258994e-23
8.6822680780112090e-18 6.8903947911714802e-23
9.2738378508584971e-18 6.8557741014233054e-23
9.9057144643840774e-18 6.8212842261018962e-23
1.0580644241135235e-17 6.7869248786103322e-23
1.1301560625433301e-17 6.7526957260709595e-23
1.2071596932989793e-17 6.7185963854047605e-23
1.2894099969222763e-17 6.6846265635370476e-23
1.3772644575462404e-17 6.6507858962273321e-23
1.4711049166268250e-17 6.6170741645148097e-23
1.5713392325387574e-17 6.5834909400968699e-23
1.6784030532486005e-17 6.5500359358941837e-23
1.7927617097695945e-17 6.5167087492888593e-23
1.9149122386277903e-17 6.4835090307551698e-23
2.0453855421297278e-17 6.4504366020681543e-23
2.1847486958207821e-17 6.4174909535948182e-23
2.3336074131631248e-17 6.3846720388825871e-23
2.4926086781454752e-17 6.3519793560759757e-23
2.6624435572667690e-17 6.3194127216451309e-23
2.8438502031154410e-17 6.2869716834858717e-23
3.0376170625987850e-17 6.2546559177461062e-23
3.2445863037662653e-17 6.2224650923221809e-23
3.4656574761208167e-17 6.1903987977880512e-23
3.7017914203268939e-17 6.1584569000739867e-23
3.9540144443080252e-17 6.1266389567408572e-23
4.2234227838844276e-17 6.0949447774656972e-23
4.5111873673379299e-17 6.0633738835506057e-23
4.8185589046124350e-17 6.0319259737959144e-23
5.1468733232690183e-17 6.0006006024275642e-23
5.4975575748220379e-17 5.9693975026557792e-23
5.8721358366922153e-17 5.9383163585415027e-23
6.2722361367322678e-17 5.9073569321565379e-23
6.6995974291171956e-17 5.8765189472136387e-23
7.1560771523531684e-17 5.8458021297015772e-23
7.6436593022543670e-17 5.8152061343079300e-23
8.1644630549752171e-17 5.7847307046114937e-23
8.7207519775764334e-17 5.7543754005680834e-23
9.3149438661565621e-17 5.7241400093895565e-23
9.9496212543085469e-17 5.6940241413300781e-23
1.0627542637574118e-16 5.6640274263174169e-23
1.1351654462680837e-16 5.6341494547488877e-23
1.2125103933670596e-16 5.6043898473706787e-23
1.2951252690578633e-16 5.5747484924137776e-23
1.3833691420114894e-16 5.5452250737227463e-23
1.4776255461849880e-16 5.5158193658936772e-23
1.5783041477734149e-16 5.4865309840545113e-23
1.6858425257402133e-16 5.4573596025547161e-23
1.8007080736647463e-16 5.4283049396265747e-23
1.9234000311729444e-16 5.3993665250104135e-23
2.0544516537803038e-16 5.3705442232194802e-23
2.1944325305779882e-16 5.3418375312663788e-23
2.3439510598353902e-16 5.3132463711444426e-23
2.5036570932788548e-16 5.2847702753832321e-23
2.6742447605393804e-16 5.2564090548629356e-23
2.8564554860451875e-16 5.2281623480807377e-23
3.0510812114714426e-16 5.2000297745851884e-23
3.2589678377528828e-16 5.1720111506605682e-23
3.4810189016193321e-16 5.1441060223561238e-23
3.7181995026334135e-16 5.1163142538778163e-23
3.9715404977985379e-16 5.0886353597727147e-23
4.2421429819681618e-16 5.0610691752825056e-23
4.5311830735295215e-16 5.0336153218345756e-23
4.8399170261617869e-16 5.0062734357780521e-23
5.1696866888859196e-16 4.9790432687590057e-23
5.5219253381371683e-16 4.9519244900711184e-23
5.8981639072081391e-16 4.9249168443956677e-23
6.3000376401374321e-16 4.8980200318640213e-23
6.7292931989636132e-16 4.8712337056831088e-23
7.1877962552347871e-16 4.8445575835625434e-23
7.6775395987685623e-16 4.8179912843769580e-23
8.2006517989057731e-16 4.7915346479872179e-23
8.7594064559020046e-16 4.7651873276738193e-23
9.3562320826663319e-16 4.7389490391339349e-23
9.9937226597964247e-16 4.7128194539744751e-23
1.0674648909784862e-15 4.6867981995185142e-23
1.1401970339398285e-15 4.6608850271498321e-23
1.2178848102568473e-15 4.6350795157183678e-23
1.3008658739701931e-15 4.6093814975424542e-23
1.3895008853122558e-15 4.5837906337693611e-23
1.4841750782431372e-15 4.5583067160423800e-23
1.5852999347913389e-15 4.5329293606774757e-23
1.6933149734762700e-15 4.5076583259065481e-23
1.8086896595856791e-15 4.4824932961340204e-23
1.9319254456105466e-15 4.4574340197437753e-23
2.0635579507058632e-15 4.4324801328920270e-23
2.2041592886497995e-15 4.4076313743023726e-23
2.3543405544192921e-15 4.3828874029442466e-23
2.5147544801894856e-15 4.3582478489090896e-23
2.6860982723006753e-15 4.3337124916011060e-23
2.8691166415232046e-15 4.3092809753159187e-23
3.0646050397905638e-15 4.2849530823087956e-23
3.2734131174686735e-15 4.2607285176942235e-23
3.4964484161875174e-15 4.2366070363665451e-23
3.7346803132853179e-15 4.2125883033303630e-23
3.9891442350090474e-15 4.1886719580009317e-23
4.2609461567829138e-15 4.1648577703471278e-23
4.5512674101045493e-15 4.1411454102082284e-23
4.8613698169608364e-15 4.1175346534981274e-23
5.1926011740793202e-15 4.0940252200440351e-23
5.5464011108511826e-15 4.0706167545726106e-23
5.9243073463860932e-15 4.0473090545592704e-23
6.3279623728940979e-15 4.0241017728771796e-23
6.7591205944421909e-15 4.0009945753213824e-23
7.2196559521131077e-15 3.9779871974200943e-23
7.7115700687070956e-15 3.9550793061253610e-23
8.2370009483863962e-15 3.9322706946258839e-23
8.7982322690732941e-15 3.9095609729498287e-23
9.3977033079893748e-15 3.8869499918929735e-23
1.0038019543475512e-14 3.8644373945962271e-23
1.0721963979170775e-14 3.8420228590291310e-23
1.1452509239769050e-14 3.8197061851845477e-23
1.2232830490924621e-14 3.7974869607316478e-23
1.3066319239460613e-14 3.7753649675832352e-23
1.3956598073860368e-14 3.7533398420830405e-23
1.4907536409107625e-14 3.7314114205271915e-23
1.5923267304308078e-14 3.7095793852890222e-23
1.7008205426185764e-14 3.6878434518211623e-23
1.8167066236529843e-14 3.6662034061167480e-23
1.9404886486985362e-14 3.6446588880086024e-23
2.0727046110264663e-14 3.6232096799138561e-23
2.2139291602925543e-14 3.6018554333983501e-23
2.3647761001343659e-14 3.5805958774197442e-23
2.5259010559433383e-14 3.5594307383822197e-23
2.6980043244065010e-14 3.5383596529851438e-23
2.8818339172029182e-14 3.5173824481780934e-23
3.0781888120835521e-14 3.4964987565291162e-23
3.2879224254647256e-14 3.4757083900756316e-23
3.5119463216281857e-14 3.4550110453465492e-23
3.7512341746488817e-14 3.4344064682024045e-23
4.0068260002703721e-14 3.4138943731957387e-23
4.2798326761206152e-14 3.3934744371272282e-23
4.5714407699145803e-14 3.3731463674141574e-23
4.8829176966282635e-14 3.3529098680249582e-23
5.2156172270587977e-14 3.3327647013299708e-23
5.5709853717125850e-14 3.3127106042559008e-23
5.9505666655943145e-14 3.2927473660083300e-23
6.3560108812127621e-14 3.2728746371673537e-23
6.7890801989796882e-14 3.2530921869369636e-23
7.2516568661669052e-14 3.2333996714851379e-23
7.7457513777092822e-14 3.2137968037748971e-23
8.2735112144099927e-14 3.1942833502562945e-23
8.8372301765270003e-14 3.1748590038032862e-23
9.4393583533069003e-14 3.1555235960876719e-23
1.0082512771797181e-13 3.1362767282226759e-23
1.0769488771219225e-13 3.1171182447242233e-23
1.1503272152339018e-13 3.0980477922778456e-23
1.2287052154639822e-13 3.0790651166293827e-23
1.3124235317699674e-13 3.0601699244497483e-23
1.4018460287019502e-13 3.0413619867404536e-23
1.4973613628651904e-13 3.0226410331775177e-23
1.5993846721366299e-13 3.0040067855072614e-23
1.7083593799767978e-13 2.9854589871715997e-23
1.8247591226792703e-13 2.9669973528812410e-23
1.9490898079340018e-13 2.9486216143585993e-23
2.0818918136516809e-13 2.9303315360971764e-23
2.2237423366058958e-13 2.9121268200575254e-23
2.3752579011009011e-13 2.8940071980875049e-23
2.5370970385685246e-13 2.8759723724700110e-23
2.7099631497403971e-13 2.8580220664466820e-23
2.8946075618354968e-13 2.8401560528983205e-23
3.0918327940503193e-13 2.8223740834829553e-23
3.3024960455445171e-13 2.8046759070228731e-23
3.5275129210818808e-13 2.7870612370902643e-23
3.7678614105192465e-13 2.7695297817207669e-23
4.0245861394395583e-13 2.7520812459664946e-23
4.2988029094034282e-13 2.7347153816642971e-23
4.5917035475525248e-13 2.7174319439627665e-23
4.9045610866427019e-13 2.7002306582756355e-23
5.2387352980205930e-13 2.6831113233978089e-23
5.5956786015919174e-13 2.6660736306974034e-23
5.9769423784676455e-13 2.6491173334820505e-23
6.3841837137249766e-13 2.6322420916804490e-23
6.8191725985888977e-13 2.6154476801418356e-23
7.2837996233372140e-13 2.5987337669597555e-23
7.7800841943648633e-13 2.5821001379273852e-23
8.3101833111209295e-13 2.5655466102331869e-23
8.8764009410659996e-13 2.5490728515876784e-23
9.4811980333956592e-13 2.5326786698527269e-23
1.0127203215053299e-12 2.5163636826992763e-23
1.0817224215519781e-12 2.5001276814074111e-23
1.1554260070035686e-12 2.4839703146816867e-23
1.2341514154295122e-12 2.4678914032164023e-23
1.3182408107263252e-12 2.4518906586890608e-23
1.4080596702630884e-12 2.4359678268813543e-23
1.5039983733541076e-12 2.4201226112441980e-23
1.6064738979628308e-12 2.4043547032778601e-23
1.7159316330113295e-12 2.3886638281705858e-23
1.8328473141722016e-12 2.3730496789962365e-23
1.9577290915564576e-12 2.3575119638812076e-23
2.0911197382840876e-12 2.3420503537892632e-23
2.2335990095365115e-12 2.3266646220899259e-23
2.3857861623439487e-12 2.3113544044741111e-23
2.5483426470595514e-12 2.2961194355882696e-23
2.7219749822181570e-12 2.2809593814128878e-23
2.9074378252746712e-12 2.2658739151398182e-23
3.1055372525684852e-12 2.2508626846666194e-23
3.3171342627694796e-12 2.2359253108787976e-23
3.5431485190328078e-12 2.2210614184219623e-23
3.7845623461267687e-12 2.2062706101997972e-23
4.0424249999066810e-12 2.1915525526144183e-23
4.3178572276909695e-12 2.1769067947533972e-23
4.6120561393602838e-12 2.1623329119892855e-23
4.9263004103509726e-12 2.1478303950247988e-23
5.2619558391564299e-12 2.1333987610036011e-23
5.6204812834911696e-12 2.1190374573399231e-23
6.0034350009176051e-12 2.1047459787459888e-23
6.4124814214941216e-12 2.0905237524516186e-23
6.8493983818800927e-12 2.0763701467146416e-23
7.3160848523395047e-12 2.0622844482880081e-23
7.8145691902270867e-12 2.0482658751351431e-23
8.3470179558290042e-12 2.0343136146038521e-23
8.9157453288742526e-12 2.0204267952942324e-23
9.5232231666438603e-12 2.0066044702097268e-23
1.0172091747393361e-11 1.9928455879201594e-23
1.0865171245782403e-11 1.9791490273386201e-23
1.1605473990187713e-11 1.9655135100632273e-23
1.2396217555172518e-11 1.9519377062136273e-23
1.3240838746016827e-11 1.9384201237489722e-23
1.4143008536088878e-11 1.9249591354556169e-23
1.5106648021980878e-11 1.9115529458450999e-23
1.6135945465753670e-11 1.8981995888838483e-23
1.7235374498361764e-11 1.8848968858860619e-23
1.8409713563375968e-11 1.8716424938330305e-23
1.9664066685511361e-11 1.8584337904871995e-23
2.1003885654227924e-11 1.8452679501533373e-23
2.2434993718818815e-11 1.8321418061706337e-23
2.3963610897973218e-11 1.8190518933281590e-23
2.5596381013816358e-11 1.8059942839685654e-23
2.7340400567923960e-11 1.7929646674874589e-23
2.9203249584816475e-11 1.7799582067742744e-23
3.1193024556985909e-11 1.7669696197147586e-23
3.3318373634645794e-11 1.7539931884335020e-23
3.5588534213147891e-11 1.7410230389468484e-23
3.8013373081433800e-11 1.7280538249393384e-23
4.0603429306015819e-11 1.7150821539483000e-23
4.3369960036875548e-11 1.7021095641196236e-23
4.6324989434365502e-11 1.6891482204759812e-23
4.9481360929763697e-11 1.6762319850520635e-23
5.2852793046623622e-11 1.6634366445649887e-23
5.6453939025532088e-11 1.6509169467201327e-23
6.0300450511424630e-11 1.6389731813855736e-23
6.4409045580261253e-11 1.6281699028224543e-23
6.8797581400725480e-11 1.6195456484436546e-23
7.3485131846759626e-11 1.6149797172406514e-23
7.8492070398258227e-11 1.6178327189816516e-23
8.3840158690234418e-11 1.6340565475176318e-23
8.9552641095318849e-11 1.6741081671428060e-23
9.5654345750672773e-11 1.7562530539337219e-23
1.0217179246841367e-10 1.9122061964197488e-23
1.0913330799855657e-10 2.1967937905412110e-23
1.1656914914544395e-10 2.7044288704683822e-23
1.2451163427275957e-10 3.5971457080602777e-23
1.3299528376869316e-10 5.1521634350629962e-23
1.4205697008175010e-10 7.8426235167083432e-23
1.5173607797931266e-10 1.2474293879017112e-22
1.6207467572548205e-10 2.0415613511057323e-22
1.7311769792218696e-10 3.3987160009926910e-22
1.8491314080825029e-10 5.7117757956674809e-22
1.9751227086522855e-10 9.6445865572467317e-22
2.1096984763669562e-10 1.6317330594362074e-21
2.2534436172940737e-10 2.7617455866790535e-21
2.4069828903076486e-10 4.6719339024501722e-21
2.5709836224749455e-10 7.8955673142614830e-21
2.7461586094571455e-10 1.3327171359756886e-20
2.9332692135300148e-10 2.2464191303603921e-20
3.1331286726893726e-10 3.7810886979414323e-20
3.3466056352238803e-10 6.3546372432372843e-20
3.5746279351172410e-10 1.0663076958529772e-19
3.8181866246889684e-10 1.7863787779862182e-19
4.0783402820007467e-10 2.9876589874513079e-19
4.3562196117495395e-10 4.9879436176359333e-19
4.6530323596445390e-10 8.3118005408957955e-19
4.9700685616269693e-10 1.3822715955284718e-18
5.3087061507476399e-10 2.2937592731048291e-18
5.6704169460713330e-10 3.7973983247244325e-18
6.0567730496374386e-10 6.2708589916898206e-18
6.4694536792802742e-10 1.0326748285725120e-17
6.9102524670060833e-10 1.6954703448942705e-17
7.3810852546479960e-10 2.7745540970692456e-17
7.8839984206808408e-10 4.5241846245274443e-17
8.4211777743870939e-10 7.3482930249212158e-17
8.9949580560300295e-10 1.1884480876833216e-16
9.6078330843250983e-10 1.9131431541861874e-16
1.0262466595313288e-09 3.0640965996783981e-16
1.0961703819745192e-09 4.8804680555620048e-16
1.1708583849295169e-09 7.7270853241239084e-16
1.2506352845351956e-09 1.2154662165382414e-15
1.3358478147795679e-09 1.8985035160393591e-15
1.4268663345082001e-09 2.9428619117555128e-15
1.5240864371132095e-09 4.5244759767131468e-15
1.6279306698991206e-09 6.8952270009669608e-15
1.7388503705983347e-09 1.0409674875706079e-14
1.8573276290183368e-09 1.5557818451032419e-14
1.9838773823465140e-09 2.3003727242457441e-14
2.1190496532193592e-09 3.3628647785464785e-14
2.2634319402834821e-09 4.8574510371304147e-14
2.4176517716383657e-09 6.9283932270059735e-14
2.5823794322590030e-09 9.7529998418041567e-14
2.7583308772524961e-09 1.3542955262062352e-13
2.9462708436106496e-09 1.8543177253733245e-13
3.1470161739829593e-09 2.5027969661161254e-13
3.3614393669162349e-09 3.3294796153707911e-13
3.5904723689912143e-09 4.3656569191143894e-13
3.8351106253378332e-09 5.6434485618859948e-13
4.0964174061340999e-09 7.1953789939330440e-13
4.3755284278925393e-09 9.0545781467341545e-13
4.6736567896198966e-09 1.1255798629514226e-12
4.9920982453040295e-09 1.3837384618732272e-12
5.3322368356436953e-09 1.6844180498492480e-12
5.6955509034986697e-09 2.0331060516932498e-12
6.0836195192047428e-09 2.4366828546603498e-12
6.4981293436802189e-09 2.9038096991731641e-12
6.9408819591527538e-09 3.4452832739663505e-12
7.4138016993684136e-09 4.0743495340316204e-12
7.9189440133148848e-09 4.8069701728280836e-12
8.4585043988103876e-09 5.6620724684769213e-12
9.0348279447862311e-09 6.6617953198996248e-12
9.6504195237363862e-09 7.8317813151273881e-12
1.0307954678634000e-08 9.2015419839163062e-12
1.1010291251631915e-08 1.0804933198598186e-11
1.1760481805089492e-08 1.2680782692007574e-11
1.2561786888911027e-08 1.4873659061005406e-11
1.3417689211859255e-08 1.7434827369500716e-11
1.4331908778437436e-08 2.0423332180431931e-11
1.5308419057128377e-08 2.3907238969671940e-11
1.6351464250263141e-08 2.7964988332176156e-11
1.7465577740578720e-08 3.2686863285573790e-11
1.8655601794639880e-08 3.8176612481658954e-11
1.9926708608760779e-08 4.4553165972883529e-11
2.1284422788899156e-08 5.1952585364029959e-11
2.2734645362226970e-08 6.0530116141628584e-11
2.4283679424738525e-08 7.0462481232488636e-11
2.5938257536369393e-08 8.1950299660289437e-11
2.7705570982691718e-08 9.5220616163069018e-11
2.9593301030367169e-08 1.1052958265645349e-10
3.1609652312202585e-08 1.2816499967549148e-10
3.3763388486908976e-08 1.4844896090254608e-10
3.6063870328553555e-08 1.7174006812377993e-10
3.8521096411250499e-08 1.9843544319891298e-10
4.1145746565919714e-08 2.2897202157848758e-10
4.3949228297989194e-08 2.6382692038276427e-10
4.6943726367785053e-08 3.0351674565096098e-10
5.0142255749102742e-08 3.4859484691582015e-10
5.3558718196129784e-08 3.9964689203142175e-10
5.7207962664579271e-08 4.5728313423076081e-10
6.1105849849639916e-08 5.2212781824311216e-10
6.5269321121247062e-08 5.9480429268099963e-10
6.9716472156283606e-08 6.7591559288742342e-10
7.4466631587741007e-08 7.6602050096310258e-10
7.9540445012672218e-08 8.6560381309733283e-10
8.4959964724058086e-08 9.7504323474303780e-10
9.0748745556593346e-08 1.0945717770133154e-09
9.6931947262959767e-08 1.2242406116092618e-09
1.0353644386554897e-07 1.3638843545717557e-09
1.1059094045890823e-07 1.5130958999489218e-09
1.1812609797056495e-07 1.6712193300475239e-09
1.2617466642248374e-07 1.8373698226553766e-09
1.3477162727234127e-07 2.0104965254421034e-09
1.4395434545328288e-07 2.1894981477389272e-09
1.5376273177296495e-07 2.3734086318596574e-09
1.6423941637772621e-07 2.5616580839035304e-09
1.7542993403580305e-07 2.7544109006509569e-09
1.8738292204489313e-07 2.9529664437975141e-09
2.0015033162422923e-07 3.1601827232206470e-09
2.1378765370993184e-07 3.3808631938010155e-09
2.2835416013502571e-07 3.6220074670359915e-09
2.4391316124234380e-07 3.8928111732039190e-09
2.6053228104999287e-07 4.2042848107374559e-09
2.7828375116532731e-07 4.5683778449225830e-09
2.9724472472486191e-07 4.9965650029872564e-09
3.1749761172461667e-07 5.4979290477723401e-09
3.3913043719831576e-07 6.0769589627115820e-09
3.6223722380020725e-07 6.7313792571431746e-09
3.8691840045530588e-07 7.4505033237052953e-09
4.1328123885319701e-07 8.2145627477446522e-09
4.4144031968250390e-07 8.9954006657804786e-09
4.7151803063243210e-07 9.7586279695976222e-09
5.0364509832584716e-07 1.0466992346758854e-08
5.3796115649581274e-07 1.1084407519172062e-08
5.7461535287508252e-07 1.1579856984960818e-08
6.1376699743622777e-07 1.1930485127972549e-08
6.5558625479987240e-07 1.2123370706580848e-08
7.0025488382043825e-07 1.2155873702701565e-08
7.4796702756384422e-07 1.2034733625626157e-08
7.9893005711067593e-07 1.1774296635854104e-08
8.5336547285219134e-07 1.1394277921701947e-08
9.1150986719650326e-07 1.0917437562670811e-08
9.7361595286910846e-07 1.0367448305971265e-08
1.0399536612771169e-06 9.7671550728940528e-09
1.1108113157109252e-06 9.1373248653477766e-09
1.1864968844824695e-06 8.4958923833726515e-09
1.2673393194465515e-06 7.8576365017204925e-09
1.3536899857228173e-06 7.2341825855456093e-09
1.4459241888324638e-06 6.6342241988543618e-09
1.5444428058869540e-06 6.0638703468378711e-09
1.6496740279184492e-06 5.5270491767106128e-09
1.7620752209246183e-06 5.0259190655495923e-09
1.8821349137164320e-06 4.5612537212091219e-09
2.0103749212088303e-06 4.1327839889338672e-09
2.1473526123825629e-06 3.7394867376140325e-09
2.2936633327745495e-06 3.3798209602607010e-09
2.4499429920255767e-06 3.0519145240544112e-09
2.6168708277315367e-06 2.7537083204451580e-09
2.7951723576108610e-06 2.4830637834345070e-09
2.9856225328189532e-06 2.2378409014669346e-09
3.1890491061150075e-06 2.0159523874525459e-09
3.4063362295201417e-06 1.8153996233846726e-09
3.6384282971035094e-06 1.6342947887052115e-09
3.8863340495980439e-06 1.4708728926579372e-09
4.1511309586858805e-06 1.3234970078603217e-09
4.4339699100088148e-06 1.1906580137153120e-09
4.7360802052574298e-06 1.0709715633468755e-09
5.0587749050797393e-06 9.6317252780698392e-10
5.4034565360308353e-06 8.6610819681847525e-10
5.7716231863679121e-06 7.7873091672093810e-10
6.1648750171846908e-06 7.0009010921398722e-10
6.5849212171844504e-06 6.2932517126181721e-10
7.0335874313195175e-06 5.6565749431946196e-10
7.5128236955838060e-06 5.0838340638888229e-10
8.0247129124457331e-06 4.5686732841491421e-10
8.5714799037579357e-06 4.1053599115849750e-10
9.1555010804908949e-06 3.6887264489864539e-10
9.7793147713173663e-06 3.3141114259649255e-10
1.0445632254939161e-05 2.9773188554663971e-10
1.1157349544105893e-05 2.6745624079394938e-10
1.1917559972542277e-05 2.4024419918870041e-10
1.2729567639491163e-05 2.1578681659850424e-10
1.3596901770305380e-05 1.9380727933380373e-10
1.4523332055504408e-05 1.7405670276008020e-10
1.5512885034963773e-05 1.5630813220669109e-10
1.6569861598447356e-05 1.4036031467276239e-10
1.7698855678546033e-05 1.2603022025568458e-10
1.8904774217266463e-05 1.1315529176604826e-10
2.0192858493051674e-05 1.0158748965108309e-10
2.1568706900926237e-05 9.1194569049405512e-11
2.3038299284776383e-05 8.1858358182094103e-11
2.4608022927518901e-05 7.3470484244006843e-11
2.6284700312120873e-05 6.5935689019738811e-11
2.8075618774127516e-05 5.9166937365032449e-11
2.9988562174576159e-05 5.3086689420227141e-11
3.2031844730957925e-05 4.7625178253465416e-11
3.4214347153264226e-05 4.2719696967613005e-11
3.6545555242177651e-05 3.8314091057147987e-11
3.9035601117165919e-05 3.4357592521761087e-11
4.1695307253667583e-05 3.0804963247667196e-11
4.4536233520770329e-05 2.7615274528867934e-11
4.7570727423818589e-05 2.4751791549338705e-11
5.0811977770321874e-05 2.2181529854496564e-11
5.4274071992411106e-05 1.9874776621031658e-11
5.7972057374982024e-05 1.7804814298573533e-11
6.1922006455644742e-05 1.5947622023380529e-11
6.6141086880722386e-05 1.4281590018081305e-11
7.0647636020917360e-05 1.2787276195787311e-11
7.5461240670943869e-05 1.1447198335746224e-11
8.0602822179529331e-05 1.0245629353281368e-11
8.6094727379779285e-05 9.1684290594344426e-12
9.1960825715120133e-05 8.2028847868112120e-12
9.8226612982956580e-05 7.3375658796713315e-12
1.0491932214694220e-04 6.5621963655225199e-12
1.1206804169949195e-04 5.8675435884788236e-12
1.1970384208896737e-04 5.2453115191318968e-12
1.2785991076103007e-04 4.6880436785472974e-12
1.3657169640109138e-04 4.1890472943108584e-12
1.4587706300477589e-04 3.7423105344876937e-12
1.5581645444604210e-04 3.3424329998872401e-12
1.6643307025821226e-04 2.9845674714808560e-12
1.7777305339191496e-04 2.6643611216233130e-12
1.8988569076598599e-04 2.3779066380929322e-12
2.0282362748299119e-04 2.1216985711075741e-12
2.1664309564040137e-04 1.8925913490985126e-12
2.3140415873191105e-04 1.6877624910531350e-12
2.4717097270113812e-04 1.5046795863241163e-12
2.6401206478231546e-04 1.3410710010036668e-12
2.8200063133991380e-04 1.1948981449479147e-12
3.0121485600167471e-04 1.0643340678571241e-12
3.2173824946776932e-04 9.4774048768424765e-13
3.4366001247298860e-04 8.4364885239593015e-13
3.6707542347949921e-04 7.5074248311120899e-13
3.9208625278521305e-04 6.6784160791346519e-13
4.1880120484758020e-04 5.9388891139459053e-13
4.4733639074529750e-04 5.2793702460282837e-13
4.7781583283137226e-04 4.6913753315090260e-13
5.1037200377094041e-04 4.1673015793560973e-13
5.4514640230662187e-04 3.7003417250572363e-13
5.8229016825388474e-04 3.2844019429315734e-13
6.2196473939936381e-04 2.9140268483741959e-13
6.6434255315719253e-04 2.5843352084670984e-13
7.0960779603299539e-04 2.2909587756842670e-13
7.5795720415286721e-04 2.0299904578808162e-13
8.0960091833675121e-04 1.7979322824369507e-13
8.6476339743255079e-04 1.5916586185659876e-13
9.2368439388063538e-04 1.4083744597928651e-13
9.8661999574881825e-04 1.2455822373653290e-13
1.0538437397667993e-03 1.1010495461862673e-13
1.1256478001976512e-03 9.7278182280214831e-14
1.2023442587135345e-03 8.5899783806453665e-14
1.2842664607948973e-03 7.5810633439564543e-14
1.3717704645484813e-03 6.6868745854837901e-14
1.4652365882410635e-03 5.8947366075594784e-14
1.5650710632751309e-03 5.1933427563680826e-14
1.6717077997905967e-03 4.5726053557949740e-14
1.7856102725665444e-03 4.0235290281373397e-14
1.9072735354196220e-03 3.5380960974749042e-14
2.0372263728542688e-03 3.1091611589516200e-14
2.1760335983164831e-03 2.7303606003885385e-14
2.3242985090400183e-03 2.3960265324299695e-14
2.4826655081545187e-03 2.1011136186094352e-14
2.6518229054519268e-03 1.8411316576077389e-14
2.8325059089844271e-03 1.6120868047683237e-14
3.0254998204958901e-03 1.4104274719390963e-14
3.2316434485754114e-03 1.2329972824882825e-14
3.4518327543673916e-03 1.0769919603779522e-14
3.6870247456835211e-03 9.3992142667214743e-15
3.9382416364416237e-03 8.1957508090188548e-15
4.2065752895095133e-03 7.1399115675258737e-15
4.4931919622637770e-03 6.2142986409154292e-15
4.7993373754891206e-03 5.4034944135242272e-15
5.1263421276489859e-03 4.6938398240919633e-15
5.4756274780600285e-03 4.0732403953247636e-15
5.8487115241050896e-03 3.5309920978781754e-15
6.2472157993332120e-03 3.0576289451325485e-15
6.6728723211237750e-03 2.6447816403667517e-15
7.1275311185460171e-03 2.2850559612726405e-15
7.6131682731322434e-03 1.9719232710067921e-15
8.1318945075123054e-03 1.6996244297808235e-15
8.6859643592381523e-03 1.4630825145684486e-15
9.2777859796702063e-03 1.2578234045624344e-15
9.9099316005154450e-03 1.0799079481194785e-15
1.0585148713506486e-02 9.2587140296768126e-16
1.1306372011812898e-02 7.9266691454379886e-16
1.2076736145085214e-02 6.7761798842830087e-16
1.2899589343568933e-02 5.7837569822234675e-16
1.3778507970502906e-02 4.9288062657108268e-16
1.4717312066051164e-02 4.1932835211412287e-16
1.5720081950326825e-02 3.5613940212721640e-16
1.6791175957668932e-02 3.0193236409779322e-16
1.7935249379252598e-02 2.5550042027689642e-16
1.9157274696360079e-02 2.1579034536652237e-16
2.0462563192254417e-02 1.8188394025700099e-16
2.1856788036586555e-02 1.5298179129939267e-16
2.3346008942667633e-02 1.2838838053836207e-16
2.4936698504774313e-02 1.0749959016726755e-16
2.6635770329956836e-02 8.9791062974747494e-17
2.8450609086618939e-02 7.4808376338831234e-17
3.0389102600469911e-02 6.2158191236483498e-17
3.2459676137345850e-02 5.1500610876537119e-17
3.4671329021906915e-02 4.2542255742710771e-17
3.7033673751361643e-02 3.5030281451701439e-17
3.9556977774221493e-02 2.8747073693487652e-17
4.2252208115667177e-02 2.3505709121951206e-17
4.5131079043482014e-02 1.9145821593556746e-17
4.8206102981722454e-02 1.5530100980612244e-17
5.1490644893411784e-02 1.2541191645167551e-17
5.4998980368620567e-02 1.0078939379222509e-17
5.8746357670399256e-02 8.0580659782516856e-18
6.2749064008239472e-02 6.4060802181428378e-18
6.7024496327099239e-02 5.0614974558641438e-18
7.1591236919668899e-02 3.9722802043641548e-18
7.6469134190508020e-02 3.0944839230546568e-18
8.1679388923078897e-02 2.3910916173481289e-18
8.7244646424618585e-02 1.8309899911788772e-18
9.3189094949338094e-02 1.3881018985351686e-18
9.9538570827725312e-02 1.0406303075128664e-18
1.0632067075887558e-01 7.7040816380498856e-19
1.1356487175390012e-01 5.6234490346372813e-19
1.2130265925173490e-01 4.0394803908982686e-19
1.2956766396416222e-01 2.8491750556642441e-19
1.3839580804482615e-01 1.9679852854161196e-19
1.4782546121753115e-01 1.3268767726195740e-19
1.5789760754240378e-01 8.6982910593660439e-20
1.6865602354473311e-01 5.5172659624058339e-20
1.8014746848069013e-01 3.3657319191700139e-20
1.9242188756687889e-01 1.9598740074841106e-20
2.0553262905700553e-01 1.0792505322840962e-20
2.1953667610916799e-01 5.5597949670983680e-21
2.3449489445149960e-01 2.6549461631408926e-21
2.5047229692261708e-01 1.1794367455143293e-21
2.6753832603663519e-01 5.1269120206440020e-22
2.8576715580086048e-01 2.5868065822239510e-22
3.0523801409795326e-01 1.8219983864515765e-22
3.2603552703372563e-01 1.5960650550942004e-22
3.4825008674721575e-01 1.4008742129142048e-22
3.7197824428163351e-01 1.1240139865833117e-22
3.9732312922375129e-01 8.1934908170865027e-23
4.2439489793556295e-01 5.6389289198080040e-23
4.5331121232639832e-01 3.9312824717827681e-23
4.8419775124636211e-01 2.9522916972375695e-23
5.1718875672376807e-01 2.3719501712009230e-23
5.5242761742067592e-01 1.9150584562927205e-23
5.9006749184240326e-01 1.4911934746675629e-23
6.3027197400966350e-01 1.1411009497828618e-23
6.7321580448654494e-01 9.1595668761514755e-24
7.1908562985463353e-01 8.0258409533004492e-24
7.6808081393426286e-01 7.4160266426376465e-24
8.2041430427858864e-01 6.8386823868126738e-24
8.7631355770660713e-01 6.1943495936411687e-24
9.3602152889772894e-01 5.5992783313164286e-24
9.9979772634463293e-01 5.1264684515576492e-24
1.0679193402538871e+00 4.7629035407433445e-24
1.1406824472965253e+00 4.4866361742006591e-24
1.2184032974447900e+00 4.2872976745992897e-24
1.3014196884879579e+00 4.1470456460896776e-24
1.3900924342014433e+00 4.0459315583346516e-24
1.4848069325500868e+00 3.9709488526839383e-24
1.5859748407416434e+00 3.9125707094000557e-24
1.6940358644106970e+00 3.8629502398214503e-24
1.8094596687093241e+00 3.8166244318991452e-24
1.9327479196106814e+00 3.7708364102670155e-24
2.0644364642976183e+00 3.7252782129161580e-24
2.2050976601129317e+00 3.6808406567217423e-24
2.3553428621935910e+00 3.6382567932653661e-24
2.5158250806007989e+00 3.5974986726710674e-24
2.6872418184948694e+00 3.5580454362476011e-24
2.8703381036900701e+00 3.5194148252067293e-24
3.0659097267657516e+00 3.4813728552398799e-24
3.2748066998074474e+00 3.4438403851433215e-24
3.4979369508106624e+00 3.4067782717294763e-24
3.7362702698043293e+00 3.3701640154737392e-24
3.9908425238449441e+00 3.3339652281165311e-24
4.2627601592010409e+00 3.2981439945028571e-24
4.5532050102955974e+00 3.2626668276780356e-24
4.8634394363080062e+00 3.2275187241184520e-24
5.1948118077600833e+00 3.1926873256953170e-24
5.5487623669329738e+00 3.1581587091677865e-24
5.9268294875858496e+00 3.1239242959914189e-24
6.3306563611830136e+00 3.0899740326606571e-24
6.7619981386897354e+00 3.0563033799545193e-24
7.2227295589771785e+00 3.0229075884636294e-24
7.7148530969917681e+00 2.9897836974143499e-24
8.2405076671030120e+00 2.9569256566588968e-24
8.8019779194579773e+00 2.9243308051384799e-24
9.4017041697459387e+00 2.8919979684456212e-24
1.0042293005531798e+01 2.8599230759971693e-24
1.0726528615256152e+01 2.8281062104432065e-24
1.1457384889141263e+01 2.7965441704648729e-24
1.2238038344597079e+01 2.7652403657770549e-24
1.3071881932304859e+01 2.7341880234739264e-24
1.3962539782983825e+01 2.7033915167889038e-24
1.4913882958934682e+01 2.6728445467464406e-24
1.5930046278820265e+01 2.6425385638691063e-24
1.7015446288810164e+01 2.6124656964435357e-24
1.8174800458195850e+01 2.5826172012470729e-24
1.9413147682906562e+01 2.5530011555453249e-24
2.0735870186040600e+01 2.5236222199787418e-24
2.2148716910597923e+01 2.4944955316852266e-24
2.3657828506085821e+01 2.4656285711286989e-24
2.5269764017596877e+01 2.4370288639493286e-24
2.6991529393357812e+01 2.4087007389243341e-24
2.8830607934651479e+01 2.3806477147629531e-24
3.0794992820456283e+01 2.3528686114038871e-24
3.2893221848164892e+01 2.3253645578228173e-24
3.5134414541375463e+01 2.2981348806949515e-24
3.7528311786036987e+01 2.2711756399056894e-24
4.0085318167219029e+01 2.2444831161790699e-24
4.2816547190514122e+01 2.2180524993380612e-24
4.5733869584618226e+01 2.1918805401499435e-24
4.8849964895026680e+01 2.1659607296118581e-24
5.2178376593087897e+01 2.1402852111141719e-24
5.5733570939929969e+01 2.1148471874595994e-24
5.9530999861112804e+01 2.0896416155537062e-24
6.3587168105260915e+01 2.0646647032227060e-24
6.7919704978580725e+01 2.0399151266787024e-24
7.2547440967036508e+01 2.0153899271717595e-24
7.7490489579208827e+01 1.9910909242976193e-24
8.2770334765548384e+01 1.9670158284722315e-24
8.8409924293975479e+01 1.9431567410987107e-24
9.4433769487662758e+01 1.9195106409211929e-24
1.0086805175849142e+02 1.8960785483770009e-24
1.0774073639920651e+02 1.8728621163648945e-24
1.1508169412884585e+02 1.8498610428051374e-24
1.2292283091971490e+02 1.8270754359443495e-24
1.3129822667017385e+02 1.8045038106337526e-24
1.4024428332595005e+02 1.7821410498373052e-24
1.4979988309375474e+02 1.7599834607019635e-24
1.6000655743484702e+02 1.7380280345955328e-24
1.7090866757304426e+02 1.7162750853516235e-24
1.8255359730170295e+02 1.6947242327686899e-24
1.9499195892770791e+02 1.6733768271928196e-24
2.0827781324750831e+02 1.6522324561221553e-24
2.2246890451132239e+02 1.6312882311417297e-24
2.3762691139671824e+02 1.6105441631035027e-24
2.5381771508237890e+02 1.5899931898607326e-24
2.7111168558717958e+02 1.5696354299798499e-24
2.8958398761909160e+02 1.5494725892577770e-24
3.0931490726322176e+02 1.5295047413621723e-24
3.3039020092887142e+02 1.5097301481464641e-24
3.5290146807224096e+02 1.4901472280885100e-24
3.7694654931474366e+02 1.4707595490187929e-24
4.0262995168726843e+02 1.4515608805762991e-24
4.3006330284862861e+02 1.4325529677743108e-24
4.5936583625236460e+02 1.4137346308563815e-24
4.9066490937057910e+02 1.3951026009460994e-24
5.2409655722715775e+02 1.3766568523155278e-24
5.5980608364619582e+02 1.3583922314821325e-24
5.9794869278537919e+02 1.3403104172371169e-24
6.3869016369909480e+02 1.3224025856657724e-24
6.8220757086326216e+02 1.3046756518154298e-24
7.2869005379331225e+02 1.2871241862599843e-24
7.7833963910044145e+02 1.2697412847237356e-24
8.3137211855898329e+02 1.2525420998990620e-24
8.8801798700124823e+02 1.2355114401824015e-24
9.4852344411620072e+02 1.2186533354168978e-24
1.0131514645060840e+03 1.2019671368479574e-24
1.0821829406517782e+03 1.1854575535989427e-24
1.1559179037545553e+03 1.1691273747630979e-24
1.2346768277603690e+03 1.1529677298993165e-24
1.3188020222343582e+03 1.1369909289738065e-24
1.4086591201394049e+03 1.1211765485905403e-24
1.5046386669850719e+03 1.1055300082523056e-24
1.6071578182538362e+03 1.0900434333267543e-24
1.7166621524821264e+03 1.0747164447238449e-24
1.8336276078763574e+03 1.0595517575662106e-24
1.9585625508810647e+03 1.0445474027374043e-24
2.0920099856897809e+03 1.0297057079566153e-24
2.2345499143016405e+03 1.0150192671265069e-24
2.3868018573817176e+03 1.0004962271429172e-24
2.5494275468808373e+03 9.8613552019507600e-25
2.7231338021182778e+03 9.7193423468971319e-25
2.9086756018274691e+03 9.5788711601346626e-25
3.1068593655167433e+03 9.4398828684564241e-25
3.3185464584068986e+03 9.3022728515011883e-25
3.5446569351790695e+03 9.1662044922439695e-25
3.7861735388043458e+03 9.0315772218974665e-25
4.0441459718352235e+03 8.8985699634684703e-25
4.3196954587231949e+03 8.7670915705575033e-25
4.6140196189916560e+03 8.6372039992066813e-25
4.9283976724443692e+03 8.5087890070040396e-25
5.2641959990328760e+03 8.3819335981425862e-25
5.6228740775476754e+03 8.2564238094426699e-25
6.0059908289444693e+03 8.1323763497826297e-25
6.4152113918754612e+03 8.0097175872645697e-25
6.8523143598741599e+03 7.8882896777144705e-25
7.3191995116487515e+03 7.7681855547293426e-25
7.8178960680814780e+03 7.6494647977068621e-25
8.3505715118231310e+03 7.5323254955458829e-25
8.9195410078129116e+03 7.4165009341961086e-25
9.5272774656697311e+03 7.3021790789962934e-25
1.0176422287688436e+04 7.1891362373993832e-25
1.0869796849154964e+04 7.0773961710296746e-25
1.1610414760877360e+04 6.9671192543110681e-25
1.2401494967229180e+04 6.8579447138689013e-25
1.3246475736633267e+04 6.7500455898483041e-25
1.4149029605292682e+04 6.6433844120978879e-25
1.5113079339118656e+04 6.5379889024887675e-25
1.6142814983230819e+04 6.4335805712746102e-25
1.7242712073131894e+04 6.3303824011889994e-25
1.8417551086707965e+04 6.2283690063503488e-25
1.9672438221598499e+04 6.1275987022481755e-25
2.1012827588240692e+04 6.0281780149184553e-25
2.2444544915045695e+04 5.9301446231009969e-25
2.3973812868736382e+04 5.8334588379049049e-25
2.5607278099896794e+04 5.7382308319362338e-25
2.7352040131278696e+04 5.6443059018276081e-25
2.9215682214428543e+04 5.5515801879941489e-25
3.1206304288738735e+04 5.4598713823455254e-25
3.3332558186178969e+04 5.3693343468876109e-25
3.5603685234715515e+04 5.2798874204050131e-25
3.8029556423854301e+04 5.1918950886753150e-25
4.0620715306879210e+04 5.1051391375355545e-25
4.3388423826251368e+04 5.0194022827656615e-25
4.6344711261340162e+04 4.9352501927462890e-25
4.9502426511227241e+04 4.8522934091957613e-25
5.2875293939820149e+04 4.7707847908866786e-25
5.6477973025994776e+04 4.6903524895893020e-25
6.0326122078024026e+04 4.6111491211580603e-25
6.4436466289214120e+04 4.5328619826486007e-25
6.8826870430538853e+04 4.4553095471654809e-25
7.3516416496214995e+04 4.3783243163223402e-25
7.8525486639689989e+04 4.3016538050540485e-25
8.3875851760507154e+04 4.2256419264575769e-25
8.9590766127065304e+04 4.1502116503346522e-25
9.5695068446551159e+04 4.0763518776533915e-25
1.0221528982129805e+05 4.0039939821030669e-25
1.0917976906080054e+05 3.9331944605331893e-25
1.1661877585055759e+05 3.8636913414552747e-25
1.2456464231307356e+05 3.7950230265461521e-25
1.3305190353282008e+05 3.7270797709342432e-25
1.4211744765592186e+05 3.6598054426459627e-25
1.5180067621694400e+05 3.5938478066536526e-25
1.6214367538960848e+05 3.5288890190978608e-25
1.7319139890574594e+05 3.4650070855546226e-25
1.8499186343750267e+05 3.4020869505215163e-25
1.9759635729199168e+05 3.3402288880396136e-25
2.1105966332543650e+05 3.2793009750212801e-25
2.2544029704565817e+05 3.2191879716554286e-25
2.4080076093776966e+05 3.1598944282976500e-25
2.5720781611845220e+05 3.1011538004334297e-25
2.7473277249950322e+05 3.0433271197901432e-25
2.9345179872179701e+05 2.9862763288929477e-25
3.1344625320669520e+05 2.9298027716294767e-25
3.3480303776382329e+05 2.8738165235014906e-25
3.5761497529200575e+05 2.8183845327522070e-25
3.8198121321502747e+05 2.7638250235618537e-25
4.0800765440564591e+05 2.7099660218336744e-25
4.3580741747078125e+05 2.6567716634036219e-25
4.6550132839842053e+05 2.6048535025746706e-25
4.9721844570307754e+05 2.5537588095102763e-25
5.3109662135224778e+05 2.5033866828747795e-25
5.6728309991180804e+05 2.4535873002919316e-25
6.0593515851442621e+05 2.4046507907130167e-25
6.4722079043247085e+05 2.3565895594506893e-25
6.9131943522643321e+05 2.3090806253926861e-25
7.3842275864229922e+05 2.2624615040094897e-25
7.8873548564753914e+05 2.2163083591496127e-25
8.4247629022633343e+05 2.1709134767862995e-25
8.9987874580134882e+05 2.1262556953565609e-25
9.6119234041287773e+05 2.0827305696237922e-25
1.0266835610676295e+06 2.0401629230741583e-25
1.0966370519699673e+06 1.9983063040124571e-25
1.1713568516698617e+06 1.9570079088927773e-25
1.2511677145042389e+06 1.9158945947241141e-25
1.3364165220753439e+06 1.8751376441631128e-25
1.4274737909007217e+06 1.8351987662353651e-25
1.5247352827875307e+06 1.7961853378569405e-25
1.6286237249303430e+06 1.7580277381042704e-25
1.7395906472084932e+06 1.7212415444242843e-25
1.8581183446684075e+06 1.6851642778632113e-25
1.9847219737204420e+06 1.6495890234127701e-25
2.1199517911609276e+06 1.6136608160032767e-25
2.2643955457508597e+06 1.5779978408423448e-25
2.4186810327457595e+06 1.5429685663780521e-25
2.5834788224794283e+06 1.5085492647786129e-25
2.7595051748608439e+06 1.4750462377949578e-25
2.9475251524514523e+06 1.4414199361365062e-25
3.1483559456532174e+06 1.4066571906447839e-25
3.3628704244596674e+06 1.3710574530705814e-25
3.5920009322069758e+06 1.3362560903039829e-25
3.8367433378134659e+06 1.3032626640012388e-25
4.0981613641206580e+06 1.2710989103668885e-25
4.3773912111469535e+06 1.2402704786095336e-25
4.6756464943488352e+06 1.2087377360472628e-25
4.9942235193523876e+06 1.1764124644371509e-25
5.3345069160807449e+06 1.1436638405327322e-25
5.6979756567650335e+06 1.1120953493900471e-25
6.0862094839948816e+06 1.0816422097684042e-25
6.5008957767466875e+06 1.0514265548471444e-25
6.9438368842314500e+06 1.0226385702136426e-25
7.4169579594372166e+06 9.9209171125784363e-26
7.9223153264130531e+06 9.6247378615976424e-26
8.4621054176612180e+06 9.3231829544986192e-26
9.0386743204820883e+06 9.0377607194106209e-26
9.6545279737630803e+06 8.7579655860645376e-26
1.0312343059529817e+07 8.4926890044135646e-26
1.1014978636597449e+07 8.2363903373867705e-26
1.1765488566885605e+07 7.9835027904106186e-26
1.2567134788404269e+07 7.7430632821940390e-26
1.3423401492601728e+07 7.5075469518218469e-26
1.4338010267689817e+07 7.2822453334426309e-26
1.5314936273766577e+07 7.0561493485521846e-26
1.6358425520037116e+07 6.8356119439275141e-26
1.7473013319224745e+07 6.6165019975193449e-26
1.8663543999380730e+07 6.4035038096635855e-26
1.9935191958766010e+07 6.1979627948261896e-26
2.1293484155315589e+07 5.9977866586335994e-26
2.2744324128431533e+07 5.8063985166044110e-26
2.4294017657510307e+07 5.6154015466220840e-26
2.5949300168724038e+07 5.4301398122110158e-26
2.7717366009173676e+07 5.2456252608685045e-26
2.9605899715648185e+07 5.0697080989422971e-26
3.1623109413892973e+07 4.8996714164340920e-26
3.3777762493550763e+07 4.7358088851655917e-26
3.6079223713828623e+07 4.5781938078119034e-26
3.8537495905509762e+07 4.4249977987524023e-26
4.1163263446213648e+07 4.2805882449922217e-26
4.3967938697856799e+07 4.1444357911315394e-26
4.6963711608155169e+07 4.0095509048534769e-26
5.0163602691737726e+07 3.8805702190456718e-26
5.3581519621152565e+07 3.7494107097390552e-26
5.7232317673722945e+07 3.6211404439865765e-26
6.1131864296973847e+07 3.4946723340782938e-26
6.5297108073249348e+07 3.3735024024993148e-26
6.9746152383261561e+07 3.2608685324472648e-26
7.4498334088734657e+07 3.1531111677180103e-26
7.9574307576121897e+07 3.0561052463557152e-26
8.4996134526674777e+07 2.9678741149367117e-26
9.0787379803031132e+07 2.8915630061388091e-26
9.6973213869074062e+07 2.8206563188932184e-26
1.0358052218820852e+08 2.7445985891934047e-26
1.1063802207553256e+08 2.6805011376215283e-26
1.1817638751177780e+08 2.6193951786131916e-26
1.2622838246149701e+08 2.5669665786206129e-26
1.3482900327493915e+08 2.5102064332466056e-26
1.4401563079253498e+08 2.4545093196684083e-26
1.5382819281307015e+08 2.4097642908136967e-26
1.6430933763171533e+08 2.3657344347840190e-26
1.7550461940211487e+08 2.3319372757810397e-26
1.8746269612820688e+08 2.2947637919134434e-26
2.0023554114629170e+08 2.2637131908364907e-26
2.1387866901651493e+08 2.2360880795829887e-26
2.2845137680555621e+08 2.2141723152546217e-26
2.4401700180920941e+08 2.1933590607932509e-26
2.6064319683499289e+08 2.1690122764162854e-26
2.7840222424124926e+08 2.1446147582585740e-26
2.9737127001071584e+08 2.1182109424649810e-26
3.1763277922362214e+08 2.0867494110597254e-26
3.3927481438837945e+08 2.0522415583405452e-26
3.6239143818727416e+08 2.0122514208304867e-26
3.8708312230068976e+08 1.9682544348361992e-26
4.1345718408673030e+08 1.9206118559246124e-26
4.4162825301418155e+08 1.8714203394818460e-26
4.7171876887606734e+08 1.8213003330056777e-26
5.0385951394919187e+08 1.7743140159406390e-26
5.3819018141254222e+08 1.7276160193868341e-26
5.7485998249518549e+08 1.6869423639245927e-26
6.1402829499234653e+08 1.6436829143181771e-26
6.5586535596842623e+08 1.6019780932849947e-26
7.0055300165760624e+08 1.5541785140902766e-26
7.4828545777787387e+08 1.4979611127508874e-26
7.9927018369340658e+08 1.4419829669216810e-26
8.5372877409429395e+08 1.3813292223019459e-26
9.1189792211256564e+08 1.3343405673748281e-26
9.7403044806050980e+08 1.2871139017257851e-26
1.0403963982624849e+09 1.2434614089630408e-26
1.1112842187560730e+09 1.1848647730310312e-26
1.1870020089638228e+09 1.1199860666649679e-26
1.2678788607844179e+09 1.0562904727273836e-26
1.3542662889233465e+09 9.9299816639611590e-27
1.4465397586797221e+09 9.3362608297097224e-27
1.5451003178294621e+09 8.7515238942109607e-27
1.6503763396974726e+09 8.2767854317367578e-27
1.7628253849947755e+09 7.8294374292472821e-27
1.8829361905125031e+09 7.4964156024731695e-27
2.0112307933166308e+09 7.2187246793663395e-27
2.1482667996752725e+09 6.7621883440087508e-27
2.2946398085803790e+09 5.9870019920646057e-27
2.4509860003970180e+09 4.7353943112071149e-27
2.6179849018912983e+09 3.6455057318404530e-27
2.7963623396545658e+09 2.2308852590386203e-27
