# #Columns: f_hz, Omega_GW
7.0557390363440909e-20 2.2236015566945173e-23
7.5147527186508148e-20 2.3212352803746834e-23
8.0036277038571171e-20 2.6961550972574908e-23
8.5243066299392700e-20 3.4206976815175728e-23
9.0788585138971869e-20 4.5565051083620530e-23
9.6694869733880648e-20 5.2794987913608761e-23
1.0298538983221395e-19 5.9699033478910664e-23
1.0968514201510789e-19 6.8449908953782442e-23
1.1682074902542298e-19 7.3229596870353087e-23
1.2442056555828798e-19 7.8134662805048181e-23
1.3251479093388870e-19 8.0915676880978525e-23
1.4113558910022603e-19 8.3774428609704373e-23
1.5031721644269510e-19 8.5130700247110330e-23
1.6009615790836571e-19 8.5894162373525186e-23
1.7051127198587761e-19 8.6400481405636875e-23
1.8160394511705302e-19 8.6448809923789991e-23
1.9341825615381684e-19 8.6349021140636119e-23
2.0600115151391938e-19 8.6128450537722196e-23
2.1940263173147888e-19 8.5879843823874683e-23
2.3367595014363943e-19 8.5628651648650924e-23
2.4887782450286051e-19 8.5343741396919563e-23
2.6506866235572060e-19 8.5059017075977788e-23
2.8231280108382438e-19 8.4756919806105029e-23
3.0067876356065569e-19 8.4455612431400239e-23
3.2023953044028214e-19 8.4145104045727545e-23
3.4107283015990080e-19 8.3832631174951139e-23
3.6326144780860404e-19 8.3521078606680413e-23
3.8689355408971917e-19 8.3205903461360531e-23
4.1206305568391002e-19 8.2891635001911057e-23
4.3886996840527848e-19 8.2575630903369037e-23
4.6742081463327591e-19 8.2259742420080138e-23
4.9782904659968919e-19 8.1944726148463837e-23
5.3021549721271611e-19 8.1629353907193229e-23
5.6470886020957088e-19 8.1314835912573477e-23
6.0144620154558668e-19 8.1000450269746513e-23
6.4057350405192657e-19 8.0686905792319420e-23
6.8224624752620160e-19 8.0373776119644760e-23
7.2663002656109116e-19 8.0061355138279868e-23
7.7390120856603847e-19 7.9749760601654715e-23
8.2424763459678100e-19 7.9438793096852253e-23
8.7786936577760193e-19 7.9128647953074749e-23
9.3497947828236213e-19 7.8819205524838951e-23
9.9580491003330438e-19 7.8510546551951793e-23
1.0605873624821596e-18 7.8202703161177581e-23
1.1295842610569615e-18 7.7895619854290209e-23
1.2030697780910681e-18 7.7589348768911300e-23
1.2813359222992061e-18 7.7283855839548948e-23
1.3646936991297943e-18 7.6979163111026282e-23
1.4534743466043803e-18 7.6675278197294229e-23
1.5480306515550965e-18 7.6372184778508580e-23
1.6487383514904046e-18 7.6069897286736632e-23
1.7559976276597288e-18 7.5768404893086472e-23
1.8702346952499708e-18 7.5467716401891567e-23
1.9919034970328230e-18 7.5167824503693369e-23
2.1214875071929279e-18 7.4868732894481133e-23
2.2595016525047544e-18 7.4570442107358133e-23
2.4064943584923222e-18 7.4272948070844310e-23
2.5630497287025892e-18 7.3976252458027648e-23
2.7297898657523019e-18 7.3680352496376405e-23
2.9073773433713385e-18 7.3385247231167445e-23
3.0965178392657951e-18 7.3090937543405879e-23
3.2979629392629054e-18 7.2797419443293410e-23
3.5125131238806344e-18 7.2504693977469730e-23
3.7410209491896780e-18 7.2212759670802371e-23
3.9843944346075707e-18 7.1921615798279884e-23
4.2436006710869799e-18 7.1631261679703320e-23
4.5196696640360403e-18 7.1341695192813608e-23
4.8136984262412411e-18 7.1052916252572126e-23
5.1268553370569037e-18 7.0764922484301302e-23
5.4603847851833928e-18 7.0477713624999970e-23
5.8156121134828347e-18 7.0191288011377560e-23
6.1939488854817686e-18 6.9905644636091060e-23
6.5968984944879660e-18 6.9620782374929718e-23
7.0260621376103924e-18 6.9336700590722275e-23
7.4831451784212942e-18 6.9053398589564965e-23
7.9699639235435231e-18 6.8770874547407950e-23
8.4884528400912283e-18 6.8489128222021624e-23
9.0406722426438536e-18 6.8208157929724233e-23
9.6288164802989735e-18 6.7927962379026866e-23
1.0255222656336881e-17 6.7648539713633994e-23
1.0922379915146091e-17 6.7369889108667599e-23
1.1632939333313269e-17 6.7092010923216534e-23
1.2389724454181556e-17 6.6814903810970625e-23
1.3195742507738460e-17 6.6538567163535175e-23
1.4054196360417614e-17 6.6262999738372522e-23
1.4968497242299371e-17 6.5988200381229582e-23
1.5942278302283968e-17 6.5714167110766474e-23
1.6979409045101447e-17 6.5440899318312871e-23
1.8084010707526633e-17 6.5168395730201681e-23
1.9260472634899290e-17 6.4896655075843707e-23
2.0513469723024851e-17 6.4625676208234326e-23
2.1847980994764264e-17 6.4355458145046033e-23
2.3269309385130883e-17 6.4085999678317500e-23
2.4783102813513891e-17 6.3817300253551986e-23
2.6395376626763005e-17 6.3549358350658499e-23
2.8112537502316146e-17 6.3282173171265162e-23
2.9941408906354060e-17 6.3015743983244238e-23
3.1889258208144291e-17 6.2750069490914788e-23
3.3963825558318626e-17 6.2485148933377473e-23
3.6173354645837801e-17 6.2220980154635195e-23
3.8526625455861422e-17 6.1957562586097140e-23
4.1032989158693313e-17 6.1694894396429825e-23
4.3702405268439695e-17 6.1432974629036060e-23
4.6545481219037912e-17 6.1171802087004786e-23
4.9573514514917694e-17 6.0911376589859653e-23
5.2798537623789447e-17 6.0651697661982457e-23
5.6233365789948869e-17 6.0392763092997565e-23
5.9891647958094261e-17 6.0134572343883524e-23
6.3787921010010765e-17 5.9877123285046696e-23
6.7937667529641955e-17 5.9620415038280457e-23
7.2357377326089929e-17 5.9364447225148767e-23
7.7064612959015811e-17 5.9109218733403173e-23
8.2078079526819752e-17 5.8854728239089806e-23
8.7417698994915913e-17 5.8600974651491968e-23
9.3104689359461418e-17 5.8347957679694320e-23
9.9161648961109746e-17 5.8095674838195484e-23
1.0561264628382675e-16 5.7844126176695607e-23
1.1248331559560086e-16 5.7593309643084796e-23
1.1980095881109564e-16 5.7343224876244356e-23
1.2759465398101369e-16 5.7093871491628308e-23
1.3589537083927537e-16 5.6845247425219282e-23
1.4473609386716290e-16 5.6597352439281891e-23
1.5415195336344617e-16 5.6350182870830683e-23
1.6418036504132373e-16 5.6103739935031344e-23
1.7486117870689359e-16 5.5858021575492394e-23
1.8623683660995748e-16 5.5613027177403651e-23
1.9835254209639287e-16 5.5368756144337549e-23
2.1125643923226827e-16 5.5125206797994630e-23
2.2499980411346899e-16 5.4882378341381025e-23
2.3963724862104337e-16 5.4640269332905633e-23
2.5522693743192536e-16 5.4398878398456770e-23
2.7183081914736873e-16 5.4158203435871982e-23
2.8951487245752857e-16 5.3918245388751640e-23
3.0834936832036681e-16 5.3679002566249859e-23
3.2840914919670442e-16 5.3440474709736335e-23
3.4977392645100920e-16 5.3202659922212778e-23
3.7252859709970502e-16 5.2965557712915187e-23
3.9676358116565362e-16 5.2729166677410178e-23
4.2257518097935847e-16 5.2493485709293728e-23
4.5006596385463695e-16 5.2258513838382817e-23
4.7934516965940257e-16 5.2024249326475424e-23
5.1052914490111016e-16 5.1790691736818163e-23
5.4374180505178656e-16 5.1557839517579281e-23
5.7911512694979173e-16 5.1325691352000458e-23
6.1678967323495022e-16 5.1094245720312988e-23
6.5691515090100490e-16 5.0863501736963357e-23
6.9965100618490168e-16 5.0633458868181545e-23
7.4516705815682075e-16 5.0404115452225618e-23
7.9364417352862823e-16 5.0175471516540450e-23
8.4527498536225441e-16 4.9947525859618357e-23
9.0026465853388673e-16 4.9720276385782257e-23
9.5883170499573338e-16 4.9493723152285848e-23
1.0212088520749388e-15 4.9267863580101372e-23
1.0876439672599815e-15 4.9042698655197838e-23
1.1584010431494237e-15 4.8818225753067011e-23
1.2337612464768239e-15 4.8594444519705811e-23
1.3140240353803764e-15 4.8371354547714915e-23
1.3995083493569332e-15 4.8148952978838772e-23
1.4905538766288976e-15 4.7927239940985009e-23
1.5875224039601572e-15 4.7706213055352370e-23
1.6907992542847896e-15 4.7485872733953817e-23
1.8007948178611967e-15 4.7266216964649314e-23
1.9179461830360628e-15 4.7047245413725577e-23
2.0427188730982599e-15 4.6828956459848962e-23
2.1756086961243785e-15 4.6611349272783062e-23
2.3171437151666951e-15 4.6394422303600040e-23
2.4678863466123794e-15 4.6178175026622762e-23
2.6284355950522638e-15 4.5962606006448569e-23
2.7994294335398251e-15 4.5747713906883869e-23
2.9815473386987363e-15 4.5533497894200772e-23
3.1755129907528112e-15 4.5319955939754443e-23
3.3820971492073924e-15 4.5107088437024648e-23
3.6021207156091830e-15 4.4894893542605871e-23
3.8364579955550918e-15 4.4683371436435612e-23
4.0860401729122721e-15 4.4472519825519792e-23
4.3518590100547255e-15 4.4262338708380927e-23
4.6349707888202762e-15 4.4052826221446897e-23
4.9365005078478182e-15 4.3843981188147990e-23
5.2576463529739492e-15 4.3635802822742113e-23
5.5996844584529115e-15 4.3428289512274385e-23
5.9639739779193240e-15 4.3221440979094246e-23
6.3519624852443602e-15 4.3015254833812973e-23
6.7651917267465951e-15 4.2809730589177285e-23
7.2053037476149215e-15 4.2604867191432626e-23
7.6740474168882567e-15 4.2400663215892446e-23
8.1732853769202160e-15 4.2197118668190553e-23
8.7050014449435615e-15 4.1994231616130272e-23
9.2713084961464151e-15 4.1792001638977008e-23
9.8744568595845895e-15 4.1590426325975336e-23
1.0516843260293247e-14 4.1389505316973994e-23
1.1201020343130927e-14 4.1189237898412892e-23
1.1929706816200524e-14 4.0989622620754982e-23
1.2705798254154406e-14 4.0790659151753897e-23
1.3532378604312547e-14 4.0592345843759413e-23
1.4412732441315100e-14 4.0394681847482657e-23
1.5350358019006143e-14 4.0197665376879664e-23
1.6348981171412506e-14 4.0001295662706789e-23
1.7412570118055502e-14 3.9805571429472493e-23
1.8545351232428180e-14 3.9610492068421548e-23
1.9751825836296062e-14 3.9416056520459727e-23
2.1036788086557620e-14 3.9222263602602689e-23
2.2405344025741044e-14 3.9029112296130471e-23
2.3862931871837619e-14 3.8836601593769581e-23
2.5415343628098064e-14 3.8644730365129786e-23
2.7068748098662029e-14 3.8453497566933301e-23
2.8829715401477394e-14 3.8262901853485208e-23
3.0705243075916913e-14 3.8072942327800245e-23
3.2702783888835425e-14 3.7883617180851440e-23
3.4830275449559690e-14 3.7694926105388049e-23
3.7096171751493185e-14 3.7506868057418869e-23
3.9509476765670458e-14 3.7319441753787902e-23
4.2079780219753207e-14 3.7132646425292569e-23
4.4817295704642039e-14 3.6946480243180439e-23
4.7732901260127013e-14 3.6760942262253326e-23
5.0838182600853295e-14 3.6576031422237842e-23
5.4145479154367894e-14 3.6391746711568547e-23
5.7667933094187387e-14 3.6208087447778154e-23
6.1419541562730638e-14 3.6025052417666261e-23
6.5415212291633853e-14 3.5842640755794914e-23
6.9670822840463905e-14 3.5660851416949435e-23
7.4203283689230068e-14 3.5479682829491750e-23
7.9030605435400004e-14 3.5299133861571381e-23
8.4171970362443539e-14 3.5119203318316844e-23
8.9647808664294447e-14 3.4939889800909800e-23
9.5479879628620792e-14 3.4761193266172988e-23
1.0169135810150420e-13 3.4583112500409414e-23
1.0830692657711055e-13 3.4405646335083091e-23
1.1535287327828598e-13 3.4228793950966789e-23
1.2285719661782381e-13 3.4052553580567515e-23
1.3084971645549744e-13 3.3876924295460387e-23
1.3936219259295780e-13 3.3701904702016259e-23
1.4842845097736336e-13 3.3527493911604721e-23
1.5808451811522963e-13 3.3353691137449605e-23
1.6836876423062326e-13 3.3180495068787890e-23
1.7932205573656524e-13 3.3007904791696884e-23
1.9098791762551370e-13 3.2835918942110968e-23
2.0341270642422200e-13 3.2664536347144148e-23
2.1664579440023897e-13 3.2493756567594037e-23
2.3073976575202604e-13 3.2323578295163710e-23
2.4575062556229798e-13 3.2154000449567493e-23
2.6173802234490061e-13 3.1985022231501649e-23
2.7876548506955081e-13 3.1816642187172915e-23
2.9690067560631628e-13 3.1648859513666453e-23
3.1621565759295489e-13 3.1481672430333921e-23
3.3678718279352226e-13 3.1315080140510120e-23
3.5869699608614405e-13 3.1149081336351949e-23
3.8203216029187299e-13 3.0983675515421688e-23
4.0688540213541211e-13 3.0818861243192706e-23
4.3335548071243948e-13 3.0654637780852814e-23
4.6154757992770242e-13 3.0491004293205653e-23
4.9157372646332282e-13 3.0327959272734126e-23
5.2355323493818295e-13 3.0165501513222720e-23
5.5761318202730946e-13 3.0003629725632510e-23
5.9388891142528133e-13 2.9842342943669566e-23
6.3252457166020095e-13 2.9681640077971975e-23
6.7367368889536151e-13 2.9521520248729676e-23
7.1749977699473625e-13 2.9361982315902356e-23
7.6417698727648934e-13 2.9203025414676154e-23
8.1389080053645039e-13 2.9044648032246268e-23
8.6683876409143124e-13 2.8886849965315360e-23
9.2323127677114942e-13 2.8729629445979587e-23
9.8329242497810287e-13 2.8572985762497221e-23
1.0472608731376267e-12 2.8416917663656111e-23
1.1153908120764846e-12 2.8261423393839345e-23
1.1879529690986064e-12 2.8106502350165030e-23
1.2652356837716388e-12 2.7952153030490816e-23
1.3475460536992068e-12 2.7798375154851989e-23
1.4352111548318107e-12 2.7645167341274470e-23
1.5285793411654681e-12 2.7492529024854437e-23
1.6280216289927506e-12 2.7340458695212364e-23
1.7339331712067828e-12 2.7188955342112583e-23
1.8467348275165933e-12 2.7038017579410811e-23
1.9668748368134304e-12 2.6887644349297125e-23
2.0948305983334825e-12 2.6737834648243705e-23
2.2311105686947509e-12 2.6588587356911934e-23
2.3762562823464088e-12 2.6439901688703838e-23
2.5308445034591711e-12 2.6291775921393277e-23
2.6954895178077195e-12 2.6144209557682430e-23
2.8708455737523825e-12 2.5997201184055960e-23
3.0576094820197197e-12 2.5850750619832658e-23
3.2565233846128330e-12 2.5704856055886080e-23
3.4683777038541541e-12 2.5559516843396107e-23
3.6940142832792253e-12 2.5414731358365192e-23
3.9343297328625396e-12 2.5270498376614385e-23
4.1902789918682685e-12 2.5126817008789511e-23
4.4628791234834665e-12 2.4983685661590448e-23
4.7532133563126587e-12 2.4841104446751221e-23
5.0624353887931940e-12 2.4699071515800196e-23
5.3917739736360067e-12 2.4557586408148044e-23
5.7425378005088573e-12 2.4416647249508899e-23
6.1161206963642161e-12 2.4276253018377925e-23
6.5140071640764685e-12 2.4136402786371100e-23
6.9377782813972115e-12 2.3997095708938337e-23
7.3891179836690939e-12 2.3858330866131730e-23
7.8698197552641358e-12 2.3720107289291026e-23
8.3817937563356939e-12 2.3582423755070617e-23
8.9270744132042772e-12 2.3445278852514546e-23
9.5078285025383893e-12 2.3308671574806274e-23
1.0126363761454672e-11 2.3172600545821501e-23
1.0785138057751625e-11 2.3037065112910884e-23
1.1486769156715884e-11 2.2902064084570313e-23
1.2234045123311617e-11 2.2767596360224481e-23
1.3029935401088582e-11 2.2633660962809857e-23
1.3877602611832136e-11 2.2500257006438749e-23
1.4780415122844063e-11 2.2367383227800927e-23
1.5741960431792127e-11 2.2235038687388187e-23
1.6766059422316500e-11 2.2103221946523919e-23
1.7856781547039338e-11 2.1971932164413091e-23
1.9018460998310538e-11 2.1841168040756150e-23
2.0255713930947955e-11 2.1710928607036683e-23
2.1573456805408612e-11 2.1581213025797290e-23
2.2976925924281558e-11 2.1452019942810612e-23
2.4471698239735235e-11 2.1323348410910415e-23
2.6063713514600112e-11 2.1195197401089005e-23
2.7759297925148641e-11 2.1067565809302341e-23
2.9565189199363565e-11 2.0940452608866546e-23
3.1488563390584640e-11 2.0813856653901833e-23
3.3537063392924522e-11 2.0687776739520512e-23
3.5718829311766683e-11 2.0562212034298228e-23
3.8042530810026055e-11 2.0437161033315759e-23
4.0517401558707304e-11 2.0312622786243368e-23
4.3153275928658256e-11 2.0188596447777144e-23
4.5960628069317299e-11 2.0065080824096219e-23
4.8950613529742925e-11 1.9942074785754911e-23
5.2135113587316210e-11 1.9819577244294613e-23
5.5526782460261392e-11 1.9697587057693158e-23
5.9139097591595404e-11 1.9576103143906971e-23
6.2986413204316724e-11 1.9455124450497293e-23
6.7084017340649095e-11 1.9334650187872888e-23
7.1448192611991825e-11 1.9214679310300478e-23
7.6096280900980218e-11 1.9095210605965186e-23
8.1046752272764829e-11 1.8976243131149869e-23
8.6319278369336521e-11 1.8857775505451188e-23
9.1934810578546002e-11 1.8739806874254489e-23
9.7915663288440652e-11 1.8622336319605945e-23
1.0428560255773961e-10 1.8505362396651057e-23
1.1106994055479866e-10 1.8388884078503525e-23
1.1829563614034030e-10 1.8272900135592861e-23
1.2599140199362654e-10 1.8157409932244085e-23
1.3418781870776349e-10 1.8042412097280618e-23
1.4291745630752232e-10 1.7927905681721397e-23
1.5221500367254208e-10 1.7813889575514433e-23
1.6211740638020586e-10 1.7700362582283410e-23
1.7266401351594094e-10 1.7587323654198737e-23
1.8389673403431181e-10 1.7474771617043299e-23
1.9586020329224004e-10 1.7362705848914191e-23
2.0860196041611099e-10 1.7251125062436116e-23
2.2217263720755454e-10 1.7140028444481491e-23
2.3662615933856570e-10 1.7029414451367190e-23
2.5201996063544118e-10 1.6919282112455399e-23
2.6841521130304594e-10 1.6809630330383746e-23
2.8587706099628397e-10 1.6700457972454676e-23
3.0447489770467161e-10 1.6591764428191295e-23
3.2428262347875219e-10 1.6483547985986399e-23
3.4537894809398311e-10 1.6375808113077042e-23
3.6784770181903305e-10 1.6268543452622151e-23
3.9177816853134814e-10 1.6161752733479076e-23
4.1726544050366061e-10 1.6055435107783361e-23
4.4441079627126239e-10 1.5949589292796300e-23
4.7332210308158695e-10 1.5844214737371387e-23
5.0411424552528235e-10 1.5739309893965620e-23
5.3690958205203187e-10 1.5634873807654233e-23
5.7183843118519865e-10 1.5530905385726852e-23
6.0903958936732308e-10 1.5427403432252278e-23
6.4866088249424578e-10 1.5324367024421689e-23
6.9085975332950800e-10 1.5221795060428695e-23
7.3580388713318881e-10 1.5119686721972631e-23
7.8367187799125148e-10 1.5018040734475543e-23
8.3465393849321739e-10 1.4916856285173233e-23
8.8895265557815071e-10 1.4816131984919022e-23
9.4678379555249788e-10 1.4715867035506906e-23
1.0083771614786353e-09 1.4616060119546733e-23
1.0739775063411805e-09 1.4516710051171371e-23
1.1438455056196380e-09 1.4417815929933503e-23
1.2182587931321104e-09 1.4319376383649259e-23
1.2975130642662427e-09 1.4221390848628178e-23
1.3819232509812185e-09 1.4123857954080018e-23
1.4718247732499357e-09 1.4026776599268535e-23
1.5675748719142624e-09 1.3930145987903977e-23
1.6695540282496286e-09 1.3833964752740886e-23
1.7781674758799056e-09 1.3738231971616824e-23
1.8938468110505232e-09 1.3642946421132104e-23
2.0170517076584342e-09 1.3548106877925518e-23
2.1482717438539705e-09 1.3453712730066219e-23
2.2880283474730297e-09 1.3359762523570904e-23
2.4368768680299882e-09 1.3266255584273908e-23
2.5954087835048637e-09 1.3173190435983740e-23
2.7642540506939151e-09 1.3080566284086221e-23
2.9440836084630717e-09 1.2988381879609965e-23
3.1356120438514171e-09 1.2896636160714965e-23
3.3396004316191237e-09 1.2805327993507430e-23
3.5568593585230931e-09 1.2714456290419741e-23
3.7882521443380313e-09 1.2624020306982508e-23
4.0346982724221367e-09 1.2534018666678261e-23
4.2971770434596489e-09 1.2444450603850372e-23
4.5767314668988167e-09 1.2355314483280492e-23
4.8744724055487693e-09 1.2266609442130062e-23
5.1915829898048315e-09 1.2178334305715773e-23
5.5293233190427010e-09 1.2090488075761723e-23
5.8890354688635383e-09 1.2003069825497661e-23
6.2721488240874152e-09 1.1916078528510549e-23
6.6801857586864004e-09 1.1829513275077155e-23
7.1147676852277569e-09 1.1743372758627527e-23
7.5776214978661174e-09 1.1657655793032786e-23
8.0705864344866276e-09 1.1572361130237558e-23
8.5956213852673109e-09 1.1487487805156472e-23
9.1548126767029111e-09 1.1403034605219466e-23
9.7503823620209740e-09 1.1319000664463155e-23
1.0384697050933933e-08 1.1235384812148948e-23
1.1060277313814325e-08 1.1152185968805793e-23
1.1779807697661705e-08 1.1069403045560746e-23
1.2546147393661895e-08 1.0987034889534684e-23
1.3362341598728665e-08 1.0905080417569956e-23
1.4231633616174169e-08 1.0823538451982373e-23
1.5157477743593212e-08 1.0742407845149163e-23
1.6143552999173199e-08 1.0661687330931418e-23
1.7193777740974804e-08 1.0581375864672228e-23
1.8312325237274750e-08 1.0501472220040649e-23
1.9503640249842858e-08 1.0421975240623601e-23
2.0772456696050931e-08 1.0342883853947333e-23
2.2123816459995947e-08 1.0264196811901268e-23
2.3563089427387662e-08 1.0185912943991414e-23
2.5095994823813948e-08 1.0108030981247843e-23
2.6728623941174051e-08 1.0030549476191885e-23
2.8467464342588132e-08 9.9534672166140125e-24
3.0319425641967033e-08 9.8767828078255833e-24
3.2291866960680508e-08 9.8004950912508323e-24
3.4392626170428782e-08 9.7246024578874756e-24
3.6630051038521177e-08 9.6491035780635188e-24
3.9013032399320961e-08 9.5739968605925661e-24
4.1551039483670545e-08 9.4992808160796934e-24
4.4254157546686857e-08 9.4249538398116331e-24
4.7133127943445255e-08 9.3510142977460027e-24
5.0199390811801562e-08 9.2774607684815382e-24
5.3465130531962437e-08 9.2042911769052050e-24
5.6943324143442846e-08 9.1315039540444473e-24
6.0647792911807477e-08 9.0590968618648175e-24
6.4593257250104153e-08 8.9870678827909760e-24
6.8795395213233442e-08 8.9154148195049492e-24
7.3270904797688782e-08 8.8441352983112902e-24
7.8037570294228728e-08 8.7732270578550602e-24
8.3114332957149241e-08 8.7026872687022109e-24
8.8521366270968771e-08 8.6325131818102296e-24
9.4280156113614625e-08 8.5627016715720164e-24
1.0041358613465816e-07 8.4932492353802991e-24
1.0694602868785897e-07 8.4241525236604971e-24
1.1390344167935880e-07 8.3554077887842242e-24
1.2131347171637394e-07 8.2870109793963048e-24
1.2920556396625964e-07 8.2189577677280026e-24
1.3761107916249591e-07 8.1512433634015639e-24
1.4656341822254512e-07 8.0838625101315567e-24
1.5609815497276525e-07 8.0168093642755511e-24
1.6625317750779057e-07 7.9500778579511376e-24
1.7706883874610400e-07 7.8836611736862429e-24
1.8858811678005190e-07 7.8175522748651716e-24
2.0085678565748709e-07 7.7517431882923373e-24
2.1392359727368076e-07 7.6862254570342909e-24
2.2784047509627213e-07 7.6209895696308182e-24
2.4266272049306979e-07 7.5560250626375740e-24
2.5844923248257808e-07 7.4913206500307855e-24
2.7526274178048420e-07 7.4268637407299869e-24
2.9317006007211652e-07 7.3626408493927374e-24
3.1224234550141257e-07 7.2986368255409042e-24
3.3255538543137990e-07 7.2348352282122062e-24
3.5418989759963158e-07 7.1712179880439456e-24
3.7723185086570387e-07 7.1077659175653154e-24
4.0177280682472146e-07 7.0444597359628888e-24
4.2791028364485131e-07 6.9812826065500815e-24
4.5574814357433421e-07 6.9182249201864624e-24
4.8539700565794309e-07 6.8552936928266975e-24
5.1697468530284705e-07 6.7925304840738380e-24
5.5060666244059085e-07 6.7300433447820353e-24
5.8642658014554279e-07 6.6680650735966109e-24
6.2457677569112907e-07 6.6070558270857684e-24
6.6520884615412379e-07 6.5478826815376990e-24
7.0848425081455634e-07 6.4921297654627554e-24
7.5457495274494168e-07 6.4426342518017120e-24
8.0366410213833132e-07 6.4043919527145490e-24
8.5594676409054682e-07 6.3861013933067467e-24
9.1163069372852408e-07 6.4027740094165330e-24
9.7093716176493206e-07 6.4801344309112787e-24
1.0341018337595285e-06 6.6619585176924321e-24
1.1013757065812233e-06 7.0224274653027140e-24
1.1730261057919885e-06 7.6865832775953862e-24
1.2493377479159392e-06 8.8645510813025202e-24
1.3306138718147623e-06 1.0908260780279985e-23
1.4171774436651447e-06 1.4405263953858815e-23
1.5093724403264443e-06 2.0335048889871079e-23
1.6075652161983659e-06 3.0324562855344022e-23
1.7121459590000123e-06 4.7076351347007007e-23
1.8235302402551704e-06 7.5066646593766525e-23
1.9421606666450419e-06 1.2169856643322732e-22
2.0685086387902770e-06 1.9921515074730123e-22
2.2030762244512012e-06 3.2780138778272044e-22
2.3463981535898497e-06 5.4073341975074995e-22
2.4990439432214161e-06 8.9283890507473255e-22
2.6616201604986779e-06 1.4742950206998950e-21
2.8347728330223066e-06 2.4332716761189174e-21
3.0191900159546965e-06 4.0133001209509750e-21
3.2156045261383220e-06 6.6137641290627155e-21
3.4247968540832706e-06 1.0889704833620578e-20
3.6475982653950659e-06 1.7912870954451388e-20
3.8848941039670941e-06 2.9437640934982041e-20
4.1376273100633218e-06 4.8332898822224788e-20
4.4068021672713409e-06 7.9277610276294924e-20
4.6934882932146600e-06 1.2990528532902833e-19
4.9988248898822385e-06 2.1264012350100998e-19
5.3240252704649319e-06 3.4768740163006165e-19
5.6703816806867713e-06 5.6783124392908973e-19
6.0392704337896868e-06 9.2618502021581403e-19
6.4321573795767554e-06 1.5085791795752559e-18
6.8506037292458602e-06 2.4534036038739243e-18
7.2962722591599903e-06 3.9832281151900055e-18
7.7709339182063584e-06 6.4546291869058142e-18
8.2764748649994292e-06 1.0437502055909670e-17
8.8149039628917392e-06 1.6838702583866825e-17
9.3883607625756804e-06 2.7093951418307003e-17
9.9991240039960790e-06 4.3466782014672625e-17
1.0649620671357770e-05 6.9504557828498679e-17
1.1342435637210368e-05 1.1073209303305803e-16
1.2080321933932128e-05 1.7569063954461901e-16
1.2866211693428934e-05 2.7748389583204588e-16
1.3703227798519818e-05 4.3605053945561070e-16
1.4594696292307221e-05 6.8138932861897773e-16
1.5544159594843297e-05 1.0581731906667494e-15
1.6555390579611856e-05 1.6320972610219087e-15
1.7632407565760322e-05 2.4984446473330285e-15
1.8779490285657299e-05 3.7934305689744521e-15
2.0001196891224879e-05 5.7084224112002055e-15
2.1302382066624961e-05 8.5073454442872820e-15
2.2688216319272299e-05 1.2546983985071981e-14
2.4164206525831357e-05 1.8298835924310392e-14
2.5736217814841381e-05 2.6371413499440010e-14
2.7410496872922821e-05 3.7529822607522476e-14
2.9193696767177416e-05 5.2708388417725481e-14
3.1092903382419645e-05 7.3014761006259281e-14
3.3115663578290939e-05 9.9722317983418399e-14
3.5270015178145117e-05 1.3424730967917900e-13
3.7564518908872998e-05 1.7811546535543097e-13
4.0008292418582777e-05 2.3293056518845480e-13
4.2611046507312889e-05 3.0033475317563741e-13
4.5383123714748626e-05 3.8200023845121012e-13
4.8335539418275378e-05 4.7964589670677319e-13
5.1480025604680534e-05 5.9508623759674670e-13
5.4829077489441268e-05 7.3032006287675401e-13
5.8396003168845396e-05 8.8765583001192155e-13
6.2194976502248983e-05 1.0698565762798410e-12
6.6241093434610572e-05 1.2802904348520160e-12
7.0550431983106249e-05 1.5230862873006814e-12
7.5140116126197243e-05 1.8032814000110902e-12
8.0028383849022568e-05 2.1269625067255195e-12
8.5234659615512388e-05 2.5013935870987642e-12
9.0779631555198769e-05 2.9351511024198275e-12
9.6685333671442107e-05 3.4382824614592807e-12
1.0297523339774726e-04 4.0224492894558210e-12
1.0967432485008465e-04 4.7011169150502870e-12
1.1680922814577454e-04 5.4897588116060443e-12
1.2440829518360220e-04 6.4061246263532408e-12
1.3250172230549274e-04 7.4705569414951498e-12
1.4112167028743211e-04 8.7063613125878694e-12
1.5030239213644641e-04 1.0140263865299468e-11
1.6008036920145546e-04 1.1802892144313997e-11
1.7049445613886725e-04 1.3729354272244172e-11
1.8158603530896801e-04 1.5959841050944200e-11
1.9339918121662032e-04 1.8540311976094481e-11
2.0598083564971008e-04 2.1523276828680066e-11
2.1938099421129657e-04 2.4968599847483652e-11
2.3365290498667259e-04 2.8944493645885707e-11
2.4885328013478228e-04 3.3528498204237600e-11
2.6504252124480432e-04 3.8808624348190247e-11
2.8228495935338102e-04 4.4884561134875011e-11
3.0064911057626142e-04 5.1868883662938511e-11
3.2020794837014780e-04 5.9888468097059558e-11
3.4103919350664800e-04 6.9085724704336709e-11
3.6322562291057881e-04 7.9620074134387739e-11
3.8685539858985629e-04 9.1669230592385098e-11
4.1202241796405460e-04 1.0543043133464480e-10
4.3882668698370377e-04 1.2112168019554819e-10
4.6737471752299816e-04 1.3898232378417717e-10
4.9777995062504998e-04 1.5927380693922424e-10
5.3016320728150094e-04 1.8227928112657749e-10
5.6465316853776483e-04 2.0830285364230554e-10
6.0138688683171188e-04 2.3766788034858677e-10
6.4051033059765955e-04 2.7071355533327619e-10
6.8217896429977217e-04 3.0779088063881341e-10
7.2655836619977242e-04 3.4925566606307522e-10
7.7382488631371404e-04 3.9546050122234118e-10
8.2416634717243293e-04 4.4674367949870917e-10
8.7778279017015036e-04 5.0341551410467571e-10
9.3488727046711433e-04 5.6574315785872590e-10
9.9570670360493003e-04 6.3393133093330409e-10
1.0604827671986904e-03 7.0810410658180844e-10
1.1294728612890846e-03 7.8828420374605644e-10
1.2029511311705712e-03 8.7437579256991161e-10
1.2812095567599287e-03 9.6615278853111546e-10
1.3645591128341567e-03 1.0632544733491303e-09
1.4533310047480849e-03 1.1652000743598041e-09
1.5478779845419445e-03 1.2714202219966518e-09
1.6485757526688929e-03 1.3813211628643854e-09
1.7558244509124495e-03 1.4943818324225273e-09
1.8700502524260968e-03 1.6102899325744116e-09
1.9917070552136046e-03 1.7291206383233912e-09
2.1212782857793554e-03 1.8515407134031251e-09
2.2592788201156269e-03 1.9790325241678831e-09
2.4062570296606669e-03 2.1140921081106324e-09
2.5627969603570426e-03 2.2603646887606885e-09
2.7295206534696170e-03 2.4226566023038421e-09
2.9070906173851991e-03 2.6067580473334174e-09
3.0962124602158208e-03 2.8190370114473844e-09
3.2976376936671810e-03 3.0657710734551870e-09
3.5121667193137940e-03 3.3522561136417483e-09
3.7406520091471216e-03 3.6817864683615622e-09
3.9840014930356523e-03 4.0546513135086099e-09
4.2431821665574691e-03 4.4673704916437315e-09
4.5192239335413867e-03 4.9123213408574699e-09
4.8132236985862879e-03 5.3779390854973449e-09
5.1263497258208363e-03 5.8494431583655685e-09
5.4598462812235427e-03 6.3100215528710605e-09
5.8150385769509911e-03 6.7422913749153868e-09
6.1933380373212039e-03 7.1296858325853375e-09
6.5962479073770272e-03 7.4577390214451942e-09
7.0253692263170867e-03 7.7149974289384446e-09
7.4824071895305240e-03 7.8936517595907457e-09
7.9691779245157027e-03 7.9898389834171404e-09
8.4876157076092789e-03 8.0036213809578971e-09
9.0397806502022955e-03 7.9386857205960328e-09
9.6278668849852280e-03 7.8017258283730821e-09
1.0254211284752804e-02 7.6016788732696562e-09
1.0921302748413925e-02 7.3488334286307261e-09
1.1631792091105611e-02 7.0540203700777386e-09
1.2388502577712630e-02 6.7279056055087049e-09
1.3194441141649206e-02 6.3804608903959984e-09
1.4052810333481738e-02 6.0206377126833970e-09
1.4967021046874427e-02 5.6561441610899550e-09
1.5940706072426050e-02 5.2934000667736652e-09
1.6977734533255431e-02 4.9375485844661372e-09
1.8082227259700243e-02 4.5925564038790860e-09
1.9258573164222657e-02 4.2613328093949589e-09
2.0511446681589024e-02 3.9458899068794195e-09
2.1845826343628170e-02 3.6474786150498220e-09
2.3267014562377550e-02 3.3667461052614516e-09
2.4780658700227519e-02 3.1038545951770440e-09
2.6392773510793156e-02 2.8585998013136017e-09
2.8109765039685371e-02 2.6305113600041459e-09
2.9938456080153435e-02 2.4189277853017257e-09
3.1886113284755553e-02 2.2230695872596750e-09
3.3960476040789271e-02 2.0420814358964838e-09
3.6169787224220942e-02 1.8750710392824104e-09
3.8522825954327281e-02 1.7211406259327757e-09
4.1028942479198006e-02 1.5794005245601989e-09
4.3698095330730297e-02 1.4489890411954518e-09
4.6540890896755428e-02 1.3290791084564780e-09
4.9568625567541241e-02 1.2188832745631430e-09
5.2793330624153888e-02 1.1176611455060820e-09
5.6227820047048724e-02 1.0247147264502709e-09
5.9885741434862624e-02 9.3939456767055278e-10
6.3781630235750703e-02 8.6109404400540640e-10
6.7930967506762974e-02 7.8925111366330451e-10
7.2350241430773524e-02 7.2334490422142053e-10
7.7057012835420588e-02 6.6289402171544882e-10
8.2069984974405902e-02 6.0745399003801618e-10
8.7409077848436004e-02 5.5661505426330921e-10
9.3095507361145233e-02 5.0999984806473904e-10
9.9151869624536829e-02 4.6726121966330870e-10
1.0560223074893836e-01 4.2807988948891267e-10
1.1247222247428224e-01 3.9216324827551673e-10
1.1978914402271480e-01 3.5924195723273409e-10
1.2758207057725598e-01 3.2906949568348254e-10
1.3588196881758552e-01 3.0141974365111066e-10
1.4472181997205324e-01 2.7608365966800890e-10
1.5413675087487261e-01 2.5287016879313202e-10
1.6416417354929758e-01 2.3160329720509963e-10
1.7484393387143529e-01 2.1211819299634699e-10
1.8621846990542495e-01 1.9426827892072018e-10
1.9833298053918186e-01 1.7791447053481085e-10
2.1123560509080239e-01 1.6293293557597940e-10
2.2497761459931456e-01 1.4920906816518582e-10
2.3961361555993285e-01 1.3663737554326356e-10
2.5520176691338553e-01 1.2512235320626616e-10
2.7180401115154473e-01 1.1457454880514928e-10
2.8948632045773487e-01 1.0491318992537068e-10
3.0831895885978999e-01 9.6063240218758148e-11
3.2837676143755390e-01 8.7956228519661259e-11
3.4973943169434574e-01 8.0529449208635686e-11
3.7249185827403802e-01 7.3726089868839804e-11
3.9672445228225378e-01 6.7492803489602596e-11
4.2253350655214250e-01 6.1782970766399382e-11
4.5002157828232531e-01 5.6551635537345937e-11
4.7929789656746019e-01 5.1759481243638710e-11
5.1047879644088712e-01 4.7369620153336707e-11
5.4368818115408002e-01 4.3348249789954275e-11
5.7905801452981420e-01 3.9665048435783712e-11
6.1672884534561490e-01 3.6291373771518029e-11
6.5685036583109391e-01 3.3201784283737705e-11
6.9958200649858115e-01 3.0372363644655935e-11
7.4509356967068463e-01 2.7781532905358689e-11
7.9356590422216533e-01 2.5409342839263451e-11
8.4519162421744209e-01 2.3237539668092529e-11
9.0017587429932699e-01 2.1249396456607124e-11
9.5873714487034256e-01 1.9429527622747686e-11
1.0211081403060167e+00 1.7763858115068461e-11
1.0875367036501209e+00 1.6239444748536829e-11
1.1582868014662144e+00 1.4844437042749540e-11
1.2336395727591436e+00 1.3567954202157038e-11
1.3138944461345188e+00 1.2400026039028314e-11
1.3993703296353164e+00 1.1331511258659125e-11
1.4904068779838275e+00 1.0354027521517558e-11
1.5873658422645018e+00 9.4598947670319811e-12
1.6906325074107940e+00 8.6420756400465823e-12
1.8006172232083459e+00 7.8941221815613601e-12
1.9177570348981572e+00 7.2101218482305826e-12
2.0425174198591018e+00 6.5846607146284148e-12
2.1753941372710948e+00 6.0127782000899453e-12
2.3169151981087821e+00 5.4899354164644809e-12
2.4676429632937320e+00 5.0119689923516626e-12
2.6281763783428396e+00 4.5750677175197125e-12
2.7991533533926161e+00 4.1757411202458610e-12
2.9812532980566324e+00 3.8107920141386332e-12
3.1751998211892327e+00 3.4772959416646155e-12
3.3817636062833802e+00 3.1725713423401820e-12
3.6017654739283262e+00 2.8941651859924961e-12
3.8360796434968085e+00 2.6398300027685833e-12
4.0856372070225353e+00 2.4075095555845801e-12
4.3514298290717415e+00 2.1953225385376280e-12
4.6345136873115242e+00 2.0015448397931805e-12
4.9360136694333265e+00 1.8246000133373125e-12
5.2571278431084556e+00 1.6630449189048445e-12
5.5991322167385364e+00 1.5155583868410643e-12
5.9633858099183552e+00 1.3809329643866671e-12
6.3513360537591046e+00 1.2580615956253104e-12
6.7645245425320253e+00 1.1459326774172359e-12
7.2045931594873913e+00 1.0436205721579779e-12
7.6732906011903612e+00 9.5027830041154083e-13
8.1724793263003797e+00 8.6513084289754661e-13
8.7041429564060291e+00 7.8746954382981032e-13
9.2703941583231870e+00 7.1664702843420690e-13
9.8734830391800461e+00 6.5207053581606401e-13
1.0515806087646340e+01 5.9319794873645391e-13
1.1199915696838257e+01 5.3953365049376625e-13
1.1928530306739493e+01 4.9062454743467006e-13
1.2704545206440356e+01 4.4605652037395474e-13
1.3531044039121308e+01 4.0545099662549738e-13
1.4411311055497512e+01 3.6846189017069635e-13
1.5348844164414658e+01 3.3477295012659350e-13
1.6347368832457128e+01 3.0409525159753984e-13
1.7410852887800047e+01 2.7616483176556780e-13
1.8543522287130742e+01 2.5074028029834401e-13
1.9749877908293428e+01 2.2760112518616446e-13
2.1034713435386777e+01 2.0654602319710512e-13
2.2403134407379916e+01 1.8739114067773610e-13
2.3860578505946311e+01 1.6996859987795997e-13
2.5412837163128501e+01 1.5412498330310148e-13
2.7066078574697663e+01 1.3972027134795180e-13
2.8826872210655250e+01 1.2662670701919490e-13
3.0702214920276592e+01 1.1472755184838898e-13
3.2699558735423018e+01 1.0391642756812688e-13
3.4826840482613200e+01 9.4096092865862761e-14
3.7092513321516371e+01 8.5177925225588127e-14
3.9505580335194210e+01 7.7081051835155395e-14
4.2075630305567429e+01 6.9731636233036862e-14
4.4812875816271955e+01 6.3062457477552023e-14
4.7728193834303376e+01 5.7012100743749019e-14
5.0833168931722064e+01 5.1524717472165810e-14
5.4140139319158649e+01 4.6549265342678812e-14
5.7662245874046675e+01 4.2039273578431610e-14
6.1413484358403913e+01 3.7952402520551220e-14
6.5408761033665513e+01 3.4250030511585656e-14
6.9663951893550390e+01 3.0897048069084173e-14
7.4195965750353508e+01 2.7861411879956646e-14
7.9022811425334822e+01 2.5113993899679297e-14
8.4163669310204753e+01 2.2628244682078223e-14
8.9638967584066435e+01 2.0380008124785924e-14
9.5470463388686795e+01 1.8347295234339222e-14
1.0168132928463952e+02 1.6510078764288875e-14
1.0829624533189882e+02 1.4850165589334531e-14
1.1534149716076260e+02 1.3351000739717587e-14
1.2284508042281678e+02 1.1997536276748810e-14
1.3083681203699317e+02 1.0776091737665758e-14
1.3934844867279094e+02 9.6742335818360339e-15
1.4841381294144614e+02 8.6806646874402719e-15
1.5806892779653506e+02 7.7851186140480106e-15
1.6835215967804751e+02 6.9782753657253484e-15
1.7930437096874914e+02 6.2516704212996263e-15
1.9096908236866284e+02 5.5976230549660860e-15
2.0339264583285217e+02 5.0091608828312220e-15
2.1662442875976467e+02 4.4799593672246418e-15
2.3071701016200066e+02 4.0042845477830820e-15
2.4572638959904600e+02 3.5769354756385885e-15
2.6171220970219582e+02 3.1932023813089863e-15
2.7873799317593989e+02 2.8488149695069068e-15
2.9687139521751720e+02 2.5399079827355312e-15
3.1618447235775943e+02 2.2629797531840331e-15
3.3675396879145245e+02 2.0148611551684821e-15
3.5866162133502860e+02 1.7926859010558504e-15
3.8199448422338668e+02 1.5938597166783555e-15
4.0684527503651913e+02 1.4160394455898401e-15
4.3331274313046003e+02 1.2571061956317235e-15
4.6150206203670518e+02 1.1151466902814111e-15
4.9152524738928912e+02 9.8843237659094325e-16
5.2350160204026713e+02 8.7540271023264898e-16
5.5755819013233804e+02 7.7465084070285349e-16
5.9383034201248074e+02 6.8490727738041304e-16
6.3246219199284133e+02 6.0502818316307213e-16
6.7360725109594102e+02 5.3398359755244347e-16
7.1742901705998895e+02 4.7084553258796644e-16
7.6410162402832157e+02 4.1477933808163817e-16
8.1381053450461320e+02 3.6503353384288087e-16
8.6675327632355265e+02 3.2093312757899145e-16
9.2314022756528243e+02 2.8187118982917963e-16
9.8319545253286822e+02 2.4730284875839548e-16
1.0471575921145204e+03 2.1673931894093180e-16
1.1152808120686693e+03 1.8974193143354486e-16
1.1878358130000538e+03 1.6591781091801281e-16
1.2651109060402698e+03 1.4491466969624691e-16
1.3474131585069156e+03 1.2641737335401033e-16
1.4350696140942066e+03 1.1014408417773285e-16
1.5284285924434405e+03 9.5842810056859252e-17
1.6278610732575105e+03 8.3288641109488272e-17
1.7337621704594692e+03 7.2280754855114725e-17
1.8465527022531558e+03 6.2640096184436168e-17
1.9666808633244102e+03 5.4207018625573849e-17
2.0946240058282297e+03 4.6839449854384394e-17
2.2308905362385553e+03 4.0411018514446480e-17
2.3760219355983454e+03 3.4809379585359904e-17
2.5305949111977084e+03 2.9934906608075741e-17
2.6952236882304574e+03 2.5699232232003896e-17
2.8705624505348005e+03 2.2024010356549978e-17
3.0573079401177260e+03 1.8839876811853763e-17
3.2562022257921863e+03 1.6085510256402398e-17
3.4680356519289776e+03 1.3706724709408957e-17
3.6936499790410239e+03 1.1655732557733182e-17
3.9339417286789630e+03 9.8904145707800417e-18
4.1898657459306987e+03 8.3737109466762133e-18
4.4624389936803809e+03 7.0730301007278078e-18
4.7527445937043485e+03 5.9597807870928940e-18
5.0619361306619667e+03 5.0088825420028161e-18
5.3912422360845658e+03 4.1983638679715718e-18
5.7419714705766373e+03 3.5090267651336863e-18
6.1155175236312407e+03 2.9241020257130559e-18
6.5133647517208801e+03 2.4289788075418008e-18
6.9370940766710037e+03 2.0109349584712809e-18
7.3883892677542135e+03 1.6589201177361257e-18
7.8690436324690218e+03 1.3633452481452019e-18
8.3809671425884590e+03 1.1159068860235160e-18
8.9261940237975759e+03 9.0942827221615641e-19
9.5068908390770011e+03 7.3771521925925639e-19
1.0125365097954073e+04 5.9543574729531297e-19
1.0784074425831790e+04 4.7800550888102630e-19
1.1485636329832681e+04 3.8149439136112790e-19
1.2232838599961460e+04 3.0253746273661273e-19
1.3028650386920879e+04 2.3826284133588490e-19
1.3876234000598060e+04 1.8622369016781834e-19
1.4778957476105843e+04 1.4434122808416168e-19
1.5740407957312302e+04 1.1085395139991363e-19
1.6764405951041936e+04 8.4273011580724494e-20
1.7855020508586564e+04 6.3344424417598304e-20
1.9016585394857531e+04 4.7014899794750106e-20
2.0253716309426749e+04 3.4403161170377183e-20
2.1571329227889091e+04 2.4774574426357064e-20
2.2974659936428470e+04 1.7519511401067515e-20
2.4469284837214105e+04 1.2134598522265235e-20
2.6061143107295731e+04 8.2066386215861765e-21
2.7756560299057543e+04 5.3988050111511617e-21
2.9562273476006463e+04 3.4387559436879140e-21
3.1485457983778673e+04 2.1085182402978885e-21
3.3533755962743162e+04 1.2357746256620554e-21
3.5715306715505962e+04 6.8639882625747091e-22
3.8038779049977871e+04 3.5804574552462092e-22
4.0513405726537858e+04 1.7446130582547493e-22
4.3149020146166484e+04 8.0338001977368136e-23
4.5956095425339030e+04 3.7444498588298757e-23
4.8945786012953897e+04 2.1088554243590258e-23
5.2129972014657942e+04 1.6297733161038215e-23
5.5521306400714515e+04 1.5020553860934399e-23
5.9133265284992871e+04 1.3775139043670219e-23
6.2980201474876369e+04 1.1702583226980241e-23
6.7077401504878406e+04 9.1645309294124823e-24
7.1441146380606573e+04 6.8059721379409034e-24
7.6088776274436706e+04 5.0571233324086352e-24
8.1038759429998463e+04 3.9912017133797078e-24
8.6310765549262112e+04 3.4160028781059244e-24
9.1925743953850077e+04 3.0566773645494044e-24
9.7906006831159553e+04 2.7166946084077269e-24
1.0427531789610010e+05 2.3357093364587773e-24
1.1105898682073694e+05 1.9575598589195615e-24
1.1828396980710543e+05 1.6500384518032358e-24
1.2597897670281834e+05 1.4418823297292335e-24
1.3417458508512011e+05 1.3116308512091524e-24
1.4290336176671844e+05 1.2165598600360496e-24
1.5219999220623382e+05 1.1270412573106871e-24
1.6210141833746995e+05 1.0375904216250171e-24
1.7264698536524098e+05 9.5583886070045348e-25
1.8387859811104325e+05 8.8792189707029664e-25
1.9584088752985426e+05 8.3407369265036446e-25
2.0858138805973955e+05 7.9197918391331253e-25
2.2215072650901985e+05 7.5945890139735063e-25
2.3660282323152816e+05 7.3442937122578451e-25
2.5199510638943064e+05 7.1469644588732714e-25
2.6838874015497655e+05 6.9835565529457475e-25
2.8584886775800009e+05 6.8408434423325466e-25
3.0444487034496106e+05 6.7095054782619329e-25
3.2425064267818024e+05 6.5832572674369750e-25
3.4534488677073905e+05 6.4589170763541201e-25
3.6781142462395539e+05 6.3348555656941573e-25
3.9173953131008480e+05 6.2119693349469393e-25
4.1722428972384374e+05 6.0904672979982813e-25
4.4436696841241600e+05 5.9716443454212392e-25
4.7327542398536362e+05 5.8555997981028628e-25
5.0406452970339009e+05 5.7418624855074968e-25
5.3685663194917445e+05 5.6304253008949277e-25
5.7178203639404569e+05 5.5200863263405666e-25
6.0897952579241607e+05 5.4113319717505285e-25
6.4859691146150825e+05 5.3037439834159046e-25
6.9079162063785351e+05 5.1979089413017625e-25
7.3573132204437209e+05 5.0936666108238793e-25
7.8359459215405793e+05 4.9912019044861276e-25
8.3457162479763618e+05 4.8909260151599794e-25
8.8886498693500191e+05 4.7921150925389104e-25
9.4669042359372089e+05 4.6952936873226953e-25
1.0082777151729511e+06 4.5999135090757903e-25
1.0738715905197307e+06 4.5062989321602706e-25
1.1437326994057053e+06 4.4141644675429518e-25
1.2181386482686978e+06 4.3233102305144395e-25
1.2973851033348045e+06 4.2337129752639742e-25
1.3817869655046083e+06 4.1450151518095991e-25
1.4716796216718301e+06 4.0575609328307857e-25
1.5674202774471880e+06 3.9713830487144374e-25
1.6693893765829848e+06 3.8869154290599109e-25
1.7779921127389055e+06 3.8034965601972400e-25
1.8936600395962566e+06 3.7209835610499378e-25
2.0168527857189341e+06 3.6406752385470718e-25
2.1480598809749871e+06 3.5618185715648961e-25
2.2878027017770144e+06 3.4836794848126400e-25
2.4366365428707316e+06 3.4059236011571028e-25
2.5951528239045292e+06 3.3282538169981720e-25
2.7639814395481786e+06 3.2508945511408368e-25
2.9437932624995932e+06 3.1749511225880749e-25
3.1353028093251581e+06 3.1009262927150231e-25
3.3392710797277289e+06 3.0283750005831600e-25
3.5565085805240199e+06 2.9560422904660759e-25
3.7878785463479985e+06 2.8843992974740796e-25
4.0343003698782404e+06 2.8134717121262052e-25
4.2967532552203201e+06 2.7431841641485562e-25
4.5762801089606574e+06 2.6749677279540759e-25
4.8739916843549646e+06 2.6074425509184520e-25
5.1910709951180527e+06 2.5406232844662860e-25
5.5287780163544090e+06 2.4748768821283072e-25
5.8884546913094465e+06 2.4119566861857737e-25
6.2715302638372574e+06 2.3466071539704617e-25
6.6795269577730475e+06 2.2813102126324685e-25
7.1140660257801851e+06 2.2144506134637105e-25
7.5768741917067142e+06 2.1476765651530678e-25
8.0697905120518394e+06 2.0813419258468545e-25
8.5947736838074662e+06 2.0155563320068157e-25
9.1539098277147487e+06 1.9558097638662332e-25
9.7494207778618392e+06 1.8986389343146717e-25
1.0383672910565851e+07 1.8426736631127476e-25
1.1059186547620259e+07 1.7858537608266841e-25
1.1778645971273949e+07 1.7282926671681860e-25
1.2544910090739353e+07 1.6715216766411607e-25
1.3361023802612243e+07 1.6165709667999049e-25
1.4230230090349719e+07 1.5635301526539096e-25
1.5155982910883177e+07 1.5160035042133568e-25
1.6141960919574829e+07 1.4684377358795014e-25
1.7192082088055950e+07 1.4201745878582241e-25
1.8310519273035400e+07 1.3730558446865545e-25
1.9501716797939803e+07 1.3228792999272068e-25
2.0770408113281272e+07 1.2751844283108290e-25
2.2121634605925329e+07 1.2277939413061388e-25
2.3560765632002976e+07 1.1824690721867149e-25
2.5093519853070717e+07 1.1383273879712205e-25
2.6725987960304368e+07 1.0936344007270697e-25
2.8464656877019476e+07 1.0514639066122046e-25
3.0316435535699639e+07 1.0095657426525133e-25
3.2288682331956819e+07 9.6784617576932253e-26
3.4389234364519447e+07 9.2772030306394215e-26
3.6626438577438049e+07 8.8792352055803933e-26
3.9009184928261496e+07 8.4880803736988984e-26
4.1546941713974997e+07 8.1182421946737036e-26
4.4249793195085965e+07 7.7519894908974705e-26
4.7128479667355537e+07 7.4231620270971726e-26
5.0194440140411802e+07 7.0847907174886648e-26
5.3459857792834997e+07 6.7792286728129026e-26
5.6937708384344190e+07 6.4779739335157758e-26
6.0641811817447767e+07 6.1659757830119309e-26
6.4586887053464696e+07 5.8810085673080244e-26
6.8788610601123199e+07 5.5811814358870785e-26
7.3263678810157508e+07 5.3120960981012039e-26
7.8029874217436105e+07 5.0462696685202286e-26
8.3106136209267855e+07 4.7774622299145702e-26
8.8512636280657545e+07 4.5381712395182418e-26
9.4270858190592751e+07 4.3043651173106221e-26
1.0040368333185555e+08 4.1054942305057201e-26
1.0693548165459998e+08 3.9168086554458283e-26
1.1389220850499418e+08 3.7336742273790394e-26
1.2130150776374510e+08 3.4749814316820956e-26
1.2919282169431898e+08 2.9203294870658349e-26
1.3759750793739665e+08 2.3900480513781844e-26
1.4654896411643654e+08 1.6540066005500568e-26
1.5608276054949996e+08 1.0689408693984245e-26
