# k_modes P_scalar P_tensor
4.5638718886364099e-05 2.6577469005785625e-09 5.2036396595041893e-12
4.8607752341360865e-05 2.6528161606362903e-09 5.2035558937466710e-12
5.1769936696996171e-05 2.6478890085837654e-09 5.2034728689752222e-12
5.5137837413034258e-05 2.6429640308859172e-09 5.2033877957203150e-12
5.8724837397040892e-05 2.6380441661060575e-09 5.2033064663125166e-12
6.2545190183568253e-05 2.6331262717886185e-09 5.2032226736846581e-12
6.6614076572919253e-05 2.6282107534752548e-09 5.2031372176056608e-12
7.0947664954555581e-05 2.6233004068838098e-09 5.2030556068325807e-12
7.5563175554852334e-05 2.6183918528234204e-09 5.2029711808751568e-12
8.0478948864501088e-05 2.6134869641722402e-09 5.2028876192405854e-12
8.5714518517466729e-05 2.6085855822109327e-09 5.2028046301765737e-12
9.1290688911095706e-05 2.6036858184461351e-09 5.2027184176721315e-12
9.7229617875811415e-05 2.5987898811024508e-09 5.2026333890932960e-12
1.0355490472289878e-04 2.5938973092674345e-09 5.2025486255306144e-12
1.1029168402024987e-04 2.5890084440249240e-09 5.2024648121175925e-12
1.1746672546870501e-04 2.5841221022087929e-09 5.2023795604479729e-12
1.2510854027586229e-04 2.5792390192271234e-09 5.2022943501369478e-12
1.3324749445005205e-04 2.5743593710410573e-09 5.2022095289331279e-12
1.4191592946466628e-04 2.5694828610338997e-09 5.2021244932467519e-12
1.5114829077232447e-04 2.5646088662693141e-09 5.2020379933789677e-12
1.6098126467954543e-04 2.5597387480890284e-09 5.2019527567025403e-12
1.7145392412582240e-04 2.5548716512418314e-09 5.2018670551833607e-12
1.8260788394637597e-04 2.5500081083130235e-09 5.2017819690707403e-12
1.9448746623554813e-04 2.5451462275561185e-09 5.2016936429542507e-12
2.0713987646793559e-04 2.5402892630898696e-09 5.2016087019012061e-12
2.2061539107710989e-04 2.5354347821435294e-09 5.2015221843217086e-12
2.3496755723729631e-04 2.5305832079312488e-09 5.2014349454034914e-12
2.5025340564188063e-04 2.5257352698122906e-09 5.2013484641091730e-12
2.6653367712425137e-04 2.5208901368980783e-09 5.2012610411016415e-12
2.8387306402149505e-04 2.5160488916513499e-09 5.2011749063880535e-12
3.0234046724003893e-04 2.5112096456149257e-09 5.2010861463491671e-12
3.2200927004473890e-04 2.5063748673542801e-09 5.2009998609024183e-12
3.4295762965935484e-04 2.5015423133639353e-09 5.2009114017110876e-12
3.6526878783713730e-04 2.4967124650111288e-09 5.2008217550976684e-12
3.8903140163562810e-04 2.4918875382616348e-09 5.2007355321625522e-12
4.1433989571006564e-04 2.4870645973908024e-09 5.2006466231605803e-12
4.4129483752528410e-04 2.4822457500741299e-09 5.2005594019886208e-12
4.7000333697708180e-04 2.4774292839428791e-09 5.2004703038214926e-12
5.0057947201101211e-04 2.4726154964237478e-09 5.2003799123945050e-12
5.3314474192986980e-04 2.4678057674094055e-09 5.2002911477984222e-12
5.6782855019115613e-04 2.4629991838990485e-09 5.2002020738259052e-12
6.0476871861300829e-04 2.4581967672098953e-09 5.2001148601523266e-12
6.4411203503186669e-04 2.4533957136403077e-09 5.2000235558347466e-12
6.8601483658809197e-04 2.4485997193570292e-09 5.1999359846309372e-12
7.3064363095731212e-04 2.4438053789257634e-09 5.1998449339972595e-12
7.7817575799606379e-04 2.4390151427667173e-09 5.1997555945500712e-12
8.2880009443089071e-04 2.4342275546105503e-09 5.1996648445790113e-12
8.8271780439108454e-04 2.4294433982551358e-09 5.1995743778840132e-12
9.4014313876744941e-04 2.4246622289606062e-09 5.1994832138948800e-12
1.0013042865734676e-03 2.4198844364761403e-09 5.1993921925786270e-12
1.0664442816918790e-03 2.4151101563816310e-09 5.1993016041253941e-12
1.1358219686098002e-03 2.4103388886280093e-09 5.1992103682418942e-12
1.2097130309798782e-03 2.4055712126337396e-09 5.1991197328900231e-12
1.2884110870946374e-03 2.4008065707823019e-09 5.1990284800952220e-12
1.3722288566270697e-03 2.3960439996454228e-09 5.1989345223349373e-12
1.4614994032737028e-03 2.3912867412999469e-09 5.1988448660030223e-12
1.5565774582379896e-03 2.3865312113083460e-09 5.1987517623074479e-12
1.6578408298131117e-03 2.3817801660954082e-09 5.1986611674861917e-12
1.7656919046653750e-03 2.3770303490817808e-09 5.1985659966859395e-12
1.8805592467838407e-03 2.3722851793859581e-09 5.1984736842590259e-12
2.0028993004498293e-03 2.3675433636001505e-09 5.1983814197670098e-12
2.1331982039933710e-03 2.3628051863400227e-09 5.1982898415484263e-12
2.2719737215438356e-03 2.3580694031981004e-09 5.1981961608752541e-12
2.4197773004508809e-03 2.3533372920156909e-09 5.1981032239411031e-12
2.5771962625512168e-03 2.3486081232983125e-09 5.1980094071213256e-12
2.7448561379885485e-03 2.3438825439552341e-09 5.1979161261881806e-12
2.9234231508605073e-03 2.3391597220916486e-09 5.1978215300292127e-12
3.1136068665697193e-03 2.3344411512365730e-09 5.1977289367553421e-12
3.3161630113986455e-03 2.3297241053866917e-09 5.1976322831333491e-12
3.5318964755123180e-03 2.3250120153559449e-09 5.1975392053431368e-12
3.7616645113218057e-03 2.3203026723372220e-09 5.1974447570806794e-12
4.0063801399177132e-03 2.3155969414803247e-09 5.1973508799356821e-12
4.2670157791096872e-03 2.3108936987280121e-09 5.1972550409710417e-12
4.5446071074885606e-03 2.3061936214021909e-09 5.1971587719467497e-12
4.8402571798656160e-03 2.3014972596622408e-09 5.1970632690592817e-12
5.1551408104423459e-03 2.2968044207952072e-09 5.1969681312750656e-12
5.4905092411279745e-03 2.2921157302151062e-09 5.1968747503936105e-12
5.8476951135550039e-03 2.2874284979477101e-09 5.1967770319241515e-12
6.2281177645499980e-03 2.2827448507296728e-09 5.1966797824554305e-12
6.6332888661019638e-03 2.2780651569722143e-09 5.1965838546385828e-12
7.0648184322396820e-03 2.2733884329359527e-09 5.1964869797446588e-12
7.5244212166873528e-03 2.2687151614008220e-09 5.1963902690577098e-12
8.0139235267205795e-03 2.2640450608408491e-09 5.1962930714986443e-12
8.5352704802988087e-03 2.2593786546406641e-09 5.1961965835336165e-12
9.0905337353115387e-03 2.2547155065792925e-09 5.1960997870619092e-12
9.6819197216517546e-03 2.2500557167666084e-09 5.1960029318592726e-12
1.0311778408828133e-02 2.2453980727665846e-09 5.1959031949721870e-12
1.0982612643955437e-02 2.2407452263008493e-09 5.1958066774776797e-12
1.1697088097229318e-02 2.2360943851498916e-09 5.1957069489920543e-12
1.2458043854405373e-02 2.2314472524796035e-09 5.1956079233358458e-12
1.3268503698373457e-02 2.2268048626777982e-09 5.1955120268770839e-12
1.4131688124656497e-02 2.2221635271837175e-09 5.1954106454403478e-12
1.5051027138579207e-02 2.2175272455412383e-09 5.1953131062302187e-12
1.6030173884958573e-02 2.2128937186902180e-09 5.1952140295626034e-12
1.7073019164475779e-02 2.2082628145519529e-09 5.1951131030233179e-12
1.8183706894412781e-02 2.2036365249375108e-09 5.1950149927425364e-12
1.9366650575189447e-02 2.1990128251325903e-09 5.1949149374958497e-12
2.0626550828133437e-02 2.1943921569446132e-09 5.1948139598861909e-12
2.1968414074172472e-02 2.1897754859213133e-09 5.1947143469146772e-12
2.3397572427671477e-02 2.1851619694890334e-09 5.1946140943064445e-12
2.4919704884466206e-02 2.1805512037984244e-09 5.1945122257138649e-12
2.6540859888287589e-02 2.1759443935219383e-09 5.1944116082118234e-12
2.8267479365247792e-02 2.1713410939500287e-09 5.1943111907413684e-12
3.0106424321893522e-02 2.1667406290327529e-09 5.1942093304112560e-12
3.2065002108544266e-02 2.1621431799289165e-09 5.1941064510280158e-12
3.4150995456250888e-02 2.1575502137075316e-09 5.1940060947424539e-12
3.6372693402758026e-02 2.1529599764741760e-09 5.1939040170605187e-12
3.8738924230358990e-02 2.1483738574970858e-09 5.1938035634084188e-12
4.1259090546527988e-02 2.1437893395836557e-09 5.1936986593539526e-12
4.3943206646727788e-02 2.1392094832301042e-09 5.1935966733034272e-12
4.6801938307860211e-02 2.1346327646139837e-09 5.1934939316090408e-12
4.9846645170485288e-02 2.1300587065505367e-09 5.1933892504602868e-12
5.3089425878222074e-02 2.1254888595324963e-09 5.1932864223022037e-12
5.6543166153699163e-02 2.1209226721539984e-09 5.1931840721305709e-12
6.0221590002093657e-02 2.1163597379006524e-09 5.1930812240343234e-12
6.4139314245723486e-02 2.1117991338161309e-09 5.1929755829109145e-12
6.8311906606395509e-02 2.1072425780850638e-09 5.1928713697803759e-12
7.2755947566309515e-02 2.1026897594435147e-09 5.1927678251950129e-12
7.7489096253331599e-02 2.0981398440227291e-09 5.1926628750662660e-12
8.2530160612444128e-02 2.0935937649585174e-09 5.1925588261940788e-12
8.7899172142209367e-02 2.0890503813685798e-09 5.1924528313749390e-12
9.3617465493224306e-02 2.0845105203124018e-09 5.1923469391359751e-12
9.9707763244865077e-02 2.0799738724849877e-09 5.1922403823469095e-12
1.0619426619719381e-01 2.0754414910014616e-09 5.1921357615531659e-12
1.1310274953681937e-01 2.0709123428440967e-09 5.1920305343579326e-12
1.2046066525884173e-01 2.0663858154911530e-09 5.1919231096357919e-12
1.2829725125187058e-01 2.0618631691160988e-09 5.1918166687830499e-12
1.3664364747958638e-01 2.0573437831867283e-09 5.1917096361722674e-12
1.4553301972050814e-01 2.0528276626734901e-09 5.1916020051565334e-12
1.5500069135767133e-01 2.0483150480003784e-09 5.1914944017696296e-12
1.6508428374190132e-01 2.0438065655269836e-09 5.1913883813639799e-12
1.7582386568644010e-01 2.0393005577570933e-09 5.1912797558665054e-12
1.8726211268696819e-01 2.0347980288803980e-09 5.1911710516572670e-12
1.9944447649970662e-01 2.0302997817586656e-09 5.1910643128341975e-12
2.1241936575144832e-01 2.0258043659415475e-09 5.1909558399587693e-12
2.2623833829920051e-01 2.0213127819645183e-09 5.1908481627366027e-12
2.4095630610381136e-01 2.0168238130684756e-09 5.1907381859202348e-12
2.5663175343168121e-01 2.0123390130047460e-09 5.1906298735442514e-12
2.7332696925161515e-01 2.0078567800463563e-09 5.1905190901148026e-12
2.9110829475028910e-01 2.0033786523843958e-09 5.1904098009789175e-12
3.1004638694986891e-01 1.9989043367984616e-09 5.1903012414653206e-12
3.3021649947531179e-01 1.9944329197470911e-09 5.1901910428703234e-12
3.5169878158702672e-01 1.9899645985589565e-09 5.1900797207071421e-12
3.7457859666714438e-01 1.9855001273773136e-09 5.1899691891445238e-12
3.9894686142496116e-01 1.9810390408593202e-09 5.1898582655374513e-12
4.2490040716944022e-01 1.9765819467307432e-09 5.1897485239180192e-12
4.5254236458434738e-01 1.9721271699622089e-09 5.1896355606500085e-12
4.8198257353499213e-01 1.9676763817463999e-09 5.1895237420450840e-12
5.1333801953499791e-01 1.9632283875370082e-09 5.1894099406016463e-12
5.4673329860748998e-01 1.9587855172193239e-09 5.1893002861477696e-12
5.8230111238789328e-01 1.9543450535960040e-09 5.1891875824886598e-12
6.2018279543570654e-01 1.9499077342153260e-09 5.1890737819446631e-12
6.6052887685062955e-01 1.9454748658393769e-09 5.1889623466809021e-12
7.0349967842470496e-01 1.9410444012086696e-09 5.1888478364814341e-12
7.4926595170733390e-01 1.9366179066135411e-09 5.1887343789795893e-12
7.9800955651464878e-01 1.9321950972825993e-09 5.1886212457984961e-12
8.4992418357941135e-01 1.9277749037272810e-09 5.1885055398148221e-12
9.0521612421300446e-01 1.9233595186581400e-09 5.1883931496600038e-12
9.6410509003789591e-01 1.9189465684214458e-09 5.1882776925574098e-12
1.0268250860479138e+00 1.9145375160417559e-09 5.1881630718235511e-12
1.0936253404655960e+00 1.9101316341300896e-09 5.1880473447488668e-12
1.1647712950915206e+00 1.9057296062553752e-09 5.1879323427621905e-12
1.2405456600809790e+00 1.9013308686304263e-09 5.1878165267055479e-12
1.3212495373392854e+00 1.8969356977148504e-09 5.1877006448447052e-12
1.4072036169997335e+00 1.8925439883275156e-09 5.1875843950812425e-12
1.4987494517386000e+00 1.8881549179066771e-09 5.1874655129179731e-12
1.5962508139908933e+00 1.8837714162594224e-09 5.1873520443577333e-12
1.7000951414599714e+00 1.8793905115916515e-09 5.1872358083821104e-12
1.8106950766649943e+00 1.8750125978340256e-09 5.1871178805757981e-12
1.9284901066438567e+00 1.8706387669836691e-09 5.1870012783149711e-12
2.0539483093272506e+00 1.8662676768894779e-09 5.1868822415182834e-12
2.1875682135233054e+00 1.8619005128393017e-09 5.1867640837118282e-12
2.3298807799038395e+00 1.8575368738970128e-09 5.1866456532588317e-12
2.4814515108639337e+00 1.8531773336901525e-09 5.1865285706354951e-12
2.6428826976387350e+00 1.8488201962426494e-09 5.1864080756089911e-12
2.8148158136067640e+00 1.8444679042910059e-09 5.1862910019951765e-12
2.9979340632899167e+00 1.8401173617774904e-09 5.1861686422850378e-12
3.1929650971790293e+00 1.8357717426204441e-09 5.1860499296832459e-12
3.4006839031728142e+00 1.8314296710463669e-09 5.1859309595967989e-12
3.6219158861197718e+00 1.8270908620015827e-09 5.1858109453624077e-12
3.8575401477001394e+00 1.8227555613146281e-09 5.1856905564633896e-12
4.1084929796810750e+00 1.8184237009883418e-09 5.1855695822403089e-12
4.3757715844259835e+00 1.8140952817019940e-09 5.1854480357473957e-12
4.6604380374421890e+00 1.8097694850087747e-09 5.1853235328161560e-12
4.9636235077126862e+00 1.8054490432852966e-09 5.1852039215385666e-12
5.2865327525821897e+00 1.8011310320773675e-09 5.1850807902606172e-12
5.6304489050586408e+00 1.7968179370509040e-09 5.1849612880087436e-12
5.9967385725533120e+00 1.7925069556349513e-09 5.1848373204424497e-12
6.3868572673201793e+00 1.7882003435495054e-09 5.1847154052512373e-12
6.8023551901733237e+00 1.7838970757503671e-09 5.1845925395613766e-12
7.2448833904648771e+00 1.7795967982579541e-09 5.1844677139224715e-12
7.7162003268013066e+00 1.7753005945546641e-09 5.1843440504579434e-12
8.2181788545678920e+00 1.7710078541506043e-09 5.1842197689184532e-12
8.7528136680277697e+00 1.7667181962902332e-09 5.1840937352971923e-12
9.3222292265677353e+00 1.7624332634603173e-09 5.1839707693526625e-12
9.9286881965871121e+00 1.7581513387170244e-09 5.1838458031369899e-12
1.0574600442574944e+01 1.7538725743211797e-09 5.1837192969386401e-12
1.1262532603102990e+01 1.7495977992371978e-09 5.1835936702884045e-12
1.1995218289786354e+01 1.7453269180995049e-09 5.1834686373364157e-12
1.2775568949738942e+01 1.7410592784601713e-09 5.1833422494730396e-12
1.3606685434687527e+01 1.7367949162198290e-09 5.1832146068578704e-12
1.4491870322716338e+01 1.7325344379479762e-09 5.1830875035396299e-12
1.5434641041604223e+01 1.7282779043419671e-09 5.1829611052647883e-12
1.6438743845902724e+01 1.7240246881461712e-09 5.1828335492623303e-12
1.7508168703294810e+01 1.7197748626807733e-09 5.1827050192849318e-12
1.8647165149387888e+01 1.7155291222195671e-09 5.1825775891678947e-12
1.9860259173942644e+01 1.7112872340009143e-09 5.1824505901777572e-12
2.1152271205637948e+01 1.7070475839716510e-09 5.1823190950284874e-12
2.2528335266837260e+01 1.7028125918295333e-09 5.1821904203622087e-12
2.3993919374471098e+01 1.6985817619638413e-09 5.1820630756348211e-12
2.5554847268101831e+01 1.6943531991522867e-09 5.1819312896997122e-12
2.7217321551511141e+01 1.6901294290889662e-09 5.1818027001116309e-12
2.8987948339766263e+01 1.6859084120893023e-09 5.1816711300730077e-12
3.0873763509705199e+01 1.6816916001936559e-09 5.1815409683175870e-12
3.2882260658150813e+01 1.6774778571400775e-09 5.1814087324787361e-12
3.5021420878950600e+01 1.6732680017317224e-09 5.1812769330800737e-12
3.7299744477166094e+01 1.6690624488327367e-09 5.1811468489404452e-12
3.9726284746433500e+01 1.6648601331741920e-09 5.1810151704096174e-12
4.2310683943715297e+01 1.6606608449673651e-09 5.1808812246357424e-12
4.5063211604394624e+01 1.6564656295537124e-09 5.1807482476474700e-12
4.7994805349963613e+01 1.6522740141045562e-09 5.1806147553287779e-12
5.1117114350461669e+01 1.6480862625571616e-09 5.1804815839174023e-12
5.4442545614369507e+01 1.6439017295196338e-09 5.1803466713548274e-12
5.7984313289897884e+01 1.6397215870314176e-09 5.1802137114722042e-12
6.1756491173579839e+01 1.6355441098275842e-09 5.1800772518746339e-12
6.5774068634816473e+01 1.6313720606067260e-09 5.1799460052577438e-12
7.0053010178602250e+01 1.6272022136832480e-09 5.1798097604168819e-12
7.4610318883111972e+01 1.6230356494508897e-09 5.1796719163277001e-12
7.9464103964229196e+01 1.6188743963672423e-09 5.1795389098423545e-12
8.4633652735494763e+01 1.6147151067549559e-09 5.1794000653851478e-12
9.0139507249420220e+01 1.6105608342554859e-09 5.1792651508034719e-12
9.6003545924712768e+01 1.6064098944386594e-09 5.1791287266555144e-12
1.0224907048377207e+02 1.6022628779575492e-09 5.1789927139526025e-12
1.0890089854591660e+02 1.5981188245250167e-09 5.1788539726055102e-12
1.1598546224427756e+02 1.5939784073116219e-09 5.1787146711575471e-12
1.2353091325822821e+02 1.5898419758492206e-09 5.1785759361204857e-12
1.3156723467871328e+02 1.5857100841087776e-09 5.1784395654667572e-12
1.4012636015099338e+02 1.5815807523040502e-09 5.1782990904140524e-12
1.4924230076823824e+02 1.5774552992662569e-09 5.1781587950411018e-12
1.5895128022020046e+02 1.5733342314678539e-09 5.1780203435495482e-12
1.6929187873400636e+02 1.5692160903797256e-09 5.1778789201825279e-12
1.8030518637903495e+02 1.5651021328736514e-09 5.1777386581706237e-12
1.9203496634507007e+02 1.5609918233281461e-09 5.1775977798966851e-12
2.0452782884253259e+02 1.5568847534237977e-09 5.1774549108176333e-12
2.1783341631582090e+02 1.5527823206925937e-09 5.1773146900539264e-12
2.3200460070573041e+02 1.5486836355415184e-09 5.1771741376655058e-12
2.4709769354480852e+02 1.5445878894763602e-09 5.1770305695232001e-12
2.6317266972049327e+02 1.5404964640783585e-09 5.1768885623393106e-12
2.8029340579519533e+02 1.5364082398988305e-09 5.1767443491321467e-12
2.9852793383032741e+02 1.5323238757447278e-09 5.1766001466395865e-12
3.1794871172289277e+02 1.5282435575949712e-09 5.1764565502426466e-12
3.3863291112885832e+02 1.5241666055480729e-09 5.1763112724052509e-12
3.6066272411742852e+02 1.5200938883537305e-09 5.1761672234804831e-12
3.8412568977475013e+02 1.5160246349595651e-09 5.1760217884476548e-12
4.0911504205487512e+02 1.5119596276244705e-09 5.1758776186779598e-12
4.3573008026021472e+02 1.5078973221423299e-09 5.1757294118205598e-12
4.6407656362365407e+02 1.5038394441298473e-09 5.1755830769460852e-12
4.9426713156026284e+02 1.4997860108660642e-09 5.1754386412154377e-12
5.2642175125854203e+02 1.4957355657217275e-09 5.1752911300343893e-12
5.6066819438978382e+02 1.4916891160256276e-09 5.1751439476925489e-12
5.9714254482982790e+02 1.4876460042230224e-09 5.1749948411198489e-12
6.3598973941072984e+02 1.4836072696764312e-09 5.1748473790542602e-12
6.7736414385110618e+02 1.4795720989313845e-09 5.1746987123011529e-12
7.2143016615371857e+02 1.4755402628182496e-09 5.1745480573319521e-12
7.6836290990771204e+02 1.4715126889232975e-09 5.1743986357207029e-12
8.1834887009153897e+02 1.4674888519224253e-09 5.1742485708847539e-12
8.7158667414143599e+02 1.4634687476646465e-09 5.1740978501421348e-12
9.2828787123021891e+02 1.4594526655008270e-09 5.1739474808610657e-12
9.8867777289272431e+02 1.4554399482004242e-09 5.1737951220062250e-12
1.0529963483382598e+03 1.4514313305725737e-09 5.1736433472676274e-12
1.1214991780077364e+03 1.4474268441335630e-09 5.1734923063205167e-12
1.1944584691645971e+03 1.4434259196452676e-09 5.1733399106871159e-12
1.2721641375551571e+03 1.4394290644808310e-09 5.1731879786393048e-12
1.3549249594365288e+03 1.4354353646322162e-09 5.1730332049820342e-12
1.4430697985498618e+03 1.4314461440357470e-09 5.1728803527982772e-12
1.5369489129145315e+03 1.4274600879688317e-09 5.1727246535557086e-12
1.6369353466359996e+03 1.4234786249726806e-09 5.1725712509862145e-12
1.7434264122579386e+03 1.4194996823926622e-09 5.1724126293635507e-12
1.8568452695489871e+03 1.4155266584270962e-09 5.1722611172081621e-12
1.9776426069977081e+03 1.4115561510870883e-09 5.1721043207934084e-12
2.1062984326974424e+03 1.4075893349592871e-09 5.1719464944211417e-12
2.2433239817374360e+03 1.4036270039067717e-09 5.1717905465769243e-12
2.3892637476795690e+03 1.3996686220195005e-09 5.1716344810165975e-12
2.5446976461931199e+03 1.3957136802860620e-09 5.1714764226382451e-12
2.7102433194450541e+03 1.3917624711501080e-09 5.1713174333135759e-12
2.8865585904028039e+03 1.3878158476258886e-09 5.1711606515262713e-12
3.0743440768020482e+03 1.3838721701551024e-09 5.1709999693121418e-12
3.2743459751665450e+03 1.3799328377226204e-09 5.1708405771685248e-12
3.4873590259427824e+03 1.3759972729629806e-09 5.1706803341787492e-12
3.7142296715318867e+03 1.3720655997731381e-09 5.1705196239207388e-12
3.9558594197677576e+03 1.3681374277063807e-09 5.1703570116186331e-12
4.2132084262067565e+03 1.3642137787942048e-09 5.1701963358055745e-12
4.4872993094637623e+03 1.3602940206144322e-09 5.1700351769383977e-12
4.7792212147555092e+03 1.3563783939927906e-09 5.1698744456431091e-12
5.0901341417982412e+03 1.3524657008567896e-09 5.1697095595677093e-12
5.4212735542574092e+03 1.3485567080839825e-09 5.1695434152274780e-12
5.7739552890659024e+03 1.3446528410915117e-09 5.1693814309014199e-12
6.1495807851184136e+03 1.3407526674188222e-09 5.1692181562994862e-12
6.5496426521196036e+03 1.3368562401471079e-09 5.1690537534867341e-12
6.9757306017142537e+03 1.3329636619517429e-09 5.1688885792509440e-12
7.4295377644679338e+03 1.3290745846705760e-09 5.1687212911501265e-12
7.9128674178000429e+03 1.3251900539699064e-09 5.1685559414208979e-12
8.4276401516030692e+03 1.3213088333805433e-09 5.1683876545705548e-12
8.9759015000227428e+03 1.3174321045795772e-09 5.1682210521722439e-12
9.5598300697242175e+03 1.3135596795668913e-09 5.1680553963806440e-12
1.0181746196944359e+04 1.3096897943840512e-09 5.1678837413750545e-12
1.0844121167729199e+04 1.3058254800578106e-09 5.1677179775717847e-12
1.1549587037995934e+04 1.3019644772907895e-09 5.1675491923776370e-12
1.2300947092439777e+04 1.2981069177943369e-09 5.1673778864785480e-12
1.3101186983847198e+04 1.2942533488136604e-09 5.1672062002591858e-12
1.3953486597078316e+04 1.2904045924153297e-09 5.1670374023459431e-12
1.4861232684862369e+04 1.2865592733939159e-09 5.1668659740991004e-12
1.5828032325617238e+04 1.2827182909603678e-09 5.1666955222787281e-12
1.6857727256768496e+04 1.2788803131937848e-09 5.1665206456982356e-12
1.7954409140525593e+04 1.2750470788765871e-09 5.1663483510705966e-12
1.9122435822774238e+04 1.2712179788469669e-09 5.1661761430601601e-12
2.0366448649694554e+04 1.2673921633053333e-09 5.1660005930297754e-12
2.1691390910913055e+04 1.2635710621304901e-09 5.1658274454937456e-12
2.3102527482477813e+04 1.2597531131108442e-09 5.1656503326808410e-12
2.4605465747709339e+04 1.2559395698052385e-09 5.1654743663449717e-12
2.6206177879060397e+04 1.2521303121463699e-09 5.1652990417794642e-12
2.7911024569526468e+04 1.2483245681948989e-09 5.1651211429756254e-12
2.9726780307904952e+04 1.2445238504937807e-09 5.1649469318932102e-12
3.1660660298341805e+04 1.2407262175757928e-09 5.1647683210675020e-12
3.3720349131131268e+04 1.2369324955239352e-09 5.1645887323705460e-12
3.5914031318700654e+04 1.2331435663363645e-09 5.1644118138983376e-12
3.8250423818115865e+04 1.2293581408931189e-09 5.1642321614542043e-12
4.0738810669345519e+04 1.2255768632173067e-09 5.1640524642054673e-12
4.3389079886919921e+04 1.2217992323488860e-09 5.1638705724002325e-12
4.6211762751584603e+04 1.2180263324492143e-09 5.1636910658170435e-12
4.9218075658076523e+04 1.2142565841142050e-09 5.1635072351502655e-12
5.2419964685313156e+04 1.2104915885324003e-09 5.1633258304186013e-12
5.5830153066103798e+04 1.2067304159886733e-09 5.1631428754771158e-12
5.9462191745006618e+04 1.2029730495617001e-09 5.1629583104486424e-12
6.3330513225237992e+04 1.1992204665902943e-09 5.1627762859096599e-12
6.7450488918596471e+04 1.1954718808969056e-09 5.1625934238515713e-12
7.1838490226298440e+04 1.1917263841045808e-09 5.1624057486168441e-12
7.6511953593432059e+04 1.1879858428656058e-09 5.1622213226564941e-12
8.1489449795542256e+04 1.1842488146474892e-09 5.1620338811372692e-12
8.6790757732661878e+04 1.1805165993212730e-09 5.1618490627277805e-12
9.2436943024023654e+04 1.1767879649087487e-09 5.1616614589429502e-12
9.8450441715766399e+04 1.1730632581566840e-09 5.1614725514927961e-12
1.0485514943425244e+05 1.1693426515465912e-09 5.1612830885095773e-12
1.1167651633927324e+05 1.1656265984908290e-09 5.1610950466363866e-12
1.1894164825444299e+05 1.1619137980326075e-09 5.1609026635175673e-12
1.2667941437665162e+05 1.1582059224176404e-09 5.1607132925574227e-12
1.3492056199256421e+05 1.1545021019976118e-09 5.1605230774432359e-12
1.4369783865802706e+05 1.1508021318597580e-09 5.1603310989068214e-12
1.5304612232586395e+05 1.1471061714374024e-09 5.1601379983858042e-12
1.6300255993916356e+05 1.1434142231060025e-09 5.1599438010215669e-12
1.7360671504076757e+05 1.1397270809521568e-09 5.1597520354753148e-12
1.8490072498551465e+05 1.1360433443570026e-09 5.1595563921836107e-12
1.9692946837995714e+05 1.1323644625604344e-09 5.1593633710037272e-12
2.0974074341488138e+05 1.1286891898195837e-09 5.1591673212812074e-12
2.2338545779928874e+05 1.1250181224988111e-09 5.1589708957319309e-12
2.3791783105054576e+05 1.1213508025780481e-09 5.1587719923784323e-12
2.5339560994456324e+05 1.1176884495728686e-09 5.1585762068094375e-12
2.6988029798210319e+05 1.1140301135050399e-09 5.1583791425107758e-12
2.8743739978306537e+05 1.1103755014882696e-09 5.1581794024743603e-12
3.0613668137986225e+05 1.1067254066574887e-09 5.1579806235677785e-12
3.2605244744423428e+05 1.1030793906370985e-09 5.1577807931206934e-12
3.4726383654908440e+05 1.0994372561009443e-09 5.1575789166568210e-12
3.6985513563861209e+05 1.0957996711309206e-09 5.1573781136367753e-12
3.9391611495636276e+05 1.0921661133201225e-09 5.1571759245273266e-12
4.1954238476204727e+05 1.0885361375227587e-09 5.1569701671705445e-12
4.4683577525465062e+05 1.0849113180678742e-09 5.1567683055707782e-12
4.7590474121146702e+05 1.0812905021014385e-09 5.1565648582472185e-12
5.0686479295101407e+05 1.0776735517075243e-09 5.1563591141162580e-12
5.3983895533227129e+05 1.0740608053785882e-09 5.1561526830137164e-12
5.7495825661421090e+05 1.0704525599669926e-09 5.1559469313046893e-12
6.1236224911813508e+05 1.0668485974344678e-09 5.1557408243501964e-12
6.5219956376177561e+05 1.0632486689983638e-09 5.1555331253691057e-12
6.9462850066871487e+05 1.0596530434416614e-09 5.1553250893149793e-12
7.3981765819994838e+05 1.0560615883452004e-09 5.1551160891947227e-12
7.8794660290723224e+05 1.0524742262662626e-09 5.1549056638510556e-12
8.3920658307029342e+05 1.0488910045702074e-09 5.1546940554132234e-12
8.9380128865335824e+05 1.0453120666137152e-09 5.1544818975384086e-12
9.5194766070070851e+05 1.0417377039212448e-09 5.1542706411658633e-12
1.0138767533876391e+06 1.0381674178178426e-09 5.1540577834334483e-12
1.0798346521522056e+06 1.0346013882275405e-09 5.1538441837263707e-12
1.1500834515562241e+06 1.0310394553663981e-09 5.1536290344107845e-12
1.2249022967611216e+06 1.0274820539089116e-09 5.1534144602516141e-12
1.3045884927571407e+06 1.0239289654936190e-09 5.1531993390905402e-12
1.3894586857536663e+06 1.0203800683134565e-09 5.1529830542593108e-12
1.4798501214249886e+06 1.0168349845260243e-09 5.1527636324346101e-12
1.5761219850115171e+06 1.0132945904470941e-09 5.1525454784827031e-12
1.6786568286013776e+06 1.0097586689820359e-09 5.1523275014468511e-12
1.7878620912641196e+06 1.0062265123392541e-09 5.1521060477246665e-12
1.9041717180768361e+06 1.0026995399308300e-09 5.1518883275052514e-12
2.0280478844763744e+06 9.9917625193136633e-10 5.1516666848956478e-12
2.1599828327894094e+06 9.9565735096819116e-10 5.1514445976377854e-12
2.3005008282383643e+06 9.9214275244919256e-10 5.1512216820665600e-12
2.4501602421955001e+06 9.8863254237998667e-10 5.1509983142801472e-12
2.6095557709633918e+06 9.8512625001210572e-10 5.1507720170396195e-12
2.7793207988985945e+06 9.8162497791221704e-10 5.1505485316809089e-12
2.9601299152684999e+06 9.7812749037472481e-10 5.1503213520090733e-12
3.1527015948428605e+06 9.7463463328238080e-10 5.1500948834333038e-12
3.3578010528713926e+06 9.7114628581934245e-10 5.1498684555317450e-12
3.5762432857925608e+06 9.6766189722166093e-10 5.1496391408650177e-12
3.8088963097558995e+06 9.6418212563201637e-10 5.1494103864867181e-12
4.0566846098270798e+06 9.6070609668881264e-10 5.1491774953493651e-12
4.3205928135813735e+06 9.5723547687871091e-10 5.1489493528538472e-12
4.6016696036832547e+06 9.5376876652897645e-10 5.1487178937229216e-12
4.9010318849996096e+06 9.5030606484001618e-10 5.1484836047846251e-12
5.2198692228048313e+06 9.4684802792903795e-10 5.1482500030982082e-12
5.5594485697142929e+06 9.4339427686245433e-10 5.1480149612934202e-12
5.9211193001288325e+06 9.3994509492212075e-10 5.1477800403851508e-12
6.3063185721961008e+06 9.3650002892607177e-10 5.1475427158232474e-12
6.7165770385947125e+06 9.3305953628234044e-10 5.1473054387475729e-12
7.1535249288346739e+06 9.2962350942583942e-10 5.1470676053397288e-12
7.6188985272423327e+06 9.2619173056791909e-10 5.1468279665074892e-12
8.1145470723719802e+06 9.2276458128118671e-10 5.1465886084901242e-12
8.6424401052594054e+06 9.1934197808288773e-10 5.1463490501325860e-12
9.2046752957170997e+06 9.1592364222889581e-10 5.1461076806912401e-12
9.8034867777706105e+06 9.1250926736375671e-10 5.1458627494143109e-12
1.0441254027357344e+07 9.0909994495202689e-10 5.1456203347524366e-12
1.1120511317565966e+07 9.0569482182751905e-10 5.1453756321024974e-12
1.1843957788987128e+07 9.0229429815800135e-10 5.1451308526305636e-12
1.2614468175192997e+07 8.9889813178441822e-10 5.1448845747234163e-12
1.3435104225963673e+07 8.9550625801124835e-10 5.1446363766363350e-12
1.4309126873653973e+07 8.9211914507009790e-10 5.1443889138536280e-12
1.5240009191044500e+07 8.8873623118185315e-10 5.1441389472842668e-12
1.6231450192167496e+07 8.8535797762430908e-10 5.1438890655957687e-12
1.7287389530948091e+07 8.8198390073496723e-10 5.1436364451403867e-12
1.8412023156066772e+07 8.7861455076739244e-10 5.1433842250232570e-12
1.9609819984252330e+07 8.7524985908695964e-10 5.1431319945521663e-12
2.0885539658257093e+07 8.7188947549145118e-10 5.1428776459237604e-12
2.2244251460081059e+07 8.6853393603353049e-10 5.1426243317908538e-12
2.3691354454597231e+07 8.6518269688005240e-10 5.1423687641565008e-12
2.5232598943624824e+07 8.6183556895013276e-10 5.1421097660309493e-12
2.6874109315698817e+07 8.5849333346836670e-10 5.1418519829090647e-12
2.8622408382336006e+07 8.5515550540435143e-10 5.1415924460055314e-12
3.0484443297499433e+07 8.5182213508963697e-10 5.1413314109414716e-12
3.2467613163257148e+07 8.4849353216052560e-10 5.1410707321602972e-12
3.4579798431332424e+07 8.4516948947816359e-10 5.1408091112148724e-12
3.6829392217374101e+07 8.4184974283657812e-10 5.1405448986010476e-12
3.9225333652383484e+07 8.3853476569096002e-10 5.1402809055223798e-12
4.1777143403820865e+07 8.3522450899364118e-10 5.1400168295756694e-12
4.4494961507545196e+07 8.3191861743115650e-10 5.1397504480841019e-12
4.7389587660913445e+07 8.2861694737425880e-10 5.1394808101841737e-12
5.0472524137156151e+07 8.2532042343441379e-10 5.1392135960164092e-12
5.3756021491550930e+07 8.2202809439246737e-10 5.1389428414773715e-12
5.7253127241020620e+07 8.1874070733564191e-10 5.1386731826689693e-12
6.0977737710587747e+07 8.1545751946736115e-10 5.1383999205569398e-12
6.4944653252707392e+07 8.1217918489526112e-10 5.1381271048821096e-12
6.9169637058904260e+07 8.0890516959148842e-10 5.1378513243192763e-12
7.3669477797405437e+07 8.0563651009809533e-10 5.1375791114675468e-12
7.8462056325677782e+07 8.0237165525493016e-10 5.1373005723991497e-12
8.3566416742954373e+07 7.9911168245295218e-10 5.1370224991086358e-12
8.9002842065098390e+07 7.9585626823862705e-10 5.1367427810118047e-12
9.4792934822500810e+07 7.9260564164462214e-10 5.1364628301533891e-12
1.0095970290129112e+08 7.8935984667257903e-10 5.1361829372460767e-12
1.0752765096895824e+08 7.8611853575274951e-10 5.1359007535471144e-12
1.1452287784767391e+08 7.8288160167424218e-10 5.1356155393389684e-12
1.2197318022226208e+08 7.7964994197504636e-10 5.1353331110191640e-12
1.2990816309489559e+08 7.7642238965174692e-10 5.1350458011678773e-12
1.3835935742544460e+08 7.7319941446106759e-10 5.1347565701493671e-12
1.4736034542492861e+08 7.6998157293971100e-10 5.1344691256922015e-12
1.5694689399996319e+08 7.6676880194044263e-10 5.1341829976939274e-12
1.6715709687844348e+08 7.6355977170614098e-10 5.1338892262026443e-12
1.7803152598124129e+08 7.6035579859560454e-10 5.1335965694544587e-12
1.8961339264140171e+08 7.5715674589277973e-10 5.1333040831283293e-12
2.0194871931149244e+08 7.5396238040947995e-10 5.1330101369139836e-12
2.1508652244138485e+08 7.5077237208614536e-10 5.1327124247986942e-12
2.2907900725318274e+08 7.4758766004710403e-10 5.1324173275477653e-12
2.4398177518726313e+08 7.4440710653571907e-10 5.1321169517999846e-12
2.5985404484373882e+08 7.4123160596721841e-10 5.1318174293981508e-12
2.7675888729732001e+08 7.3806086660610440e-10 5.1315166759516019e-12
2.9476347672059816e+08 7.3489494627913466e-10 5.1312150275633717e-12
3.1393935731167644e+08 7.3173373991616900e-10 5.1309117357497749e-12
3.3436272758680069e+08 7.2857702929960124e-10 5.1306051890039744e-12
3.5611474316771477e+08 7.2542536356836520e-10 5.1302991613835150e-12
3.7928183926686484e+08 7.2227832256480622e-10 5.1299906822588350e-12
4.0395607415193844e+08 7.1913625002745651e-10 5.1296821066319715e-12
4.3023549495453954e+08 7.1599874569821850e-10 5.1293705312172158e-12
4.5822452727658254e+08 7.1286631370474162e-10 5.1290594672778118e-12
4.8803439014262134e+08 7.0973850822585667e-10 5.1287456978186535e-12
5.1978353794692725e+08 7.0661545465750815e-10 5.1284300665125908e-12
5.5359813115152001e+08 7.0349720660460648e-10 5.1281128462269648e-12
5.8961253760550094e+08 7.0038412829373568e-10 5.1277967157561684e-12
6.2796986647783387e+08 6.9727560618369717e-10 5.1274770611870735e-12
6.6882253692515314e+08 6.9417187511659035e-10 5.1271555241520692e-12
7.1233288375436330e+08 6.9107306929166549e-10 5.1268331014711666e-12
7.5867380248670626e+08 6.8797927386687404e-10 5.1265103277903705e-12
8.0802943638653457e+08 6.8489010955077307e-10 5.1261843088752355e-12
8.6059590818490303e+08 6.8180627747691448e-10 5.1258602446329314e-12
9.1658209940548182e+08 6.7872691308808162e-10 5.1255315714325356e-12
9.7621048038966870e+08 6.7565246272561920e-10 5.1252015802456064e-12
1.0397179943190590e+09 6.7258302362782596e-10 5.1248709446579601e-12
1.1073569987482049e+09 6.6951814027414179e-10 5.1245361247896704e-12
1.1793962683888443e+09 6.6645887876684376e-10 5.1242051937632198e-12
1.2561220631304536e+09 6.6340359362915854e-10 5.1238654960317200e-12
1.3378392655409720e+09 6.6035396907466025e-10 5.1235298770477345e-12
1.4248725923679023e+09 6.5730890050785202e-10 5.1231897432418451e-12
1.5175678848536892e+09 6.5426880191977969e-10 5.1228482819042944e-12
1.6162934829928024e+09 6.5123383507655087e-10 5.1225066259266808e-12
1.7214416891913152e+09 6.4820387226786689e-10 5.1221637641579953e-12
1.8334303271449993e+09 6.4517882670049596e-10 5.1218189076282158e-12
1.9527044021306012e+09 6.4215856675722682e-10 5.1214709550837391e-12
2.0797378693074644e+09 6.3914327921948433e-10 5.1211212964484720e-12
2.2150355170563607e+09 6.3613305318393015e-10 5.1207705804952053e-12
2.3591349728390932e+09 6.3312782028415771e-10 5.1204181832220120e-12
2.5126088395497708e+09 6.3012763615097228e-10 5.1200644663897397e-12
2.6760669708465395e+09 6.2713246749101471e-10 5.1197091588014797e-12
2.8501588945054417e+09 6.2414216279115925e-10 5.1193509050586102e-12
3.0355763934259129e+09 6.2115712244339811e-10 5.1189929314697530e-12
3.2330562545438480e+09 6.1817679010146952e-10 5.1186306312440750e-12
3.4433831965758452e+09 6.1520173054646060e-10 5.1182687039413111e-12
3.6673929882280307e+09 6.1223136461486289e-10 5.1179022971518782e-12
3.9059757692605624e+09 6.0926650982431167e-10 5.1175383736460111e-12
4.1600795876042871e+09 6.0630589184881127e-10 5.1171663937060458e-12
4.4307141665853424e+09 6.0335095808698708e-10 5.1167988438662921e-12
4.7189549172267895e+09 6.0040025486673687e-10 5.1164238316949522e-12
5.0259472115712633e+09 5.9745497963502733e-10 5.1160521776642872e-12
5.3529109340052586e+09 5.9451408563806184e-10 5.1156758718951040e-12
5.7011453286702585e+09 5.9157768048277884e-10 5.1152970650801069e-12
6.0720341622233276e+09 5.8864593813341384e-10 5.1149191013367352e-12
6.4670512224614086e+09 5.8571803773592134e-10 5.1145373100144222e-12
6.8877661746596928e+09 5.8279383213455313e-10 5.1141537882823898e-12
7.3358507988946009e+09 5.7987263728138464e-10 5.1137672385219949e-12
7.8130856331372786e+09 5.7695406617088788e-10 5.1133806112340131e-12
8.3213670485139341e+09 5.7403644492433189e-10 5.1129882300460265e-12
8.8627147848486156e+09 5.7111922985177975e-10 5.1125975963138668e-12
9.4392799764313946e+09 5.6819992371558139e-10 5.1122038197035679e-12
1.0053353699904787e+10 5.6527555957952963e-10 5.1118044782810671e-12
1.0707376078233423e+10 5.6234355721195877e-10 5.1114104650259432e-12
1.1403945976934160e+10 5.5939738596275436e-10 5.1110104234428962e-12
1.2145831331095865e+10 5.5642979930280239e-10 5.1106058480537496e-12
1.2935980144224464e+10 5.5343058915200283e-10 5.1101984927700413e-12
1.3777532202620443e+10 5.5038607327182964e-10 5.1097973469775216e-12
1.4673831551835873e+10 5.4727371136363453e-10 5.1093848362292476e-12
1.5628439784789782e+10 5.4406625378272662e-10 5.1089784137437486e-12
1.6645150194343052e+10 5.4072118544179187e-10 5.1085647594647138e-12
1.7728002846572399e+10 5.3718095862819265e-10 5.1081481632325718e-12
1.8881300634637081e+10 5.3336407703785463e-10 5.1077321932324373e-12
2.0109626377032902e+10 5.2915462703198231e-10 5.1073124278998531e-12
2.1417861028175602e+10 5.2439047390502425e-10 5.1068930768433967e-12
2.2811203073675529e+10 5.1884254473128790e-10 5.1064673803868339e-12
2.4295189187376476e+10 5.1219157398238292e-10 5.1060393313202758e-12
2.5875716232239388e+10 5.0399289310935743e-10 5.1056137411170248e-12
2.7559064692497841e+10 4.9363043647866729e-10 5.1051809554158738e-12
2.9351923630194511e+10 4.8026455240987197e-10 5.1047494922143553e-12
3.1261417265270943e+10 4.6276516323493064e-10 5.1043120752768350e-12
3.3295133284826687e+10 4.3965285057835895e-10 5.1038716414258112e-12
3.5461152994042480e+10 4.0906658810064326e-10 5.1034316084668397e-12
3.7768083428576187e+10 3.6882152946145477e-10 5.1029774869283615e-12
4.0225091556033760e+10 3.1669352670720825e-10 5.1025439885334419e-12
4.2841940702424927e+10 2.5116247452149070e-10 5.1020956696761018e-12
4.5629029348344124e+10 1.7311889407730485e-10 5.1016268674758312e-12
4.8597432449044510e+10 8.9368388263656735e-11 5.1011899234752250e-12
5.1758945442593155e+10 1.9409698007522239e-11 5.1007374782701928e-12
5.5126131120986969e+10 7.8688832005156172e-12 5.1002747683681481e-12
5.8712369550472008e+10 1.4618107091367156e-10 5.0998027650669427e-12
6.2531911239438263e+10 6.0844009020760745e-10 5.0993547468898570e-12
6.6599933765159744e+10 1.7072967605540953e-09 5.0988745700085792e-12
7.0932602084392548e+10 3.9756547608599900e-09 5.0983833267069924e-12
7.5547132767493103e+10 8.2775729647549236e-09 5.0979018437571041e-12
8.0461862411290771e+10 1.5946533806431568e-08 5.0974806790814669e-12
8.5696320502573227e+10 2.8941972158759368e-08 5.0970040555044569e-12
9.1271307021712280e+10 5.0012732269571968e-08 5.0965192662727536e-12
9.7208975094811981e+10 8.2854036226777461e-08 5.0960521798330906e-12
1.0353291902279694e+11 1.3226353529372287e-07 5.0955311977102721e-12
1.1026826803725031e+11 2.0428890613093069e-07 5.0950721900109710e-12
1.1744178615554599e+11 3.0643654828110044e-07 5.0945528807780036e-12
1.2508197853208006e+11 4.4809369447631658e-07 5.0941089200981622e-12
1.3321920472818785e+11 6.4067513111635507e-07 5.0936086424597594e-12
1.4188579935085632e+11 8.9857122708104875e-07 5.0931062945896372e-12
1.5111620053960568e+11 1.2397760030528458e-06 5.0925830996465470e-12
1.6094708681209763e+11 1.6872527734574584e-06 5.0921428900068009e-12
1.7141752281226645e+11 2.2696425574876893e-06 5.0916126695370673e-12
1.8256911454010382e+11 3.0242262699936045e-06 5.0910925616501605e-12
1.9444617467994739e+11 3.9980958405429990e-06 5.0906004716384604e-12
2.0709589868421564e+11 5.2513922345073099e-06 5.0900891604090333e-12
2.2056855231231186e+11 6.8612309249255059e-06 5.0896043620952931e-12
2.3491767136988251e+11 8.9247848454552392e-06 5.0891490715182735e-12
2.5020027444214990e+11 1.1567453614662462e-05 5.0886063056915296e-12
2.6647708946664307e+11 1.4947806317364410e-05 5.0880955256253772e-12
2.8381279504563977e+11 1.9268141445698547e-05 5.0875936624607447e-12
3.0227627745724585e+11 2.4782637250730345e-05 5.0871115297171285e-12
3.2194090438634583e+11 3.1819288086557534e-05 5.0866671522757166e-12
3.4288481646317365e+11 4.0779002326271754e-05 5.0861351797870530e-12
3.6519123776795148e+11 5.2186978545456109e-05 5.0856290831070266e-12
3.8894880653547986e+11 6.6692886512692944e-05 5.0851490468882700e-12
4.1425192737373584e+11 8.5110868477453341e-05 5.0846769028773336e-12
4.4120114639611621e+11 1.0845760190032243e-04 5.0842059860390717e-12
4.6990355075796411e+11 1.3801411061143337e-04 5.0837728199762893e-12
5.0047319418498340e+11 1.7535297245845375e-04 5.0832998282534890e-12
5.3303155018450348e+11 2.2244665851676597e-04 5.0828634135438647e-12
5.6770799474043481e+11 2.8169894162314370e-04 5.0824481485907829e-12
6.0464032041001074e+11 3.5603225195406535e-04 5.0820807221093593e-12
6.4397528386520959e+11 4.4902010659309861e-04 5.0816267966930440e-12
6.8586918905451685e+11 5.6500667279554048e-04 5.0813030697401842e-12
7.3048850830238904e+11 7.0909288217459914e-04 5.0808855357685620e-12
7.7801054381439832e+11 8.8736896603656740e-04 5.0805664258501122e-12
8.2862413221675085e+11 1.1069285702671504e-03 5.0802338195440987e-12
8.8253039492966357e+11 1.3759393731540865e-03 5.0799401731356217e-12
9.3994353735642163e+11 1.7036250237129652e-03 5.0796876240849282e-12
1.0010917000637959e+12 2.1002694407775495e-03 5.0794513444377541e-12
1.0662178653360852e+12 2.5769068724690158e-03 5.0792439747707376e-12
1.1355808227052456e+12 3.1451051999692322e-03 5.0790706043192060e-12
1.2094561972936387e+12 3.8167253323311530e-03 5.0789220245684410e-12
1.2881375450558179e+12 4.6025289244383347e-03 5.0788115163492756e-12
1.3719375192713669e+12 5.5125314551986663e-03 5.0787829514300591e-12
1.4611891129242041e+12 6.5536311099848362e-03 5.0786799315948766e-12
1.5562469819049451e+12 7.7294573445966528e-03 5.0786450521771054e-12
1.6574888542944417e+12 9.0390645848512641e-03 5.0786447153210439e-12
1.7653170313284666e+12 1.0474519292134865e-02 5.0787160711725704e-12
1.8801599860078015e+12 1.2021310009304733e-02 5.0786905208601932e-12
2.0024740657062810e+12 1.3658961844379005e-02 5.0787296445840845e-12
2.1327453055421021e+12 1.5357712555241237e-02 5.0787863187600038e-12
2.2714913597183589e+12 1.7079661015449402e-02 5.0788333528787368e-12
2.4192635585071094e+12 1.8788025363371968e-02 5.0788970828668697e-12
2.5766490990510181e+12 2.0438054039159961e-02 5.0789175744892529e-12
2.7442733786877368e+12 2.1990234502532267e-02 5.0789575222466237e-12
2.9228024800691548e+12 2.3404164355506824e-02 5.0789808198288932e-12
3.1129458179503008e+12 2.4654629050691268e-02 5.0789886717183019e-12
3.3154589581657212e+12 2.5716767014509340e-02 5.0789957500184820e-12
3.5311466199945361e+12 2.6579744548744632e-02 5.0789935001544186e-12
3.7608658738449023e+12 2.7241598666091833e-02 5.0789996408875201e-12
4.0055295469643184e+12 2.7705237277579037e-02 5.0789798148220718e-12
4.2661098507087334e+12 2.7978429592145009e-02 5.0789807208149038e-12
4.5436422437845059e+12 2.8072630123989396e-02 5.0789762687895689e-12
4.8392295468137969e+12 2.7998283373113143e-02 5.0789655477167513e-12
5.1540463245738164e+12 2.7768646719067928e-02 5.0789683042608194e-12
5.4893435533230303e+12 2.7399962702204267e-02 5.0790044954873734e-12
5.8464535917613760e+12 2.6906342806621485e-02 5.0789802989332985e-12
6.2267954753765908e+12 2.6311249800976690e-02 5.0789612567097999e-12
6.6318805552152080e+12 2.5635066857438014e-02 5.0790014821596130e-12
7.0633185034846436e+12 2.4897910046200022e-02 5.0789527134098222e-12
7.5228237098502998e+12 2.4120201980610038e-02 5.0789493015254255e-12
8.0122220938452793e+12 2.3317554700799416e-02 5.0789499718322956e-12
8.5334583604618174e+12 2.2502610133829308e-02 5.0789521294804871e-12
9.0886037277566348e+12 2.1685238772429501e-02 5.0789472404208146e-12
9.6798641571763418e+12 2.0873041717621839e-02 5.0789419269597056e-12
1.0309589119308586e+13 2.0071852339235904e-02 5.0789292346244985e-12
1.0980280929889674e+13 1.9286391674699845e-02 5.0789669648336320e-12
1.1694604693167895e+13 1.8519163967708800e-02 5.0789182020833134e-12
1.2455398892133793e+13 1.7773514159538841e-02 5.0789655291680532e-12
1.3265686667698910e+13 1.7049992343419581e-02 5.0789183389382536e-12
1.4128687831644141e+13 1.6350287272142702e-02 5.0789038914816560e-12
1.5047831661071158e+13 1.5674751334936666e-02 5.0788977615330138e-12
1.6026770525199377e+13 1.5023521754356494e-02 5.0788933317994992e-12
1.7069394398655400e+13 1.4396520529888802e-02 5.0788899259845549e-12
1.8179846318927918e+13 1.3793434186853542e-02 5.0788849677454817e-12
1.9362538849408266e+13 1.3213834572562288e-02 5.0788799308178713e-12
2.0622171613437270e+13 1.2657173336277059e-02 5.0788751674581383e-12
2.1963749969031109e+13 1.2122825286373146e-02 5.0788702293180975e-12
2.3392604898495820e+13 1.1610343025305711e-02 5.0789385051661393e-12
2.4914414191961863e+13 1.1118576605578660e-02 5.0789368677086739e-12
2.6535225009017461e+13 1.0647021682022350e-02 5.0789361591998349e-12
2.8261477908092305e+13 1.0194776376034005e-02 5.0788611430128412e-12
3.0100032439075113e+13 9.7616786480229627e-03 5.0789307183505237e-12
3.2058194400864980e+13 9.3464446551409595e-03 5.0789272707414243e-12
3.4143744872164328e+13 8.9485683604803752e-03 5.0789250312154852e-12
3.6364971130875742e+13 8.5673593964156192e-03 5.0789223321809521e-12
3.8730699584962938e+13 8.2019863895298611e-03 5.0788360857333231e-12
4.1250330845636602e+13 7.8523079500868349e-03 5.0789200692647323e-12
4.3933877082228461e+13 7.5171888147582333e-03 5.0789163294402464e-12
4.6792001807193539e+13 7.1961967935953389e-03 5.0789155201705151e-12
4.9836062249331617e+13 6.8887477551155549e-03 5.0789112549050947e-12
5.3078154483602703e+13 6.5942828904686189e-03 5.0789095979577888e-12
5.6531161496873242e+13 6.3122587249014889e-03 5.0789070181038753e-12
6.0208804380582328e+13 6.0421601054593309e-03 5.0789047537323048e-12
6.4125696853756750e+13 5.7834842672504832e-03 5.0789031069253462e-12
6.8297403333025688e+13 5.5357565465211584e-03 5.0789010677946679e-12
7.2740500780393781e+13 5.2985126461644058e-03 5.0788981143102446e-12
7.7472644574524859e+13 5.0713130276555506e-03 5.0788961957164245e-12
8.2512638667294094e+13 4.8537352582444558e-03 5.0788955069222900e-12
8.7880510304385031e+13 4.6453725499324703e-03 5.0788936001995206e-12
9.3597589606842328e+13 4.4458405038729359e-03 5.0788909367984435e-12
9.9686594329820922e+13 4.2547705527128067e-03 5.0788910527669577e-12
1.0617172013532092e+14 4.0718095379104254e-03 5.0788894320283239e-12
1.1307873673763262e+14 3.8966026143425602e-03 5.0788723200178163e-12
1.2043509030353220e+14 3.7288664212163591e-03 5.0788695275141285e-12
1.2827001251414597e+14 3.5682787992090321e-03 5.0788732182121050e-12
1.3661463672184097e+14 3.4145170292376775e-03 5.0788606657713406e-12
1.4550212166372331e+14 3.2673391370493933e-03 5.0788860956022823e-12
1.5496778322333650e+14 3.1264174582788544e-03 5.0788842063359739e-12
1.6504923476412959e+14 2.9915007855945341e-03 5.0788829774818270e-12
1.7578653659235231e+14 2.8623283821354833e-03 5.0788731768727950e-12
1.8722235514326759e+14 2.7386685222489703e-03 5.0788815472754253e-12
1.9940213252325419e+14 2.6202603862121462e-03 5.0788665594529459e-12
2.1237426708148578e+14 2.5069071178515289e-03 5.0788671629533040e-12
2.2619030572874334e+14 2.3983802798296741e-03 5.0788724504387534e-12
2.4090514876753894e+14 2.2944789613080709e-03 5.0788811108908567e-12
2.5657726804750350e+14 2.1949829349664001e-03 5.0788380792735994e-12
2.7326893931289241e+14 2.0997658507532551e-03 5.0788829896922528e-12
2.9104648966551294e+14 2.0085803947381847e-03 5.0788595534543638e-12
3.0998056112636706e+14 1.9213051488807652e-03 5.0788808093828336e-12
3.3014639134334550e+14 1.8377473696290570e-03 5.0788808939457508e-12
3.5162411256040219e+14 1.7577587710824506e-03 5.0788817272609496e-12
3.7449907003619738e+14 1.6811884575882166e-03 5.0788811776805617e-12
3.9886216117754012e+14 1.6078919280453211e-03 5.0788801473025624e-12
4.2481019673517750e+14 1.5377316310742435e-03 5.0788802598384014e-12
4.5244628549724550e+14 1.4705744197875232e-03 5.0788806892818172e-12
4.8188024400898756e+14 1.4062887625137901e-03 5.0788653738980729e-12
5.1322903294688456e+14 1.3447662965496222e-03 5.0788811272269912e-12
5.4661722188113106e+14 1.2858706045735175e-03 5.0788561412666245e-12
5.8217748427331912e+14 1.2295057148711804e-03 5.0788484417886429e-12
6.2005112467627000e+14 1.1755693756810859e-03 5.0788821282077784e-12
6.6038864023090125e+14 1.1239296397334119e-03 5.0788291596741184e-12
7.0335031869140525e+14 1.0745313776172941e-03 5.0788830572208651e-12
7.4910687535499038e+14 1.0272401090629800e-03 5.0788571100379825e-12
7.9784013142721138e+14 9.8198806964628379e-04 5.0788565382040208e-12
8.4974373651841562e+14 9.3868832296517676e-04 5.0788822036952455e-12
9.0502393814236725e+14 8.9724256997307939e-04 5.0788484364380582e-12
9.6390040127464762e+14 8.5759412322685422e-04 5.0788814255755689e-12
1.0266070812275814e+15 8.1964961995431541e-04 5.0788815188714794e-12
1.0933931533101671e+15 7.8334204441146108e-04 5.0788808401955013e-12
1.1645240029671262e+15 7.4860211610205149e-04 5.0788812710952396e-12
1.2402822803316795e+15 7.1536314281474365e-04 5.0788832679806367e-12
1.3209690233823165e+15 6.8356073279431128e-04 5.0788828415746516e-12
1.4069048541667498e+15 6.5312947712282379e-04 5.0788460063358945e-12
1.4984312528463222e+15 6.2402110277763264e-04 5.0788528111531342e-12
1.5959119146236742e+15 5.9617192704919668e-04 5.0788447632704946e-12
1.6997341949454208e+15 5.6953526788455181e-04 5.0788829577345434e-12
1.8103106487227698e+15 5.4404491730966587e-04 5.0788337090332241e-12
1.9280806696862750e+15 5.1967121186584765e-04 5.0788804740362232e-12
2.0535122363891982e+15 4.9635235695702051e-04 5.0788841923869914e-12
2.1871037717972220e+15 4.7404722596310094e-04 5.0788838760116698e-12
2.3293861238541180e+15 4.5271275849434158e-04 5.0788812447746692e-12
2.4809246748934020e+15 4.3230378779273966e-04 5.0788315389783379e-12
2.6423215882779720e+15 4.1279294848726560e-04 5.0788831335381882e-12
2.8142182011954130e+15 3.9412530234374607e-04 5.0788285457688347e-12
2.9972975731167445e+15 3.7627768245598414e-04 5.0788347164617702e-12
3.1922872000456455e+15 3.5920985064153327e-04 5.0788336582362509e-12
3.3999619053434100e+15 3.4288882467858791e-04 5.0788304351634821e-12
3.6211469186171910e+15 3.2728322983745873e-04 5.0788344425953872e-12
3.8567211549055110e+15 3.1236165672650156e-04 5.0788339561619745e-12
4.1076207071917845e+15 2.9809796348084756e-04 5.0788837062649403e-12
4.3748425661238270e+15 2.8445580556480255e-04 5.0788406431548645e-12
4.6594485817200710e+15 2.7141834065776778e-04 5.0788835099862222e-12
4.9625696828055140e+15 2.5895012398048959e-04 5.0788306141675889e-12
5.2854103709433220e+15 2.4703502579562149e-04 5.0788468639256269e-12
5.6292535067200320e+15 2.3564418898460934e-04 5.0788285464220852e-12
5.9954654074029570e+15 2.2475765201506235e-04 5.0788305886642818e-12
6.3855012762268980e+15 2.1435248781082804e-04 5.0788258977279103e-12
6.8009109848834240e+15 2.0441068552964770e-04 5.0788823639963189e-12
7.2433452321910590e+15 1.9490548366175105e-04 5.0788262244246130e-12
7.7145621034186660e+15 1.8582457976792748e-04 5.0788269723890019e-12
8.2164340563262440e+15 1.7714937601212623e-04 5.0788825312938651e-12
8.7509553616842540e+15 1.6885672593645255e-04 5.0788253174522708e-12
9.3202500278363720e+15 1.6093592864731832e-04 5.0788309738324926e-12
9.9265802407962160e+15 1.5336850875075254e-04 5.0788255810391479e-12
1.0572355353415308e+16 1.4614130774591054e-04 5.0788828337265938e-12
1.1260141459343486e+16 1.3923620460065209e-04 5.0788834661227189e-12
1.1992671589823870e+16 1.3264082071856061e-04 5.0788830161273804e-12
1.2772856573842308e+16 1.2634048518958974e-04 5.0788298504778834e-12
1.3603796604784820e+16 1.2032502733056125e-04 5.0788324453790693e-12
1.4488793559566650e+16 1.1458051588215845e-04 5.0788260521276784e-12
1.5431364119183006e+16 1.0909670105845325e-04 5.0788824340389229e-12
1.6435253742819626e+16 1.0385873904813926e-04 5.0788326116414079e-12
1.7504451551051196e+16 9.8859068813540813e-05 5.0788309401154104e-12
1.8643206177267648e+16 9.4086258594814162e-05 5.0788248791576646e-12
1.9856042650318744e+16 8.9530662078585741e-05 5.0788275874805555e-12
2.1147780375460088e+16 8.5182556334943214e-05 5.0788260640724669e-12
2.2523552285053092e+16 8.1033885314799696e-05 5.0788845703015270e-12
2.3988825235115448e+16 7.7073240310292281e-05 5.0788285889477847e-12
2.5549421728773956e+16 7.3294918121305822e-05 5.0788249655265569e-12
2.7211543052937884e+16 6.9690975887973084e-05 5.0788837710674594e-12
2.8981793920132884e+16 6.6251455769976149e-05 5.0788295913733841e-12
3.0867208713413036e+16 6.2971329964746028e-05 5.0788323476716043e-12
3.2875279438638188e+16 5.9842928435322621e-05 5.0788406660822399e-12
3.5013985495193256e+16 5.6859258632029231e-05 5.0788278354406564e-12
3.7291825383443432e+16 5.4014318881878790e-05 5.0788265503609437e-12
3.9717850474924112e+16 5.1302006236989167e-05 5.0788401245337604e-12
4.2301700979453464e+16 4.8716087937615495e-05 5.0788321348109490e-12
4.5053644252094008e+16 4.6251195535790835e-05 5.0788243626887867e-12
4.7984615592175864e+16 4.3902040761528099e-05 5.0788256220270119e-12
5.1106261696507936e+16 4.1663392748592380e-05 5.0788263102045350e-12
5.4430986939444216e+16 3.9530349964365202e-05 5.0788260283672861e-12
5.7972002663704200e+16 3.7498216870588937e-05 5.0788258068853570e-12
6.1743379677819296e+16 3.5562484244134621e-05 5.0788251376288141e-12
6.5760104168803608e+16 3.3718863006486767e-05 5.0788248210292725e-12
7.0038137252234552e+16 3.1963265690379330e-05 5.0788305461200120e-12
7.4594478396369136e+16 3.0291646800425026e-05 5.0788257292369613e-12
7.9447232972331136e+16 2.8700382775774638e-05 5.0788344014383655e-12
8.4615684198779600e+16 2.7185656557755559e-05 5.0788193175471572e-12
9.0120369766951952e+16 2.5744225381650337e-05 5.0788190924491935e-12
9.5983163450555888e+16 2.4372713528934671e-05 5.0788198244192310e-12
1.0222736202481210e+17 2.3067943686666948e-05 5.0788193500073206e-12
1.0887777784002043e+17 2.1826907660797069e-05 5.0788191105851058e-12
1.1596083741751658e+17 2.0646706902534591e-05 5.0788188242152084e-12
1.2350468645980312e+17 1.9524570690590662e-05 5.0788180595890440e-12
1.3153930169212485e+17 1.8457855344580628e-05 5.0788170049201501e-12
1.4009660997992398e+17 1.7444051689660271e-05 5.0788227350710588e-12
1.4921061519548870e+17 1.6480693838245638e-05 5.0788209960116636e-12
1.5891753333793603e+17 1.5565512042331764e-05 5.0788272824755124e-12
1.6925593644343718e+17 1.4696381783253396e-05 5.0788805797991292e-12
1.8026690585755670e+17 1.3870782761415008e-05 5.0788184913877960e-12
1.9199419547873261e+17 1.3087165353875363e-05 5.0788304894605860e-12
2.0448440562159098e+17 1.2343377242582248e-05 5.0788304272103505e-12
2.1778716819096470e+17 1.1637547891170367e-05 5.0788111099231572e-12
2.3195534390242531e+17 1.0967999737473457e-05 5.0788094847197853e-12
2.4704523233304298e+17 1.0333120671338079e-05 5.0788805792278552e-12
2.6311679563701165e+17 9.7310341751154138e-06 5.0788793740249095e-12
2.8023389681513696e+17 9.1603190120932263e-06 5.0788784076909894e-12
2.9846455348496781e+17 8.6193930066391849e-06 5.0788042177770901e-12
3.1788120816000243e+17 8.1070603488024498e-06 5.0788049542128181e-12
3.3856101611192531e+17 7.6218476266197717e-06 5.0787999400063275e-12
3.6058615195977459e+17 7.1624666803722522e-06 5.0787956844332279e-12
3.8404413620431258e+17 6.7276965950745783e-06 5.0788003700033589e-12
4.0902818300512198e+17 6.3164049168076110e-06 5.0788717066238232e-12
4.3563757058242202e+17 5.9272411432956649e-06 5.0787897430360232e-12
4.6397803571539782e+17 5.5593679281650310e-06 5.0787898692950003e-12
4.9416219390469414e+17 5.2116655103550119e-06 5.0787826756397808e-12
5.2630998686861875e+17 4.8831477208173023e-06 5.0787746198172373e-12
5.6054915915131558e+17 4.5728946388063374e-06 5.0787807058889661e-12
5.9701576573671130e+17 4.2799737123984011e-06 5.0787689987023067e-12
6.3585471268538112e+17 4.0035480283048777e-06 5.0787616351263259e-12
6.7722033294262502e+17 3.7427897735175427e-06 5.0787579929451887e-12
7.2127699960579443e+17 3.4969184572860251e-06 5.0787550843267139e-12
7.6819977908786842e+17 3.2651745478289647e-06 5.0787479233433781e-12
8.1817512677262541e+17 3.0468647012735541e-06 5.0787482200126322e-12
8.7140162792579840e+17 2.8412807439199565e-06 5.0787353247895402e-12
9.2809078680626957e+17 2.6477914796224006e-06 5.0787334398043116e-12
9.8846786711308096e+17 2.4657627714693201e-06 5.0787149089375176e-12
1.0527727871077743e+18 2.2946074228893215e-06 5.0787048361190116e-12
1.1212610729690890e+18 2.1337997671558404e-06 5.0788196638817367e-12
1.1942048741682358e+18 1.9826703208828154e-06 5.0786869499275271e-12
1.2718940448996462e+18 1.8408345255353619e-06 5.0786687094034359e-12
1.3546372958642644e+18 1.7077539443993205e-06 5.0786535505444278e-12
1.4427634209823142e+18 1.5829617493084599e-06 5.0786363355448691e-12
1.5366226039100444e+18 1.4660142047644429e-06 5.0786249617857498e-12
1.6365878095520489e+18 1.3564781726213432e-06 5.0786188798046812e-12
1.7430562660987456e+18 1.2539544862319124e-06 5.0786021060715406e-12
1.8564510434778931e+18 1.1580493367180823e-06 5.0785631606930635e-12
1.9772227344925791e+18 1.0683999293582302e-06 5.0785317244534291e-12
2.1058512453257882e+18 9.8465392297672196e-07 5.0785109507280265e-12
2.2428477025266660e+18 9.0650421703729801e-07 5.0786112164678822e-12
2.3887564840558884e+18 8.3358035702466438e-07 5.0785713997212363e-12
2.5441573824610621e+18 7.6557986382399633e-07 5.0784318304395135e-12
2.7096679087778196e+18 7.0228612090450199e-07 5.0784696977425099e-12
2.8859457463114214e+18 6.4336159111690205e-07 5.0784150506425623e-12
3.0736913640496973e+18 5.8856588042364402e-07 5.0783500487629450e-12
3.2736508000917228e+18 5.3765656917808980e-07 5.0782892889261411e-12
3.4866186261529897e+18 4.9039219679073730e-07 5.0781966739111100e-12
3.7134411049267241e+18 4.4656052521900005e-07 5.0781163471212847e-12
3.9550195528480876e+18 4.0594730240745589e-07 5.0780247833891565e-12
4.2123139216232018e+18 3.6834896604228578e-07 5.0779037575784092e-12
4.4863466127552087e+18 3.3358195336102714e-07 5.0777641543861821e-12
4.7782065402248817e+18 3.0146877019494129e-07 5.0776051987090561e-12
5.0890534574693140e+18 2.7184149909300206e-07 5.0774057583271249e-12
5.4201225658532332e+18 2.4453724083032997e-07 5.0772236234683161e-12
5.7727294229446748e+18 2.1940610896232567e-07 5.0770470869492831e-12
6.1482751700995000e+18 1.9631311779110298e-07 5.0767594305832788e-12
6.5482521001268859e+18 1.7511727367426483e-07 5.0765500689705414e-12
6.9742495871605934e+18 1.5569770582290451e-07 5.0762528878070778e-12
7.4279604022983793e+18 1.3793621953747329e-07 5.0759054739317271e-12
7.9111874401065462e+18 1.2172176072585693e-07 5.0755079296440949e-12
8.4258508827178527e+18 1.0694865692217419e-07 5.0751278641402515e-12
8.9739958299914936e+18 9.3522928808467021e-08 5.0746115447966248e-12
9.5578004260535890e+18 8.1351089088367828e-08 5.0741212254779368e-12
1.0179584514511276e+19 7.0349535535041158e-08 5.0735556720243510e-12
1.0841818856733014e+19 6.0438372360116231e-08 5.0729077770352003e-12
1.1547134949825006e+19 5.1541868048730259e-08 5.0723323364056742e-12
1.2298335483318401e+19 4.3591794243338005e-08 5.0715204544200934e-12
1.3098405476116875e+19 3.6520969330268535e-08 5.0707500746319935e-12
1.3950524137960542e+19 3.0269491043170231e-08 5.0698990758939616e-12
1.4858077502538414e+19 2.4778793412659334e-08 5.0690187917296058e-12
1.5824671882451001e+19 1.9994395410086939e-08 5.0680133388701445e-12
1.6854148199486271e+19 1.5863712392338584e-08 5.0669198621097205e-12
1.7950597247154385e+19 1.2337001061440078e-08 5.0657006656819078e-12
1.9118375946128851e+19 9.3660021885440746e-09 5.0645625503314678e-12
2.0362124657186992e+19 6.9037652007248441e-09 5.0632241309440204e-12
2.1686785620447810e+19 4.9042699533534626e-09 5.0619848810004548e-12
2.3097622594175578e+19 3.3215659953332775e-09 5.0606334585434457e-12
2.4600241771189617e+19 2.1101832445055025e-09 5.0592896293186826e-12
2.6200614055992971e+19 1.2239622559441363e-09 5.0583974715516194e-12
2.7905098791144935e+19 6.1761619579424878e-10 5.0565744088290866e-12
2.9720469027154137e+19 2.4440267674813639e-10 5.0552738277173872e-12
3.1653938436309213e+19 5.8714236453456443e-11 5.0539962598977592e-12
3.3713189977392665e+19 1.5616972979991600e-11 5.0528028174044662e-12
3.5906406425180459e+19 7.2015963135823072e-11 5.0517395794377616e-12
3.8242302886045409e+19 1.8781919081631328e-10 5.0506893345732231e-12
4.0730161428865040e+19 3.2734169548894504e-10 5.0497863804875565e-12
4.3379867968849945e+19 4.6081559816032582e-10 5.0489109451919249e-12
4.6201951550852850e+19 5.6572010865459535e-10 5.0482737436290000e-12
4.9207626188262588e+19 6.2802262163115452e-10 5.0475054610720693e-12
5.2408835423729828e+19 6.4240900863331430e-10 5.0467410064556250e-12
5.5818299788799468e+19 6.1217401918913706e-10 5.0461006483900117e-12
5.9449567351033668e+19 5.4779275998090517e-10 5.0454712658887342e-12
6.3317067549489799e+19 4.6444395575516884e-10 5.0448120701760913e-12
6.7436168532468687e+19 3.7877595054900795e-10 5.0440118587906126e-12
7.1823238225380573e+19 3.0560479122330277e-10 5.0430370992774769e-12
7.6495709371390165e+19 2.5462960650024463e-10 5.0422071709754430e-12
8.1472148803287056e+19 2.2879337074373405e-10 5.0411583091088379e-12
8.6772331221853995e+19 2.2446266435057900e-10 5.0404709019837794e-12
9.2417317773891322e+19 2.3329907971395350e-10 5.0398104552244792e-12
9.8429539742149951e+19 2.4573799087143608e-10 5.0390975933840823e-12
1.0483288767972064e+20 2.5446373439973639e-10 5.0380700410021234e-12
1.1165280634308159e+20 2.5651211366909942e-10 5.0378239623076222e-12
1.1891639580102143e+20 2.5301413281439449e-10 5.0367019864073365e-12
1.2665251912122153e+20 2.4748565771670011e-10 5.0362017344747360e-12
1.3489191706240506e+20 2.4286811371089039e-10 5.0352193459939264e-12
1.4366733022779472e+20 2.4017546492701103e-10 5.0342240366936664e-12
1.5301362916529232e+20 2.3866255111121284e-10 5.0334315459212002e-12
1.6296795293133354e+20 2.3716421345602618e-10 5.0330157164136417e-12
1.7356985666904084e+20 2.3512214425294455e-10 5.0317579058987303e-12
1.8486146878708675e+20 2.3286889610089156e-10 5.0307179713137611e-12
1.9688765836386451e+20 2.3070864239637464e-10 5.0297923515460319e-12
2.0969621344214752e+20 2.2869027514072017e-10 5.0296824756295477e-12
2.2333803092274024e+20 2.2664486696861620e-10 5.0287041303681002e-12
2.3786731881168896e+20 2.2453596119173736e-10 5.0269054589774371e-12
2.5334181162470418e+20 2.2228828873521773e-10 5.0225085568061137e-12
2.6982299980476826e+20 2.2036631022212399e-10 5.0242000683260721e-12
2.8737637406451932e+20 2.1817963692781159e-10 5.0199149736209132e-12
3.0607168562437639e+20 2.1622137645343223e-10 5.0202999020508258e-12
3.2598322338047912e+20 2.1410407201162474e-10 5.0183201299055070e-12
3.4719010910385268e+20 2.1223310904001515e-10 5.0205871160644700e-12
3.6977661184377225e+20 2.1014930087740953e-10 5.0181765399202363e-12
3.9383248278469935e+20 2.0790474005309186e-10 5.0130364662173515e-12
4.1945331188736583e+20 2.0572135135118881e-10 5.0074045058453574e-12
4.4674090773122797e+20 2.0332031531345023e-10 4.9969431647120907e-12
4.7580370206759341e+20 2.0155179731991630e-10 5.0012050166009323e-12
5.0675718069102674e+20 1.9949092856783893e-10 4.9980886776272789e-12
5.3972434234115778e+20 1.9771290338825944e-10 5.0008971641580280e-12
5.7483618745839124e+20 1.9602923351073707e-10 5.0074112791076859e-12
6.1223223873573395e+20 1.9404888482814233e-10 5.0059656812947837e-12
6.5206109553515220e+20 1.9214397410447658e-10 5.0060899034672290e-12
6.9448102437159331e+20 1.9020922166889083e-10 5.0049462103867319e-12
7.3966058781099753e+20 1.8824666236865335e-10 5.0036188533508697e-12
7.8777931428141767e+20 1.8632713478474638e-10 5.0028712569836318e-12
8.3902841145874212e+20 1.8433042444502757e-10 5.0002287789886464e-12
8.9361152606185626e+20 1.8254120392918020e-10 5.0030944422298110e-12
9.5174555307639072e+20 1.8073758563384887e-10 5.0055157882650014e-12
1.0136614976225992e+21 1.7901790658730282e-10 5.0074249606322756e-12
1.0796053928922520e+21 1.7677743487696863e-10 4.9972316881740559e-12
1.1498392778019711e+21 1.7554581489062056e-10 5.0170721740889605e-12
1.2246422382479912e+21 1.7378790974612847e-10 5.0190923970389668e-12
1.3043115160998429e+21 1.7138750725356224e-10 5.0034674539114718e-12
1.3891636903398804e+21 1.6957711666832535e-10 5.0040901101017078e-12
1.4795359350419124e+21 1.6764609430072034e-10 4.9998087458776186e-12
1.5757873591878626e+21 1.6695533833194838e-10 5.0319387477905470e-12
1.6783004336464032e+21 1.6427875171535498e-10 5.0103863403024745e-12
1.7874825109838192e+21 1.6299069945438442e-10 5.0257363574538209e-12
1.9037674441465258e+21 1.6028211913456365e-10 4.9960195330200622e-12
2.0276173104470751e+21 1.5835292197964375e-10 4.9899585500764381e-12
2.1595242477044048e+21 1.5657749395064441e-10 4.9913603484468445e-12
2.3000124098343584e+21 1.5481830036429524e-10 4.9890915822947509e-12
2.4496400496616024e+21 1.5350940581938287e-10 5.0093982112701612e-12
2.6090017372289992e+21 1.5244852071406271e-10 5.0299056278014505e-12
2.7787307224195274e+21 1.5120660207351767e-10 5.0428280760333654e-12
2.9595014512787813e+21 1.4838444011950892e-10 5.0129937907408361e-12
3.1520322460374228e+21 1.4604385863095823e-10 4.9882676207112555e-12
3.3570881594826519e+21 1.4476972311489625e-10 5.0077962220286897e-12
3.5754840150213405e+21 1.4453748632980281e-10 5.0508961405333953e-12
3.8080876445149231e+21 1.3830246176706099e-10 4.8862096813165069e-12
4.0558233367519455e+21 1.3932978829367637e-10 4.9939983148880108e-12
4.3196755102618071e+21 1.3835296781212660e-10 5.0214261346464778e-12
4.6006926250636220e+21 1.3659664313503582e-10 5.0183102575847490e-12
4.8999913488946582e+21 1.3090932212534627e-10 4.8604477234833763e-12
5.2187609944731450e+21 1.3281294736190016e-10 5.0016820492966741e-12
5.5582682454282532e+21 1.3081699685663775e-10 4.9882880598332396e-12
5.9198621896757289e+21 1.2655016036971663e-10 4.8741887811947398e-12
6.3049796802407081e+21 1.2339408797971751e-10 4.8080170793831387e-12
6.7151510448296574e+21 1.2189716267174734e-10 4.8095733945762373e-12
7.1520061668390527e+21 1.2491570371612712e-10 5.0098653060684050e-12
7.6172809619655235e+21 1.2409682843820595e-10 5.0337740667572132e-12
8.1128242761522427e+21 1.2043744106819858e-10 4.9617731319106949e-12
8.6406052322825680e+21 1.1407073475556643e-10 4.7516748327122746e-12
9.2027210548134931e+21 1.1193169242868139e-10 4.7263784691772053e-12
9.8014054034424610e+21 1.1259165817856835e-10 4.8128841788531357e-12
1.0439037248921378e+22 1.0958695420150911e-10 4.7527478736271753e-12
1.1118150326288332e+22 1.0670935315500393e-10 4.6906499341671653e-12
1.1841443203080702e+22 1.0502332141603579e-10 4.6812012412450136e-12
1.2611790002536852e+22 1.0343342549196295e-10 4.6735082254205358e-12
1.3432251824398207e+22 1.0233386041805004e-10 4.6858516459857087e-12
1.4306088908692304e+22 1.0113079830624634e-10 4.6966592610083364e-12
1.5236773590833123e+22 9.8341008225913061e-11 4.6351915585607226e-12
1.6228004099516608e+22 9.8084527021789018e-11 4.6844330689971352e-12
1.7283719252241537e+22 9.6647910869057554e-11 4.6830557599375653e-12
1.8408114106848363e+22 9.4000009512041986e-11 4.6328552565245969e-12
1.9605656631271821e+22 9.1754518211076967e-11 4.5906905972879414e-12
2.0881105457746725e+22 8.9262763076104270e-11 4.5349983967097181e-12
2.2239528792015357e+22 8.7431185117541287e-11 4.5103682963385578e-12
2.3686324552677775e+22 8.7002332556183344e-11 4.5479480873483642e-12
2.5227241820708739e+22 8.4984707013658183e-11 4.5047544840638327e-12
2.6868403684377180e+22 8.3418087073624873e-11 4.5083455021406559e-12
2.8616331570343894e+22 8.0578183014211673e-11 4.4144069332365429e-12
3.0477971157624545e+22 8.0460408713277650e-11 4.4840645391853082e-12
3.2460719977387044e+22 7.8515859620501999e-11 4.4542448070546229e-12
3.4572456808259158e+22 7.7430231856622047e-11 4.4496301156962250e-12
3.6821572983950445e+22 7.4081755024424320e-11 4.3305322813659414e-12
3.9217005737598893e+22 7.2697034435804240e-11 4.3524465933496692e-12
4.1768273715336017e+22 7.2259401134567126e-11 4.3568565721582062e-12
4.4485514800193528e+22 7.0721862298319836e-11 4.3592724050518158e-12
4.7379526396649713e+22 6.9218764783488498e-11 4.3251350307278572e-12
5.0461808335891015e+22 6.7747461832225458e-11 4.3249548606124325e-12
5.3744608572285339e+22 6.6767669262718441e-11 4.3297832168184814e-12
5.7240971852642280e+22 6.5541020124414098e-11 4.3283073514741173e-12
6.0964791551661439e+22 6.2958116419214520e-11 4.2469605653609151e-12
6.4930864879540546e+22 6.3049619629175130e-11 4.3581272563939928e-12
6.9154951681127427e+22 6.1465687045490016e-11 4.3299675259185293e-12
7.3653837060254311e+22 5.9569918395341576e-11 4.2764543414256353e-12
7.8445398078109832e+22 5.7295367073268569e-11 4.1806977576596416e-12
8.3548674790683337e+22 5.7261453699148198e-11 4.2152892824819188e-12
8.8983945907557112e+22 5.6129528351281915e-11 4.2116342955190043e-12
9.4772809372698931e+22 6.0672350977390339e-11 4.6625757449898378e-12
1.0093826818744310e+23 5.7212459161671798e-11 4.5196063300984293e-12
