# #Columns: f_hz, Omega_GW
7.0613252931116854e-20 2.2523729386339832e-23
7.5198298270050178e-20 2.3508757958986060e-23
8.0081058837887941e-20 2.7327652680897733e-23
8.5280865819159337e-20 3.4717569483570297e-23
9.0818305606925294e-20 4.6301769475359577e-23
9.6715301305722199e-20 5.3657715934673986e-23
1.0299519952663994e-19 6.0673077078605882e-23
1.0968286281815824e-19 6.9565276076805230e-23
1.1680476809868453e-19 7.4398440033388433e-23
1.2438911148049268e-19 7.9354484780616433e-23
1.3246591990006890e-19 8.2141244691430835e-23
1.4106716999681502e-19 8.4314444769156709e-23
1.5022691471076219e-19 8.6335093819360182e-23
1.5998141810049890e-19 8.7061130594725852e-23
1.7036929891507061e-19 8.7524958685705550e-23
1.8143168348825963e-19 8.7522556892241965e-23
1.9321236856056698e-19 8.7369665496415534e-23
2.0575799467351623e-19 8.7094152861162852e-23
2.1911823082276101e-19 8.6790450680417450e-23
2.3334597110105225e-19 8.6484471356321720e-23
2.4849754410958419e-19 8.6144568056220327e-23
2.6463293596679695e-19 8.5805234384323210e-23
2.8181602779753907e-19 8.5448629457057044e-23
3.0011484864283154e-19 8.5088106454096084e-23
3.1960184479151232e-19 8.4728869312631302e-23
3.4035416660007288e-19 8.4362923290891080e-23
3.6245397393621848e-19 8.3998316699621664e-23
3.8598876145542954e-19 8.3630436198589246e-23
4.1105170499831212e-19 8.3262543407963753e-23
4.3774203048015402e-19 8.2895964249307124e-23
4.6616540673313769e-19 8.2528567153777202e-23
4.9643436385650876e-19 8.2162459059373518e-23
5.2866873873096786e-19 8.1796391142185514e-23
5.6299614946111515e-19 8.1431226623670941e-23
5.9955250062429149e-19 8.1067322229307448e-23
6.3848252132614033e-19 8.0704090187211909e-23
6.7994033819307546e-19 8.0342102606158673e-23
7.2409008557018729e-19 7.9981012718657896e-23
7.7110655534038852e-19 7.9621155520628029e-23
8.2117588893748782e-19 7.9262325844046798e-23
8.7449631429291118e-19 7.8904660945595161e-23
9.3127893063370671e-19 7.8548216992021402e-23
9.9174854423887824e-19 7.8192894683389605e-23
1.0561445584628963e-18 7.7838784179139361e-23
1.1247219215500199e-18 7.7485827254809558e-23
1.1977521359919135e-18 7.7134059668647236e-23
1.2755243334246582e-18 7.6783494882082765e-23
1.3583464193207704e-18 7.6434103666973674e-23
1.4465462920081108e-18 7.6085909142493866e-23
1.5404731408418993e-18 7.5738893021890321e-23
1.6404988286693557e-18 7.5393062564124821e-23
1.7470193640602615e-18 7.5048419628598608e-23
1.8604564691320926e-18 7.4704953093056580e-23
1.9812592491768512e-18 7.4362667985709747e-23
2.1099059706997704e-18 7.4021558642275737e-23
2.2469059549092724e-18 7.3681623813808355e-23
2.3928015941546140e-18 7.3342863711669208e-23
2.5481704992944627e-18 7.3005273239556421e-23
2.7136277864979697e-18 7.2668851206047767e-23
2.8898285125319327e-18 7.2333593958780359e-23
3.0774702681755446e-18 7.1999499109876460e-23
3.2772959400302146e-18 7.1666563891124187e-23
3.4900966516586537e-18 7.1334786927956775e-23
3.7167148956974105e-18 7.1004165574237958e-23
3.9580478693431019e-18 7.0674697229143331e-23
4.2150510264177384e-18 7.0346379137715969e-23
4.4887418600760528e-18 7.0019208762880570e-23
4.7802039311308088e-18 6.9693183003515202e-23
5.0905911579444850e-18 6.9368298315680284e-23
5.4211323848713522e-18 6.9044553711625100e-23
5.7731362473366948e-18 6.8721945159656347e-23
6.1479963528143471e-18 6.8400470220860284e-23
6.5471967982144295e-18 6.8080125761419261e-23
6.9723180455249856e-18 6.7760909643960592e-23
7.4250431789695553e-18 6.7442818294777022e-23
7.9071645684532512e-18 6.7125849358734197e-23
8.4205909656783116e-18 6.6810001104482541e-23
8.9673550610232776e-18 6.6495270604664162e-23
9.5496215311038163e-18 6.6181655425243822e-23
1.0169695608876122e-17 6.5869151504746622e-23
1.0830032210212620e-17 6.5557756836533657e-23
1.1533245653082523e-17 6.5247469232565921e-23
1.2282120007816243e-17 6.4938285755230781e-23
1.3079620119431153e-17 6.4630204468158761e-23
1.3928903345656671e-17 6.4323222794404474e-23
1.4833332057130363e-17 6.4017337552926782e-23
1.5796486949254380e-17 6.3712546337135500e-23
1.6822181218414506e-17 6.3408847522411847e-23
1.7914475658686557e-17 6.3106237164075646e-23
1.9077694738799202e-17 6.2804713763314292e-23
2.0316443723002701e-17 6.2504274024163491e-23
2.1635626903626373e-17 6.2204915653119247e-23
2.3040467017508998e-17 6.1906635197632352e-23
2.4536525923172662e-17 6.1609430045815745e-23
2.6129726620602708e-17 6.1313298772306752e-23
2.7826376700811691e-17 6.1018237377520768e-23
2.9633193318025467e-17 6.0724244521714145e-23
3.1557329783358169e-17 6.0431317027130603e-23
3.3606403885262448e-17 6.0139451480078735e-23
3.5788528048877244e-17 5.9848646527430738e-23
3.8112341453676252e-17 5.9558899088962250e-23
4.0587044236572808e-17 5.9270206429033020e-23
4.3222433915894233e-17 5.8982566555043989e-23
4.6028944180429829e-17 5.8695975909781955e-23
4.9017686197121455e-17 5.8410433539190124e-23
5.2200492600937040e-17 5.8125934963950271e-23
5.5589964341085182e-17 5.7842479451099126e-23
5.9199520569038595e-17 5.7560063033162900e-23
6.3043451765876962e-17 5.7278682922521403e-23
6.7136976319283121e-17 5.6998337544945690e-23
7.1496300774185249e-17 5.6719023099896273e-23
7.6138683995581860e-17 5.6440738933671340e-23
8.1082505497574012e-17 5.6163481497115915e-23
8.6347338209123879e-17 5.5887249705943581e-23
9.1954025964625646e-17 5.5612039882520311e-23
9.7924766026077741e-17 5.5337848714353980e-23
1.0428319696356750e-16 5.5064674563661401e-23
1.1105449224199491e-16 5.4792514205826000e-23
1.1826545988454905e-16 5.4521366035333858e-23
1.2594464860751331e-16 5.4251227603100496e-23
1.3412246084659524e-16 5.3982096186573028e-23
1.4283127312225756e-16 5.3713969353130534e-23
1.5210556422058670e-16 5.3446843522830208e-23
1.6198205169717620e-16 5.3180716157754601e-23
1.7249983724445169e-16 5.2915585073141364e-23
1.8370056149795649e-16 5.2651446993842653e-23
1.9562856889448978e-16 5.2388301755253535e-23
2.0833108323477779e-16 5.2126145293483741e-23
2.2185839464574408e-16 5.1864976859055594e-23
2.3626405868257870e-16 5.1604792953235453e-23
2.5160510835885954e-16 5.1345590904610827e-23
2.6794227994417030e-16 5.1087368971470537e-23
2.8534025342316598e-16 5.0830122431140088e-23
3.0386790856807490e-16 5.0573850048403702e-23
3.2359859763844788e-16 5.0318549140072650e-23
3.4461043578779487e-16 5.0064217874314716e-23
3.6698661032684316e-16 4.9810853543712897e-23
3.9081571006781467e-16 4.9558453693627432e-23
4.1619207605362130e-16 4.9307016333566248e-23
4.4321617506053401e-16 4.9056537320303215e-23
4.7199499735305088e-16 4.8807015627417355e-23
5.0264248026570676e-16 4.8558448319968756e-23
5.3527995928880718e-16 4.8310833546786116e-23
5.7003664844396772e-16 4.8064168603266772e-23
6.0705015185130681e-16 4.7818450637118297e-23
6.4646700851360795e-16 4.7573677509082279e-23
6.8844327247429744e-16 4.7329845262066613e-23
7.3314513064612646e-16 4.7086953258096153e-23
7.8074956075657381e-16 4.6844998064239807e-23
8.3144503201482652e-16 4.6603978056701528e-23
8.8543225127432991e-16 4.6363891103880268e-23
9.4292495764500056e-16 4.6124733417823152e-23
1.0041507687010575e-15 4.5886503029020453e-23
1.0693520816346278e-15 4.5649196780565552e-23
1.1387870329228853e-15 4.5412812629791948e-23
1.2127305203080967e-15 4.5177348523723331e-23
1.2914752911366719e-15 4.4942801502692818e-23
1.3753331013660087e-15 4.4709169942129819e-23
1.4646359498277611e-15 4.4476450447142941e-23
1.5597373926340123e-15 4.4244641846829922e-23
1.6610139429302130e-15 4.4013740588638976e-23
1.7688665615365907e-15 4.3783743939702571e-23
1.8837222443795871e-15 4.3554649601382041e-23
2.0060357129980486e-15 4.3326454171611684e-23
2.1362912148170612e-15 4.3099156258056961e-23
2.2750044403167589e-15 4.2872752139008530e-23
2.4227245646863643e-15 4.2647240147654898e-23
2.5800364220464916e-15 4.2422617090665592e-23
2.7475628208476152e-15 4.2198880151913150e-23
2.9259670096114851e-15 4.1976026498775522e-23
3.1159553027776253e-15 4.1754052245571883e-23
3.3182798770506995e-15 4.1532955236278621e-23
3.5337417493197650e-15 4.1312732044419869e-23
3.7631939479391668e-15 4.1093380059516777e-23
4.0075448899263996e-15 4.0874896347046070e-23
4.2677619774474593e-15 4.0657277129101840e-23
4.5448754278285198e-15 4.0440519831251661e-23
4.8399823522570776e-15 4.0224620123086849e-23
5.1542510993205181e-15 4.0009573974801370e-23
5.4889258805784352e-15 3.9795377658565328e-23
5.8453316964816886e-15 3.9582026680922723e-23
6.2248795821401642e-15 3.9369517403199251e-23
6.6290721937077834e-15 3.9157845869082060e-23
7.0595097575014001e-15 3.8947006789038705e-23
7.5178964054067335e-15 3.8736995207923032e-23
8.0060469216535777e-15 3.8527804846281281e-23
8.5258939276712624e-15 3.8319429881603689e-23
9.0794955334695792e-15 3.8111864319621194e-23
9.6690434858378200e-15 3.7905100521137451e-23
1.0296871845620807e-14 3.7699132605502633e-23
1.0965466228426147e-14 3.7493951741622102e-23
1.1677473645347181e-14 3.7289549780360424e-23
1.2435712982661772e-14 3.7085917251531713e-23
1.3243186161996640e-14 3.6883042964651865e-23
1.4103090025141450e-14 3.6680916388127609e-23
1.5018828990564991e-14 3.6479524717317431e-23
1.5994028531741794e-14 3.6278854716239963e-23
1.7032549530650682e-14 3.6078891721574543e-23
1.8138503563271760e-14 3.5879619229298407e-23
1.9316269177598234e-14 3.5681020174379369e-23
2.0570509228608546e-14 3.5483073684774446e-23
2.1906189338829819e-14 3.5285758764376634e-23
2.3328597557578393e-14 3.5089051013495061e-23
2.4843365296710426e-14 3.4892924303632166e-23
2.6456489625768273e-14 3.4697350314893930e-23
2.8174357014790883e-14 3.4502296983630394e-23
3.0003768618787172e-14 3.4307730991036400e-23
3.1951967203976305e-14 3.4113613998457013e-23
3.4026665822396470e-14 3.3919904325318507e-23
3.6236078348407870e-14 3.3726555764084112e-23
3.8588951997985573e-14 3.3533517045897002e-23
4.1094601959548579e-14 3.3340731408072330e-23
4.3762948273430373e-14 3.3148136695742247e-23
4.6604555106000608e-14 3.2955663169713702e-23
4.9630672573925191e-14 3.2763234164491002e-23
5.2853281284151093e-14 3.2570764041568151e-23
5.6285139765952319e-14 3.2378160983859993e-23
5.9939834982823942e-14 3.2185328281742308e-23
6.3831836124203501e-14 3.1992171106759006e-23
6.7976551889986664e-14 3.1798615567672025e-23
7.2390391494628340e-14 3.1604639008059707e-23
7.7090829632349954e-14 3.1410336941982244e-23
8.2096475660654495e-14 3.1216042624827787e-23
8.7427147276051438e-14 3.1022551338541296e-23
9.3103948973677975e-14 3.0831515071360418e-23
9.9149355601446217e-14 3.0646147752278388e-23
1.0558730133950929e-13 3.0472457062005541e-23
1.1244327445732511e-13 3.0321387596620707e-23
1.1974441822346605e-13 3.0212488649291369e-23
1.2751963836768441e-13 3.0180235211182088e-23
1.3579971752068097e-13 3.0284670449786011e-23
1.4461743708465648e-13 3.0629591649451694e-23
1.5400770701713386e-13 3.1393158321709480e-23
1.6400770404187865e-13 3.2879112446690784e-23
1.7465701883410230e-13 3.5603274700424808e-23
1.8599781276266563e-13 4.0437157742042954e-23
1.9807498480983314e-13 4.8847501876747767e-23
2.1093634932943041e-13 6.3298902538328965e-23
2.2463282534715437e-13 8.7914236475247977e-23
2.3921863815249433e-13 1.2957543693193734e-22
2.5475153398037843e-13 1.9974487769130281e-22
2.7129300863248541e-13 3.1749046551733719e-22
2.8890855094334582e-13 5.1446483373220635e-22
3.0766790205514022e-13 8.4306772063797585e-22
3.2764533152767031e-13 1.3900544479641912e-21
3.4891993137664871e-13 2.2987021358535612e-21
3.7157592920442268e-13 3.8053100642509066e-21
3.9570302166283928e-13 6.2992886055242828e-21
4.2139672956844863e-13 1.0421551269986495e-20
4.4875877607598381e-13 1.7225139699700771e-20
4.7789748940731529e-13 2.8437301049702029e-20
5.0892823173032428e-13 4.6890969261126028e-20
5.4197385588565094e-13 7.7220068517139498e-20
5.7716519176953090e-13 1.2699386923852562e-19
6.1464156429833850e-13 2.0857363311416165e-19
6.5455134500550825e-13 3.4208547444399788e-19
6.9705253945462475e-13 5.6025231073687680e-19
7.4231341279430469e-13 9.1617001420357329e-19
7.9051315593147986e-13 1.4957850980431127e-18
8.4184259496050800e-13 2.4379697637971797e-18
8.9650494665679173e-13 3.9663774163736776e-18
9.5471662302594565e-13 6.4401604062468973e-18
1.0167080880938053e-12 1.0434472531552122e-17
1.0827247703293307e-12 1.6867775908382953e-17
1.1530280343127768e-12 2.7199011840820490e-17
1.2278962154960230e-12 4.3737764172243481e-17
1.3076257221517513e-12 7.0123774911545475e-17
1.3925322088741491e-12 1.1206427655442018e-16
1.4829518262771506e-12 1.7845060767870866e-16
1.5792425518377973e-12 2.8306151530536700e-16
1.6817856071536677e-12 4.4710629288519029e-16
1.7909869672253701e-12 7.0297382807169012e-16
1.9072789677394639e-12 1.0997541167028034e-15
2.0311220167151301e-12 1.7111429698331785e-15
2.1630064172911687e-12 2.6467574621460284e-15
2.3034543088697970e-12 4.0679268393173154e-15
2.4530217343024140e-12 6.2090367279058135e-15
2.6123008413014508e-12 9.4066434703772833e-15
2.7819222267938494e-12 1.4137254646625938e-14
2.9625574334975949e-12 2.1064474368562801e-14
3.1549216086055038e-12 3.1097505990495528e-14
3.3597763351020688e-12 4.5460074704628668e-14
3.5779326469228189e-12 6.5762314883908435e-14
3.8102542398933892e-12 9.4080589789795172e-14
4.0576608911606353e-12 1.3302378090507372e-13
4.3211321006535173e-12 1.8578219847993173e-13
4.6017109689906503e-12 2.5614122007700410e-13
4.9005083271872925e-12 3.4846415807816254e-13
5.2187071345116417e-12 4.6758781366748867e-13
5.5575671619018609e-12 6.1868228343578362e-13
5.9184299794857672e-12 8.0707022817911969e-13
6.3027242679490940e-12 1.0380262081428722e-12
6.7119714747805396e-12 1.3166208135465712e-12
7.1477918377868673e-12 1.6476677076419277e-12
7.6119107997256294e-12 2.0358229004612139e-12
8.1061658394517460e-12 2.4858872044477005e-12
8.6325137466222876e-12 3.0033061335564171e-12
9.1930383687614261e-12 3.5948399955762188e-12
9.7899588613556580e-12 4.2693320834605244e-12
1.0425638473643126e-11 5.0384747968631263e-12
1.1102593904879439e-11 5.9175019011243207e-12
1.1823505268123020e-11 6.9257295528256522e-12
1.2591226700986989e-11 8.0869513583404693e-12
1.3408797665365702e-11 9.4296907567899371e-12
1.4279454980873610e-11 1.0987366962691753e-11
1.5206645639636108e-11 1.2798472619398336e-11
1.6194040453168304e-11 1.4906795501418746e-11
1.7245548585370210e-11 1.7361826777823246e-11
1.8365333029174713e-11 2.0219371835548024e-11
1.9557827088123128e-11 2.3542443800885916e-11
2.0827751928117913e-11 2.7402484959028572e-11
2.2180135268843430e-11 3.1880829926834658e-11
2.3620331288853016e-11 3.7070491064689647e-11
2.5154041823129911e-11 4.3078081661615701e-11
2.6787338937044014e-11 5.0025901042220578e-11
2.8526688966075086e-11 5.8054158021735429e-11
3.0378978116480027e-11 6.7323205226455067e-11
3.2351539728255724e-11 7.8016036072305827e-11
3.4452183308336208e-11 9.0340820680070292e-11
3.6689225448967564e-11 1.0453376748972775e-10
3.9071522753666972e-11 1.2086226016766790e-10
4.1608506901125650e-11 1.3962810372447534e-10
4.4310221985871541e-11 1.6117125764315249e-10
4.7187364283530796e-11 1.8587334560507839e-10
5.0251324598116707e-11 2.1416153057225741e-10
5.3514233359005710e-11 2.4651215023871551e-10
5.6989008646141425e-11 2.8345395612608008e-10
6.0689407333598968e-11 3.2557140012245274e-10
6.4630079553996461e-11 3.7350647283579117e-10
6.8826626699374436e-11 4.2796029842156701e-10
7.3295663188180893e-11 4.8969273499953820e-10
7.8054882242893424e-11 5.5951996220885459e-10
8.3123125938703229e-11 6.3831009420348230e-10
8.8520459800586312e-11 7.2697416631860434e-10
9.4268252244092986e-11 8.2645442315088824e-10
1.0038925917437587e-10 9.3770618892972574e-10
1.0690771407837907e-10 1.0616741657253331e-09
1.1384942396687889e-10 1.1992623582034520e-09
1.2124187154621382e-10 1.3512944490173582e-09
1.2911432402420377e-10 1.5184687219660349e-09
1.3749794898104029e-10 1.7013023719934411e-09
1.4642593776387369e-10 1.9000710993189081e-09
1.5593363689364093e-10 2.1147446717819150e-09
1.6605868800436626e-10 2.3449211474564876e-09
1.7684117686897796e-10 2.5897733731366765e-09
1.8832379210163942e-10 2.8480087839841133e-09
2.0055199416490023e-10 3.1178674568721997e-09
2.1357419535079661e-10 3.3971687858022151e-09
2.2744195144843585e-10 3.6834311022135199e-09
2.4221016585690953e-10 3.9740936108577338e-09
2.5793730695162531e-10 4.2668514320151389e-09
2.7468563956461517e-10 4.5601383319259955e-09
2.9252147149529095e-10 4.8537444979969644e-09
3.1151541602756902e-10 5.1495616585637015e-09
3.3174267149272154e-10 5.4523973203538616e-09
3.5328331898472746e-10 5.7707555058075704e-09
3.7622263940682867e-10 6.1174332880372448e-09
4.0065145110448925e-10 6.5097266942072250e-09
4.2666646942145367e-10 6.9689827012929285e-09
4.5437068960244989e-10 7.5192862759786267e-09
4.8387379455842716e-10 8.1850618466883833e-09
5.1529258910873982e-10 8.9875811250769477e-09
5.4875146241945861e-10 9.9405905947308195e-09
5.8438288046861024e-10 1.1045549012859363e-08
6.2232791048810093e-10 1.2287358829603672e-08
6.6273677945856144e-10 1.3631519153462713e-08
7.0576946886830282e-10 1.5023965650067802e-08
7.5159634809100161e-10 1.6393996058224826e-08
8.0039884888976107e-10 1.7660755345812007e-08
8.5237018371793666e-10 1.8742204169435487e-08
9.0771611066048861e-10 1.9565193162962841e-08
9.6665574804440352e-10 2.0074571941949433e-08
1.0294224419431795e-09 2.0239500440335667e-08
1.0962646900099705e-09 2.0055804826691843e-08
1.1674471252968824e-09 1.9544292978377416e-08
1.2432515639553739e-09 1.8745895818490168e-08
1.3239781209657988e-09 1.7715043088779234e-08
1.4099463983131901e-09 1.6512708571085812e-08
1.5014967503135180e-09 1.5200193952343706e-08
1.5989916310997708e-09 1.3834269230272779e-08
1.7028170296027822e-09 1.2463907610595684e-08
1.8133839977079479e-09 1.1128566604158479e-08
1.9311302776378300e-09 9.8577966720243606e-09
2.0565220350037454e-09 8.6718376724982193e-09
2.1900557043873966e-09 7.5828293185169568e-09
2.3322599547595037e-09 6.5963039261888121e-09
2.4836977825166073e-09 5.7127093781910693e-09
2.6449687404224167e-09 4.9288121478830681e-09
2.8167113112784673e-09 4.2388974441113727e-09
2.9996054357213108e-09 3.6357441428133343e-09
3.1943752041542971e-09 3.1113774562714597e-09
3.4017917234711430e-09 2.6576206136818349e-09
3.6226761699211323e-09 2.2664793971971490e-09
3.8579030402023445e-09 1.9303900100406607e-09
4.1084036136540610e-09 1.6423657800456672e-09
4.3751696392557665e-09 1.3960686967426721e-09
4.6592572620293616e-09 1.1858291887892027e-09
4.9617912043899994e-09 1.0066311197278145e-09
5.2839692189992704e-09 8.5407467524321930e-10
5.6270668307503196e-09 7.2432721248486824e-10
5.9924423866586020e-09 6.1406819171309894e-10
6.3815424336508714e-09 5.2043327706869314e-10
6.7959074455440338e-09 4.4096019326255209e-10
7.2371779218866417e-09 3.7353825067987003e-10
7.7071008828093769e-09 3.1636215718144905e-10
8.2075367855978634e-09 2.6789069324069012e-10
8.7404668903706589e-09 2.2681000751501454e-10
9.3080011040244323e-09 1.9200141556072155e-10
9.9123863335000377e-09 1.6251337528603883e-10
1.0556015381441752e-08 1.3753710158331158e-10
1.1241436419467058e-08 1.1638568530126049e-10
1.1971363076553240e-08 9.8475942730895305e-11
1.2748685182481077e-08 8.3313077414404646e-11
1.3576480208869144e-08 7.0477357765662833e-11
1.4458025453095775e-08 5.9612875499041437e-11
1.5396811013344145e-08 5.0417988001064925e-11
1.6396553606140907e-08 4.2636945948793205e-11
1.7461211281092467e-08 3.6053146259289076e-11
1.8594999091074811e-08 3.0483041907968634e-11
1.9802405779917978e-08 2.5770968992476972e-11
2.1088211553650659e-08 2.1785282952439332e-11
2.2457507005664893e-08 1.8414219011719734e-11
2.3915713270724450e-08 1.5563055250705715e-11
2.5468603487610015e-08 1.3151899651005946e-11
2.7122325655372560e-08 1.1112712601205338e-11
2.8883426973683214e-08 9.3883847583853697e-12
3.0758879763647426e-08 7.9303928859735656e-12
3.2756109071702422e-08 6.6977422440656162e-12
3.4883022065886447e-08 5.6557889610545244e-12
3.7148039340860708e-08 4.7751175163955866e-12
3.9560128255621109e-08 4.0308833911854631e-12
4.2128838435889780e-08 3.4020203002103606e-12
4.4864339581738062e-08 2.8706977487654250e-12
4.7777461730129122e-08 2.4218567587026849e-12
5.0879738131777070e-08 2.0427442271413338e-12
5.4183450912079295e-08 1.7225627620702591e-12
5.7701679696895474e-08 1.4522306103439030e-12
6.1448353395683254e-08 1.2239920544500286e-12
6.5438305347009667e-08 1.0313615070903194e-12
6.9687332044755746e-08 8.6879972437191873e-13
7.4212255677521777e-08 7.3165004263802737e-13
7.9030990728828512e-08 6.1596843664990840e-13
8.4162614901786070e-08 5.1841340724668211e-13
8.9627444649033697e-08 4.3617026986954287e-13
9.5447115606968750e-08 3.6685021897436423e-13
1.0164466825272044e-07 3.0844061778019773e-13
1.0824463912297906e-07 2.5923711197655064e-13
1.1527315795583138e-07 2.1780123507293957e-13
1.2275805114019027e-07 1.8291736145687851e-13
1.3072895188237687e-07 1.5355873528059468e-13
1.3921741752602400e-07 1.2885836777361248e-13
1.4825705448976349e-07 1.0808414788652314e-13
1.5788365131735094e-07 9.0618116374497132e-14
1.6813532036696317e-07 7.5938797369637752e-14
1.7905264870064861e-07 6.3606212899001848e-14
1.9067885877129226e-07 5.3249263443411483e-14
2.0305997954327057e-07 4.4554993120065949e-14
2.1624502872429280e-07 3.7259557748975948e-14
2.3028620682986918e-07 3.1140605184322726e-14
2.4523910384873180e-07 2.6010756577371216e-14
2.6116291932743037e-07 2.1712187177917458e-14
2.7812069674539634e-07 1.8111999751775227e-14
2.9617957310841353e-07 1.5098301414994684e-14
3.1541104474862632e-07 1.2576934399397020e-14
3.3589125038344494e-07 1.0468667349518784e-14
3.5770127255395160e-07 8.7068713090916661e-15
3.8092745863624202e-07 7.2355224942987895e-15
4.0566176269663614e-07 6.0075366549866805e-15
4.3200210954413273e-07 4.9833681117556737e-15
4.6005278242146229e-07 4.1297940471081579e-15
4.8992483586959393e-07 3.4189349458422463e-15
5.2173653540031475e-07 2.8273959127373881e-15
5.5561382571750561e-07 2.3355551987836555e-15
5.9169082934086190e-07 1.9269667473639961e-15
6.3011037760618936e-07 1.5878479264309674e-15
6.7102457614445788e-07 1.3066595117321272e-15
7.1459540707845343e-07 1.0737418060316696e-15
7.6099537032110832e-07 8.8101562605167264e-16
8.1040816651454010e-07 7.2172607806099046e-16
8.6302942431349869e-07 5.9022976524072393e-16
9.1906747489262807e-07 4.8181552483637055e-16
9.7874417674393993e-07 3.9255236167096483e-16
1.0422957940298058e-06 3.1916303323119999e-16
1.1099739319689811e-06 2.5891700810992509e-16
1.1820465329590004e-06 2.0954128219568842e-16
1.2587989373785041e-06 1.6914534382149118e-16
1.3405350132694187e-06 1.3615824332047201e-16
1.4275783593713677e-06 1.0927555923732830e-16
1.5202735862713758e-06 8.7415420353890247e-17
1.6189876807408299e-06 6.9681457891986403e-17
1.7241114586612757e-06 5.5331691786790937e-17
1.8360611122914175e-06 4.3752722595664335e-17
1.9552798580008154e-06 3.4437988566236439e-17
2.0822396909939668e-06 2.6969778403125479e-17
2.2174432539716813e-06 2.1004066736357628e-17
2.3614258271281630e-06 1.6257938862139289e-17
2.5147574473620273e-06 1.2499103132045390e-17
2.6780451650914815e-06 9.5371231141606278e-18
2.8519354476087491e-06 7.2161860783297410e-18
3.0371167384884183e-06 5.4090311574260411e-18
3.2343221831828899e-06 4.0119441775532822e-18
3.4443325315954893e-06 2.9405964876276725e-18
3.6679792291231232e-06 2.1265960113350186e-18
3.9061477084056555e-06 1.5146387807558965e-18
4.1597808948144577e-06 1.0601493591323173e-18
4.4298829395589153e-06 7.2733965278925490e-19
4.7175231951899722e-06 4.8760813553653709e-19
5.0238404492402149e-06 3.1822329632495555e-19
5.3500474327621735e-06 2.0124162650169099e-19
5.6974356216137307e-06 1.2261978092280894e-19
6.0673803494998438e-06 7.1485148926621333e-20
6.4613462530129793e-06 3.9536091625349933e-20
6.8808930702302821e-06 2.0548217301060020e-20
7.3276818158236531e-06 9.9661658721532661e-21
7.8034813571307530e-06 4.5369790398312978e-21
8.3101754172226584e-06 2.0363257672706330e-21
8.8497700326926858e-06 1.0500090972770446e-21
9.4244014956932083e-06 7.3163552012305659e-22
1.0036344811662738e-05 6.3048708832826761e-22
1.0688022706229217e-05 5.5361528807219003e-22
1.1382015216946986e-05 4.5076770077925422e-22
1.2121069907842444e-05 3.3519440133891141e-22
1.2908112747209298e-05 2.3351496793168063e-22
1.3746259691717717e-05 1.6102335802948556e-22
1.4638829022701049e-05 1.1691190013460780e-22
1.5589354483459106e-05 9.0819454689602114e-23
1.6601599269591357e-05 7.1977983140214685e-23
1.7679570927746531e-05 5.5136420602615716e-23
1.8827537221774622e-05 4.0447379946634302e-23
2.0050043029098052e-05 2.9959969210630474e-23
2.1351928334193025e-05 2.4252866712197018e-23
2.2738347390420912e-05 2.1715460397900182e-23
2.4214789126070656e-05 2.0119736393235434e-23
2.5787098875404049e-05 1.8276918964500833e-23
2.7461501520735148e-05 1.6265560599631418e-23
2.9244626137166288e-05 1.4523173016934102e-23
3.1143532237553140e-05 1.3182110129376226e-23
3.3165737721600488e-05 1.2148444426400861e-23
3.5319248639742799e-05 1.1363116753861298e-23
3.7612590889649437e-05 1.0804221815916476e-23
4.0054843970838291e-05 1.0415905475796081e-23
4.2655676931038626e-05 1.0139732369876034e-23
4.5425386646614038e-05 9.9424343752846710e-24
4.8374938588605283e-05 9.7987454836268885e-24
5.1516010235782612e-05 9.6854715912215010e-24
5.4861037306585096e-05 9.5852219402967518e-24
5.8423262992986688e-05 9.4880171268926409e-24
6.2216790391201451e-05 9.3915860642212214e-24
6.6256638336811250e-05 9.2981065252468374e-24
7.0558800865365545e-05 9.2100938722955667e-24
7.5140310533869942e-05 9.1279401471331336e-24
8.0019305853848156e-05 9.0501232738782734e-24
8.5215103102953194e-05 8.9748600489165773e-24
9.0748272799441286e-05 8.9011703022031441e-24
9.6640721142264471e-05 8.8287158157033651e-24
1.0291577673921857e-04 8.7573528965730974e-24
1.0959828296650075e-04 8.6869965928953213e-24
1.1671469632534762e-04 8.6175565318536730e-24
1.2429319118513888e-04 8.5489072209136853e-24
1.3236377132765797e-04 8.4809393078136079e-24
1.4095838873413150e-04 8.4135786046497274e-24
1.5011107008531513e-04 8.3467730351163897e-24
1.5985805147545652e-04 8.2804891058342517e-24
1.7023792187348901e-04 8.2146947503092774e-24
1.8129177589940588e-04 8.1493621216145622e-24
1.9306337652068674e-04 8.0844715264822339e-24
2.0559932831288631e-04 8.0200084047669275e-24
2.1894926197035957e-04 7.9559585906230819e-24
2.3316603079758644e-04 7.8923113096047150e-24
2.4830591995902908e-04 7.8290609130744441e-24
2.6442886931597569e-04 7.7661962817928365e-24
2.8159871073256209e-04 7.7037186070819542e-24
2.9988342079051124e-04 7.6416186947487764e-24
3.1935538991308035e-04 7.5799035962153303e-24
3.4009170896373418e-04 7.5185773707532670e-24
3.6217447445416302e-04 7.4576507736061793e-24
3.8569111357000341e-04 7.3971470895009285e-24
4.1073473030108886e-04 7.3370811502286744e-24
4.3740447404653110e-04 7.2774697095676116e-24
4.6580593215400862e-04 7.2183073367159838e-24
4.9605154794731541e-04 7.1595702497019810e-24
5.2826106589722651e-04 7.1012178730775115e-24
5.6256200569807424e-04 7.0432015605029700e-24
5.9909016712696400e-04 6.9854798287768633e-24
6.3799016768444766e-04 6.9280271820405448e-24
6.7941601514512632e-04 6.8708315213196369e-24
7.2353171728502003e-04 6.8138976942797369e-24
7.7051193119959691e-04 6.7572338817840943e-24
8.2054265478324743e-04 6.7008530112589385e-24
8.7382196310770350e-04 6.6447660396925002e-24
9.3056079261486847e-04 6.5889843888031164e-24
9.9098377622865099e-04 6.5335221201074365e-24
1.0553301326921883e-03 6.4783912325012732e-24
1.1238546136512636e-03 6.4236054351426072e-24
1.1968285122335445e-03 6.3691746357490799e-24
1.2745407371167659e-03 6.3151062080971668e-24
1.3572989563379980e-03 6.2614054171813892e-24
1.4454308153725624e-03 6.2080750846080902e-24
1.5392852343049308e-03 6.1551163204336289e-24
1.6392337892273791e-03 6.1025281735771112e-24
1.7456721833352328e-03 6.0503083312179909e-24
1.8590218135429556e-03 5.9984536331556616e-24
1.9797314388235680e-03 5.9469563026032510e-24
2.1082789568761949e-03 5.8958100462648379e-24
2.2451732961559206e-03 5.8450103355616962e-24
2.3909564307564315e-03 5.7945510616725620e-24
2.5462055261227944e-03 5.7444300938893830e-24
2.7115352240890561e-03 5.6946431344895906e-24
2.8876000762874179e-03 5.6451884524517649e-24
3.0750971355632461e-03 5.5960622656428728e-24
3.2747687156551154e-03 5.5472615375928097e-24
3.4874053300658087e-03 5.4987849926162465e-24
3.7138488217597410e-03 5.4506287878659470e-24
3.9549956960769879e-03 5.4027931745868899e-24
4.2118006700595702e-03 5.3552748936969573e-24
4.4852804522416819e-03 5.3080730976966437e-24
4.7765177678688233e-03 5.2611850507445317e-24
5.0866656454813348e-03 5.2146096830378793e-24
5.4169519818334753e-03 5.1683454229442164e-24
5.7686844032212685e-03 5.1223903295467329e-24
6.1432554424646771e-03 5.0767437499168027e-24
6.5421480520408042e-03 5.0314032129312550e-24
6.9669414751944089e-03 4.9863680186621598e-24
7.4193174982707197e-03 4.9416362598425710e-24
7.9010671090229741e-03 4.8972064656040469e-24
8.4140975872557672e-03 4.8530775896295664e-24
8.9604400558771970e-03 4.8092484134920590e-24
9.5422575222537612e-03 4.7657186378011097e-24
1.0161853441705244e-02 4.7224856222811296e-24
1.0821680837042257e-02 4.6795475454463365e-24
1.1524352010252552e-02 4.6369049670467265e-24
1.2272648884783818e-02 4.5945537808404982e-24
1.3069534019369439e-02 4.5524930580707414e-24
1.3918162337002597e-02 4.5107216340537617e-24
1.4821893615492902e-02 4.4692379982609592e-24
1.5784305789057162e-02 4.4280419726947842e-24
1.6809209113607455e-02 4.3871311133110361e-24
1.7900661251815584e-02 4.3465078213311067e-24
1.9062983337678616e-02 4.3061677971851932e-24
2.0300777084184631e-02 4.2661091430048736e-24
2.1618943001811476e-02 4.2263309638222621e-24
2.3022699799983996e-02 4.1868311934654803e-24
2.4517605048302582e-02 4.1476084988448558e-24
2.6109577179344104e-02 4.1086613740921347e-24
2.7804918920142366e-02 4.0699899836121994e-24
2.9610342245117834e-02 4.0315924047967695e-24
3.1532994949244518e-02 3.9934677216728576e-24
3.3580488946662747e-02 3.9556124348796217e-24
3.5760930406769524e-02 3.9180279578694782e-24
3.8082951847099152e-02 3.8807111046538197e-24
4.0555746310054874e-02 3.8436626840557621e-24
4.3189103758794242e-02 3.8068820089113814e-24
4.5993449836366385e-02 3.7703662338386504e-24
4.8979887141547662e-02 3.7341152961507653e-24
5.2160239184795100e-02 3.6981264869804745e-24
5.5547097198335615e-02 3.6623994845418986e-24
5.9153869985717922e-02 3.6269334203473095e-24
6.2994837008189655e-02 3.5917254984913025e-24
6.7085204918063621e-02 3.5567764792920425e-24
7.1441167762900104e-02 3.5220830946868187e-24
7.6079971098851257e-02 3.4876439064435992e-24
8.1019980267006159e-02 3.4534581518999608e-24
8.6280753103036290e-02 3.4195232142808189e-24
9.1883117368008319e-02 3.3858400330035077e-24
9.7849253206925155e-02 3.3524055052538561e-24
1.0420278096144193e-01 3.3192201170737959e-24
1.1096885468441860e-01 3.2862816948857681e-24
1.1817426172654816e-01 3.2535890765102405e-24
1.2584752878931521e-01 3.2211409156673441e-24
1.3401903486416866e-01 3.1889363822149741e-24
1.4272113150503163e-01 3.1569734710553403e-24
1.5198827091033226e-01 3.1252516650624372e-24
1.6185714232162135e-01 3.0937696847188917e-24
1.7236681727879591e-01 3.0625263074770053e-24
1.8355890430701760e-01 3.0315203949400636e-24
1.9547771364771707e-01 3.0007507276960907e-24
2.0817043268588706e-01 2.9702163019132471e-24
2.2168731276817433e-01 2.9399157706650772e-24
2.3608186815142343e-01 2.9098474409847172e-24
2.5141108786929128e-01 2.8800105809519167e-24
2.6773566135574001e-01 2.8504042870164000e-24
2.8512021871868759e-01 2.8210273005860806e-24
3.0363358661503681e-01 2.7918786647950119e-24
3.2334906074014313e-01 2.7629566277026932e-24
3.4434469601049750e-01 2.7342599803578198e-24
3.6670361558851844e-01 2.7057878759480869e-24
3.9051433997285545e-01 2.6775385417759027e-24
4.1587113745711468e-01 2.6495116649935026e-24
4.4287439734452777e-01 2.6217056142449535e-24
4.7163102739609170e-01 2.5941194214608230e-24
5.0225487708572680e-01 2.5667519352991180e-24
5.3486718833818825e-01 2.5396013587898375e-24
5.6959707553415984e-01 2.5126675384413479e-24
6.0658203668296651e-01 2.4859487652940089e-24
6.4596849778661913e-01 2.4594436910986186e-24
6.8791239255044534e-01 2.4331516271640806e-24
7.3257977973532751e-01 2.4070712380025469e-24
7.8014750059572691e-01 2.3812009411790581e-24
8.3080387900639396e-01 2.3555400054407807e-24
8.8474946704950264e-01 2.3300880231364360e-24
9.4219783901413512e-01 2.3048435982859045e-24
1.0033764369515341e+00 2.2798053995732808e-24
1.0685274711338544e+00 2.2549716125873322e-24
1.1379088789812479e+00 2.2303410714549362e-24
1.2117953462538031e+00 2.2059129913617967e-24
1.2904793945513930e+00 2.1816864214964185e-24
1.3742725394267479e+00 2.1576600786652961e-24
1.4635065236969533e+00 2.1338331035737788e-24
1.5585346308360031e+00 2.1102041039004050e-24
1.6597330836484152e+00 2.0867725780077383e-24
1.7675025337611279e+00 2.0635361074734599e-24
1.8822696478307710e+00 2.0404936239236551e-24
2.0044887967463536e+00 2.0176451042121604e-24
2.1346438545147741e+00 1.9949884270127064e-24
2.2732501139512888e+00 1.9725244975672584e-24
2.4208563267590919e+00 1.9502512489202177e-24
2.5780468760751165e+00 1.9281676196943692e-24
2.7454440900829726e+00 1.9062725649739631e-24
2.9237107058529062e+00 1.8845643660280685e-24
3.1135524931635232e+00 1.8630430257528259e-24
3.3157210486927675e+00 1.8417062408345552e-24
3.5310167716407195e+00 1.8205543466212476e-24
3.7602920325651708e+00 1.7995866536048905e-24
4.0044545479751203e+00 1.7788016323329807e-24
4.2644709740428484e+00 1.7581973514621580e-24
4.5413707336619771e+00 1.7377714962043196e-24
4.8362500920036275e+00 1.7175233003566007e-24
5.1502764967054526e+00 1.6974519270331139e-24
5.4846931998769115e+00 1.6775575460681743e-24
5.8408241802200136e+00 1.6578393671561590e-24
6.2200793847518057e+00 1.6382970480958916e-24
6.6239603108815652e+00 1.6189299815261180e-24
7.0540659509419772e+00 1.5997350908536752e-24
7.5120991227099534e+00 1.5807125360813212e-24
7.9998732109790387e+00 1.5618613222079477e-24
8.5193193468741928e+00 1.5431798235070324e-24
9.0724940533329512e+00 1.5246668217553896e-24
9.6615873870207771e+00 1.5063199066274114e-24
1.0288931608915986e+01 1.4881388049552638e-24
1.0957010417890864e+01 1.4701233204039383e-24
1.1668468783846617e+01 1.4522716918422845e-24
1.2426123419330695e+01 1.4345842236917684e-24
1.3232973931094952e+01 1.4170575932595816e-24
1.4092214695745438e+01 1.3996921002222859e-24
1.5007247506498572e+01 1.3824880170940216e-24
1.5981695041113790e+01 1.3654412434992876e-24
1.7019415204324396e+01 1.3485545305924948e-24
1.8124516401546945e+01 1.3318230734763579e-24
1.9301373804340827e+01 1.3152481475992886e-24
2.0554646672012410e+01 1.2988269809028582e-24
2.1889296797943636e+01 1.2825594339047099e-24
2.3310608153672483e+01 1.2664462005263644e-24
2.4824207808498684e+01 1.2504855535393469e-24
2.6436088207438765e+01 1.2346779368583938e-24
2.8152630895726812e+01 1.2190207551876181e-24
2.9980631783790898e+01 1.2035138015758350e-24
3.1927328052728356e+01 1.1881549470443005e-24
3.4000426806804363e+01 1.1729444329880818e-24
3.6208135586406570e+01 1.1578810558445662e-24
3.8559194862260384e+01 1.1429648034396034e-24
4.1062912639554774e+01 1.1281960593031060e-24
4.3729201308973153e+01 1.1135725612271848e-24
4.6568616890529668e+01 1.0990918505681335e-24
4.9592400825576185e+01 1.0847528311935183e-24
5.2812524482443067e+01 1.0705536100569955e-24
5.6241736551907799e+01 1.0564941885559181e-24
5.9893613520136192e+01 1.0425733403351980e-24
6.3782613418926474e+01 1.0287915427170129e-24
6.7924133066049151e+01 1.0151494696804633e-24
7.2334569022304706e+01 1.0016452839433778e-24
7.7031382506637300e+01 9.8827830671814623e-25
8.2033168526298141e+01 9.7504649845457846e-25
8.7359729495757847e+01 9.6194833428272027e-25
9.3032153635822922e+01 9.4898323953199950e-25
9.9072898463354790e+01 9.3614905775739882e-25
1.0550587970212011e+02 9.2344617585507123e-25
1.1235656596678133e+02 9.1087348690898832e-25
1.1965207959489679e+02 8.9843046947041938e-25
1.2742130402611527e+02 8.8611663633272869e-25
1.3569499815369954e+02 8.7393009180454906e-25
1.4450591810109370e+02 8.6186897178470424e-25
1.5388894690567250e+02 8.4993297118600020e-25
1.6388123262308000e+02 8.3812154387152204e-25
1.7452233539892958e+02 8.2643425499988681e-25
1.8585438409014594e+02 8.1486982783269745e-25
1.9792224305599888e+02 8.0342833201932714e-25
2.1077368977918658e+02 7.9210980529383497e-25
2.2445960402016536e+02 7.8091091948535003e-25
2.3903416925362637e+02 7.6983150881188181e-25
2.5455508718459006e+02 7.5886904651550075e-25
2.7108380619341381e+02 7.4802314368020670e-25
2.8868576461416319e+02 7.3729332493734749e-25
3.0743064980946406e+02 7.2668075819505299e-25
3.2739267406756352e+02 7.1618639731666506e-25
3.4865086841386676e+02 7.0581019379526100e-25
3.7128939550021153e+02 6.9554772899138307e-25
3.9539788281058168e+02 6.8539871069333204e-25
4.2107177750246336e+02 6.7535811229414164e-25
4.4841272428871758e+02 6.6542740698475356e-25
4.7752896785597267e+02 6.5560339680115990e-25
5.0853578141276262e+02 6.4588747957978724e-25
5.4155592306410199e+02 6.3628258972814933e-25
5.7672012181924117e+02 6.2678585446137552e-25
6.1416759515680474e+02 6.1740616741552424e-25
6.5404660019633320e+02 6.0813743304154149e-25
6.9651502065843317e+02 5.9898170326276929e-25
7.4174099193726136e+02 5.8993233428949709e-25
7.8990356676008105e+02 5.8098299938746175e-25
8.4119342406934561e+02 5.7213653626157945e-25
8.9581362393370830e+02 5.6338559309585513e-25
9.5398041147679646e+02 5.5473094741406096e-25
1.0159240730064829e+03 5.4617771331460428e-25
1.0818898477342425e+03 5.3771872570087826e-25
1.1521388986940201e+03 5.2936113736491316e-25
1.2269493467045909e+03 5.2110011874141371e-25
1.3066173714690465e+03 5.1294384250070555e-25
1.3914583841705487e+03 5.0488938627764602e-25
1.4818082762068934e+03 4.9693337406063970e-25
1.5780247490075828e+03 4.8907944116209955e-25
1.6804887301984286e+03 4.8132016289336722e-25
1.7896058817201606e+03 4.7365831625213654e-25
1.9058082058718719e+03 4.6609084744584364e-25
2.0295557556378844e+03 4.5861800416359056e-25
2.1613384560690815e+03 4.5123005161901305e-25
2.3016780439297854e+03 4.4393331503439141e-25
2.4511301332895518e+03 4.3672590465829084e-25
2.6102864152373768e+03 4.2960317469779818e-25
2.7797770004274025e+03 4.2257028250010782e-25
2.9602729137301990e+03 4.1562277782745396e-25
3.1524887508664542e+03 4.0876602842758916e-25
3.3571855075404683e+03 4.0199114390243499e-25
3.5751735922743374e+03 3.9529504617586388e-25
3.8073160348711272e+03 3.8868242468310402e-25
4.0545319032090492e+03 3.8214791554558487e-25
4.3177999418943891e+03 3.7570480244271306e-25
4.5981624471785044e+03 3.6934833019384746e-25
4.8967293934804902e+03 3.6308279985580483e-25
5.2146828278520725e+03 3.5690346877842155e-25
5.5532815497829506e+03 3.5080510298333071e-25
5.9138660948747074e+03 3.4479057135351782e-25
6.2978640421131840e+03 3.3885860278071481e-25
6.7067956657518544e+03 3.3300625002300167e-25
7.1422799541818213e+03 3.2723313339549570e-25
7.6060410196183975e+03 3.2153017456063238e-25
8.0999149239796670e+03 3.1590279605865479e-25
8.6258569479815469e+03 3.1034286364455825e-25
9.1859493322288490e+03 3.0484611803842443e-25
9.7824095209486386e+03 2.9942629505502671e-25
1.0417598941004402e+04 2.9407127110834528e-25
1.1094032350946898e+04 2.8879966789153105e-25
1.1814387797116518e+04 2.8359894887107500e-25
1.2581517216212500e+04 2.7847860580663218e-25
1.3398457726305924e+04 2.7343685743260756e-25
1.4268443650999401e+04 2.6846506135795226e-25
1.5194919324336142e+04 2.6357740214126293e-25
1.6181552727154669e+04 2.5875302263769915e-25
1.7232250008877651e+04 2.5399542058345599e-25
1.8351170952225355e+04 2.4930002448147193e-25
1.9542745442081497e+04 2.4466688644079895e-25
2.0811691003711152e+04 2.4009873460679494e-25
2.2163031479768360e+04 2.3559686932705084e-25
2.3602116920033848e+04 2.3116694281075819e-25
2.5134644762629094e+04 2.2680862545001958e-25
2.6766682390566355e+04 2.2252073786306405e-25
2.8504691152934098e+04 2.1830985905215426e-25
3.0355551945822375e+04 2.1416150773114884e-25
3.2326592454262172e+04 2.1006497589032594e-25
3.4425616163035294e+04 2.0603421218895596e-25
3.6660933251206035e+04 2.0205531346393370e-25
3.9041393492690106e+04 1.9813900249639038e-25
4.1576421293119238e+04 1.9429565773164026e-25
4.4276053001709370e+04 1.9053396830976144e-25
4.7150976645857394e+04 1.8683606119528036e-25
5.0212574245774340e+04 1.8318364252802709e-25
5.3472966876687533e+04 1.7958818099274375e-25
5.6945062657009192e+04 1.7605352746582680e-25
6.0642607852462461e+04 1.7256695703754603e-25
6.4580241298494489e+04 1.6913733989894654e-25
6.8773552356430460e+04 1.6574864220161721e-25
7.3239142632824209e+04 1.6240235263272336e-25
7.7994691706362428e+04 1.5910002499054499e-25
8.3059027122529049e+04 1.5583025073872227e-25
8.8452198933152540e+04 1.5261758484037910e-25
9.4195559075935671e+04 1.4945510759093795e-25
1.0031184590824791e+05 1.4638800324924800e-25
1.0682527422984247e+05 1.4336941982136742e-25
1.1376163115090934e+05 1.4041540263903049e-25
1.2114837818502109e+05 1.3751351460921485e-25
1.2901475997114849e+05 1.3465879769487642e-25
1.3739192005519703e+05 1.3186119951247187e-25
1.4631302418944039e+05 1.2907634121454386e-25
1.5581339163801871e+05 1.2633719733531533e-25
1.6593063500832868e+05 1.2361454286696581e-25
1.7670480916191591e+05 1.2093075463536889e-25
1.8817856979443156e+05 1.1829131988109085e-25
2.0039734231245643e+05 1.1568164647089933e-25
2.1340950167580944e+05 1.1312298595990243e-25
2.2726656391733000e+05 1.1061917772034103e-25
2.4202339009840126e+05 1.0816790830879334e-25
2.5773840350765645e+05 1.0576513603907493e-25
2.7447382096278545e+05 1.0338977812537120e-25
2.9229589913120295e+05 1.0104917055025782e-25
3.1127519684473780e+05 9.8739114535315143e-26
3.3148685444690072e+05 9.6456897769649943e-26
3.5301089127865556e+05 9.4234545927386904e-26
3.7593252248050313e+05 9.2050515766855671e-26
4.0034249636506964e+05 8.9904513988750827e-26
4.2633745369590027e+05 8.7804693469907352e-26
4.5402031029490026e+05 8.5744135443454115e-26
4.8350066449313558e+05 8.3719770734841541e-26
5.1489523103814234e+05 8.1711814370047080e-26
5.4832830317565356e+05 7.9729844524111638e-26
5.8393224473508261e+05 7.7767683578804298e-26
6.2184801416702603e+05 7.5832181793726644e-26
6.6222572260743333e+05 7.3941290866575886e-26
7.0522522817793582e+05 7.2101987669066988e-26
7.5101676887511951e+05 7.0311916175305270e-26
7.9978163655442896e+05 6.8539636289317616e-26
8.5171289467711328e+05 6.6783762027918145e-26
9.0701614266170957e+05 6.5037534782451173e-26
9.6591032986627845e+05 6.3313776446311918e-26
1.0286286224239238e+06 6.1638945175213809e-26
1.0954193263635766e+06 6.0013993382585530e-26
1.1665468706706034e+06 5.8432957199717645e-26
1.2422928541792934e+06 5.6873203885657844e-26
1.3229571604420450e+06 5.5339901373729387e-26
1.4088591449889157e+06 5.3832185859096616e-26
1.5003388996781250e+06 5.2325849128147699e-26
1.5977585991430383e+06 5.0850584311195677e-26
1.7015039346664913e+06 4.9388174926424280e-26
1.8119856411590450e+06 4.7965549387414477e-26
1.9296411232866647e+06 4.6569915728113834e-26
2.0549361871859303e+06 4.5193414254509874e-26
2.1883668846224914e+06 4.3834766468993445e-26
2.3304614768940299e+06 4.2447580088053520e-26
2.4817825262531317e+06 4.1056960122011393e-26
2.6429291231298256e+06 3.9671168353383497e-26
2.8145392579717911e+06 3.8353220572513753e-26
2.9972923470922792e+06 3.7115302321071107e-26
3.1919119225261081e+06 3.5926986516490041e-26
3.3991684965426316e+06 3.4750351129142219e-26
3.6198826121566612e+06 3.3562792970623394e-26
3.8549280917147947e+06 3.2401743086948458e-26
4.1052354964180081e+06 3.1225181680903365e-26
4.3717958104774449e+06 3.0058055637073309e-26
4.6556643644888420e+06 2.8932360666335018e-26
4.9579650135590704e+06 2.7824412804784644e-26
5.2798945867256168e+06 2.6763538866375804e-26
5.6227276252848255e+06 2.5726407146807948e-26
5.9878214287887057e+06 2.4742324430100771e-26
6.3766214286869336e+06 2.3799609722758154e-26
6.7906669108893620e+06 2.2881538801897126e-26
7.2315971099044634e+06 2.1996865137259157e-26
7.7011576986816833e+06 2.1119734218073504e-26
8.2012076998504382e+06 2.0269879363908882e-26
8.7337268457181919e+06 1.9464684956481151e-26
9.3008234161670730e+06 1.8684232735225146e-26
9.9047425854785740e+06 1.7936879672408304e-26
1.0547875311132532e+07 1.7217953698485308e-26
1.1232767799772505e+07 1.6513803242440281e-26
1.1962131587812496e+07 1.5840420880611455e-26
1.2738854276596081e+07 1.5190305978130768e-26
1.3566010964608073e+07 1.4570916374410356e-26
1.4446876422001310e+07 1.3976380760407114e-26
1.5384938055636372e+07 1.3411845854059711e-26
1.6383909715964546e+07 1.2865042380051995e-26
1.7447746400417615e+07 1.2331271006574965e-26
1.8580659911513917e+07 1.1803769791040521e-26
1.9787135531674150e+07 1.1276874660067304e-26
2.1071949780761976e+07 1.0762012421540682e-26
2.2440189326655228e+07 1.0269872330743161e-26
2.3897271123713076e+07 9.8060352962782460e-27
2.5448963858869866e+07 9.3714908988051178e-27
2.7101410790264115e+07 8.9593761931426096e-27
2.8861154068818782e+07 8.5540301093419234e-27
3.0735160639066655e+07 8.1599188021258402e-27
3.2730849821761351e+07 7.7566010491657304e-27
3.4856122687479407e+07 7.3756931475376890e-27
3.7119393337500773e+07 7.0078574709622385e-27
3.9529622215812869e+07 6.6520871281340618e-27
4.2096351584125742e+07 6.3132326107458934e-27
4.4829743300340429e+07 5.9616005547877952e-27
4.7740619050043315e+07 5.6339688676371948e-27
5.0840503190301165e+07 5.3030540379425897e-27
5.4141668375384793e+07 4.9842686840563233e-27
5.7657184145049401e+07 4.7193256431325061e-27
6.1400968667738840e+07 4.4738111461761937e-27
6.5387843843573406e+07 4.2714332152220761e-27
6.9633593985269427e+07 4.0584962956472463e-27
7.4155028309315875e+07 3.8888057542595243e-27
7.8970047484820500e+07 3.7368526453462241e-27
8.4097714503486484e+07 3.5776620041401166e-27
8.9558330151307434e+07 3.4572017219067781e-27
9.5373513380770877e+07 3.3278346461086721e-27
1.0156628690178062e+08 3.2224369604375369e-27
1.0816116833014502e+08 3.0345526165299128e-27
1.1518426725449950e+08 2.5940117505885440e-27
1.2266338860596678e+08 2.1643098272009207e-27
1.3062814273978601e+08 1.5087978613960558e-27
1.3911006266474536e+08 9.7918904328521944e-28
