# #Parameters: delta_c =0.4, gamma = 0.2, gstar = 107.5#Columns: mPBH [Msun, fPBH]
1.2036889179978948e+21 0.0000000000000000e+00
1.0611336165362775e+21 0.0000000000000000e+00
9.3546142637605362e+20 0.0000000000000000e+00
8.2467284666181681e+20 0.0000000000000000e+00
7.2700518144925814e+20 0.0000000000000000e+00
6.4090449442287963e+20 0.0000000000000000e+00
5.6500088507294620e+20 0.0000000000000000e+00
4.9808669296455352e+20 0.0000000000000000e+00
4.3909728331900735e+20 0.0000000000000000e+00
3.8709410819745330e+20 0.0000000000000000e+00
3.4124977378263695e+20 0.0000000000000000e+00
3.0083487617254064e+20 0.0000000000000000e+00
2.6520639623747833e+20 0.0000000000000000e+00
2.3379746889762469e+20 0.0000000000000000e+00
2.0610836404560029e+20 0.0000000000000000e+00
1.8169853561654703e+20 0.0000000000000000e+00
1.6017961230284371e+20 0.0000000000000000e+00
1.4120921839258185e+20 0.0000000000000000e+00
1.2448552641858232e+20 0.0000000000000000e+00
1.0974245494815095e+20 0.0000000000000000e+00
9.6745435108263215e+19 0.0000000000000000e+00
8.5287678489689866e+19 0.0000000000000000e+00
7.5186887050750542e+19 0.0000000000000000e+00
6.6282352673788666e+19 0.0000000000000000e+00
5.8432400227010732e+19 0.0000000000000000e+00
5.1512133449658909e+19 0.0000000000000000e+00
4.5411447796540637e+19 0.0000000000000000e+00
4.0033278625379697e+19 0.0000000000000000e+00
3.5292056854865891e+19 0.0000000000000000e+00
3.1112347522230202e+19 0.0000000000000000e+00
2.7427649579187499e+19 0.0000000000000000e+00
2.4179337830460805e+19 0.0000000000000000e+00
2.1315730180656341e+19 0.0000000000000000e+00
1.8791265348968591e+19 0.0000000000000000e+00
1.6565777968788105e+19 0.0000000000000000e+00
1.4603859538721657e+19 0.0000000000000000e+00
1.2874295057469846e+19 0.0000000000000000e+00
1.1349566379169731e+19 0.0000000000000000e+00
1.0005414387364166e+19 0.0000000000000000e+00
8.8204530215890944e+18 0.0000000000000000e+00
7.7758290155692390e+18 0.0000000000000000e+00
6.8549219333039811e+18 0.0000000000000000e+00
6.0430797304835092e+18 0.0000000000000000e+00
5.3273856338986844e+18 0.0000000000000000e+00
4.6964526297916836e+18 0.0000000000000000e+00
4.1402422913649249e+18 0.0000000000000000e+00
3.6499050629127660e+18 0.0000000000000000e+00
3.2176394594250691e+18 0.0000000000000000e+00
2.8365679414650348e+18 0.0000000000000000e+00
2.5006274904351324e+18 0.0000000000000000e+00
2.2044731432345940e+18 0.0000000000000000e+00
1.9433929515015365e+18 0.0000000000000000e+00
1.7132330124032448e+18 0.0000000000000000e+00
1.5103313781808660e+18 0.0000000000000000e+00
1.3314597929197563e+18 0.0000000000000000e+00
1.1737723295513923e+18 0.0000000000000000e+00
1.0347601098785405e+18 0.0000000000000000e+00
9.1221138719897370e+17 0.0000000000000000e+00
8.0417635642443981e+17 0.0000000000000000e+00
7.0893613180803942e+17 0.0000000000000000e+00
6.2497539870182605e+17 0.0000000000000000e+00
5.5095830422178106e+17 0.0000000000000000e+00
4.8570720322987610e+17 0.0000000000000000e+00
4.2818392147225888e+17 0.0000000000000000e+00
3.7747323776170054e+17 0.0000000000000000e+00
3.3276832239842221e+17 0.0000000000000000e+00
2.9335790014805632e+17 0.0000000000000000e+00
2.5861493353396451e+17 0.0000000000000000e+00
2.2798664639003114e+17 0.0000000000000000e+00
2.0098572894417418e+17 0.0000000000000000e+00
1.7718258450152528e+17 0.0000000000000000e+00
1.5619849436852330e+17 0.0000000000000000e+00
1.3769959226880776e+17 0.0000000000000000e+00
1.2139155238116627e+17 0.0000000000000000e+00
1.0701490648384054e+17 0.0000000000000000e+00
9.4340915698858352e+16 0.0000000000000000e+00
8.3167931153993344e+16 0.0000000000000000e+00
7.3318185658855936e+16 0.0000000000000000e+00
6.4634965349241592e+16 0.0000000000000000e+00
5.6980116299332448e+16 0.0000000000000000e+00
5.0231846430835216e+16 0.0000000000000000e+00
4.4282787746443536e+16 0.0000000000000000e+00
3.9038288056893256e+16 0.0000000000000000e+00
3.4414905022219836e+16 0.0000000000000000e+00
3.0339078546741672e+16 0.0000000000000000e+00
2.6745960404977776e+16 0.0000000000000000e+00
2.3578382477323584e+16 0.0000000000000000e+00
2.0785947179653044e+16 0.0000000000000000e+00
1.8324225615173308e+16 0.0000000000000000e+00
1.6154050690769550e+16 0.0000000000000000e+00
1.4240893951003922e+16 0.0000000000000000e+00
1.2554316214918260e+16 0.0000000000000000e+00
1.1067483275026330e+16 0.0000000000000000e+00
9.7567389530489920e+15 0.0000000000000000e+00
8.6012287195181760e+15 0.0000000000000000e+00
7.5825678888687710e+15 0.0000000000000000e+00
6.6845491108536030e+15 0.0000000000000000e+00
5.8928845043390600e+15 0.0000000000000000e+00
5.1949783307142070e+15 0.0000000000000000e+00
4.5797265900457510e+15 0.0000000000000000e+00
4.0373403514637245e+15 0.0000000000000000e+00
3.5591900068851850e+15 0.0000000000000000e+00
3.1376679700829970e+15 0.0000000000000000e+00
2.7660676365801960e+15 0.0000000000000000e+00
2.4384766785677345e+15 0.0000000000000000e+00
2.1496829771199080e+15 0.0000000000000000e+00
1.8950916950468335e+15 0.0000000000000000e+00
1.6706521709759790e+15 0.0000000000000000e+00
1.4727934715147265e+15 0.0000000000000000e+00
1.2983675761000682e+15 0.0000000000000000e+00
1.1445992905809200e+15 0.0000000000000000e+00
1.0090420926356952e+15 0.0000000000000000e+00
8.8953920650594638e+14 0.0000000000000000e+00
7.8418928772767550e+14 0.0000000000000000e+00
6.9131617188896562e+14 0.0000000000000000e+00
6.0944220610315175e+14 0.0000000000000000e+00
5.3726473888930256e+14 0.0000000000000000e+00
4.7363539440347450e+14 0.0000000000000000e+00
4.1754180126448900e+14 0.0000000000000000e+00
3.6809148527164044e+14 0.0000000000000000e+00
3.2449766974027156e+14 0.0000000000000000e+00
2.8606675753219131e+14 0.0000000000000000e+00
2.5218729561442347e+14 0.0000000000000000e+00
2.2232024656748100e+14 0.0000000000000000e+00
1.9599041225849409e+14 0.0000000000000000e+00
1.7277887322599366e+14 0.0000000000000000e+00
1.5231632348357525e+14 0.0000000000000000e+00
1.3427719469617841e+14 0.0000000000000000e+00
1.1837447624200097e+14 0.0000000000000000e+00
1.0435514874490339e+14 0.0000000000000000e+00
9.1996158422764656e+13 0.0000000000000000e+00
8.1100868201865000e+13 0.0000000000000000e+00
7.1495929132935250e+13 0.0000000000000000e+00
6.3028522331702359e+13 0.0000000000000000e+00
5.5563927561966484e+13 0.0000000000000000e+00
4.8983379776279000e+13 0.0000000000000000e+00
4.3182179510822664e+13 0.0000000000000000e+00
3.8068027070029164e+13 0.0000000000000000e+00
3.3559553997066551e+13 0.0000000000000000e+00
2.9585028465231738e+13 0.0000000000000000e+00
2.6081213992446988e+13 0.0000000000000000e+00
2.2992363320495648e+13 0.0000000000000000e+00
2.0269331451165082e+13 0.0000000000000000e+00
1.7868793727304992e+13 0.0000000000000000e+00
1.5752556518119455e+13 0.0000000000000000e+00
1.3886949541387604e+13 0.0000000000000000e+00
1.2242290154186854e+13 0.0000000000000000e+00
1.0792411088743984e+13 0.0000000000000000e+00
9.5142441194803418e+12 0.0000000000000000e+00
8.3874530372064824e+12 0.0000000000000000e+00
7.3941100909219023e+12 0.0000000000000000e+00
6.5184107492639238e+12 0.0000000000000000e+00
5.7464222433320342e+12 0.0000000000000000e+00
5.0658618900918506e+12 0.0000000000000000e+00
4.4659016693845381e+12 0.0000000000000000e+00
3.9369959452743765e+12 0.0000000000000000e+00
3.4707295907039043e+12 0.0000000000000000e+00
3.0596840990518687e+12 0.0000000000000000e+00
2.6973195523688706e+12 0.0000000000000000e+00
2.3778705683524541e+12 0.0000000000000000e+00
2.0962545705313411e+12 0.0000000000000000e+00
1.8479909221964885e+12 0.0000000000000000e+00
1.6291296374633564e+12 0.0000000000000000e+00
1.4361885352266318e+12 0.0000000000000000e+00
1.2660978360985791e+12 0.0000000000000000e+00
1.1161513208435056e+12 0.0000000000000000e+00
9.8396327321714478e+11 0.0000000000000000e+00
8.6743052215224255e+11 0.0000000000000000e+00
7.6469897936450903e+11 0.0000000000000000e+00
6.7413413997725647e+11 0.0000000000000000e+00
5.9429507681642554e+11 0.0000000000000000e+00
5.2391151461363000e+11 0.0000000000000000e+00
4.6186361935744934e+11 0.0000000000000000e+00
4.0716418123254828e+11 0.0000000000000000e+00
3.5894290766917401e+11 0.0000000000000000e+00
3.1643257659841956e+11 0.0000000000000000e+00
2.7895682960533905e+11 0.0000000000000000e+00
2.4591941076350854e+11 0.0000000000000000e+00
2.1679467993607346e+11 0.0000000000000000e+00
1.9111924960564658e+11 0.0000000000000000e+00
1.6848461217127759e+11 0.0000000000000000e+00
1.4853064040947876e+11 0.0000000000000000e+00
1.3093985768874142e+11 0.0000000000000000e+00
1.1543238677407407e+11 0.0000000000000000e+00
1.0176149685478937e+11 0.0000000000000000e+00
8.9709677946753769e+10 0.0000000000000000e+00
7.9085180211080109e+10 0.0000000000000000e+00
6.9718963128273499e+10 0.0000000000000000e+00
6.1462005987824203e+10 0.0000000000000000e+00
5.4182936901931580e+10 0.0000000000000000e+00
4.7765942619905693e+10 0.0000000000000000e+00
4.2108925887455475e+10 0.0000000000000000e+00
3.7121881033627533e+10 0.0000000000000000e+00
3.2725461940251518e+10 0.0000000000000000e+00
2.8849719609647617e+10 0.0000000000000000e+00
2.5432989244731483e+10 0.0000000000000000e+00
2.2420909134462399e+10 0.0000000000000000e+00
1.9765555734662796e+10 0.0000000000000000e+00
1.7424681182957249e+10 0.0000000000000000e+00
1.5361041116352104e+10 0.0000000000000000e+00
1.3541802096732224e+10 0.0000000000000000e+00
1.1938019216148619e+10 0.0000000000000000e+00
1.0524175570364033e+10 0.0000000000000000e+00
9.2777762734728909e+09 0.0000000000000000e+00
8.1789905541873369e+09 0.0000000000000000e+00
7.2103362393804455e+09 0.0000000000000000e+00
6.3564016048785563e+09 0.0000000000000000e+00
5.6036001680241270e+09 0.0000000000000000e+00
4.9399545206489410e+09 0.0000000000000000e+00
4.3549057631434555e+09 0.0000000000000000e+00
3.8391455076328883e+09 0.0000000000000000e+00
3.3844677773552580e+09 0.0000000000000000e+00
2.9836384458943419e+09 0.0000000000000000e+00
2.6302801389869385e+09 0.0000000000000000e+00
2.3187707676408415e+09 0.0000000000000000e+00
2.0441540781798811e+09 0.0000000000000000e+00
1.8020607960271943e+09 0.0000000000000000e+00
1.5886391085889544e+09 0.0000000000000000e+00
1.4004933811901338e+09 0.0000000000000000e+00
1.2346301310053310e+09 0.0000000000000000e+00
1.0884103994057345e+09 0.0000000000000000e+00
9.5950776494490063e+08 0.0000000000000000e+00
8.4587132895112634e+08 0.0000000000000000e+00
7.4569308481066000e+08 0.0000000000000000e+00
6.5737915177234554e+08 0.0000000000000000e+00
5.7952441559070635e+08 0.0000000000000000e+00
5.1089017252870828e+08 0.0000000000000000e+00
4.5038442102627969e+08 0.0000000000000000e+00
3.9704448746619558e+08 0.0000000000000000e+00
3.5002170960548252e+08 0.0000000000000000e+00
3.0856793397887379e+08 0.0000000000000000e+00
2.7202361244195116e+08 0.0000000000000000e+00
2.3980730846464038e+08 0.0000000000000000e+00
2.1140644621549925e+08 0.0000000000000000e+00
1.8636915525056538e+08 0.0000000000000000e+00
1.6429708105212384e+08 0.0000000000000000e+00
1.4483904702983978e+08 0.0000000000000000e+00
1.2768546714385444e+08 0.0000000000000000e+00
1.1256342025217451e+08 0.0000000000000000e+00
9.9232307813015595e+07 0.0000000000000000e+00
8.7480025854197055e+07 0.0000000000000000e+00
7.7119590303907648e+07 0.0000000000000000e+00
6.7986161990339667e+07 0.0000000000000000e+00
5.9934423976607971e+07 0.0000000000000000e+00
5.2836269503170602e+07 0.0000000000000000e+00
4.6578763751884013e+07 0.0000000000000000e+00
4.1062347002443686e+07 0.0000000000000000e+00
3.6199250592624336e+07 0.0000000000000000e+00
3.1912100479537372e+07 0.0000000000000000e+00
2.8132686183939599e+07 0.0000000000000000e+00
2.4800875530945275e+07 0.0000000000000000e+00
2.1863657920180466e+07 0.0000000000000000e+00
1.9274300903378177e+07 0.0000000000000000e+00
1.6991606650187582e+07 0.0000000000000000e+00
1.4979256472233251e+07 0.0000000000000000e+00
1.3205232976509891e+07 0.0000000000000000e+00
1.1641310654313559e+07 0.0000000000000000e+00
1.0262606800751194e+07 0.0000000000000000e+00
9.0471856197565794e+06 0.0000000000000000e+00
7.9757092157461336e+06 0.0000000000000000e+00
7.0311299190354533e+06 0.0000000000000000e+00
6.1984190497760838e+06 0.0000000000000000e+00
5.4643278049252424e+06 0.0000000000000000e+00
4.8171764638529317e+06 0.0000000000000000e+00
4.2466685587535147e+06 0.0000000000000000e+00
3.7437270532292961e+06 0.0000000000000000e+00
3.3003499225743068e+06 0.0000000000000000e+00
2.9094828379757688e+06 0.0000000000000000e+00
2.5649069289818443e+06 0.0000000000000000e+00
2.2611398384862603e+06 0.0000000000000000e+00
1.9933484959702655e+06 0.0000000000000000e+00
1.7572722211851210e+06 0.0000000000000000e+00
1.5491549348202723e+06 0.0000000000000000e+00
1.3656853975984945e+06 0.0000000000000000e+00
1.2039445269753730e+06 0.0000000000000000e+00
1.0613589532280383e+06 0.0000000000000000e+00
9.3566007598982949e+05 0.0000000000000000e+00
8.2484796980197169e+05 0.0000000000000000e+00
7.2715956440341938e+05 0.0000000000000000e+00
6.4104059349302237e+05 0.0000000000000000e+00
5.6512086565625586e+05 0.0000000000000000e+00
4.9819246400587325e+05 0.0000000000000000e+00
4.3919052768299909e+05 0.0000000000000000e+00
3.8717630944372615e+05 0.0000000000000000e+00
3.4132223976985103e+05 0.0000000000000000e+00
3.0089875986702228e+05 0.0000000000000000e+00
2.6526271405743103e+05 0.0000000000000000e+00
2.3384711688479845e+05 0.0000000000000000e+00
2.0615213212171625e+05 0.0000000000000000e+00
1.8173712015130793e+05 0.0000000000000000e+00
1.6021362719348606e+05 0.0000000000000000e+00
1.4123920483125703e+05 0.0000000000000000e+00
1.2451196150296579e+05 0.0000000000000000e+00
1.0976575927227971e+05 0.0000000000000000e+00
9.6765979454375818e+04 0.0000000000000000e+00
8.5305789727538999e+04 0.0000000000000000e+00
7.5202853338244837e+04 0.0000000000000000e+00
6.6296428041716747e+04 0.0000000000000000e+00
5.8444808620782933e+04 0.0000000000000000e+00
5.1523072292379635e+04 0.0000000000000000e+00
4.5421091130099361e+04 0.0000000000000000e+00
4.0041779879533839e+04 0.0000000000000000e+00
3.5299551288378469e+04 0.0000000000000000e+00
3.1118954374896224e+04 0.0000000000000000e+00
2.7433473968993487e+04 0.0000000000000000e+00
2.4184472426058073e+04 0.0000000000000000e+00
2.1320256675761684e+04 0.0000000000000000e+00
1.8795255762147161e+04 0.0000000000000000e+00
1.6569295789301676e+04 0.0000000000000000e+00
1.4606960736670850e+04 0.0000000000000000e+00
1.2877028974303470e+04 0.0000000000000000e+00
1.1351976512729698e+04 0.0000000000000000e+00
1.0007539083955215e+04 0.0000000000000000e+00
8.8223260860861046e+03 0.0000000000000000e+00
7.7774802492675444e+03 0.0000000000000000e+00
6.8563776080716607e+03 0.0000000000000000e+00
6.0443630067582999e+03 0.0000000000000000e+00
5.3285169291811726e+03 0.0000000000000000e+00
4.6974499434967038e+03 0.0000000000000000e+00
4.1411214912003416e+03 0.0000000000000000e+00
3.6506801373419498e+03 0.0000000000000000e+00
3.2183227402294460e+03 0.0000000000000000e+00
2.8371702999483800e+03 0.0000000000000000e+00
2.5011585103907987e+03 0.0000000000000000e+00
2.2049412734280309e+03 0.0000000000000000e+00
1.9438056400938583e+03 0.0000000000000000e+00
1.7135968254548850e+03 0.0000000000000000e+00
1.5106521041204762e+03 0.0000000000000000e+00
1.3317425346407547e+03 0.0000000000000000e+00
1.1740215856012478e+03 0.0000000000000000e+00
1.0349798460326776e+03 0.0000000000000000e+00
9.1240509955807374e+02 0.0000000000000000e+00
8.0434712703892342e+02 0.0000000000000000e+00
7.0908667771490911e+02 0.0000000000000000e+00
6.2510811515390901e+02 0.0000000000000000e+00
5.5107530279730122e+02 0.0000000000000000e+00
4.8581034542858924e+02 0.0000000000000000e+00
4.2827484833276549e+02 0.0000000000000000e+00
3.7755339597109247e+02 0.0000000000000000e+00
3.3283898730972413e+02 0.0000000000000000e+00
2.9342019607167214e+02 0.0000000000000000e+00
2.5866985162595000e+02 0.0000000000000000e+00
2.2803506042183881e+02 0.0000000000000000e+00
2.0102840920474148e+02 0.0000000000000000e+00
1.7722021005292328e+02 0.0000000000000000e+00
1.5623166385013221e+02 0.0000000000000000e+00
1.3772883342194351e+02 0.0000000000000000e+00
1.2141733044567617e+02 0.0000000000000000e+00
1.0703763160028235e+02 0.0000000000000000e+00
9.4360949434016845e+01 0.0000000000000000e+00
8.3185592253570789e+01 0.0000000000000000e+00
7.3333755118860751e+01 0.0000000000000000e+00
6.4648690886758004e+01 0.0000000000000000e+00
5.6992216293812930e+01 0.0000000000000000e+00
5.0242513398613028e+01 0.0000000000000000e+00
4.4292191403756078e+01 0.0000000000000000e+00
3.9046578020141510e+01 0.0000000000000000e+00
3.4422213188433886e+01 0.0000000000000000e+00
3.0345521192120270e+01 0.0000000000000000e+00
2.6751640034895861e+01 0.0000000000000000e+00
2.3583389457238049e+01 0.0000000000000000e+00
2.0790361172857615e+01 0.0000000000000000e+00
1.8328116850277816e+01 0.0000000000000000e+00
1.6157481079067907e+01 0.0000000000000000e+00
1.4243918071511112e+01 0.0000000000000000e+00
1.2556982182746484e+01 0.0000000000000000e+00
1.1069833506918384e+01 0.0000000000000000e+00
9.7588108422472484e+00 0.0000000000000000e+00
8.6030552307082129e+00 0.0000000000000000e+00
7.5841780826620111e+00 0.0000000000000000e+00
6.6859686061547263e+00 0.0000000000000000e+00
5.8941358859543955e+00 0.0000000000000000e+00
5.1960815086859133e+00 0.0000000000000000e+00
4.5806991164297033e+00 0.0000000000000000e+00
4.0381976995904028e+00 0.0000000000000000e+00
3.5599458175474807e+00 0.0000000000000000e+00
3.1383342685671747e+00 0.0000000000000000e+00
2.7666550239937138e+00 0.0000000000000000e+00
2.4389945005075080e+00 0.0000000000000000e+00
2.1501394723650353e+00 0.0000000000000000e+00
1.8954941266412102e+00 0.0000000000000000e+00
1.6710069417865729e+00 0.0000000000000000e+00
1.4731062261041099e+00 0.0000000000000000e+00
1.2986432905338821e+00 0.0000000000000000e+00
1.1448423515993571e+00 0.0000000000000000e+00
1.0092563674484556e+00 0.0000000000000000e+00
8.8972810432132199e-01 0.0000000000000000e+00
7.8435581399454080e-01 0.0000000000000000e+00
6.9146297611484853e-01 0.0000000000000000e+00
6.0957162400905907e-01 0.0000000000000000e+00
5.3737882957210925e-01 0.0000000000000000e+00
4.7373597309706533e-01 0.0000000000000000e+00
4.1763046822094163e-01 0.0000000000000000e+00
3.6816965122196438e-01 0.0000000000000000e+00
3.2456657833975705e-01 0.0000000000000000e+00
2.8612750514753443e-01 0.0000000000000000e+00
2.5224084876740166e-01 0.0000000000000000e+00
2.2236745731275592e-01 0.0000000000000000e+00
1.9603203174017486e-01 0.0000000000000000e+00
1.7281556362868389e-01 0.0000000000000000e+00
1.5234866856802107e-01 0.0000000000000000e+00
1.3430570908716552e-01 0.0000000000000000e+00
1.1839961361626734e-01 0.0000000000000000e+00
1.0437730904933601e-01 0.0000000000000000e+00
9.2015694237737256e-02 0.0000000000000000e+00
8.1118090350946304e-02 0.0000000000000000e+00
7.1511111628234716e-02 0.0000000000000000e+00
6.3041906733522446e-02 0.0000000000000000e+00
5.5575726822137801e-02 0.0000000000000000e+00
4.8993781626317325e-02 0.0000000000000000e+00
4.3191349448823163e-02 0.0000000000000000e+00
3.8076110993814284e-02 0.0000000000000000e+00
3.3566680525485539e-02 0.0000000000000000e+00
2.9591310984545212e-02 0.0000000000000000e+00
2.6086752460351994e-02 0.0000000000000000e+00
2.2997245856498330e-02 0.0000000000000000e+00
2.0273635738600835e-02 0.0000000000000000e+00
1.7872588249315712e-02 0.0000000000000000e+00
1.5755901647250398e-02 0.0000000000000000e+00
1.3889898500142217e-02 0.0000000000000000e+00
1.2244889861820233e-02 0.0000000000000000e+00
1.0794702907769375e-02 0.0000000000000000e+00
9.5162645137653983e-03 0.0000000000000000e+00
8.3892341521294416e-03 0.0000000000000000e+00
7.3956802648193591e-03 0.0000000000000000e+00
6.5197949643060818e-03 0.0000000000000000e+00
5.7476425230004891e-03 0.0000000000000000e+00
5.0669376495828507e-03 0.0000000000000000e+00
4.4668500245136425e-03 0.0000000000000000e+00
3.9378319847965830e-03 0.0000000000000000e+00
3.4714666163826479e-03 0.0000000000000000e+00
3.0603338372959341e-03 0.0000000000000000e+00
2.6978923408048222e-03 0.0000000000000000e+00
2.3783755203009710e-03 0.0000000000000000e+00
2.0966997200041709e-03 0.0000000000000000e+00
1.8483833517212178e-03 0.0000000000000000e+00
1.6294755907695446e-03 0.0000000000000000e+00
1.4364935165864052e-03 0.0000000000000000e+00
1.2663666979020128e-03 0.0000000000000000e+00
1.1163883408023716e-03 0.0000000000000000e+00
9.8417222242518131e-04 0.0000000000000000e+00
8.6761472508498159e-04 0.0000000000000000e+00
7.6486136677314531e-04 0.0000000000000000e+00
6.7427729551821302e-04 0.0000000000000000e+00
5.9442127815851145e-04 0.0000000000000000e+00
5.2402276967674017e-04 0.0000000000000000e+00
4.6196169825949226e-04 0.0000000000000000e+00
4.0725064445279772e-04 0.0000000000000000e+00
3.5901913087620904e-04 0.0000000000000000e+00
3.1649977253761459e-04 0.0000000000000000e+00
2.7901606739419774e-04 0.0000000000000000e+00
2.4597163290179509e-04 0.0000000000000000e+00
2.1684071730140221e-04 0.0000000000000000e+00
1.9115983467313174e-04 0.0000000000000000e+00
1.6852039066752689e-04 0.0000000000000000e+00
1.4856218158639938e-04 0.0000000000000000e+00
1.3096766338058862e-04 0.0000000000000000e+00
1.1545689938186621e-04 0.0000000000000000e+00
1.0178310638509973e-04 0.0000000000000000e+00
8.9728728216892053e-05 0.0000000000000000e+00
7.9101974319378677e-05 0.0000000000000000e+00
6.9733768276521738e-05 0.0000000000000000e+00
6.1475057732564392e-05 0.0000000000000000e+00
5.4194442902270560e-05 0.0000000000000000e+00
4.7776085941464135e-05 0.0000000000000000e+00
4.2117867915023762e-05 0.0000000000000000e+00
3.7129764038871670e-05 0.0000000000000000e+00
3.2732411345317032e-05 0.0000000000000000e+00
2.8855845982682914e-05 0.0000000000000000e+00
2.5438390059076126e-05 0.0000000000000000e+00
2.2425670319493007e-05 0.0000000000000000e+00
1.9769753042966529e-05 0.0000000000000000e+00
1.7428381395589888e-05 0.0000000000000000e+00
1.5364303105354574e-05 0.0000000000000000e+00
1.3544677761810856e-05 0.0000000000000000e+00
1.1940554310423619e-05 0.0000000000000000e+00
1.0526410428321199e-05 0.0000000000000000e+00
9.2797464527036868e-06 0.0000000000000000e+00
8.1807274011259572e-06 0.0000000000000000e+00
7.2118673880400606e-06 0.0000000000000000e+00
6.3577514165203936e-06 0.0000000000000000e+00
5.6047901187562090e-06 0.0000000000000000e+00
4.9410035431205951e-06 0.0000000000000000e+00
4.3558305477721627e-06 0.0000000000000000e+00
3.8399607681565203e-06 0.0000000000000000e+00
3.3851864849340528e-06 0.0000000000000000e+00
2.9842720354879078e-06 0.0000000000000000e+00
2.6308386912895554e-06 0.0000000000000000e+00
2.3192631694699598e-06 0.0000000000000000e+00
2.0445881638692314e-06 0.0000000000000000e+00
1.8024434720745914e-06 0.0000000000000000e+00
1.5889764635417513e-06 0.0000000000000000e+00
1.4007907825168148e-06 0.0000000000000000e+00
1.2348923104942595e-06 0.0000000000000000e+00
1.0886415284500531e-06 0.0000000000000000e+00
9.5971152091126151e-07 0.0000000000000000e+00
8.4605095368824074e-07 0.0000000000000000e+00
7.4585143622859486e-07 0.0000000000000000e+00
6.5751874931311175e-07 0.0000000000000000e+00
5.7964748031372628e-07 0.0000000000000000e+00
5.1099866244885787e-07 0.0000000000000000e+00
4.5048006226680872e-07 0.0000000000000000e+00
3.9712880172209421e-07 0.0000000000000000e+00
3.5009603835434079e-07 0.0000000000000000e+00
3.0863345982438957e-07 0.0000000000000000e+00
2.7208137792968134e-07 0.0000000000000000e+00
2.3985823266938364e-07 0.0000000000000000e+00
2.1145133936417037e-07 0.0000000000000000e+00
1.8640873161327477e-07 0.0000000000000000e+00
1.6433197030653240e-07 0.0000000000000000e+00
1.4486980427962077e-07 0.0000000000000000e+00
1.2771258175063318e-07 0.0000000000000000e+00
1.1258732362149396e-07 0.0000000000000000e+00
9.9253380258191905e-08 0.0000000000000000e+00
8.7498602647273416e-08 0.0000000000000000e+00
7.7135967009986779e-08 0.0000000000000000e+00
6.8000599170153463e-08 0.0000000000000000e+00
5.9947151332156101e-08 0.0000000000000000e+00
5.2847489532381638e-08 0.0000000000000000e+00
4.6588654970451018e-08 0.0000000000000000e+00
4.1071066784085951e-08 0.0000000000000000e+00
3.6206937672974821e-08 0.0000000000000000e+00
3.1918877163488244e-08 0.0000000000000000e+00
2.8138660291569505e-08 0.0000000000000000e+00
2.4806142112983408e-08 0.0000000000000000e+00
2.1868300770306732e-08 0.0000000000000000e+00
1.9278393891418481e-08 0.0000000000000000e+00
1.6995214897415297e-08 0.0000000000000000e+00
1.4982437387478820e-08 0.0000000000000000e+00
1.3208037169560121e-08 0.0000000000000000e+00
1.1643782741136342e-08 0.0000000000000000e+00
1.0264786113355371e-08 0.0000000000000000e+00
9.0491068319823476e-09 0.0000000000000000e+00
7.9774028949408297e-09 0.0000000000000000e+00
7.0326230123939480e-09 0.0000000000000000e+00
6.1997353130827126e-09 0.0000000000000000e+00
5.4654881805188748e-09 0.0000000000000000e+00
4.8181994138293113e-09 0.0000000000000000e+00
4.2475703587051162e-09 0.0000000000000000e+00
3.7445220511974122e-09 0.0000000000000000e+00
3.3010507673327692e-09 0.0000000000000000e+00
2.9101006802787680e-09 0.0000000000000000e+00
2.5654515989772567e-09 0.0000000000000000e+00
2.2616200021177597e-09 0.0000000000000000e+00
1.9937717928563735e-09 0.0000000000000000e+00
1.7576453861689332e-09 0.0000000000000000e+00
1.5494839051239082e-09 0.0000000000000000e+00
1.3659754072868924e-09 0.0000000000000000e+00
1.2042001902326190e-09 0.0000000000000000e+00
1.0615843377710918e-09 0.0000000000000000e+00
9.3585876778777660e-10 0.0000000000000000e+00
8.2502313013034536e-10 0.0000000000000000e+00
7.2731398014152666e-10 0.0000000000000000e+00
6.4117672146444523e-10 0.0000000000000000e+00
5.6524087171800445e-10 0.0000000000000000e+00
4.9829825750817086e-10 0.0000000000000000e+00
4.3928379184786807e-10 0.0000000000000000e+00
3.8725852814582010e-10 0.0000000000000000e+00
3.4139472114555373e-10 0.0000000000000000e+00
3.0096265712750425e-10 0.0000000000000000e+00
2.6531904383673658e-10 0.0000000000000000e+00
2.3389677541495567e-10 0.0000000000000000e+00
2.0619590949218687e-10 0.0000000000000000e+00
1.8177571287967502e-10 0.0000000000000000e+00
1.6024764930735012e-10 0.0000000000000000e+00
1.4126919763769363e-10 0.0000000000000000e+00
1.2453840220096359e-10 0.0000000000000000e+00
1.0978906854518994e-10 0.0000000000000000e+00
9.6786528163176868e-11 0.0000000000000000e+00
8.5323904811394272e-11 0.0000000000000000e+00
7.5218823016255946e-11 0.0000000000000000e+00
6.6310506398614585e-11 0.0000000000000000e+00
5.8457219649535047e-11 0.0000000000000000e+00
5.1534013458014919e-11 0.0000000000000000e+00
4.5430736511465027e-11 0.0000000000000000e+00
4.0050282938969524e-11 0.0000000000000000e+00
3.5307047313368813e-11 0.0000000000000000e+00
3.1125562630558473e-11 0.0000000000000000e+00
2.7439299595635909e-11 0.0000000000000000e+00
2.4189608112011037e-11 0.0000000000000000e+00
2.1324784132089292e-11 0.0000000000000000e+00
1.8799247022708726e-11 0.0000000000000000e+00
1.6572814356840937e-11 0.0000000000000000e+00
1.4610062593173924e-11 0.0000000000000000e+00
1.2879763471697262e-11 0.0000000000000000e+00
1.1354387158092697e-11 0.0000000000000000e+00
1.0009664231735571e-11 0.0000000000000000e+00
8.8241995483371255e-12 0.0000000000000000e+00
7.7791318336130246e-12 8.3236283387942342e-278
6.8578335919586349e-12 2.5839383424115353e-225
6.0456465555428454e-12 2.6609620738340585e-183
5.3296484646995099e-12 1.3917905811596003e-149
4.6984474689858600e-12 1.9263545514766819e-122
4.1420008777379351e-12 1.5817923924491800e-100
3.6514553763617808e-12 8.9271989115776746e-83
3.2190061661317072e-12 2.3914823920322670e-68
2.8377727863453705e-12 1.3997023838088637e-56
2.5016896431110288e-12 5.9912832624941742e-47
2.2054095030310888e-12 4.8876518417406472e-39
1.9442184163225436e-12 1.6263277862327196e-32
1.7139607157639302e-12 4.0444996193340946e-27
1.5109728981677348e-12 1.2186954176953366e-22
1.3320253364032709e-12 6.5474572031883118e-19
1.1742708945817775e-12 8.5480564921704133e-16
1.0351996288488185e-12 3.4779190053026842e-13
9.1259885305289858e-13 5.3882275674437978e-11
8.0451793391734345e-13 3.7368000632864271e-09
7.0923725559090098e-13 1.3223035482758269e-07
6.2524085978895428e-13 2.6548737454069736e-06
5.5119232621801671e-13 3.2968753314406792e-05
4.8591350953002912e-13 2.7164814254090658e-04
4.2836579450201317e-13 1.5726315842718743e-03
3.7763357120245068e-13 6.7030722197731615e-03
3.3290966722705074e-13 2.1855316481837150e-02
2.9348250522411349e-13 5.6244137679954634e-02
2.5872478138004786e-13 1.1721544861414056e-01
2.2808348473459094e-13 2.0203749440867111e-01
2.0107109852866278e-13 2.9304739506029509e-01
1.7725784359428334e-13 3.6281438214896600e-01
1.5626484037543523e-13 3.8793180460879223e-01
1.3775808078457390e-13 3.6168327380930881e-01
1.2144311398427929e-13 2.9636803376292820e-01
1.0706036154250907e-13 2.1481627171012588e-01
9.4380987423431027e-14 1.3845707730675991e-01
8.3203257103564893e-14 7.9691568919119812e-02
7.3349327885112537e-14 4.1097873726442705e-02
6.4662419338956730e-14 1.9040266050591795e-02
5.7004318857783798e-14 7.9401601952106028e-03
5.0253182631571149e-14 2.9846758719075375e-03
4.4301597057978917e-14 1.0121997906707161e-03
3.9054869743802428e-14 3.0983325531373134e-04
3.4429522906571235e-14 8.5603816394200127e-05
3.0351965205624664e-14 2.1340485140717481e-05
2.6757320870909783e-14 4.7967424378264753e-06
2.3588397500407896e-14 9.7107740880736545e-07
2.0794776103394346e-14 1.7681365502129470e-07
1.8332008911704273e-14 2.8905451538686400e-08
1.6160912195825175e-14 4.2340287702256596e-09
1.4246942834204328e-14 5.5438029838208879e-10
1.2559648716705511e-14 6.4710338345547970e-11
1.1072184237893177e-14 6.7134421048195873e-12
9.7608831714208406e-15 6.1698890547621561e-13
8.6048821297663906e-15 5.0047761125388707e-14
7.5857886183873648e-15 3.5689466750918451e-15
6.6873884028923351e-15 2.2277825741537900e-16
5.8953875333063663e-15 1.2116192511522540e-17
5.1971849209225946e-15 5.7128767799789955e-19
4.5816718493341381e-15 2.3228547603983556e-20
4.0390552297789879e-15 8.0983417226275508e-22
3.5607017887097100e-15 2.4062836401411498e-23
3.1390007085429422e-15 6.0545450212996621e-25
2.7672425361416749e-15 1.2812696046290027e-26
2.4395124324092041e-15 2.2640833123756054e-28
2.1505960645490696e-15 3.3153444818417803e-30
1.8958966436937845e-15 3.9907825518459404e-32
1.6713617879343994e-15 3.9156200068977343e-34
1.4734190471083800e-15 3.1037065528965550e-36
1.2989190635169508e-15 1.9688868965895707e-38
1.1450854642329378e-15 9.8976904281174552e-41
1.0094706877634719e-15 3.9022588586469280e-43
8.8991704225002597e-16 1.1935451976020680e-45
7.8452237562404197e-16 2.7998891481963806e-48
6.9160981151529633e-16 4.9775871510746288e-51
6.0970106939746206e-16 6.6224488584676890e-54
5.3749294448260324e-16 6.5076462883598091e-57
4.7383657314900795e-16 4.6584925113842729e-60
4.1771915400623841e-16 2.3944594469159727e-63
3.6824783377119286e-16 8.7043172256158685e-67
3.2463550157230446e-16 2.2026048005173898e-70
2.8618826566291585e-16 3.8158518283599584e-74
2.5229441329264379e-16 4.4476410624654055e-78
2.2241467808345365e-16 3.4246445004096117e-82
1.9607366005994656e-16 1.7089460357483450e-86
1.7285226182275150e-16 5.4168124838599263e-91
1.5238102052109559e-16 1.0678573097955543e-95
1.3433422953331729e-16 1.2806869197987257e-100
1.1842475632857263e-16 9.1300394437277465e-106
1.0439947405961241e-16 3.7761777720093897e-111
9.2035234201230714e-17 8.8332249940500912e-117
8.1135316157231933e-17 1.1378162602635936e-122
7.1526297347608136e-17 7.8477579184991237e-129
6.3055293977582654e-17 2.8143784878698711e-135
5.5587528587936806e-17 5.0886763850833222e-142
4.9004185685237400e-17 4.4914143155209739e-149
4.3200521334103034e-17 1.8706999569590198e-156
3.8084196634257756e-17 3.5484344456769876e-164
3.3573808567256003e-17 2.9532215220884484e-172
2.9597594837980781e-17 1.0370619207159914e-180
2.6092292104376632e-17 1.4748677505759339e-189
2.3002129429330397e-17 8.1368476287432542e-199
2.0277940940072100e-17 1.6645942417400032e-208
1.7876383577110802e-17 1.2043025232275617e-218
1.5759247486735238e-17 2.9318691795616421e-229
1.3892848085122035e-17 2.2796568074468686e-240
1.2247490121513477e-17 5.3593861290203046e-252
1.0796995213473176e-17 3.5966398187689860e-264
9.5182853370905193e-18 6.4860216474288764e-277
8.3910156452805274e-18 2.9498744820510625e-290
7.3972507721505984e-18 3.1656939634052732e-304
6.5211794732927547e-18 0.0000000000000000e+00
5.7488630618009979e-18 0.0000000000000000e+00
5.0680136375164354e-18 0.0000000000000000e+00
4.4677985810304003e-18 0.0000000000000000e+00
3.9386682018556797e-18 0.0000000000000000e+00
3.4722037985722174e-18 0.0000000000000000e+00
3.0609837135149189e-18 0.0000000000000000e+00
2.6984652508750805e-18 0.0000000000000000e+00
2.3788805794783987e-18 0.0000000000000000e+00
2.0971449640065662e-18 0.0000000000000000e+00
1.8487758645801791e-18 0.0000000000000000e+00
1.6298216175405434e-18 0.0000000000000000e+00
1.4367985627103980e-18 0.0000000000000000e+00
1.2666356167995043e-18 0.0000000000000000e+00
1.1166254110935267e-18 0.0000000000000000e+00
9.8438121600456472e-19 0.0000000000000000e+00
8.6779896713407582e-19 0.0000000000000000e+00
7.6502378866549229e-19 0.0000000000000000e+00
6.7442048145891609e-19 0.0000000000000000e+00
5.9454750630003849e-19 0.0000000000000000e+00
5.2413404836538588e-19 0.0000000000000000e+00
4.6205979798904916e-19 0.0000000000000000e+00
4.0733712603391500e-19 0.0000000000000000e+00
3.5909537026959604e-19 0.0000000000000000e+00
3.1656698274618329e-19 0.0000000000000000e+00
2.7907531776247823e-19 0.0000000000000000e+00
2.4602386612969017e-19 0.0000000000000000e+00
2.1688676444298112e-19 0.0000000000000000e+00
1.9120042835904525e-19 0.0000000000000000e+00
1.6855617676150670e-19 0.0000000000000000e+00
1.4859372946123545e-19 0.0000000000000000e+00
1.3099547497710514e-19 0.0000000000000000e+00
1.1548141719502538e-19 0.0000000000000000e+00
1.0180472050429453e-19 0.0000000000000000e+00
8.9747782532443630e-20 0.0000000000000000e+00
7.9118771993985122e-20 0.0000000000000000e+00
6.9748576568712538e-20 0.0000000000000000e+00
6.1488112248903440e-20 0.0000000000000000e+00
5.4205951345962189e-20 0.0000000000000000e+00
4.7786231417004013e-20 0.0000000000000000e+00
4.2126811841473649e-20 0.0000000000000000e+00
3.7137648718108882e-20 0.0000000000000000e+00
3.2739362226121134e-20 0.0000000000000000e+00
2.8861973656681953e-20 0.0000000000000000e+00
2.5443792020309088e-20 0.0000000000000000e+00
2.2430432515583551e-20 0.0000000000000000e+00
1.9773951242588251e-20 0.0000000000000000e+00
1.7432082393979863e-20 0.0000000000000000e+00
1.5367565787055243e-20 0.0000000000000000e+00
1.3547554037550489e-20 0.0000000000000000e+00
1.1943089943037755e-20 0.0000000000000000e+00
1.0528645760860872e-20 0.0000000000000000e+00
9.2817170503111913e-21 0.0000000000000000e+00
8.1824646168921921e-21 0.0000000000000000e+00
7.2133988618462649e-21 0.0000000000000000e+00
6.3591015148010273e-21 0.0000000000000000e+00
5.6059803221798568e-21 0.0000000000000000e+00
4.9420527883569382e-21 0.0000000000000000e+00
4.3567555287832148e-21 0.0000000000000000e+00
3.8407762018045420e-21 0.0000000000000000e+00
3.3859053451337539e-21 0.0000000000000000e+00
2.9849057596271658e-21 0.0000000000000000e+00
2.6313973622033788e-21 0.0000000000000000e+00
2.3197556758629120e-21 0.0000000000000000e+00
2.0450223417387011e-21 0.0000000000000000e+00
1.8028262293850233e-21 0.0000000000000000e+00
1.5893138901334579e-21 0.0000000000000000e+00
1.4010882469980606e-21 0.0000000000000000e+00
1.2351545456582259e-21 0.0000000000000000e+00
1.0888727065756977e-21 0.0000000000000000e+00
9.5991532014614805e-22 0.0000000000000000e+00
8.4623061656951252e-22 0.0000000000000000e+00
7.4600982127319460e-22 0.0000000000000000e+00
6.5765837649806665e-22 0.0000000000000000e+00
5.7977057117011151e-22 0.0000000000000000e+00
5.1110717540735223e-22 0.0000000000000000e+00
4.5057572381720307e-22 0.0000000000000000e+00
3.9721313388251843e-22 0.0000000000000000e+00
3.5017038288725382e-22 0.0000000000000000e+00
3.0869899958461688e-22 0.0000000000000000e+00
2.7213915568418435e-22 0.0000000000000000e+00
2.3990916768812001e-22 0.0000000000000000e+00
2.1149624204611089e-22 0.0000000000000000e+00
1.8644831638020864e-22 0.0000000000000000e+00
1.6436686696983817e-22 0.0000000000000000e+00
1.4490056806084781e-22 0.0000000000000000e+00
1.2773970211532514e-22 0.0000000000000000e+00
1.1261123206680492e-22 0.0000000000000000e+00
9.9274457178197773e-23 0.0000000000000000e+00
8.7517183385218697e-23 0.0000000000000000e+00
7.7152347193736122e-23 0.0000000000000000e+00
6.8015039415769720e-23 0.0000000000000000e+00
5.9959881390417284e-23 0.0000000000000000e+00
5.2858711944218658e-23 0.0000000000000000e+00
4.6598548289464575e-23 0.0000000000000000e+00
4.1079788417414509e-23 0.0000000000000000e+00
3.6214626385712510e-23 0.0000000000000000e+00
3.1925655286499824e-23 0.0000000000000000e+00
2.8144635667829130e-23 0.0000000000000000e+00
2.4811409813404790e-23 0.0000000000000000e+00
2.1872944606363878e-23 0.0000000000000000e+00
1.9282487748623804e-23 0.0000000000000000e+00
1.6998823910871280e-23 0.0000000000000000e+00
1.4985618978206626e-23 0.0000000000000000e+00
1.3210841958093823e-23 0.0000000000000000e+00
1.1646255352918239e-23 0.0000000000000000e+00
1.0266965888746824e-23 0.0000000000000000e+00
9.0510284521865240e-24 0.0000000000000000e+00
7.9790969337962013e-24 0.0000000000000000e+00
7.0341164228177493e-24 0.0000000000000000e+00
6.2010518559039402e-24 0.0000000000000000e+00
5.4666488025237189e-24 0.0000000000000000e+00
4.8192225810339084e-24 0.0000000000000000e+00
4.2484723501581394e-24 0.0000000000000000e+00
3.7453172179870381e-24 0.0000000000000000e+00
3.3017517609189090e-24 0.0000000000000000e+00
2.9107186537834736e-24 0.0000000000000000e+00
2.5659963846358820e-24 0.0000000000000000e+00
2.2621002677142363e-24 0.0000000000000000e+00
1.9941951796315007e-24 0.0000000000000000e+00
1.7580186303960768e-24 0.0000000000000000e+00
1.5498129452859282e-24 0.0000000000000000e+00
1.3662654785602004e-24 0.0000000000000000e+00
1.2044559077811454e-24 0.0000000000000000e+00
1.0618097701756125e-24 0.0000000000000000e+00
9.3605750177885784e-25 0.0000000000000000e+00
8.2519832765483117e-25 0.0000000000000000e+00
7.2746842867053304e-25 0.0000000000000000e+00
6.4131287834326167e-25 0.0000000000000000e+00
5.6536090326360211e-25 0.0000000000000000e+00
4.9840407347621201e-25 0.0000000000000000e+00
4.3937707581781738e-25 0.0000000000000000e+00
3.8734076430743707e-25 0.0000000000000000e+00
3.4146721791301754e-25 0.0000000000000000e+00
3.0102656795686862e-25 0.0000000000000000e+00
2.6537538557793337e-25 0.0000000000000000e+00
2.3394644449033230e-25 0.0000000000000000e+00
2.0623969615898788e-25 0.0000000000000000e+00
1.8181431380338872e-25 0.0000000000000000e+00
1.6028167864596865e-25 0.0000000000000000e+00
1.4129919681324201e-25 0.0000000000000000e+00
1.2456484851376653e-25 0.0000000000000000e+00
1.0981238276793384e-25 0.0000000000000000e+00
9.6807081235592076e-26 0.0000000000000000e+00
8.5342023742072096e-26 0.0000000000000000e+00
7.5234796085502014e-26 0.0000000000000000e+00
6.6324587745117704e-26 0.0000000000000000e+00
5.8469633313827493e-26 0.0000000000000000e+00
5.1544956947057757e-26 0.0000000000000000e+00
4.5440383941072400e-26 0.0000000000000000e+00
4.0058787804068548e-26 0.0000000000000000e+00
3.5314544930175307e-26 0.0000000000000000e+00
3.1132172289514642e-26 0.0000000000000000e+00
2.7445126459377328e-26 0.0000000000000000e+00
2.4194744888550682e-26 0.0000000000000000e+00
2.1329312549843526e-26 0.0000000000000000e+00
1.8803239130833094e-26 0.0000000000000000e+00
1.6576333671564421e-26 0.0000000000000000e+00
1.4613165108370684e-26 0.0000000000000000e+00
1.2882498549774013e-26 0.0000000000000000e+00
1.1356798315367570e-26 0.0000000000000000e+00
1.0011789830800964e-26 0.0000000000000000e+00
8.8260734084265918e-27 0.0000000000000000e+00
7.7807837686803345e-27 0.0000000000000000e+00
6.8592898850306345e-27 0.0000000000000000e+00
6.0469303768949563e-27 0.0000000000000000e+00
5.3307802405046904e-27 0.0000000000000000e+00
4.6994452063043615e-27 0.0000000000000000e+00
4.1428804510173946e-27 0.0000000000000000e+00
3.6522307800072622e-27 0.0000000000000000e+00
3.2196897371626459e-27 0.0000000000000000e+00
2.8383754006831554e-27 0.0000000000000000e+00
2.5022208886198300e-27 0.0000000000000000e+00
2.2058778320649035e-27 0.0000000000000000e+00
1.9446312802061849e-27 0.0000000000000000e+00
1.7143246833467795e-27 0.0000000000000000e+00
1.5112937603371417e-27 0.0000000000000000e+00
1.3323081982200704e-27 0.0000000000000000e+00
1.1745202565042413e-27 0.0000000000000000e+00
1.0354194583368650e-27 0.0000000000000000e+00
9.1279264769218117e-28 0.0000000000000000e+00
8.0468877706740728e-28 0.0000000000000000e+00
7.0938786544281292e-28 0.0000000000000000e+00
6.2537363261294208e-28 0.0000000000000000e+00
5.5130937448920134e-28 0.0000000000000000e+00
4.8601669553885893e-28 0.0000000000000000e+00
4.2845675998410728e-28 0.0000000000000000e+00
3.7771376345939623e-28 0.0000000000000000e+00
3.3298036215358748e-28 0.0000000000000000e+00
2.9354482760820347e-28 0.0000000000000000e+00
2.5877972279873732e-28 0.0000000000000000e+00
2.2813191933047344e-28 0.0000000000000000e+00
2.0111379691786109e-28 0.0000000000000000e+00
1.7729548512730132e-28 0.0000000000000000e+00
1.5629802394593189e-28 0.0000000000000000e+00
1.3778733435801928e-28 0.0000000000000000e+00
1.2146890299813706e-28 0.0000000000000000e+00
1.0708309631154503e-28 0.0000000000000000e+00
9.4401029668008838e-29 0.0000000000000000e+00
8.3220925704772991e-29 0.0000000000000000e+00
7.3364903958314426e-29 0.0000000000000000e+00
6.4676150706456320e-29 0.0000000000000000e+00
5.7016423991790535e-29 0.0000000000000000e+00
5.0263854130191905e-29 0.0000000000000000e+00
4.4311004709536638e-29 0.0000000000000000e+00
3.9063163228249532e-29 0.0000000000000000e+00
3.4436834176961340e-29 0.0000000000000000e+00
3.0358410587546109e-29 0.0000000000000000e+00
2.6763002913275934e-29 0.0000000000000000e+00
2.3593406607059253e-29 0.0000000000000000e+00
2.0799191971462162e-29 0.0000000000000000e+00
1.8335901799628134e-29 0.0000000000000000e+00
1.6164344041196220e-29 0.0000000000000000e+00
1.4249968239220127e-29 0.0000000000000000e+00
1.2562315816915459e-29 0.0000000000000000e+00
1.1074535468056658e-29 0.0000000000000000e+00
9.7629559406634324e-30 0.0000000000000000e+00
8.6067094167751665e-30 0.0000000000000000e+00
7.5873994961175487e-30 0.0000000000000000e+00
6.6888085011304019e-30 0.0000000000000000e+00
5.8966394464516830e-30 0.0000000000000000e+00
5.1982885674740533e-30 0.0000000000000000e+00
4.5826447888029786e-30 0.0000000000000000e+00
4.0399129420681064e-30 0.0000000000000000e+00
3.5614579204059400e-30 0.0000000000000000e+00
3.1396672900404230e-30 0.0000000000000000e+00
2.7678301730506031e-30 0.0000000000000000e+00
2.4400304742961549e-30 0.0000000000000000e+00
2.1510527536925837e-30 0.0000000000000000e+00
1.8962992462227949e-30 0.0000000000000000e+00
1.6717167094354731e-30 0.0000000000000000e+00
1.4737319345416602e-30 0.0000000000000000e+00
1.2991948950616974e-30 0.0000000000000000e+00
1.1453286284926192e-30 0.0000000000000000e+00
1.0096850535904313e-30 0.0000000000000000e+00
8.9010602030058729e-31 0.0000000000000000e+00
7.8468897262368174e-31 0.0000000000000000e+00
6.9175667809692597e-31 0.0000000000000000e+00
6.0983054227421180e-31 0.0000000000000000e+00
5.3760708362593517e-31 0.0000000000000000e+00
4.7393719456384448e-31 0.0000000000000000e+00
4.1780785862437528e-31 0.0000000000000000e+00
3.6832603292285047e-31 0.0000000000000000e+00
3.2470443944102421e-31 0.0000000000000000e+00
2.8624903908107816e-31 0.0000000000000000e+00
2.5234798919256245e-31 0.0000000000000000e+00
2.2246190888170210e-31 0.0000000000000000e+00
1.9611529721969094e-31 0.0000000000000000e+00
1.7288896780985317e-31 0.0000000000000000e+00
1.5241337934425938e-31 0.0000000000000000e+00
1.3436275603591881e-31 0.0000000000000000e+00
1.1844990438005009e-31 0.0000000000000000e+00
1.0442164377673292e-31 0.0000000000000000e+00
9.2054778314127273e-32 0.0000000000000000e+00
8.1152545621497872e-32 0.0000000000000000e+00
7.1541486291739877e-32 0.0000000000000000e+00
6.3068684064488111e-32 0.0000000000000000e+00
5.5599332859896259e-32 0.0000000000000000e+00
4.9014591953507901e-32 0.0000000000000000e+00
4.3209695167075507e-32 0.0000000000000000e+00
3.8092283991725921e-32 0.0000000000000000e+00
3.3580938122699636e-32 0.0000000000000000e+00
2.9603880025822152e-32 0.0000000000000000e+00
2.6097832924770516e-32 0.0000000000000000e+00
2.3007014039211929e-32 0.0000000000000000e+00
2.0282247055773468e-32 0.0000000000000000e+00
1.7880179710861595e-32 0.0000000000000000e+00
1.5762594036724692e-32 0.0000000000000000e+00
1.3895798296459977e-32 0.0000000000000000e+00
1.2250090933384387e-32 0.0000000000000000e+00
1.0799288005958870e-32 0.0000000000000000e+00
9.5203065895469762e-33 0.0000000000000000e+00
8.3927975167399904e-33 0.0000000000000000e+00
7.3988216129863892e-33 0.0000000000000000e+00
6.5225642762865304e-33 0.0000000000000000e+00
5.7500838597886569e-33 0.0000000000000000e+00
5.0690898539410752e-33 0.0000000000000000e+00
4.4687473389775536e-33 0.0000000000000000e+00
3.9395045964894649e-33 0.0000000000000000e+00
3.4729411373058884e-33 0.0000000000000000e+00
3.0616337277381749e-33 0.0000000000000000e+00
2.6990382826054637e-33 0.0000000000000000e+00
2.3793857459074983e-33 0.0000000000000000e+00
2.0975903025586189e-33 0.0000000000000000e+00
1.8491684607910903e-33 0.0000000000000000e+00
1.6301677177919406e-33 0.0000000000000000e+00
1.4371036736123584e-33 0.0000000000000000e+00
1.2669045928032085e-33 0.0000000000000000e+00
1.1168625317276731e-33 0.0000000000000000e+00
9.8459025396470901e-34 0.0000000000000000e+00
8.6798324830782848e-34 0.0000000000000000e+00
7.6518624504891062e-34 0.0000000000000000e+00
6.7456369780582687e-34 0.0000000000000000e+00
5.9467376124670488e-34 0.0000000000000000e+00
5.2424535068458013e-34 0.0000000000000000e+00
4.6215791855054101e-34 0.0000000000000000e+00
4.0742362597980934e-34 0.0000000000000000e+00
3.5917162585277667e-34 0.0000000000000000e+00
3.1663420722715315e-34 0.0000000000000000e+00
2.7913458071285083e-34 0.0000000000000000e+00
2.4607611044956390e-34 0.0000000000000000e+00
