#f_hz Omega_gw
7.055745939831890026e-20 2.236958866241435323e-23
7.462905908351047854e-20 2.336154131114872124e-23
7.893561513104589612e-20 2.572739132620578923e-23
8.349068596917796585e-20 3.173590916412882405e-23
8.830861243092119527e-20 3.983888172522771126e-23
9.340456290362217655e-20 4.837584229289838701e-23
9.879458108393816454e-20 5.585033892667640228e-23
1.044956364885716843e-19 6.323232876231638847e-23
1.105256778797856609e-19 6.882765786934292833e-23
1.169036897738993214e-19 7.366439529724022485e-23
1.236497522106724413e-19 7.745878314576073939e-23
1.307851039717505378e-19 8.045079089843721213e-23
1.383322094472038539e-19 8.302682454121566729e-23
1.463148293606769665e-19 8.515555097787971101e-23
1.547580955758148882e-19 8.622573480740533077e-23
1.636885902194804401e-19 8.676956382428600845e-23
1.731344293708681378e-19 8.697003527107574346e-23
1.831253515799952895e-19 8.699611317242343733e-23
1.936928114942544870e-19 8.686128832321248935e-23
2.048700788877948716e-19 8.667604812586445170e-23
2.166923434055078295e-19 8.646249418611058869e-23
2.291968253513857461e-19 8.622967788359145518e-23
2.424228928700504953e-19 8.598316535422629516e-23
2.564121858903777702e-19 8.572669008777260516e-23
2.712087472214313673e-19 8.546288696479853498e-23
2.868591612134392904e-19 8.519366842721269283e-23
3.034127004203624551e-19 8.492044226867324174e-23
3.209214807257954117e-19 8.464427125600625126e-23
3.394406254205872343e-19 8.436595779499894643e-23
3.590284387487500183e-19 8.408611815214867629e-23
3.797465894680354353e-19 8.380522543525840083e-23
4.016603050030858755e-19 8.352364725042238785e-23
4.248385768024171667e-19 8.324166840546702265e-23
4.493543775457638451e-19 8.295951273958773934e-23
4.752848908856246117e-19 8.267735329081688969e-23
5.027117544463090220e-19 8.239532840161548914e-23
5.317213168455252543e-19 8.211354492250099763e-23
5.624049095476949743e-19 8.183208757565937168e-23
5.948591344048778383e-19 8.155131176861982982e-23
6.291861677905774998e-19 8.127063565047772613e-23
6.654940822839392782e-19 8.099045939956894142e-23
7.038971869171072801e-19 8.071081349661145660e-23
7.445163870569470561e-19 8.043172136627862201e-23
7.874795650541591533e-19 8.015320198682243005e-23
8.329219828581895213e-19 7.987527040984989272e-23
8.809867078654981572e-19 7.959793858124345106e-23
9.318250633418943881e-19 7.932121572203279400e-23
9.855971048370120824e-19 7.904510863289047165e-23
1.042472124090833542e-18 7.876962299074169608e-23
1.102629182018720866e-18 7.849476319931403495e-23
1.166257672452964586e-18 7.822053248607027436e-23
1.233557918415688386e-18 7.794693313732085419e-23
1.304741802800371210e-18 7.767396681027518292e-23
1.380033435447576058e-18 7.740163492413852930e-23
1.459669858715051001e-18 7.712993852898800205e-23
1.543901793763571764e-18 7.685887831915952617e-23
1.632994429908067568e-18 7.658845451648268597e-23
1.727228259519167617e-18 7.631866715773551408e-23
1.826899961103703410e-18 7.604951593893560633e-23
1.932323333344393325e-18 7.578100050086412600e-23
2.043830283039365677e-18 7.551312060684082212e-23
2.161771870051870343e-18 7.524587571377627849e-23
2.286519412560025520e-18 7.497926547219855191e-23
2.418465656086272205e-18 7.471328922125664962e-23
2.558026009987026249e-18 7.444794715190022495e-23
2.705639855295396720e-18 7.418323716655907920e-23
2.861771928034469732e-18 7.391915945391318595e-23
3.026913782356294714e-18 7.365571326222794808e-23
3.201585338112986164e-18 7.339289783646296099e-23
3.386336517732208152e-18 7.313071236020099298e-23
3.581748977550449926e-18 7.286915627438872100e-23
3.788437939054881889e-18 7.260822875958143941e-23
4.007054125799145659e-18 7.234792916194235373e-23
4.238285812091100522e-18 7.208825687512435916e-23
4.482860989902466414e-18 7.182921110391086412e-23
4.741549660822488405e-18 7.157079109773419648e-23
5.015166260271434296e-18 7.131299604749326033e-23
5.304572221606135336e-18 7.105582523308302579e-23
5.610678688190192461e-18 7.079927780199679782e-23
5.934449381967335988e-18 7.054335293530841660e-23
6.276903637569107285e-18 7.028804993004149765e-23
6.639119611509252309e-18 7.003336800314386459e-23
7.022237676568357964e-18 6.977930630188607797e-23
7.427464012055386806e-18 6.952586395205084968e-23
7.856074401249432252e-18 6.927304033171280077e-23
8.309418247977151684e-18 6.902083469925328586e-23
8.788922824971530402e-18 6.876924632420399932e-23
9.296097767387041428e-18 6.851827461011860209e-23
9.832539825618309061e-18 6.826791870610349478e-23
1.039993789238564716e-17 6.801817789446875940e-23
1.100007831991439620e-17 6.776905122402218778e-23
1.163485054394820668e-17 6.752053794159985221e-23
1.230625303230253093e-17 6.727263726548268094e-23
1.301639957668625538e-17 6.702534834697332121e-23
1.376752594760014524e-17 6.677867060014642576e-23
1.456199693326394200e-17 6.653260319058174953e-23
1.540231378473281603e-17 6.628714532857551083e-23
1.629112209064290634e-17 6.604229641544259456e-23
1.723122010637814642e-17 6.579805555746821102e-23
1.822556756388124042e-17 6.555442198636597978e-23
1.927729498984500205e-17 6.531139486396246689e-23
2.038971356162068071e-17 6.506897344946028609e-23
2.156632553187281675e-17 6.482715700097665843e-23
2.281083525480091860e-17 6.458594469601717572e-23
2.412716084864191865e-17 6.434533572184761813e-23
2.551944653117086761e-17 6.410532937913525752e-23
2.699207566703589970e-17 6.386592497585166428e-23
2.854968456800475947e-17 6.362712172872509145e-23
3.019717708957047991e-17 6.338891886587808214e-23
3.193974006987102981e-17 6.315131574321312999e-23
3.378285965952969812e-17 6.291431145322367566e-23
3.573233859382774722e-17 6.267790519953176267e-23
3.779431446158772080e-17 6.244209630201865875e-23
3.997527902828382166e-17 6.220688379996638444e-23
4.228209867421460544e-17 6.197226703198407767e-23
4.472203601208413564e-17 6.173824521198368333e-23
4.730277275205052504e-17 6.150481760577583318e-23
5.003243388622858898e-17 6.127198351065631668e-23
5.291961326878711385e-17 6.103974199666744352e-23
5.597340067217521769e-17 6.080809244608380552e-23
5.920341040465944723e-17 6.057703404472039949e-23
6.261981157926895610e-17 6.034656606700681684e-23
6.623336012944510290e-17 6.011668778386288146e-23
7.005543267219108663e-17 5.988739829031781047e-23
7.409806232533373635e-17 5.965869688825252660e-23
7.837397659166181210e-17 5.943058268640467399e-23
8.289663742921209918e-17 5.920305501031927551e-23
8.768028363385793183e-17 5.897611321370831457e-23
9.273997566763360177e-17 5.874975633306513942e-23
9.809164307392926322e-17 5.852398379520258857e-23
1.037521346288342337e-16 5.829879474974149422e-23
1.097392713865217029e-16 5.807418835664943686e-23
1.160719027856783429e-16 5.785016389264466015e-23
1.227699659936205532e-16 5.762672057329814293e-23
1.298545486749311574e-16 5.740385765630861851e-23
1.373479553822330624e-16 5.718157429698421936e-23
1.452737777781189786e-16 5.695986987080038394e-23
1.536569689093188361e-16 5.673874355214514023e-23
1.625239217669436920e-16 5.651819451583918041e-23
1.719025523801394403e-16 5.629822196371937172e-23
1.818223877047554579e-16 5.607882520819320058e-23
1.923146585837307885e-16 5.586000344013110060e-23
2.034123980718663458e-16 5.564175593398495056e-23
2.151505454345420387e-16 5.542408204260506125e-23
2.275660561477998040e-16 5.520698094956025959e-23
2.406980182461083995e-16 5.499045181674625419e-23
2.545877753841104930e-16 5.477449393290400984e-23
2.692790569997898885e-16 5.455910646128854155e-23
2.848181159888548010e-16 5.434428866087697975e-23
3.012538743237801556e-16 5.413003965920696710e-23
3.186380770759653112e-16 5.391635875317919770e-23
3.370254553259177407e-16 5.370324518874161082e-23
3.564738984743575442e-16 5.349069812176668203e-23
3.770446364967329746e-16 5.327871684988146688e-23
3.988024327149432951e-16 5.306730066305254756e-23
4.218157876931766413e-16 5.285644866718728346e-23
4.461571548997926318e-16 5.264616013178324433e-23
4.719031688142228996e-16 5.243643439429955262e-23
4.991348861970440582e-16 5.222727073668676542e-23
5.279380412828185991e-16 5.201866828151178296e-23
5.584033156991334564e-16 5.181062628230591132e-23
5.906266239616288109e-16 5.160314394751893756e-23
6.247094154438463319e-16 5.139622050695552545e-23
6.607589937725975086e-16 5.118985519960349461e-23
6.988888546544097127e-16 5.098404723486984888e-23
7.392190431966369362e-16 5.077879594140409759e-23
7.818765318482020299e-16 5.057410050462800529e-23
8.269956201498376481e-16 5.036996016837412103e-23
8.747183575523853361e-16 5.016637420082440718e-23
9.251949906343079087e-16 4.996334176264346536e-23
9.785844361264060143e-16 4.976086213846096298e-23
1.035054781232973082e-15 4.955893453096785798e-23
1.094783812824558593e-15 4.935755808921674858e-23
1.157959577168413622e-15 4.915673207674889240e-23
1.224780971958825028e-15 4.895645582708845628e-23
1.295458372511246246e-15 4.875672856551551458e-23
1.370214294091683120e-15 4.855754952472701142e-23
1.449284092466560785e-15 4.835891789913525656e-23
1.532916704878631452e-15 4.816083295554195864e-23
1.621375433781751024e-15 4.796329392517576356e-23
1.714938775801977138e-15 4.776629987588392161e-23
1.813901298534825679e-15 4.756985014750861142e-23
1.918574567939122874e-15 4.737394398793084922e-23
2.029288129247193813e-15 4.717858061510090846e-23
2.146390544479604294e-15 4.698375933150883544e-23
2.270250489830889986e-15 4.678947945750551377e-23
2.401257916381195925e-15 4.659574016429530365e-23
2.539825277788123712e-15 4.640254058597950848e-23
2.686388828823950058e-15 4.620987995091530003e-23
2.841409998846440570e-15 4.601775746032747742e-23
3.005376844527380921e-15 4.582617241884036150e-23
3.178805586412484721e-15 4.563512406586007740e-23
3.362242234150266617e-15 4.544461165359033377e-23
3.556264305506626137e-15 4.525463451480004234e-23
3.761482644577148520e-15 4.506519178424778416e-23
3.978543344921453462e-15 4.487628269065863722e-23
4.208129783674223842e-15 4.468790646088183743e-23
4.450964773036971681e-15 4.450006220269648969e-23
4.707812835924110077e-15 4.431274922478008989e-23
4.979482612927818331e-15 4.412596667633492372e-23
5.266829408179588821e-15 4.393971382172490087e-23
5.570757882123659518e-15 4.375398998992441380e-23
5.892224899680042780e-15 4.356879443689689579e-23
6.232242542764097626e-15 4.338412639524052592e-23
6.591881296647013678e-15 4.319998515578937184e-23
6.972273420188917364e-15 4.301636997516055925e-23
7.374616510555166927e-15 4.283327999472974435e-23
7.800177273638715754e-15 4.265071450642099543e-23
8.250295512059054753e-15 4.246867268152045773e-23
8.726388343293246271e-15 4.228715383258876696e-23
9.229954661219070122e-15 4.210615712460763352e-23
9.762579855116676664e-15 4.192568170250074937e-23
1.032594080098568068e-14 4.174572697434566546e-23
1.092181114089196469e-14 4.156629209571112135e-23
1.155206686696530313e-14 4.138737624208657735e-23
1.221869222762800032e-14 4.120897873320525944e-23
1.292378597464928748e-14 4.103109869418426171e-23
1.366956797069319786e-14 4.085373534308622312e-23
1.445838617816263186e-14 4.067688791240994059e-23
1.529272405134274282e-14 4.050055567561728569e-23
1.617520835511647285e-14 4.032473799510964888e-23
1.710861743486813991e-14 4.014943404588660907e-23
1.809588996361131834e-14 3.997464309114817785e-23
1.914013419387985509e-14 3.980036431862750020e-23
2.024463774350996911e-14 3.962659696178419272e-23
2.141287794612214729e-14 3.945334019702924453e-23
2.264853279888962378e-14 3.928059326414242340e-23
2.395549254206041024e-14 3.910835542361537843e-23
2.533787190668909608e-14 3.893662593831115990e-23
2.680002306913809434e-14 3.876540408002754492e-23
2.834654935313336657e-14 3.859468907346269112e-23
2.998231972251312871e-14 3.842448013117482059e-23
3.171248411029728123e-14 3.825477657043345245e-23
3.354248963233859682e-14 3.808557758321354419e-23
3.547809773660128665e-14 3.791688234534564931e-23
3.752540234205854506e-14 3.774869013185252542e-23
3.969084902431611146e-14 3.758100015213163137e-23
4.198125530836440517e-14 3.741381164249232884e-23
4.440383213234734237e-14 3.724712380413181045e-23
4.696620654992270803e-14 3.708093586738534638e-23
4.967644574268854724e-14 3.691524712612231288e-23
5.254308241827419933e-14 3.675005680626546235e-23
5.557514167405769908e-14 3.658536408799326090e-23
5.878216941108478050e-14 3.642116828265398050e-23
6.217426238764612686e-14 3.625746864679149591e-23
6.576210000713091389e-14 3.609426432777168262e-23
6.955697794023504943e-14 3.593155464574238112e-23
7.357084368737795287e-14 3.576933876069112004e-23
7.781633419328957098e-14 3.560761593740053192e-23
8.230681563219055845e-14 3.544638542003511365e-23
8.705642548882228282e-14 3.528564636509342084e-23
9.208011706781128648e-14 3.512539811983821056e-23
9.739370657149792272e-14 3.496563989444809879e-23
1.030139228944456288e-13 3.480637087804035160e-23
1.089584602913997120e-13 3.464759033909955061e-23
1.152460340845115228e-13 3.448929750588321509e-23
1.218964395852126450e-13 3.433149161822011917e-23
1.289306144162433679e-13 3.417417189719479217e-23
1.363707044300462002e-13 3.401733754054325999e-23
1.442401334310564131e-13 3.386098785918356953e-23
1.525636769213974666e-13 3.370512202448326315e-23
1.613675401021575242e-13 3.354973930789856043e-23
1.706794403758192782e-13 3.339483891235076920e-23
1.805286946095880459e-13 3.324042007493494568e-23
1.909463114343508516e-13 3.308648214751839938e-23
2.019650888698536179e-13 3.293302424950444611e-23
2.136197175834517711e-13 3.278004568463873057e-23
2.259468901075267937e-13 3.262754566913901211e-23
2.389854163594193080e-13 3.247552340650340187e-23
2.527763458275738361e-13 3.232397817582164456e-23
2.673630968085756946e-13 3.217290915813362622e-23
2.827915931019609504e-13 3.202231558238534726e-23
2.991104085931576181e-13 3.187219678633634534e-23
3.163709201797531830e-13 3.172255194055881743e-23
3.346274695225480309e-13 3.157338028231024371e-23
3.539375341306413805e-13 3.142468104612591216e-23
3.743619083191787940e-13 3.127645347970623606e-23
3.959648946094760063e-13 3.112869679869674998e-23
4.188145061741077801e-13 3.098141027320703897e-23
4.429826809643240368e-13 3.083459312244758281e-23
4.685455081939371331e-13 3.068824457084785051e-23
4.955834678927215825e-13 3.054236396262900165e-23
5.241816842835208692e-13 3.039695043122102653e-23
5.544301937807720903e-13 3.025200319104812109e-23
5.864242284541958276e-13 3.010752153036049298e-23
6.202645158500839086e-13 2.996350463461876858e-23
6.560575961141230427e-13 2.981995178504472201e-23
6.939161574141554737e-13 2.967686215995570033e-23
7.339593907188986173e-13 2.953423502631595366e-23
7.763133650495797386e-13 2.939206964536006706e-23
8.211114243858998174e-13 2.925036517008881278e-23
8.684946074759147888e-13 2.910912089720951608e-23
9.186120918715302403e-13 2.896833602972209006e-23
9.716216635875777199e-13 2.882800988129023082e-23
1.027690213863110404e-12 2.868814159507375989e-23
1.086994264588882506e-12 2.854873051258328793e-23
1.149720524055228850e-12 2.840977587095924525e-23
1.216066474770017609e-12 2.827127687096616026e-23
1.286240995197316412e-12 2.813323280625572530e-23
1.360465017374207305e-12 2.799564286426400855e-23
1.438972222476138008e-12 2.785850626762431187e-23
1.522009776520677010e-12 2.772182217267070396e-23
1.609839108525901247e-12 2.758558982361679387e-23
1.702736733573315479e-12 2.744980853790365235e-23
1.800995123366562762e-12 2.731447750387347153e-23
1.904923627026738305e-12 2.717959605760128213e-23
2.014849445023252626e-12 2.704516343841402801e-23
2.131118659306506421e-12 2.691117885020973523e-23
2.254097322885555434e-12 2.677764151217117719e-23
2.384172612281118055e-12 2.664455063517065259e-23
2.521754046482212647e-12 2.651190546441364675e-23
2.667274776244092297e-12 2.637970520998552366e-23
2.821192947786613016e-12 2.624794909139674342e-23
2.983993145186384278e-12 2.611663639498767329e-23
3.156187916003829750e-12 2.598576634510898596e-23
3.338319384948314121e-12 2.585533817223555625e-23
3.530960960661687097e-12 2.572535114265781450e-23
3.734719140993736632e-12 2.559580447785494166e-23
3.950235422453147369e-12 2.546669739438754764e-23
4.178188319845540167e-12 2.533802916787147104e-23
4.419295502457043668e-12 2.520979898954131362e-23
4.674316053508820551e-12 2.508200612015584676e-23
4.944052859996015393e-12 2.495464981103044331e-23
5.229355140435125059e-12 2.482772927516464415e-23
5.531121118477950074e-12 2.470124385488348649e-23
5.850300850809524172e-12 2.457519273287050310e-23
6.187899218233162438e-12 2.444957512575102658e-23
6.544979089359526781e-12 2.432439028221092829e-23
6.922664666860019910e-12 2.419963739181167597e-23
7.322145026819603691e-12 2.407531577195624555e-23
7.744677862332031497e-12 2.395142466203910717e-23
8.191593443123673627e-12 2.382796326952050792e-23
8.664298803671748778e-12 2.370493085171023057e-23
9.164282173003179384e-12 2.358232663557565702e-23
9.693117660119571767e-12 2.346014984405418954e-23
1.025247020980065678e-11 2.333839969306101818e-23
1.084410084438744413e-11 2.321707543597350038e-23
1.146987220804920481e-11 2.309617633297297532e-23
1.213175443098808325e-11 2.297570157388516482e-23
1.283183133204514475e-11 2.285565044892136254e-23
1.357230697923418188e-11 2.273602212137283283e-23
1.435551262885954516e-11 2.261681582560229814e-23
1.518391406506288018e-11 2.249803081872863805e-23
1.606011936290785302e-11 2.237966631339681144e-23
1.698688709944160510e-11 2.226172165303168624e-23
1.796713503858610882e-11 2.214419608111247847e-23
1.900394931720002936e-11 2.202708880751754465e-23
2.010059416123412332e-11 2.191039908608459814e-23
2.126052216256733767e-11 2.179412611926951566e-23
2.248738514888092075e-11 2.167826917326321899e-23
2.378504568078980530e-11 2.156282746537367677e-23
2.515758921243066141e-11 2.144780021553507955e-23
2.660933695378921992e-11 2.133318671411810334e-23
2.814485947526468224e-11 2.121898617987557566e-23
2.976899109729945582e-11 2.110519782827062964e-23
3.148684511038099761e-11 2.099182090628606570e-23
3.330382987332943020e-11 2.087885465959490440e-23
3.522566584055755369e-11 2.076629834051774553e-23
3.725840357190633411e-11 2.065415115707196467e-23
3.940844278176108961e-11 2.054241237725640861e-23
4.168255248741647794e-11 2.043108122277881849e-23
4.408789232012871115e-11 2.032015691019538144e-23
4.663203506594399845e-11 2.020963864210827910e-23
4.932299050727429247e-11 2.009952571934020427e-23
5.216923064027577399e-11 1.998981739626681179e-23
5.517971634742840835e-11 1.988051285770231783e-23
5.836392560928420772e-11 1.977161137363456148e-23
6.173188334421049141e-11 1.966311219383793067e-23
6.529419297006629677e-11 1.955501454544669221e-23
6.906206978718571000e-11 1.944731767433158773e-23
7.304737628776065759e-11 1.934002078770336272e-23
7.726265950279681437e-11 1.923312315407443745e-23
8.172119050421400918e-11 1.912662402874472859e-23
8.643700618646601785e-11 1.902052266272150313e-23
9.142495345921163283e-11 1.891481828356249972e-23
9.670073599018048513e-11 1.880951015309598682e-23
1.022809636453840092e-10 1.870459748793441953e-23
1.081832047823370412e-10 1.860007953263176245e-23
1.144260415609138310e-10 1.849595554620891263e-23
1.210291284459874377e-10 1.839222470400297158e-23
1.280132540860245448e-10 1.828888627982718673e-23
1.354004067624635079e-10 1.818593951850322683e-23
1.432138436159165040e-10 1.808338362373173481e-23
1.514781638671578212e-10 1.798121784516783002e-23
1.602193862634051046e-10 1.787944142769450969e-23
1.694650309937372782e-10 1.777805362680163570e-23
1.792442063315258253e-10 1.767705368893742891e-23
1.895877002766787108e-10 1.757644084023479953e-23
2.005280774861943520e-10 1.747621434244005761e-23
2.120997817982170314e-10 1.737637343000526613e-23
2.243392446723488687e-10 1.727691732872258300e-23
2.372849998876486307e-10 1.717784526720986645e-23
2.509778048593964486e-10 1.707915655186896699e-23
2.654607689565983032e-10 1.698085039881864676e-23
2.807794892241837249e-10 1.688292600830019521e-23
2.969821939372267156e-10 1.678538264281347303e-23
3.141198944391113100e-10 1.668821955092689913e-23
3.322465457417121553e-10 1.659143597326764634e-23
3.514192163931745320e-10 1.649503111229746590e-23
3.716982681481313248e-10 1.639900422260905888e-23
3.931475460059759657e-10 1.630335454127137672e-23
4.158345792155358548e-10 1.620808132879044483e-23
4.398307938789286249e-10 1.611318380947747748e-23
4.652117378239956599e-10 1.601866122322473433e-23
4.920573184532305794e-10 1.592451286700694502e-23
5.204520543180850730e-10 1.583073793896506388e-23
5.504853412106292347e-10 1.573733567691695274e-23
5.822517336103712146e-10 1.564430534585306860e-23
6.158512423722560178e-10 1.555164614410734083e-23
6.513896495931311086e-10 1.545935735228025655e-23
6.889788416479054272e-10 1.536743817283184784e-23
7.287371614439865230e-10 1.527588784239879866e-23
7.707897810029233382e-10 1.518470565804024797e-23
8.152690955423478127e-10 1.509389081534559856e-23
8.623151402988235848e-10 1.500344255965388657e-23
9.120760314039873166e-10 1.491336015808558534e-23
9.647084322019048569e-10 1.482364281400359478e-23
1.020378046475866013e-09 1.473428980117155054e-23
1.079260140137338717e-09 1.464530037523342475e-23
1.141540093019654008e-09 1.455667374475752072e-23
1.207413982513511766e-09 1.446840918240452248e-23
1.277089200881922118e-09 1.438050591254166835e-23
1.350785108197939864e-09 1.429296315666435231e-23
1.428733722961008512e-09 1.420578016301721801e-23
1.511180452566029327e-09 1.411895617390629697e-23
1.598384865925084341e-09 1.403249045248831320e-23
1.690621510674092234e-09 1.394638225235134917e-23
1.788180777537420329e-09 1.386063079724820936e-23
1.891369814571542732e-09 1.377523531953182361e-23
2.000513494166305867e-09 1.369019507406215926e-23
2.115955435847993132e-09 1.360550928563276236e-23
2.238059088104549440e-09 1.352117716691358281e-23
2.367208872638648116e-09 1.343719797595261972e-23
2.503811394651341687e-09 1.335357096551652598e-23
2.648296722966380016e-09 1.327029538606859092e-23
2.801119744025739997e-09 1.318737047412932587e-23
2.962761594018859553e-09 1.310479547638175817e-23
3.133731173654726449e-09 1.302256959603651711e-23
3.314566750345447435e-09 1.294069207103693533e-23
3.505837652845872338e-09 1.285916214700314788e-23
3.708146063684139701e-09 1.277797905548332206e-23
3.922128915026730140e-09 1.269714207490386965e-23
4.148459893946352650e-09 1.261665043815854781e-23
4.387851563406391617e-09 1.253650336095416816e-23
4.641057605638941684e-09 1.245670012288365019e-23
4.908875194979841927e-09 1.237723993244099571e-23
5.192147507630603150e-09 1.229812203580829807e-23
5.491766376249354605e-09 1.221934564806869273e-23
5.808675097727702529e-09 1.214090999290827638e-23
6.143871402993941178e-09 1.206281429836830668e-23
6.498410598191816149e-09 1.198505782867778919e-23
6.873408887125032415e-09 1.190763981758447478e-23
7.270046885426838653e-09 1.183055948814701795e-23
7.689573337519279076e-09 1.175381608119418148e-23
8.133309048063384088e-09 1.167740880322602165e-23
8.602651040278753192e-09 1.160133688549460754e-23
9.099076954223228349e-09 1.152559953536852119e-23
9.624149698880942515e-09 1.145019595344439515e-23
1.017952237270389587e-08 1.137512538378885025e-23
1.076694346809967041e-08 1.130038704241722864e-23
1.138826237624948739e-08 1.122598015087546026e-23
1.204543520958882101e-08 1.115190391060208141e-23
1.274053096028026511e-08 1.107815751338972012e-23
1.347573801406894782e-08 1.100474016418356660e-23
1.425337104002669193e-08 1.093165105837255043e-23
1.507587827787766801e-08 1.085888938212957411e-23
1.594584924584669478e-08 1.078645434280371382e-23
1.686602289329879079e-08 1.071434511454585917e-23
1.783929622383516328e-08 1.064256087037988135e-23
1.886873341599602478e-08 1.057110077925220842e-23
1.995757547028292880e-08 1.049996396153863825e-23
2.110925041287489852e-08 1.042914958371655970e-23
2.232738408816049477e-08 1.035865676368816613e-23
2.361581157406675688e-08 1.028848464539911762e-23
2.497858925612146455e-08 1.021863234304321674e-23
2.642000759826462151e-08 1.014909893409768822e-23
2.794460465061273930e-08 1.007988351220835395e-23
2.955718033670601475e-08 1.001098512338330880e-23
3.126281156521572473e-08 9.942402798010719850e-24
3.306686821369211743e-08 9.874135542754567203e-24
3.497503003467094134e-08 9.806182351745188561e-24
3.699330453736838568e-08 9.738542200865625841e-24
3.912804590125780864e-08 9.671214001790939227e-24
4.138597498107845470e-08 9.604196678406010519e-24
4.377420046625393422e-08 9.537489086364168091e-24
4.630024126134194254e-08 9.471090047876621041e-24
4.897205015797092942e-08 9.404998321044913615e-24
5.179803887279615303e-08 9.339212626946270773e-24
5.478710453029678834e-08 9.273731653575327557e-24
5.794865767379670163e-08 9.208554001921984481e-24
6.129265189289011616e-08 9.143678203889683912e-24
6.482961516055567603e-08 9.079102733228296582e-24
6.857068297861105547e-08 9.014825954667881723e-24
7.252763343586838931e-08 8.950846171145339281e-24
7.671292428935676049e-08 8.887161583385270299e-24
8.113973218536392709e-08 8.823770283954637992e-24
8.582199414376878534e-08 8.760670239056652472e-24
9.077445143628038424e-08 8.697859270060411677e-24
9.601269599671574547e-08 8.635335069806825633e-24
1.015532195094423378e-07 8.573095146100410707e-24
1.074134653305195382e-07 8.511136846783374634e-24
1.136118834050160805e-07 8.449457337467308672e-24
1.201679883533879728e-07 8.388053593481105666e-24
1.271024209098050341e-07 8.326922377217410380e-24
1.344370129058394456e-07 8.266060179898400139e-24
1.421948560041210444e-07 8.205463238466870167e-24
1.504003743983393757e-07 8.145127506212456186e-24
1.590794017084923609e-07 8.085048605372287380e-24
1.682592623134523198e-07 8.025221837580231918e-24
1.779688573769385366e-07 7.965642146267395065e-24
1.882387558376977511e-07 7.906304080344751008e-24
1.991012906503941662e-07 7.847201736834924881e-24
2.105906605801822519e-07 7.788328743966670884e-24
2.227430378714629392e-07 7.729678193812040031e-24
2.355966821297723295e-07 7.671242616121697920e-24
2.491920607753717677e-07 7.613013889325442408e-24
2.635719764477528837e-07 7.554983159334675655e-24
2.787817017621482702e-07 7.497140800745502547e-24
2.948691218423421123e-07 7.439476290049516220e-24
3.118848850784892985e-07 7.381978155117677713e-24
3.298825625846027272e-07 7.324633984673708695e-24
3.489188168576939919e-07 7.267430483542550768e-24
3.690535801696097737e-07 7.210353844719719650e-24
3.903502432531595457e-07 7.153390411541994585e-24
4.128758548766124732e-07 7.096528191205035090e-24
4.367013329348393478e-07 7.039759706996984123e-24
4.619016877217447094e-07 6.983087001061204232e-24
4.885562580868720236e-07 6.926530583146098342e-24
5.167489612197224720e-07 6.870144828158570751e-24
5.465685568481261024e-07 6.814043949281607309e-24
5.781089266825245392e-07 6.758445419806431167e-24
6.114693699858845663e-07 6.703741722965095988e-24
6.467549161998434840e-07 6.650618086669792340e-24
6.840766556112575785e-07 6.600243948115456356e-24
7.235520891002952635e-07 6.554582856600460117e-24
7.653054980711167170e-07 6.516892299746568322e-24
8.094683357298675948e-07 6.492519604061953424e-24
8.561796409417574875e-07 6.490180968268282117e-24
9.055864759703028393e-07 6.523993803953610310e-24
9.578443894767784800e-07 6.616692084037400601e-24
1.013117906237633435e-06 6.804727102904841909e-24
1.071581045121536307e-06 7.146322628748175034e-24
1.133417866956964095e-06 7.734153736324841887e-24
1.198823054015073002e-06 8.715314637351788395e-24
1.268002522932354591e-06 1.032269773301595831e-23
1.341174073002604245e-06 1.292414382433600848e-23
1.418568071879423666e-06 1.709953031907086194e-23
1.500428180847916838e-06 2.376149773011962598e-23
1.587012121949100244e-06 3.434415430130276368e-23
1.678592489371986669e-06 5.109758625392534572e-23
1.775457607668111259e-06 7.754868978338348802e-23
1.877912439490243154e-06 1.192170687558672725e-22
1.986279545713292546e-06 1.847339015810882793e-22
2.100900100959953045e-06 2.875850499888391453e-22
2.222134967728577691e-06 4.488215334568987763e-22
2.350365832504746209e-06 7.012794858760169659e-22
2.485996407433579003e-06 1.096112941949348617e-21
2.629453701335738511e-06 1.712997931731331564e-21
2.781189364069081155e-06 2.675927397393314088e-21
2.941681108468119757e-06 4.177699787222937721e-21
3.111434214338293308e-06 6.517954902048013019e-21
3.290983119239713061e-06 1.016197928725172325e-20
3.480893101069174914e-06 1.583181818570737416e-20
3.681762057737346368e-06 2.464677646598300086e-20
3.894222389544466561e-06 3.834124087485947319e-20
4.118942990180401874e-06 5.959964075698715626e-20
4.356631352617964053e-06 9.257353710153438750e-20
4.608035796529046202e-06 1.436761565600705003e-19
4.873947824236593123e-06 2.228040052282715636e-19
5.155204612619132380e-06 3.452077730918832021e-19
5.452691648813907706e-06 5.343638268835614332e-19
5.767345518016062264e-06 8.263460533562416357e-19
6.100156852151282864e-06 1.276495717506712098e-18
6.452173448704518025e-06 1.969544821807485148e-18
6.824503569524794695e-06 3.034970566288777838e-18
7.218319429991063336e-06 4.670149978017730427e-18
7.634860889524755815e-06 7.175225358217631253e-18
8.075439355067015067e-06 1.100524831400143977e-17
8.541441909811202138e-06 1.684785679287263677e-17
9.034335680188288533e-06 2.573853365166482341e-17
9.555672454854631756e-06 3.923018777684473365e-17
1.010709357022302837e-05 5.964226490969983691e-17
1.069033507791971688e-05 9.042035254892201876e-17
1.130723321043499791e-05 1.366567346537354045e-16
1.195973016217605576e-05 2.058293092194502964e-16
1.264988020412122098e-05 3.088517571350524433e-16
1.337985615132830433e-05 4.615280130973072255e-16
1.415195620365740920e-05 6.865656119683637915e-16
1.496861118124623580e-05 1.016286293405082274e-15
1.583239217751566532e-05 1.496262148751863278e-15
1.674601865380203608e-05 2.190034629381836925e-15
1.771236700109881493e-05 3.185175584161955024e-15
1.873447959586427742e-05 4.600813518170217475e-15
1.981557437840358629e-05 6.596740132194700139e-15
2.095905498398394954e-05 9.383927377550206556e-15
2.216852145857650940e-05 1.323634969153787316e-14
2.344778159296361636e-05 1.850344735859551937e-14
2.480086291089198872e-05 2.562230053376104873e-14
2.623202534901794450e-05 3.512773438441064612e-14
2.774577466856234642e-05 4.766055981706449629e-14
2.934687664090194286e-05 6.396995093718788472e-14
3.104037205175433502e-05 8.491052955421415385e-14
3.283159257119905728e-05 1.114322307766883025e-13
3.472617753949515558e-05 1.445660459101470783e-13
3.673009172154533930e-05 1.854016008219445071e-13
3.884964408589918519e-05 2.350691050634936400e-13
4.109150766742330758e-05 2.947230438383716271e-13
4.346274057616796791e-05 3.655351870832126731e-13
4.597080821857675608e-05 4.487039378138517797e-13
4.862360680099320616e-05 5.454806973849289914e-13
5.142948818946801591e-05 6.572157994371199504e-13
5.439728620412794392e-05 7.854221086369447719e-13
5.753634443089409033e-05 9.318505114332276193e-13
6.085654563810327764e-05 1.098574155890865491e-12
6.436834289065374124e-05 1.288074395736095482e-12
6.808279245962595865e-05 1.503324678653126220e-12
7.201158863099423350e-05 1.747870636178592166e-12
7.616710052300969334e-05 2.025906208894930435e-12
8.056241102817851248e-05 2.342348248254945984e-12
8.521135800242832876e-05 2.702911169501113832e-12
9.012857783114729842e-05 3.114184867495691014e-12
9.532955150924462618e-05 3.583718539063377785e-12
1.008306533803213185e-04 4.120113833731210936e-12
1.066492026883865705e-04 4.733131282088477384e-12
1.128035181044307337e-04 5.433815827499007119e-12
1.193129753995082184e-04 6.234645779272868380e-12
1.261980684459211317e-04 7.149710430702411970e-12
1.334804737385411556e-04 8.194918375909111331e-12
1.411831186394151797e-04 9.388236623038851764e-12
1.493302535604937905e-04 1.074995921904437868e-11
1.579475283117583520e-04 1.230300439612519328e-11
1.670620728550981961e-04 1.407324015358157008e-11
1.767025827181914791e-04 1.608984025165364004e-11
1.868994093372788629e-04 1.838567437956969351e-11
1.976846556132851778e-04 2.099773706224303811e-11
2.090922769821087677e-04 2.396761974059042943e-11
2.211581883172986573e-04 2.734202809728225658e-11
2.339203770016568451e-04 3.117334590742962307e-11
2.474190225237852701e-04 3.552024286930968498e-11
2.616966229760790989e-04 4.044832345049316103e-11
2.767981288524447477e-04 4.603081076942294987e-11
2.927710845669489223e-04 5.234926081690976760e-11
3.096657781389857930e-04 5.949429960595238525e-11
3.275353995161863559e-04 6.756637926481998868e-11
3.464362080335494677e-04 7.667653366372526040e-11
3.664277095359693196e-04 8.694712753408737016e-11
3.875728437218485534e-04 9.851256487144341985e-11
4.099381822975754633e-04 1.115199347435879957e-10
4.335941385667527268e-04 1.261295358651924614e-10
4.586151891139813642e-04 1.425152545603912674e-10
4.850801082811973062e-04 1.608646982296385328e-10
5.130722161747144645e-04 1.813790412439957468e-10
5.426796409838249499e-04 2.042724779797187254e-10
5.739955964367553405e-04 2.297711845649581645e-10
6.071186752675815671e-04 2.581116778796437736e-10
6.421531596179638280e-04 2.895384364725729542e-10
6.792093493510039173e-04 3.243006526413986862e-10
7.184039093107793964e-04 3.626479793772763916e-10
7.598602366209428974e-04 4.048251476726265254e-10
8.037088491786854687e-04 4.510653611902335790e-10
8.500877965671911358e-04 5.015824272428068489e-10
8.991430946803029116e-04 5.565616626855173813e-10
9.510291854276386753e-04 6.161497430611916164e-10
1.005909422967591650e-03 6.804438313090536240e-10
1.063956587998922355e-03 7.494805706638358473e-10
1.125353431730193423e-03 8.232258215957936851e-10
1.190293251239500378e-03 9.015664118972391889e-10
1.258980498036088753e-03 9.843055946208381994e-10
1.331631421739665547e-03 1.071164415321617512e-09
1.408474750904034969e-03 1.161791584035011620e-09
1.489752413128335798e-03 1.255784895183538525e-09
1.575720296723241102e-03 1.352727278668488632e-09
1.666649056329918242e-03 1.452240399383552815e-09
1.762824965028235999e-03 1.554057719611132142e-09
1.864550815616729728e-03 1.658117467858521582e-09
1.972146873902098831e-03 1.764672892788407563e-09
2.085951886999292976e-03 1.874413620367620094e-09
2.206324149816819933e-03 1.988586820969310461e-09
2.333642633084644525e-03 2.109101267415277470e-09
2.468308176476415299e-03 2.238591642467656873e-09
2.610744750582079474e-03 2.380417450193673535e-09
2.761400791704206759e-03 2.538568101310732684e-09
2.920750613680066568e-03 2.717453201235468015e-09
3.089295901174738714e-03 2.921564281442090995e-09
3.267567289146298352e-03 3.155017942419792447e-09
3.456126033456016072e-03 3.421008991545151264e-09
3.655565777882779400e-03 3.721233864375201669e-09
3.866514423105396787e-03 4.055360713512544306e-09
4.089636103536508152e-03 4.420642562451425409e-09
4.325633278232182688e-03 4.811747033679502292e-09
4.575248942459523259e-03 5.220857665096720514e-09
4.839268966885684232e-03 5.638063765773158262e-09
5.118524571752267223e-03 6.051975760844578449e-09
5.413894943825063935e-03 6.450490971765832604e-09
5.726310004357478868e-03 6.821609408630547942e-09
6.056753336782905173e-03 7.154178552031257545e-09
6.406265283352697605e-03 7.438527167832553493e-09
6.775946220469532960e-03 7.666936255404378370e-09
7.166960023027129680e-03 7.833952168526405212e-09
7.580537728664219280e-03 7.936549791555052355e-09
8.017981413468211471e-03 7.974142945234952503e-09
8.480668291331166023e-03 7.948451549260555402e-09
8.970055049863208396e-03 7.863229058361447745e-09
9.487682436515480766e-03 7.723875162598941055e-09
1.003518010935019848e-02 7.536977246133415482e-09
1.061427176773049180e-02 7.309831804802068762e-09
1.122678057908177776e-02 7.049998209544370248e-09
1.187463491881152015e-02 6.764920627931563283e-09
1.255987444145715073e-02 6.461636509385678597e-09
1.328465650217719798e-02 6.146573740663447982e-09
1.405126294880094939e-02 5.825426672198651928e-09
1.486210730582221938e-02 5.503097477825159046e-09
1.571974237295311119e-02 5.183688260002993586e-09
1.662686826216187158e-02 4.870531272311897231e-09
1.758634089849599180e-02 4.566245741903173091e-09
1.860118101145642050e-02 4.272811224162761110e-09
1.967458364522859868e-02 3.991648998709092067e-09
2.080992821771330062e-02 3.723704861291755036e-09
2.201078916002385463e-02 3.469528865697237075e-09
2.328094716994945357e-02 3.229349178736931484e-09
2.462440111481152896e-02 3.003138540591657210e-09
2.604538062118942274e-02 2.790672563617664142e-09
2.754835939114865656e-02 2.591579591453806625e-09
2.913806928689954834e-02 2.405382263381088716e-09
3.081951522822611381e-02 2.231531279757938375e-09
3.259799094958969884e-02 2.069432209327146970e-09
3.447909566651202046e-02 1.918466338033938638e-09
3.646875170371353253e-02 1.778006592236582694e-09
3.857322314050241202e-02 1.647429493582488803e-09
4.079913553211896721e-02 1.526123947009084598e-09
4.315349676911992005e-02 1.413497536348356520e-09
4.564371914048066109e-02 1.308980864118652901e-09
4.827764266987238234e-02 1.212030369902239241e-09
5.106355979858825944e-02 1.122129981134660650e-09
5.401024149282247777e-02 1.038791876128293862e-09
5.712696485750396597e-02 9.615565860922999851e-10
6.042354234361565352e-02 8.899926117001953952e-10
6.391035264095887292e-02 8.236956927222583135e-10
6.759837335361537636e-02 7.622878367714724571e-10
7.149921556098956521e-02 7.054161888988749689e-10
7.562516037323253892e-02 6.527518054257676678e-10
7.998919759614259162e-02 6.039883769978993619e-10
8.460506662726240135e-02 5.588409366864605208e-10
8.948729971193883359e-02 5.170445801383996593e-10
9.465126769551981956e-02 4.783532136767287324e-10
1.001132284157389835e-01 4.425383473905473937e-10
1.058903778876311430e-01 4.093879399895994907e-10
1.120009044421400590e-01 3.787052962173577863e-10
1.184640459888523234e-01 3.503080240457650080e-10
1.253001505831490281e-01 3.240270546251755430e-10
1.325307404884451534e-01 2.997057074921046631e-10
1.401785799352242845e-01 2.771988124826750827e-10
1.482677467901804547e-01 2.563718902160184315e-10
1.568237083611177529e-01 2.371003686553167731e-10
1.658734015762470815e-01 2.192688500964235436e-10
1.754453177903337324e-01 2.027704450712062466e-10
1.855695924846745282e-01 1.875061296907212104e-10
1.962781001433241690e-01 1.733841595111109230e-10
2.076045546042487033e-01 1.603195573551120150e-10
2.195846152013734287e-01 1.482335899364756627e-10
2.322559990316708511e-01 1.370533364611681270e-10
2.456585997007614819e-01 1.267112615668725530e-10
2.598346129208476407e-01 1.171448228307539040e-10
2.748286693564404026e-01 1.082961157961182647e-10
2.906879751360904041e-01 1.001115341682834566e-10
3.074624604725242349e-01 9.254145485737645018e-11
3.252049368590539946e-01 8.553994853856873271e-11
3.439712633372105088e-01 7.906450859207171407e-11
3.638205223590276205e-01 7.307579243881839277e-11
3.848152057976804707e-01 6.753739558041745791e-11
4.070214116920519709e-01 6.241562881345806014e-11
4.305090523446984396e-01 5.767931395079653735e-11
4.553520744283511279e-01 5.329960477385044021e-11
4.816286917938858436e-01 4.924980458755981252e-11
5.094216317127799876e-01 4.550521077879194958e-11
5.388183953292534634e-01 4.204296548445218432e-11
5.699115331421261699e-01 3.884191493708281265e-11
6.027989363836310233e-01 3.588248576925872122e-11
6.375841452126209674e-01 3.314656406697429102e-11
6.743766746923942623e-01 3.061738779062607042e-11
7.132923595794782301e-01 2.827944581396813839e-11
7.544537190087928780e-01 2.611838408659132833e-11
7.979903422234478905e-01 2.412092014534091112e-11
8.440392965634897493e-01 2.227476284787060357e-11
8.927455589981492245e-01 2.056853890474651714e-11
9.442624725600877733e-01 1.899172458503379615e-11
9.987522291187774792e-01 1.753458249498867693e-11
1.056386380012833470e+00 1.618810320164904098e-11
1.117346376149026099e+00 1.494395107808771595e-11
1.181824139268241813e+00 1.379441420156510366e-11
1.250022666177095010e+00 1.273235794801791542e-11
1.322156667847366185e+00 1.175118203446246433e-11
1.398453245395476552e+00 1.084478072684182686e-11
1.479152605070029214e+00 1.000750600938267672e-11
1.564508814498640543e+00 9.234133462670676616e-12
1.654790602574802261e+00 8.519830673471063311e-12
1.750282205503213895e+00 7.860128014289320928e-12
1.851284261667007547e+00 7.250891543309714840e-12
1.958114758134449351e+00 6.688297958397885449e-12
2.071110031784825445e+00 6.168811416310596367e-12
2.190625828205542636e+00 5.689162027512092915e-12
2.317038421693951467e+00 5.246325974050335286e-12
2.450745799890323706e+00 4.837507132403526601e-12
2.592168916771352638e+00 4.460120012822063448e-12
2.741753017949200899e+00 4.111773994773091596e-12
2.899969042448254708e+00 3.790258743592453526e-12
3.067315105373239259e+00 3.493530697282231817e-12
3.244318066136267831e+00 3.219700573012835532e-12
3.431535187180410951e+00 2.967021798671263030e-12
3.629555888421547305e+00 2.733879811864170287e-12
3.839003602932581138e+00 2.518782146458126441e-12
4.060537739711892691e+00 2.320349271335051784e-12
4.294855759715798804e+00 2.137306108374936805e-12
4.542695371690538053e+00 1.968474173967192687e-12
4.804836854717600580e+00 1.812764329326022242e-12
5.082105514784023725e+00 1.669170050721948813e-12
5.375374283112135387e+00 1.536761215437840493e-12
5.685566464428525535e+00 1.414678358176579222e-12
6.013658643825441352e+00 1.302127332771454445e-12
6.360683761365740985e+00 1.198374398335036068e-12
6.727734364111761955e+00 1.102741665142978933e-12
7.115966045815762975e+00 1.014602873351743859e-12
7.526601085102179844e+00 9.333795031582809164e-13
7.960932293595089249e+00 8.585371648872665454e-13
8.420327086106661696e+00 7.895822635276470540e-13
8.906231785699915804e+00 7.260589195275583787e-13
9.420176177180717758e+00 6.675461056284761494e-13
9.963778323353908561e+00 6.136550154510753634e-13
1.053874965920751450e+01 5.640266208158949271e-13
1.114690038006192907e+01 5.183294112961942579e-13
1.179014514064928676e+01 4.762573102313083299e-13
1.247050908306426820e+01 4.375277434061242625e-13
1.319013421256538621e+01 4.018798539347397094e-13
1.395128614129820299e+01 3.690728525921264454e-13
1.475636122117392368e+01 3.388844886573534411e-13
1.560789408835833747e+01 3.111096411571588203e-13
1.650856564312494612e+01 2.855590138952148716e-13
1.746121149019346674e+01 2.620579278340784598e-13
1.846883086612910674e+01 2.404452068611935358e-13
1.953459608190685515e+01 2.205721476335389505e-13
2.066186251037089860e+01 2.023015652402099844e-13
2.185417915003019473e+01 1.855069140091242777e-13
2.311529979845177252e+01 1.700714721699058350e-13
2.444919487042649919e+01 1.558875897659300983e-13
2.586006389811702277e+01 1.428559931584180295e-13
2.735234875253909337e+01 1.308851421024832192e-13
2.893074762800577204e+01 1.198906363566585744e-13
3.060022983355892023e+01 1.097946664803170566e-13
3.236605143795871697e+01 1.005255069557476640e-13
3.423377181748293197e+01 9.201704764848582432e-14
3.620927115863848655e+01 8.420836072473353796e-14
3.829876897088575305e+01 7.704330122932982753e-14
4.050884366766266709e+01 7.047013703092540074e-14
4.284645327735145059e+01 6.444120794919099449e-14
4.531895734939862308e+01 5.891261075365506087e-14
4.793414012455107098e+01 5.384390771777955627e-14
5.070023504215956933e+01 4.919785782741380184e-14
5.362595066170074176e+01 4.494016876416003919e-14
5.672049808013415628e+01 4.103926740260320988e-14
5.999361993140734484e+01 3.746608824239122760e-14
6.345562105941352371e+01 3.419387792314992136e-14
6.711740096096293939e+01 3.119801475547098527e-14
7.099048810091821338e+01 2.845584226256988807e-14
7.508707620752099388e+01 2.594651539669631547e-14
7.942006266218626820e+01 2.365085856787175165e-14
8.400308910461751566e+01 2.155123485702294825e-14
8.885058438109346923e+01 1.963142506357986626e-14
9.397780997113116541e+01 1.787651611631952324e-14
9.940090803555187904e+01 1.627279827911068317e-14
1.051369522372081491e+02 1.480767017816010681e-14
1.112040014943875406e+02 1.346955119604183392e-14
1.176211568361135988e+02 1.224780079237434018e-14
1.244086215383533869e+02 1.113264391275527921e-14
1.315877647304446612e+02 1.011510232250558494e-14
1.391811886720148834e+02 9.186931253926847176e-15
1.472127999121866253e+02 8.340560966983822484e-15
1.557078845551143331e+02 7.569042902611632786e-15
1.646931878687931317e+02 6.866000037352036847e-15
1.741969984877987656e+02 6.225581111366237155e-15
1.842492374750355850e+02 5.642418441811468567e-15
1.948815525229048546e+02 5.111589093156948832e-15
2.061274175904449919e+02 4.628579037511657531e-15
2.180222382901630738e+02 4.189250165712602465e-15
2.306034633563258183e+02 3.789809903914036686e-15
2.439107025456681583e+02 3.426783210674625815e-15
2.579858513416790515e+02 3.096986816265811772e-15
2.728732228551115213e+02 2.797505469884802248e-15
2.886196873359518236e+02 2.525670077721829130e-15
3.052748197361016196e+02 2.279037612284838669e-15
3.228910557873119842e+02 2.055372566530127505e-15
3.415238570857976583e+02 1.852629919649997706e-15
3.612318857032356618e+02 1.668939475954112231e-15
3.820771888739101314e+02 1.502591412311677572e-15
4.041253943394121393e+02 1.352023027876300925e-15
4.274459169659615441e+02 1.215806536833290815e-15
4.521121772848004525e+02 1.092637843175546494e-15
4.782018326437347469e+02 9.813262363104770356e-16
5.057970216975052153e+02 8.807848969386320766e-16
5.349846230067942088e+02 7.900221907072921618e-16
5.658565285599645449e+02 7.081336600823038924e-16
5.985099330787124927e+02 6.342946643662592700e-16
6.330476400183910073e+02 5.677536288639305887e-16
6.695783852264825100e+02 5.078258389930522556e-16
7.082171792781273325e+02 4.538877448860365953e-16
7.490856695665531788e+02 4.053717342685351856e-16
7.923125232882941873e+02 3.617613346030265474e-16
8.380338325290708781e+02 3.225868134679661175e-16
8.863935427255830746e+02 2.874211389746375464e-16
9.375439058522272262e+02 2.558762792365915517e-16
9.916459597594051729e+02 2.275998087899033707e-16
1.048870035172673624e+03 2.022717967724683492e-16
1.109396291948824228e+03 1.796019580248810941e-16
1.173415286277286896e+03 1.593270422593281842e-16
1.241128570612459498e+03 1.412084426066095868e-16
1.312749328225914041e+03 1.250300078109623434e-16
1.388503044376113621e+03 1.105960381142220261e-16
1.468628216208820731e+03 9.772945290964581680e-17
1.553377103623012317e+03 8.627011467625861987e-17
1.643016523466496665e+03 7.607329590184560198e-17
1.737828689561430792e+03 6.700827885328292551e-17
1.838112101204566898e+03 5.895707573218875287e-17
1.944182482939286274e+03 5.181325953396114496e-17
2.056373778558406229e+03 4.548089722303200862e-17
2.175039202466982715e+03 3.987357557364053743e-17
2.300552351715313762e+03 3.491351280490900021e-17
2.433308382202918892e+03 3.053074870671162232e-17
2.573725252756903956e+03 2.666240619383876386e-17
2.722245041001194295e+03 2.325201873880597332e-17
2.879335335159650185e+03 2.024891789176483315e-17
3.045490706174565275e+03 1.760767575263204655e-17
3.221234264775686370e+03 1.528759799390620324e-17
3.407119308401563558e+03 1.325226268048492457e-17
3.603731063158551933e+03 1.146910136276571722e-17
3.811688526301302772e+03 9.909018613823004777e-18
4.031646415035985683e+03 8.546046624638071137e-18
4.264297227781285983e+03 7.357031939193957399e-18
4.510373424377048650e+03 6.321351468947280784e-18
4.770649732104028772e+03 5.420655189370506489e-18
5.045945584775527095e+03 4.638633196521711434e-18
5.337127702579403376e+03 3.960804980039979845e-18
5.645112820793114224e+03 3.374328940973136797e-18
5.970870575961957002e+03 2.867830280922705119e-18
6.315426558628000748e+03 2.431245670686819317e-18
6.679865542220004500e+03 2.055683154817053385e-18
7.065334898270459234e+03 1.733295907938887430e-18
7.473048208711134976e+03 1.457168565916031643e-18
7.904289086620859962e+03 1.221214980113264065e-18
8.360415217453626610e+03 1.020086338796200940e-18
8.842862633470809669e+03 8.490886773757309344e-19
9.353150234833783543e+03 7.041088926666436587e-19
9.892884571592052453e+03 5.815484584016647950e-19
1.046376490162114169e+04 4.782641081085091035e-19
1.106758854043509746e+04 3.915148061904684562e-19
1.170625651971527077e+04 3.189144012221971298e-19
1.238177957237186820e+04 2.583894061513442664e-19
1.309628446297988194e+04 2.081413941774229604e-19
1.385202068352073547e+04 1.666135536803026369e-19
1.465136753550838148e+04 1.324609837910976885e-19
1.549684162079872476e+04 1.045243477725286732e-19
1.639110476466419641e+04 8.180654380273712582e-20
1.733697239607924348e+04 6.345207793729624003e-20
1.833742241159859259e+04 4.872885797772932544e-20
1.939560455073711637e+04 3.701215208057192802e-20
2.051485031236603027e+04 2.777048155894909528e-20
2.169868344334715221e+04 2.055323286604049389e-20
2.295083103242420839e+04 1.497980614023664796e-20
2.427523524430167890e+04 1.073012177362879654e-20
2.567606573085111449e+04 7.536330356865532823e-21
2.715773275852170627e+04 5.175582682926760808e-21
2.872490109328111430e+04 3.463730455469872936e-21
3.038250468680496851e+04 2.249839449017064078e-21
3.213576221014856856e+04 1.411407695047032693e-21
3.399019348380855081e+04 8.501928729652542557e-22
3.595163685589769011e+04 4.885679348094081279e-22
3.802626758314987092e+04 2.663147149176261448e-22
4.022061727262062777e+04 1.376479871961813801e-22
4.254159444529531174e+04 6.857568607692055672e-23
4.499650628634078748e+04 3.513845464939563623e-23
4.759308165048376395e+04 2.122187456318392781e-23
5.033949539493899647e+04 1.654714798990493370e-23
5.324439411649965041e+04 1.518705188231703953e-23
5.631692337381201651e+04 1.424213895640466257e-23
5.956675648054719204e+04 1.269763165804164419e-23
6.300412496011337498e+04 1.057439159373332926e-23
6.663985075779551698e+04 8.298711370366770642e-24
7.048538031172854244e+04 6.302146508409500944e-24
7.455282058998054708e+04 4.827672835177852405e-24
7.885497720719440258e+04 3.886054639695745536e-24
8.340539474079771026e+04 3.345382673569071078e-24
8.821839937370001280e+04 3.004297901194171805e-24
9.330914399774231424e+04 2.706245290103183369e-24
9.869365591988945380e+04 2.379458186572899898e-24
1.043888873213678453e+05 2.031464534313972644e-24
1.104127686285981763e+05 1.707673920974841679e-24
1.167842649639673473e+05 1.439856836520203951e-24
1.235234358541524271e+05 1.212282388153482497e-24
1.306514983839882334e+05 9.518941579162683729e-25
1.381908939946916944e+05 6.724102668003126764e-25
1.461653591367650952e+05 4.271909069463433680e-25
1.546000000000000000e+05 2.394693492196575501e-25
