# MPBH  fPBH
1.205094281338174833e+21 0.000000000000000000e+00
1.077186649974205841e+21 0.000000000000000000e+00
9.628550204339065979e+20 0.000000000000000000e+00
8.606584480015404237e+20 0.000000000000000000e+00
7.693089285473240351e+20 0.000000000000000000e+00
6.876551655501466173e+20 0.000000000000000000e+00
6.146680600740110008e+20 0.000000000000000000e+00
5.494277408254210867e+20 0.000000000000000000e+00
4.911119708289028588e+20 0.000000000000000000e+00
4.389857846076376351e+20 0.000000000000000000e+00
3.923922252644914954e+20 0.000000000000000000e+00
3.507440647209981051e+20 0.000000000000000000e+00
3.135164027627847680e+20 0.000000000000000000e+00
2.802400516157108060e+20 0.000000000000000000e+00
2.504956226771892634e+20 0.000000000000000000e+00
2.239082408765693297e+20 0.000000000000000000e+00
2.001428200485883740e+20 0.000000000000000000e+00
1.788998397744696852e+20 0.000000000000000000e+00
1.599115704653361971e+20 0.000000000000000000e+00
1.429386991119007089e+20 0.000000000000000000e+00
1.277673131740733112e+20 0.000000000000000000e+00
1.142062045978322534e+20 0.000000000000000000e+00
1.020844599813392466e+20 0.000000000000000000e+00
9.124930651867103232e+19 0.000000000000000000e+00
8.156418657316136550e+19 0.000000000000000000e+00
7.290703661380951245e+19 0.000000000000000000e+00
6.516874882384229990e+19 0.000000000000000000e+00
5.825179599277000294e+19 0.000000000000000000e+00
5.206900236117241037e+19 0.000000000000000000e+00
4.654244492692171981e+19 0.000000000000000000e+00
4.160247136578261811e+19 0.000000000000000000e+00
3.718682218904293376e+19 0.000000000000000000e+00
3.323984607455019418e+19 0.000000000000000000e+00
2.971179848181123482e+19 0.000000000000000000e+00
2.655821471145925837e+19 0.000000000000000000e+00
2.373934950762945331e+19 0.000000000000000000e+00
2.121967614043819622e+19 0.000000000000000000e+00
1.896743865540084941e+19 0.000000000000000000e+00
1.695425164669667533e+19 0.000000000000000000e+00
1.515474251014215885e+19 0.000000000000000000e+00
1.354623166711445914e+19 0.000000000000000000e+00
1.210844672922213376e+19 0.000000000000000000e+00
1.082326700128267264e+19 0.000000000000000000e+00
9.674495102525820928e+18 0.000000000000000000e+00
8.647652827718657024e+18 0.000000000000000000e+00
7.729798675408539648e+18 0.000000000000000000e+00
6.909364743555531776e+18 0.000000000000000000e+00
6.176010936916810752e+18 0.000000000000000000e+00
5.520494648729133056e+18 0.000000000000000000e+00
4.934554274261237760e+18 0.000000000000000000e+00
4.410805088133796352e+18 0.000000000000000000e+00
3.942646173127696384e+18 0.000000000000000000e+00
3.524177227485538304e+18 0.000000000000000000e+00
3.150124202211891712e+18 0.000000000000000000e+00
2.815772831164130304e+18 0.000000000000000000e+00
2.516909216200089088e+18 0.000000000000000000e+00
2.249766718565121024e+18 0.000000000000000000e+00
2.010978487179926784e+18 0.000000000000000000e+00
1.797535025533542400e+18 0.000000000000000000e+00
1.606746262388422656e+18 0.000000000000000000e+00
1.436207648267042304e+18 0.000000000000000000e+00
1.283769850427137792e+18 0.000000000000000000e+00
1.147511664385233280e+18 0.000000000000000000e+00
1.025715800586878208e+18 0.000000000000000000e+00
9.168472410580922880e+17 0.000000000000000000e+00
8.195338932625088000e+17 0.000000000000000000e+00
7.325492973408531200e+17 0.000000000000000000e+00
6.547971687885853440e+17 0.000000000000000000e+00
5.852975817599436800e+17 0.000000000000000000e+00
5.231746188637610880e+17 0.000000000000000000e+00
4.676453317989324160e+17 0.000000000000000000e+00
4.180098736981788160e+17 0.000000000000000000e+00
3.736426788160364160e+17 0.000000000000000000e+00
3.339845783968908800e+17 0.000000000000000000e+00
2.985357533577383680e+17 0.000000000000000000e+00
2.668494349669113280e+17 0.000000000000000000e+00
2.385262741271388480e+17 0.000000000000000000e+00
2.132093082978789120e+17 0.000000000000000000e+00
1.905794626240208000e+17 0.000000000000000000e+00
1.703515285707713920e+17 0.000000000000000000e+00
1.522705693826460480e+17 0.000000000000000000e+00
1.361087070638324320e+17 0.000000000000000000e+00
1.216622503855920960e+17 0.000000000000000000e+00
1.087491277243917440e+17 0.000000000000000000e+00
9.720659237630366400e+16 0.000000000000000000e+00
8.688917142728934400e+16 0.000000000000000000e+00
7.766683232855812800e+16 0.000000000000000000e+00
6.942334406998207200e+16 0.000000000000000000e+00
6.205481229710131200e+16 0.000000000000000000e+00
5.546836990950313600e+16 0.000000000000000000e+00
4.958100663792019200e+16 0.000000000000000000e+00
4.431852284897093600e+16 0.000000000000000000e+00
3.961459439213092800e+16 0.000000000000000000e+00
3.540993670301196000e+16 0.000000000000000000e+00
3.165155762797315600e+16 0.000000000000000000e+00
2.829208955326065200e+16 0.000000000000000000e+00
2.528919242136449200e+16 0.000000000000000000e+00
2.260502011068647200e+16 0.000000000000000000e+00
2.020574345319362800e+16 0.000000000000000000e+00
1.806112387855243200e+16 0.000000000000000000e+00
1.614413231129381000e+16 0.000000000000000000e+00
1.443060851789308600e+16 0.000000000000000000e+00
1.289895661044664000e+16 0.000000000000000000e+00
1.152987286931663800e+16 0.000000000000000000e+00
1.030610245443726400e+16 0.000000000000000000e+00
9.212221939065754000e+15 0.000000000000000000e+00
8.234444925207015000e+15 0.000000000000000000e+00
7.360448290843499000e+15 0.000000000000000000e+00
6.579216879129103000e+15 0.000000000000000000e+00
5.880904672133328000e+15 0.000000000000000000e+00
5.256710699480341000e+15 0.000000000000000000e+00
4.698768117934324000e+15 0.000000000000000000e+00
4.200045063978633500e+15 0.000000000000000000e+00
3.754256029813693000e+15 0.000000000000000000e+00
3.355782645827388000e+15 0.000000000000000000e+00
2.999602871143316500e+15 0.000000000000000000e+00
2.681227699821068500e+15 0.000000000000000000e+00
2.396644585003899000e+15 0.000000000000000000e+00
2.142266867976871750e+15 0.000000000000000000e+00
1.914888574779631250e+15 0.000000000000000000e+00
1.711644010666346250e+15 0.000000000000000000e+00
1.529971643173616250e+15 0.000000000000000000e+00
1.367581818607300250e+15 0.000000000000000000e+00
1.222427905072628500e+15 0.000000000000000000e+00
1.092680498357335000e+15 0.000000000000000000e+00
9.767043655793322500e+14 0.000000000000000000e+00
8.730378360150425000e+14 0.000000000000000000e+00
7.803743793668128750e+14 0.000000000000000000e+00
6.975461392965857500e+14 0.000000000000000000e+00
6.235092146956048750e+14 0.000000000000000000e+00
5.573305031870211250e+14 0.000000000000000000e+00
4.981759410473834375e+14 0.000000000000000000e+00
4.452999913323706875e+14 0.000000000000000000e+00
3.980362477234702500e+14 0.000000000000000000e+00
3.557890356739891250e+14 0.000000000000000000e+00
3.180259050019250625e+14 0.000000000000000000e+00
2.842709193123333125e+14 0.000000000000000000e+00
2.540986576744117500e+14 0.000000000000000000e+00
2.271288529552260625e+14 0.000000000000000000e+00
2.030215992359083750e+14 0.000000000000000000e+00
1.814730679084222812e+14 0.000000000000000000e+00
1.622116784619933438e+14 0.000000000000000000e+00
1.449946756988501562e+14 0.000000000000000000e+00
1.296050702412317344e+14 0.000000000000000000e+00
1.158489037702493906e+14 0.000000000000000000e+00
1.035528045298558125e+14 0.000000000000000000e+00
9.256180228744032812e+13 0.000000000000000000e+00
8.273737521255643750e+13 0.000000000000000000e+00
7.395570405819779688e+13 0.000000000000000000e+00
6.610611164171512500e+13 0.000000000000000000e+00
5.908966795783617969e+13 0.000000000000000000e+00
5.281794334374409375e+13 0.000000000000000000e+00
4.721189398210182812e+13 0.000000000000000000e+00
4.220086569579062500e+13 0.000000000000000000e+00
3.772170347898577344e+13 0.000000000000000000e+00
3.371795554180915234e+13 0.000000000000000000e+00
3.013916183697191016e+13 0.000000000000000000e+00
2.694021810156419922e+13 0.000000000000000000e+00
2.408080739888175000e+13 0.000000000000000000e+00
2.152489199589548438e+13 0.000000000000000000e+00
1.924025917239307422e+13 0.000000000000000000e+00
1.719811523753269141e+13 0.000000000000000000e+00
1.537272263711748242e+13 0.000000000000000000e+00
1.374107557797988867e+13 0.000000000000000000e+00
1.228261008130439062e+13 0.000000000000000000e+00
1.097894481063171094e+13 0.000000000000000000e+00
9.813649408147291016e+12 0.000000000000000000e+00
8.772037419549457031e+12 0.000000000000000000e+00
7.840981197687083984e+12 0.000000000000000000e+00
7.008746452160040039e+12 0.000000000000000000e+00
6.264844359677332031e+12 0.000000000000000000e+00
5.599899371289836914e+12 0.000000000000000000e+00
5.005531050445352539e+12 0.000000000000000000e+00
4.474248452647016602e+12 0.000000000000000000e+00
3.999355715560509766e+12 0.000000000000000000e+00
3.574867669703003906e+12 0.000000000000000000e+00
3.195434406138270508e+12 0.000000000000000000e+00
2.856273850489278809e+12 0.000000000000000000e+00
2.553111493484943359e+12 0.000000000000000000e+00
2.282126518452815918e+12 0.000000000000000000e+00
2.039903646791634521e+12 0.000000000000000000e+00
1.823390094522422852e+12 0.000000000000000000e+00
1.629857097432845703e+12 0.000000000000000000e+00
1.456865519908392090e+12 0.000000000000000000e+00
1.302235114011521484e+12 0.000000000000000000e+00
1.164017041374713623e+12 0.000000000000000000e+00
1.040469311595258911e+12 0.000000000000000000e+00
9.300348275769062500e+11 0.000000000000000000e+00
8.313217611193472900e+11 0.000000000000000000e+00
7.430860114251207275e+11 0.000000000000000000e+00
6.642155254449334717e+11 0.000000000000000000e+00
5.937162824475347900e+11 0.000000000000000000e+00
5.306997661748344727e+11 0.000000000000000000e+00
4.743717666912930298e+11 0.000000000000000000e+00
4.240223707950248413e+11 0.000000000000000000e+00
3.790170148377288818e+11 0.000000000000000000e+00
3.387884871903291016e+11 0.000000000000000000e+00
3.028297795597706909e+11 0.000000000000000000e+00
2.706876970606724548e+11 0.000000000000000000e+00
2.419571465082694397e+11 0.000000000000000000e+00
2.162760309468448792e+11 0.000000000000000000e+00
1.933206860683569031e+11 0.000000000000000000e+00
1.728018010055192566e+11 0.000000000000000000e+00
1.544607720882627563e+11 0.000000000000000000e+00
1.380664436092319641e+11 0.000000000000000000e+00
1.234121945215225830e+11 0.000000000000000000e+00
1.103133343517200470e+11 0.000000000000000000e+00
9.860477550840533447e+10 0.000000000000000000e+00
8.813895264975656128e+10 0.000000000000000000e+00
7.878396288761712646e+10 0.000000000000000000e+00
7.042190338864410400e+10 0.000000000000000000e+00
6.294738542098641205e+10 0.000000000000000000e+00
5.626620611872251129e+10 0.000000000000000000e+00
5.029416122403508759e+10 0.000000000000000000e+00
4.495598384387152863e+10 0.000000000000000000e+00
4.018439584602522278e+10 0.000000000000000000e+00
3.591925993919003296e+10 0.000000000000000000e+00
3.210682175048101425e+10 0.000000000000000000e+00
2.869903234817054367e+10 0.000000000000000000e+00
2.565294267125644684e+10 0.000000000000000000e+00
2.293016223373537827e+10 0.000000000000000000e+00
2.049637528152132034e+10 0.000000000000000000e+00
1.832090830403699493e+10 0.000000000000000000e+00
1.637634344973889732e+10 0.000000000000000000e+00
1.463817297337337303e+10 0.000000000000000000e+00
1.308449035989257431e+10 0.000000000000000000e+00
1.169571423220228386e+10 0.000000000000000000e+00
1.045434156309486580e+10 0.000000000000000000e+00
9.344727081047454834e+09 0.000000000000000000e+00
8.352886089691773415e+09 0.000000000000000000e+00
7.466318215849457741e+09 0.000000000000000000e+00
6.673849864793558121e+09 0.000000000000000000e+00
5.965493397167984009e+09 0.000000000000000000e+00
5.332321252743019104e+09 0.000000000000000000e+00
4.766353434563059807e+09 0.000000000000000000e+00
4.260456935426492691e+09 0.000000000000000000e+00
3.808255839149219990e+09 0.000000000000000000e+00
3.404050963599827766e+09 0.000000000000000000e+00
3.042748032751293182e+09 0.000000000000000000e+00
2.719793472486992359e+09 0.000000000000000000e+00
2.431117020982553482e+09 0.000000000000000000e+00
2.173080430370565891e+09 0.000000000000000000e+00
1.942431613164790630e+09 0.000000000000000000e+00
1.736263655541995287e+09 0.000000000000000000e+00
1.551978180917456865e+09 0.000000000000000000e+00
1.387252602077864885e+09 0.000000000000000000e+00
1.240010849143607140e+09 0.000000000000000000e+00
1.108397204439011335e+09 0.000000000000000000e+00
9.907529145061025620e+08 0.000000000000000000e+00
8.855952844983446598e+08 0.000000000000000000e+00
7.915989914767729044e+08 0.000000000000000000e+00
7.075793810961910486e+08 0.000000000000000000e+00
6.324775371661896706e+08 0.000000000000000000e+00
5.653469359156291485e+08 0.000000000000000000e+00
5.053415167615789175e+08 0.000000000000000000e+00
4.517050192361954451e+08 0.000000000000000000e+00
4.037614516826583743e+08 0.000000000000000000e+00
3.609065715952189565e+08 0.000000000000000000e+00
3.226002702283462286e+08 0.000000000000000000e+00
2.883597654966630340e+08 0.000000000000000000e+00
2.577535173744073212e+08 0.000000000000000000e+00
2.303957891089618206e+08 0.000000000000000000e+00
2.059417857023269832e+08 0.000000000000000000e+00
1.840833083898297250e+08 0.000000000000000000e+00
1.645448703485834002e+08 0.000000000000000000e+00
1.470802246811855137e+08 0.000000000000000000e+00
1.314692609161259532e+08 0.000000000000000000e+00
1.175152309108715951e+08 0.000000000000000000e+00
1.050422691951223314e+08 0.000000000000000000e+00
9.389317650261938572e+07 0.000000000000000000e+00
8.392743855691011250e+07 0.000000000000000000e+00
7.501945514142249525e+07 0.000000000000000000e+00
6.705695713446187228e+07 0.000000000000000000e+00
5.993959155869964510e+07 0.000000000000000000e+00
5.357765681224674731e+07 0.000000000000000000e+00
4.789097214117161930e+07 0.000000000000000000e+00
4.280786710519634187e+07 0.000000000000000000e+00
3.826427830060165375e+07 0.000000000000000000e+00
3.420294195615653694e+07 0.000000000000000000e+00
3.057267222619536519e+07 0.000000000000000000e+00
2.732771608502329886e+07 0.000000000000000000e+00
2.442717669225401431e+07 0.000000000000000000e+00
2.183449796163560450e+07 0.000000000000000000e+00
1.951700383728128299e+07 0.000000000000000000e+00
1.744548647070968896e+07 0.000000000000000000e+00
1.559383810840660334e+07 0.000000000000000000e+00
1.393872205051223561e+07 0.000000000000000000e+00
1.245927853365977108e+07 0.000000000000000000e+00
1.113686183114688471e+07 0.000000000000000000e+00
9.954805257060419768e+06 0.000000000000000000e+00
8.898211112653493881e+06 0.000000000000000000e+00
7.953762927626661956e+06 0.000000000000000000e+00
7.109557629951878451e+06 0.000000000000000000e+00
6.354955529041576199e+06 0.000000000000000000e+00
5.680446221570251510e+06 0.000000000000000000e+00
5.077528729932460003e+06 0.000000000000000000e+00
4.538604362697900273e+06 0.000000000000000000e+00
4.056880946762148757e+06 0.000000000000000000e+00
3.626287224211451598e+06 0.000000000000000000e+00
3.241396335027861875e+06 0.000000000000000000e+00
2.897357421271770727e+06 0.000000000000000000e+00
2.589834490735439584e+06 0.000000000000000000e+00
2.314951769553791266e+06 0.000000000000000000e+00
2.069244855040300172e+06 0.000000000000000000e+00
1.849617053117297823e+06 0.000000000000000000e+00
1.653300350052429363e+06 0.000000000000000000e+00
1.477820526620187331e+06 0.000000000000000000e+00
1.320965975015193690e+06 0.000000000000000000e+00
1.180759825510469032e+06 0.000000000000000000e+00
1.055435031567317201e+06 0.000000000000000000e+00
9.434120993894085987e+05 0.000000000000000000e+00
8.432791812421139330e+05 0.000000000000000000e+00
7.537742816491520498e+05 0.000000000000000000e+00
6.737693522076482186e+05 0.000000000000000000e+00
6.022560745653224876e+05 0.000000000000000000e+00
5.383331523797883419e+05 0.000000000000000000e+00
4.811949520979511435e+05 0.000000000000000000e+00
4.301213493929394754e+05 0.000000000000000000e+00
3.844686532911592512e+05 0.000000000000000000e+00
3.436614936044000206e+05 0.000000000000000000e+00
3.071855694226576597e+05 0.000000000000000000e+00
2.745811672754548490e+05 0.000000000000000000e+00
2.454373672697344446e+05 0.000000000000000000e+00
2.193868641831043933e+05 0.000000000000000000e+00
1.961013382416240638e+05 0.000000000000000000e+00
1.752873172391031694e+05 0.000000000000000000e+00
1.566824778473654296e+05 0.000000000000000000e+00
1.400523395021398610e+05 0.000000000000000000e+00
1.251873091969515081e+05 0.000000000000000000e+00
1.119000399399518064e+05 0.000000000000000000e+00
1.000230695817829837e+05 0.000000000000000000e+00
8.940671025614316750e+04 0.000000000000000000e+00
7.991716183325224847e+04 0.000000000000000000e+00
7.143482560967329482e+04 0.000000000000000000e+00
6.385279698160188855e+04 0.000000000000000000e+00
5.707551810445695446e+04 0.000000000000000000e+00
5.101757355798911885e+04 0.000000000000000000e+00
4.560261383841140196e+04 0.000000000000000000e+00
4.076239311012141843e+04 0.000000000000000000e+00
3.643590908959051012e+04 0.000000000000000000e+00
3.256863422121493204e+04 0.000000000000000000e+00
2.911182845547065153e+04 0.000000000000000000e+00
2.602192496818626023e+04 0.000000000000000000e+00
2.325998107901952972e+04 0.000000000000000000e+00
2.079118744896068529e+04 0.000000000000000000e+00
1.858442937117119800e+04 0.000000000000000000e+00
1.661189462602428466e+04 0.000000000000000000e+00
1.484872295805881004e+04 0.000000000000000000e+00
1.327269275713874777e+04 0.000000000000000000e+00
1.186394099499261392e+04 0.000000000000000000e+00
1.060471288744050071e+04 0.000000000000000000e+00
9.479138127247211742e+03 0.000000000000000000e+00
8.473030867422123265e+03 0.000000000000000000e+00
7.573710934111715687e+03 0.000000000000000000e+00
6.769844015797346401e+03 0.000000000000000000e+00
6.051298814667798069e+03 0.000000000000000000e+00
5.409019359818637895e+03 0.000000000000000000e+00
4.834910873013755918e+03 0.000000000000000000e+00
4.321737748553855454e+03 0.000000000000000000e+00
3.863032361469977332e+03 0.000000000000000000e+00
3.453013554734548961e+03 0.000000000000000000e+00
3.086513778166569409e+03 0.000000000000000000e+00
2.758913960748847785e+03 0.000000000000000000e+00
2.466085295538912760e+03 0.000000000000000000e+00
2.204337203477916319e+03 0.000000000000000000e+00
1.970370820274058588e+03 0.000000000000000000e+00
1.761237420147000421e+03 0.000000000000000000e+00
1.574301252438656775e+03 0.000000000000000000e+00
1.407206322713200734e+03 0.000000000000000000e+00
1.257846699681230803e+03 0.000000000000000000e+00
1.124339973720709850e+03 0.000000000000000000e+00
1.005003532486622248e+03 0.000000000000000000e+00
8.983333546064006896e+02 0.000000000000000000e+00
8.029850541934532657e+02 0.000000000000000000e+00
7.177569372792320337e+02 0.000000000000000000e+00
6.415748566203629935e+02 0.000000000000000000e+00
5.734786740031312320e+02 0.000000000000000000e+00
5.126101594267947803e+02 0.000000000000000000e+00
4.582021746568576646e+02 0.000000000000000000e+00
4.095690048262776486e+02 0.000000000000000000e+00
3.660977162319501304e+02 0.000000000000000000e+00
3.272404314069065663e+02 0.000000000000000000e+00
2.925074241095019829e+02 0.000000000000000000e+00
2.614609472042444054e+02 0.000000000000000000e+00
2.337097156458824259e+02 0.000000000000000000e+00
2.089039750346016433e+02 0.000000000000000000e+00
1.867310935904033329e+02 0.000000000000000000e+00
1.669116219913588566e+02 0.000000000000000000e+00
1.491957714171404916e+02 0.000000000000000000e+00
1.333602654098457094e+02 0.000000000000000000e+00
1.192055258755235769e+02 0.000000000000000000e+00
1.065531577609690999e+02 0.000000000000000000e+00
9.524370070469433358e+01 0.000000000000000000e+00
8.513461932564325707e+01 0.000000000000000000e+00
7.609850682088226392e+01 0.000000000000000000e+00
6.802147923181615852e+01 0.000000000000000000e+00
6.080174014156552431e+01 0.000000000000000000e+00
5.434829771407378729e+01 0.000000000000000000e+00
4.857981790554666190e+01 0.000000000000000000e+00
4.342359939499851862e+01 0.000000000000000000e+00
3.881465731476195913e+01 0.000000000000000000e+00
3.469490423301753168e+01 0.000000000000000000e+00
3.101241806611195173e+01 0.000000000000000000e+00
2.772078769400455656e+01 0.000000000000000000e+00
2.477852803151058581e+01 0.000000000000000000e+00
2.214855718335671853e+01 0.000000000000000000e+00
1.979772909353567911e+01 0.000000000000000000e+00
1.769641579883822757e+01 0.000000000000000000e+00
1.581813402162510585e+01 0.000000000000000000e+00
1.413921139570636143e+01 0.000000000000000000e+00
1.263848811871018718e+01 0.000000000000000000e+00
1.129705027080100699e+01 0.000000000000000000e+00
1.009799143871258131e+01 0.000000000000000000e+00
9.026199640791874756e+00 0.000000000000000000e+00
8.068166867629974703e+00 0.000000000000000000e+00
7.211818837879225619e+00 0.000000000000000000e+00
6.446362823637056927e+00 0.000000000000000000e+00
5.762151627506743701e+00 0.000000000000000000e+00
5.150561997012450988e+00 0.000000000000000000e+00
4.603885943998897723e+00 0.000000000000000000e+00
4.115233599293678601e+00 0.000000000000000000e+00
3.678446378288367402e+00 0.000000000000000000e+00
3.288019363047900878e+00 0.000000000000000000e+00
2.939031922713081446e+00 0.000000000000000000e+00
2.627085697792098440e+00 0.000000000000000000e+00
2.348249166743567429e+00 0.000000000000000000e+00
2.099008096213348384e+00 0.000000000000000000e+00
1.876221250438654398e+00 0.000000000000000000e+00
1.677080801616791739e+00 0.000000000000000000e+00
1.499076942281738489e+00 0.000000000000000000e+00
1.339966253691735387e+00 0.000000000000000000e+00
1.197743431567770411e+00 0.000000000000000000e+00
1.070616012837128039e+00 0.000000000000000000e+00
9.569817848576577246e-01 0.000000000000000000e+00
8.554085924069562141e-01 0.000000000000000000e+00
7.646162879395677070e-01 0.000000000000000000e+00
6.834605976278880224e-01 0.000000000000000000e+00
6.109186998469815499e-01 0.000000000000000000e+00
5.460763343462425867e-01 0.000000000000000000e+00
4.881162796419845074e-01 0.000000000000000000e+00
4.363080534093711771e-01 0.000000000000000000e+00
3.899987060654864224e-01 0.000000000000000000e+00
3.486045915133412776e-01 0.000000000000000000e+00
3.116040113317112836e-01 0.000000000000000000e+00
2.785306397041475979e-01 0.000000000000000000e+00
2.489676462201114437e-01 0.000000000000000000e+00
2.225424424767872555e-01 0.000000000000000000e+00
1.989219862718579201e-01 0.000000000000000000e+00
1.778085842050959875e-01 0.000000000000000000e+00
1.589361397880493798e-01 0.000000000000000000e+00
1.420667997760403645e-01 0.000000000000000000e+00
1.269879564554703966e-01 0.000000000000000000e+00
1.135095681056949302e-01 0.000000000000000000e+00
1.014617638646649195e-01 0.000000000000000000e+00
9.069270281200741968e-02 0.000000000000000000e+00
8.106666028710281247e-02 0.000000000000000000e+00
7.246231732366564815e-02 0.000000000000000000e+00
6.477123164220124907e-02 0.000000000000000000e+00
5.789647092996801081e-02 0.000000000000000000e+00
5.175139118337575977e-02 0.000000000000000000e+00
4.625854471603946944e-02 0.000000000000000000e+00
4.134870406987622982e-02 0.000000000000000000e+00
3.695998952741361143e-02 0.000000000000000000e+00
3.303708922915709473e-02 0.000000000000000000e+00
2.953056206700917577e-02 0.000000000000000000e+00
2.639621456795405302e-02 0.000000000000000000e+00
2.359454391475598531e-02 0.000000000000000000e+00
2.109024008393994842e-02 0.000000000000000000e+00
1.885174082640584531e-02 0.000000000000000000e+00
1.685083388200019766e-02 0.000000000000000000e+00
1.506230141468077773e-02 0.000000000000000000e+00
1.346360218701312533e-02 0.000000000000000000e+00
1.203458746838441569e-02 0.000000000000000000e+00
1.075724709646405305e-02 0.000000000000000000e+00
9.615482491475868532e-03 0.000000000000000000e+00
8.594903762531335908e-03 0.000000000000000000e+00
7.682648348916850528e-03 0.000000000000000000e+00
6.867218910631648666e-03 0.000000000000000000e+00
6.138338425080468348e-03 0.000000000000000000e+00
5.486820663672904719e-03 0.000000000000000000e+00
4.904454415921773516e-03 0.000000000000000000e+00
4.383900001891578510e-03 0.000000000000000000e+00
3.918596768723983659e-03 0.000000000000000000e+00
3.502680405398919498e-03 0.000000000000000000e+00
3.130909033633673833e-03 0.000000000000000000e+00
2.798597143427490695e-03 0.000000000000000000e+00
2.501556540628948125e-03 0.000000000000000000e+00
2.236043562275419859e-03 0.000000000000000000e+00
1.998711894449646097e-03 0.000000000000000000e+00
1.786570398006586801e-03 0.000000000000000000e+00
1.596945410640248373e-03 0.000000000000000000e+00
1.427447050175252715e-03 0.000000000000000000e+00
1.275939094397178031e-03 0.000000000000000000e+00
1.140512057810620650e-03 0.000000000000000000e+00
1.019459126006307722e-03 0.000000000000000000e+00
9.112546443328432789e-04 0.000000000000000000e+00
8.145348897617752217e-04 0.000000000000000000e+00
7.280808836096148203e-04 0.000000000000000000e+00
6.508030285023141525e-04 0.000000000000000000e+00
5.817273759585179886e-04 0.000000000000000000e+00
5.199833515193643015e-04 0.000000000000000000e+00
4.647927827219689497e-04 0.000000000000000000e+00
4.154600916340840384e-04 0.000000000000000000e+00
3.713635283443088297e-04 0.000000000000000000e+00
3.319473349218826793e-04 0.000000000000000000e+00
2.967147410867395610e-04 0.000000000000000000e+00
2.652217033129368072e-04 0.000000000000000000e+00
2.370713084580153903e-04 0.000000000000000000e+00
2.119087713861884503e-04 0.000000000000000000e+00
1.894169635392877219e-04 0.000000000000000000e+00
1.693124161012540601e-04 0.000000000000000000e+00
1.513417473831393312e-04 0.000000000000000000e+00
1.352784694022962089e-04 0.000000000000000000e+00
1.209201334083875146e-04 0.000000000000000000e+00
1.080857783807394269e-04 0.000000000000000000e+00
9.661365033988763293e-05 0.000000000000000000e+00
8.635916372936294414e-05 0.000000000000000000e+00
7.719307917460883591e-05 0.000000000000000000e+00
6.899987465292447696e-05 0.000000000000000000e+00
6.167628954598564127e-05 0.000000000000000000e+00
5.513002322532435575e-05 0.000000000000000000e+00
4.927857176879447916e-05 0.000000000000000000e+00
4.404818814690315685e-05 0.000000000000000000e+00
3.937295277404256574e-05 0.000000000000000000e+00
3.519394271058004265e-05 0.000000000000000000e+00
3.145848904510336637e-05 0.000000000000000000e+00
2.811951309744510253e-05 0.000000000000000000e+00
2.513493307652919212e-05 0.000000000000000000e+00
2.246713371502127409e-05 0.000000000000000000e+00
2.008249219648798888e-05 0.000000000000000000e+00
1.795095440022038985e-05 0.000000000000000000e+00
1.604565612305576159e-05 0.000000000000000000e+00
1.434258450437552975e-05 0.000000000000000000e+00
1.282027538715426891e-05 0.000000000000000000e+00
1.145954280083425839e-05 0.000000000000000000e+00
1.024323715664768811e-05 0.000000000000000000e+00
9.156029107870478721e-06 0.000000000000000000e+00
8.184216350957507796e-06 0.000000000000000000e+00
7.315550932631193054e-06 0.000000000000000000e+00
6.539084886442518191e-06 0.000000000000000000e+00
5.845032253328987540e-06 0.000000000000000000e+00
5.224645747188444455e-06 0.000000000000000000e+00
4.670106511057757466e-06 0.000000000000000000e+00
4.174425574472880730e-06 0.000000000000000000e+00
3.731355770056320316e-06 0.000000000000000000e+00
3.335312999200064840e-06 0.000000000000000000e+00
2.981305854537965873e-06 0.000000000000000000e+00
2.664872712226476920e-06 0.000000000000000000e+00
2.382025501194260112e-06 0.000000000000000000e+00
2.129199440673904880e-06 0.000000000000000000e+00
1.903208112546714492e-06 0.000000000000000000e+00
1.701203302268968139e-06 0.000000000000000000e+00
1.520639102246238898e-06 0.000000000000000000e+00
1.359239825243799999e-06 0.000000000000000000e+00
1.214971323438729676e-06 0.000000000000000000e+00
1.086015351642388255e-06 0.000000000000000000e+00
9.707466515874506033e-07 0.000000000000000000e+00
8.677124684684491213e-07 0.000000000000000000e+00
7.756142415782323620e-07 0.000000000000000000e+00
6.932912382840336264e-07 0.000000000000000000e+00
6.197059250786328973e-07 0.000000000000000000e+00
5.539308913352072940e-07 0.000000000000000000e+00
4.951371609630535316e-07 0.000000000000000000e+00
4.425837446538065329e-07 0.000000000000000000e+00
3.956083010428679251e-07 0.000000000000000000e+00
3.536187890868991884e-07 0.000000000000000000e+00
3.160860064504432647e-07 0.000000000000000000e+00
2.825369198615717199e-07 0.000000000000000000e+00
2.525487033775992693e-07 0.000000000000000000e+00
2.257434094239999308e-07 0.000000000000000000e+00
2.017832054444501817e-07 0.000000000000000000e+00
1.803661161286115628e-07 0.000000000000000000e+00
1.612222175560349427e-07 0.000000000000000000e+00
1.441102352902649728e-07 0.000000000000000000e+00
1.288145035481690213e-07 0.000000000000000000e+00
1.151422471203363915e-07 0.000000000000000000e+00
1.029211517860082641e-07 0.000000000000000000e+00
9.199719260201634045e-08 0.000000000000000000e+00
8.223269269517702637e-08 0.000000000000000000e+00
7.350458809273840456e-08 0.000000000000000000e+00
6.570287672216695300e-08 0.000000000000000000e+00
5.872923203272444675e-08 0.000000000000000000e+00
5.249576376600134474e-08 0.000000000000000000e+00
4.692391025716642401e-08 0.000000000000000000e+00
4.194344830636778466e-08 0.000000000000000000e+00
3.749160814150746484e-08 0.000000000000000000e+00
3.351228231806944771e-08 0.000000000000000000e+00
2.995531858561807361e-08 0.000000000000000000e+00
2.677588780881197325e-08 0.000000000000000000e+00
2.393391897672227243e-08 0.000000000000000000e+00
2.139359417975253357e-08 0.000000000000000000e+00
1.912289718926040861e-08 0.000000000000000000e+00
1.709320995053332257e-08 0.000000000000000000e+00
1.527895190364256949e-08 0.000000000000000000e+00
1.365725758645695782e-08 0.000000000000000000e+00
1.220768845658659600e-08 0.000000000000000000e+00
1.091197530028697454e-08 0.000000000000000000e+00
9.753787981854068866e-09 0.000000000000000000e+00
8.718529631611142989e-09 0.000000000000000000e+00
7.793152678600023349e-09 0.000000000000000000e+00
6.965994409397508786e-09 0.000000000000000000e+00
6.226629980573469375e-09 0.000000000000000000e+00
5.565741032274195463e-09 0.000000000000000000e+00
4.974998247043439092e-09 0.000000000000000000e+00
4.446956373744833449e-09 0.000000000000000000e+00
3.974960393552302297e-09 0.000000000000000000e+00
3.553061645397669477e-09 0.000000000000000000e+00
3.175942853788863339e-09 0.000000000000000000e+00
2.838851114108227415e-09 0.000000000000000000e+00
2.537537990791974407e-09 0.000000000000000000e+00
2.268205973434889419e-09 0.000000000000000000e+00
2.027460615996570138e-09 0.000000000000000000e+00
1.812267755909393077e-09 0.000000000000000000e+00
1.619915273912488143e-09 0.000000000000000000e+00
1.447978912662489357e-09 0.000000000000000000e+00
1.294291723326601850e-09 0.000000000000000000e+00
1.156916755086881149e-09 0.000000000000000000e+00
1.034122643356355559e-09 0.000000000000000000e+00
9.243617890398919931e-10 0.000000000000000000e+00
8.262508538289546156e-10 0.000000000000000000e+00
7.385533257082772495e-10 0.000000000000000000e+00
6.601639349442348708e-10 0.000000000000000000e+00
5.900947241461613549e-10 0.000000000000000000e+00
5.274625968390021410e-10 0.000000000000000000e+00
4.714781876192932485e-10 0.000000000000000000e+00
4.214359136229405236e-10 0.000000000000000000e+00
3.767050819212375957e-10 0.000000000000000000e+00
3.367219407699860461e-10 0.000000000000000000e+00
3.009825745318991869e-10 0.000000000000000000e+00
2.690365527256580564e-10 0.000000000000000000e+00
2.404812531591745195e-10 0.000000000000000000e+00
2.149567876004553051e-10 0.000000000000000000e+00
1.921414660332065466e-10 0.000000000000000000e+00
1.717477423323369268e-10 0.000000000000000000e+00
1.535185902618072429e-10 0.000000000000000000e+00
1.372242641208543945e-10 0.000000000000000000e+00
1.226594032123183842e-10 0.000000000000000000e+00
1.096404436401390359e-10 0.000000000000000000e+00
9.800330481633440562e-11 0.000000000000000000e+00
8.760132152007527627e-11 0.000000000000000000e+00
7.830339544615475797e-11 0.000000000000000000e+00
6.999234294646771170e-11 0.000000000000000000e+00
6.256341814072024738e-11 0.000000000000000000e+00
5.592299278285843451e-11 0.000000000000000000e+00
4.998737624529002315e-11 0.000000000000000000e+00
4.468176074893652812e-11 0.000000000000000000e+00
3.993927854561715627e-11 0.000000000000000000e+00
3.570015917025803441e-11 0.000000000000000000e+00
3.191097614159577309e-11 0.000000000000000000e+00
2.852397361740208208e-11 0.000000000000000000e+00
2.549646451791567261e-11 0.000000000000000000e+00
2.279029253191935256e-11 0.000000000000000000e+00
2.037135122500940951e-11 0.000000000000000000e+00
1.820915418928774673e-11 0.000000000000000000e+00
1.627645081697826076e-11 0.000000000000000000e+00
1.454888285549077697e-11 0.000000000000000000e+00
1.300467741542236488e-11 0.000000000000000000e+00
1.162437256241771122e-11 0.000000000000000000e+00
1.039057203446219554e-11 0.000000000000000000e+00
9.287725993263660974e-12 0.000000000000000000e+00
8.301935046486751120e-12 0.000000000000000000e+00
7.420775070891701864e-12 3.139307339450685526e-275
6.633140628590156218e-12 8.721990741726275947e-229
5.929105002958455393e-12 1.156858474099108949e-190
5.299795090214972052e-12 2.656392250579520477e-159
4.737279569893135878e-12 1.917097542259072922e-133
4.234468944801525309e-12 4.525346962006495434e-112
3.785026190652502342e-12 2.323520466466158280e-94
3.383286889259999658e-12 1.203272837627986292e-79
3.024187838728041127e-12 2.179583563572895667e-67
2.703203240890679856e-12 3.788960870052517592e-57
2.416287661759559716e-12 1.435718787698309577e-48
2.159825046098962176e-12 2.312060294428156175e-41
1.930583143548120307e-12 2.727102160592168267e-35
1.725672771914584249e-12 3.674543740586634305e-30
1.542511404224916924e-12 8.135746029722218545e-26
1.378790620613520566e-12 3.987222955238795707e-22
1.232447014838788312e-12 5.523957445753120870e-19
1.101636188755885301e-12 2.645557390329356938e-16
9.847095069927521184e-13 5.169958202165151449e-14
8.801933188641762751e-13 4.727445721850979117e-12
7.867703856532617377e-13 2.265331323260740712e-10
7.032632791848104665e-13 6.248483944236282764e-09
6.286195424591631874e-13 1.072514161680756349e-07
5.618984253231988710e-13 1.222250428189934532e-06
5.022590280053150503e-13 9.760681019364844473e-06
4.489497030851152944e-13 5.713484343098982992e-05
4.012985823284798451e-13 2.545262885014108398e-04
3.587051089959604355e-13 8.904399837023873731e-04
3.206324689043641296e-13 2.511418368195060449e-03
2.866008248487639112e-13 5.837457499247520817e-03
2.561812691168590953e-13 1.138993873173614613e-02
2.289904178780967610e-13 1.894634894456704785e-02
2.046855793194822838e-13 2.721900751483259315e-02
1.829604346311798989e-13 3.414253572606593817e-02
1.635411774084080952e-13 3.773750498919632712e-02
1.461830628137941662e-13 3.703775739039687209e-02
1.306673230085396111e-13 3.248721261169881802e-02
1.167984099769928155e-13 2.560486317962756483e-02
1.044015309953365549e-13 1.821511753963218558e-02
9.332044568344234487e-14 1.173992442787212369e-02
8.341549687566534428e-14 6.876378286074431335e-03
7.456185049326980912e-14 3.669473051022352061e-03
6.664792223520967733e-14 1.787589629034963892e-03
5.957397125855364577e-14 7.962161751780666950e-04
5.325084312440833771e-14 3.246395744859009009e-04
4.759884616644896301e-14 1.212646532619556888e-04
4.254674712068132131e-14 4.151884178595341342e-05
3.803087335816995356e-14 1.303235076591410352e-05
3.399431040597908200e-14 3.750046679282182796e-06
3.038618464253080720e-14 9.888846922566123619e-07
2.716102212703149920e-14 2.388377114043867058e-07
2.427817548217409950e-14 5.279107179979943096e-08
2.170131160699622959e-14 1.066774352986956398e-08
1.939795376344220136e-14 1.968329406430405902e-09
1.733907226544469424e-14 3.311317072268962700e-10
1.549871861190418616e-14 5.070527742564968124e-11
1.385369845246564368e-14 7.053977274699563236e-12
1.238327926441842854e-14 8.896722592861737838e-13
1.106892905650644976e-14 1.014927398899601552e-13
9.894082806484204246e-15 1.044598387965772852e-14
8.843933688781042905e-15 9.673409480506027090e-16
7.905246461076416744e-15 8.035944613047029369e-17
7.066190657855847294e-15 5.969479395716748808e-18
6.316191488654891495e-15 3.951805290438340505e-19
5.645796561829722030e-15 2.322910339155378384e-20
5.046556754148768101e-15 1.207715532850851827e-21
4.510919724778540310e-15 5.531042232947845627e-23
4.032134731600517764e-15 2.221618911814048624e-24
3.604167550238792138e-15 7.790326825594988761e-26
3.221624423506808647e-15 2.373336201028815005e-27
2.879684082791303396e-15 6.249745304924246707e-29
2.574036984626244077e-15 1.414920476034955227e-30
2.300830996642291037e-15 2.738531165780573427e-32
2.056622848361534873e-15 4.504507883091484315e-34
1.838334734961108340e-15 6.257838015336988166e-36
1.643215527074853003e-15 7.294967364659194399e-38
1.468806097751815061e-15 7.087396719227442023e-40
1.312908329580700090e-15 5.697969834920533540e-42
1.173557411370199284e-15 3.762601997630302834e-44
1.048997075235092600e-15 2.024932012591334028e-46
9.376574619958157229e-16 8.809592730937305199e-49
8.381353359249314235e-16 3.072123164439075706e-51
7.491763994825779822e-16 8.511631627556648583e-54
6.696594851502108637e-16 1.856379237283962848e-56
5.985824251289254242e-16 3.156580577470844355e-59
5.350494208154988574e-16 4.142875027209150363e-62
4.782597528708617050e-16 4.153123931474386428e-65
4.274976895918837144e-16 3.145550070778107001e-68
3.821234663995287838e-16 1.779616695841111976e-71
3.415652227561511911e-16 7.432143218545128681e-75
3.053117948911266415e-16 2.263026079242849645e-78
2.729062735001880266e-16 4.959680009158152813e-82
2.439402452247770216e-16 7.719108023431386402e-86
2.180486453356790857e-16 8.412784412376227147e-90
1.949051567481805319e-16 6.327309674590747970e-94
1.742180973816740407e-16 3.234287062961506880e-98
1.557267440312263615e-16 1.105873508948534158e-102
1.391980464201650188e-16 2.487644725998433828e-107
1.244236900201619876e-16 3.618297369025386546e-112
1.112174706209879004e-16 3.341990035791842589e-117
9.941294756107731794e-17 1.923552915701001425e-122
8.886134604212528579e-17 6.764892940112561720e-128
7.942968209012192413e-17 1.424185959080857829e-133
7.099908653135959179e-17 1.756823952326339134e-139
6.346330686012273262e-17 1.241799051015887247e-145
5.672736811681593037e-17 4.913864728860919503e-152
5.070637589928006024e-17 1.062415118878550802e-158
4.532444642142600426e-17 1.223654009620489375e-165
4.051375013448456400e-17 7.311963905690461592e-173
3.621365685745108832e-17 2.205160558581284613e-180
3.236997164261451494e-17 3.261193699021148885e-188
2.893425174563830664e-17 2.295084376226013411e-196
2.586319609183178335e-17 7.448917304285557972e-205
2.311809954392122964e-17 1.079076099126140002e-213
2.066436509335559231e-17 6.742878277328928320e-223
1.847106782718944045e-17 1.753848298607964993e-232
1.651056517513503031e-17 1.829491751749402648e-242
1.475814852464110603e-17 7.361840782855363340e-253
1.319173181323810538e-17 1.097337276432391652e-263
1.179157317341251541e-17 5.807529496015306083e-275
1.054002612184790279e-17 1.044054689257486389e-286
9.421317157215740088e-18 6.087841906645212737e-299
8.421346963539336020e-18 0.000000000000000000e+00
7.527512713654420686e-18 0.000000000000000000e+00
6.728549233223179854e-18 0.000000000000000000e+00
6.014387023456669944e-18 0.000000000000000000e+00
5.376025353179539087e-18 0.000000000000000000e+00
4.805418820789151661e-18 0.000000000000000000e+00
4.295375956427973222e-18 0.000000000000000000e+00
3.839468586430016887e-18 0.000000000000000000e+00
3.431950817744525400e-18 0.000000000000000000e+00
3.067686621280241223e-18 0.000000000000000000e+00
2.742085101489445527e-18 0.000000000000000000e+00
2.451042636380002732e-18 0.000000000000000000e+00
2.190891158735196276e-18 0.000000000000000000e+00
1.958351926718501826e-18 0.000000000000000000e+00
1.750494201225448758e-18 0.000000000000000000e+00
1.564698309184131227e-18 0.000000000000000000e+00
1.398622627284212758e-18 0.000000000000000000e+00
1.250174070023339826e-18 0.000000000000000000e+00
1.117481710126172048e-18 0.000000000000000000e+00
9.988731988683791114e-19 0.000000000000000000e+00
8.928536891265193487e-19 0.000000000000000000e+00
7.980869955165022124e-19 0.000000000000000000e+00
7.133787541782800418e-19 0.000000000000000000e+00
6.376613699658157299e-19 0.000000000000000000e+00
5.699805613289563091e-19 0.000000000000000000e+00
5.094833333094697909e-19 0.000000000000000000e+00
4.554072270726425852e-19 0.000000000000000000e+00
4.070707104839039400e-19 0.000000000000000000e+00
3.638645886211219233e-19 0.000000000000000000e+00
3.252443259674202257e-19 0.000000000000000000e+00
2.907231835196529145e-19 0.000000000000000000e+00
2.598660843180035563e-19 0.000000000000000000e+00
2.322841300828275042e-19 0.000000000000000000e+00
2.076296998507434482e-19 0.000000000000000000e+00
1.855920688371507367e-19 0.000000000000000000e+00
1.658934923087322884e-19 0.000000000000000000e+00
1.482857051102549524e-19 0.000000000000000000e+00
1.325467927284553456e-19 0.000000000000000000e+00
1.184783944584358800e-19 0.000000000000000000e+00
1.059032034234596200e-19 0.000000000000000000e+00
9.466273194042494653e-20 0.000000000000000000e+00
8.461531406744549711e-20 0.000000000000000000e+00
7.563432015926136853e-20 0.000000000000000000e+00
6.760656092813051625e-20 0.000000000000000000e+00
6.043086089628089278e-20 0.000000000000000000e+00
5.401678326083988429e-20 0.000000000000000000e+00
4.828349010047154944e-20 0.000000000000000000e+00
4.315872355865430055e-20 0.000000000000000000e+00
3.857789516326163575e-20 0.000000000000000000e+00
3.448327180494550795e-20 0.000000000000000000e+00
3.082324811505385673e-20 0.000000000000000000e+00
2.755169607270022358e-20 0.000000000000000000e+00
2.462738364396191315e-20 0.000000000000000000e+00
2.201345512619221479e-20 0.000000000000000000e+00
1.967696664812747082e-20 0.000000000000000000e+00
1.758847097159408078e-20 0.000000000000000000e+00
1.572164636199411240e-20 0.000000000000000000e+00
1.405296485014451176e-20 0.000000000000000000e+00
1.256139570451120925e-20 0.000000000000000000e+00
1.122814037663305188e-20 0.000000000000000000e+00
1.003639557920329071e-20 0.000000000000000000e+00
8.971141510830936592e-21 0.000000000000000000e+00
8.018952558438591156e-21 0.000000000000000000e+00
7.167828091537130134e-21 0.000000000000000000e+00
6.407041215845984083e-21 0.000000000000000000e+00
5.727003580068471990e-21 0.000000000000000000e+00
5.119144531956375325e-21 0.000000000000000000e+00
4.575803100640901349e-21 0.000000000000000000e+00
4.090131443863217692e-21 0.000000000000000000e+00
3.656008543229319258e-21 0.000000000000000000e+00
3.267963059774164945e-21 0.000000000000000000e+00
2.921104377566728353e-21 0.000000000000000000e+00
2.611060966285621529e-21 0.000000000000000000e+00
2.333925285935644544e-21 0.000000000000000000e+00
2.086204539328982040e-21 0.000000000000000000e+00
1.864776651653645548e-21 0.000000000000000000e+00
1.666850922331482345e-21 0.000000000000000000e+00
1.489932853252665510e-21 0.000000000000000000e+00
1.331792710110258972e-21 0.000000000000000000e+00
1.190437420606393618e-21 0.000000000000000000e+00
1.064085455357915055e-21 0.000000000000000000e+00
9.511443749201662975e-22 0.000000000000000000e+00
8.501907599497991144e-22 0.000000000000000000e+00
7.599522715620187110e-22 0.000000000000000000e+00
6.792916157855947643e-22 0.000000000000000000e+00
6.071922100162302829e-22 0.000000000000000000e+00
5.427453708198887043e-22 0.000000000000000000e+00
4.851388616111271844e-22 0.000000000000000000e+00
4.336466558706934671e-22 0.000000000000000000e+00
3.876197868860226188e-22 0.000000000000000000e+00
3.464781686921790819e-22 0.000000000000000000e+00
3.097032851307596129e-22 0.000000000000000000e+00
2.768316548855947038e-22 0.000000000000000000e+00
2.474489901336997382e-22 0.000000000000000000e+00
2.211849751918456827e-22 0.000000000000000000e+00
1.977085993528758593e-22 0.000000000000000000e+00
1.767239850906368881e-22 0.000000000000000000e+00
1.579666590554946704e-22 0.000000000000000000e+00
1.412002188630873203e-22 0.000000000000000000e+00
1.262133536671151628e-22 0.000000000000000000e+00
1.128171809658925867e-22 0.000000000000000000e+00
1.008428660778621184e-22 0.000000000000000000e+00
9.013949428387204948e-23 0.000000000000000000e+00
8.057216881835436236e-23 0.000000000000000000e+00
7.202031073803171361e-23 0.000000000000000000e+00
6.437613924103502103e-23 0.000000000000000000e+00
5.754331328360484446e-23 0.000000000000000000e+00
5.143571737437198105e-23 0.000000000000000000e+00
4.597637624335588611e-23 0.000000000000000000e+00
4.109648470702200454e-23 0.000000000000000000e+00
3.673454050260350169e-23 0.000000000000000000e+00
3.283556916260639668e-23 0.000000000000000000e+00
2.935043116044724170e-23 0.000000000000000000e+00
2.623520259503123013e-23 0.000000000000000000e+00
2.345062160892103227e-23 0.000000000000000000e+00
2.096159356318245193e-23 0.000000000000000000e+00
1.873674873253287069e-23 0.000000000000000000e+00
1.674804694632990291e-23 0.000000000000000000e+00
1.497042419261563659e-23 0.000000000000000000e+00
1.338147673128912117e-23 0.000000000000000000e+00
1.196117873522654399e-23 0.000000000000000000e+00
1.069162990071952417e-23 0.000000000000000000e+00
9.556829846318215637e-24 0.000000000000000000e+00
8.542476456777850950e-24 0.000000000000000000e+00
7.635785630599915701e-24 0.000000000000000000e+00
6.825330159407598954e-24 0.000000000000000000e+00
6.100895708521730980e-24 0.000000000000000000e+00
5.453352083628651246e-24 0.000000000000000000e+00
4.874538161089678141e-24 0.000000000000000000e+00
4.357159031644356958e-24 0.000000000000000000e+00
3.894694061189999883e-24 0.000000000000000000e+00
3.481314709907232984e-24 0.000000000000000000e+00
3.111811073990654914e-24 0.000000000000000000e+00
2.781526224174300551e-24 0.000000000000000000e+00
2.486297513507909012e-24 0.000000000000000000e+00
2.222404114672924513e-24 0.000000000000000000e+00
1.986520125641237924e-24 0.000000000000000000e+00
1.775672652657229910e-24 0.000000000000000000e+00
1.587204342255020708e-24 0.000000000000000000e+00
1.418739890093636392e-24 0.000000000000000000e+00
1.268156104514695204e-24 0.000000000000000000e+00
1.133555147527231551e-24 0.000000000000000000e+00
1.013240615970708078e-24 0.000000000000000000e+00
9.056961614018312258e-25 0.000000000000000000e+00
8.095663792476109976e-25 0.000000000000000000e+00
7.236397263665724998e-25 0.000000000000000000e+00
6.468332517249022435e-25 0.000000000000000000e+00
5.781789477448704858e-25 0.000000000000000000e+00
5.168115503090198405e-25 0.000000000000000000e+00
4.619576336609666630e-25 0.000000000000000000e+00
4.129258627637823559e-25 0.000000000000000000e+00
3.690982802642689414e-25 0.000000000000000000e+00
3.299225182511191506e-25 0.000000000000000000e+00
2.949048366500761708e-25 0.000000000000000000e+00
2.636039005176727558e-25 0.000000000000000000e+00
2.356252178074041444e-25 0.000000000000000000e+00
2.106161675064644650e-25 0.000000000000000000e+00
1.882615554815900723e-25 0.000000000000000000e+00
1.682796420234926594e-25 0.000000000000000000e+00
1.504185910241459115e-25 0.000000000000000000e+00
1.344532960352445321e-25 0.000000000000000000e+00
1.201825432059717168e-25 0.000000000000000000e+00
1.074264753440411170e-25 0.000000000000000000e+00
9.602432513901437810e-26 0.000000000000000000e+00
8.583238897928496623e-26 0.000000000000000000e+00
7.672221582630930021e-26 0.000000000000000000e+00
6.857898832012470948e-26 0.000000000000000000e+00
6.130007571286855045e-26 0.000000000000000000e+00
5.479374039264979603e-26 0.000000000000000000e+00
4.897798169581674037e-26 0.000000000000000000e+00
4.377950243596704543e-26 0.000000000000000000e+00
3.913278512463790245e-26 0.000000000000000000e+00
3.497926624111208608e-26 0.000000000000000000e+00
3.126659814448627195e-26 0.000000000000000000e+00
2.794798932573927515e-26 0.000000000000000000e+00
2.498161468485110957e-26 0.000000000000000000e+00
2.233008840058551241e-26 0.000000000000000000e+00
1.995999274940091955e-26 0.000000000000000000e+00
1.784145693510514545e-26 0.000000000000000000e+00
1.594778062115104942e-26 0.000000000000000000e+00
1.425509742088034898e-26 0.000000000000000000e+00
1.274207410461101456e-26 0.000000000000000000e+00
1.138964173261832111e-26 0.000000000000000000e+00
1.018075532541890225e-26 0.000000000000000000e+00
9.100179042437697575e-27 0.000000000000000000e+00
8.134294161618453880e-27 0.000000000000000000e+00
7.270927439908446670e-27 0.000000000000000000e+00
6.499197691406699480e-27 0.000000000000000000e+00
5.809378649571377666e-27 0.000000000000000000e+00
5.192776385109555956e-27 0.000000000000000000e+00
4.641619734623590992e-27 0.000000000000000000e+00
4.148962359062305294e-27 0.000000000000000000e+00
3.708595197601226526e-27 0.000000000000000000e+00
3.314968213589454830e-27 0.000000000000000000e+00
2.963120446312478769e-27 0.000000000000000000e+00
2.648617486997851948e-27 0.000000000000000000e+00
2.367495591062159449e-27 0.000000000000000000e+00
2.116211722233947255e-27 0.000000000000000000e+00
1.891598898949243348e-27 0.000000000000000000e+00
1.690826280240415868e-27 0.000000000000000000e+00
1.511363488073377141e-27 0.000000000000000000e+00
1.350948716479908159e-27 0.000000000000000000e+00
1.207560225558462372e-27 0.000000000000000000e+00
1.079390861076029332e-27 0.000000000000000000e+00
9.648252785368551692e-28 0.000000000000000000e+00
8.624195846680748310e-28 0.000000000000000000e+00
7.708831397400450926e-28 0.000000000000000000e+00
6.890622913719975683e-28 0.000000000000000000e+00
6.159258348171272397e-28 0.000000000000000000e+00
5.505520164799802471e-28 0.000000000000000000e+00
4.921169168690044138e-28 0.000000000000000000e+00
4.398840665720476223e-28 0.000000000000000000e+00
3.931951643830027203e-28 0.000000000000000000e+00
3.514617805981660114e-28 0.000000000000000000e+00
3.141579409173761785e-28 0.000000000000000000e+00
2.808134974832043216e-28 0.000000000000000000e+00
2.510082035121632458e-28 0.000000000000000000e+00
