# k  Ps  Pt
4.563871888636409870e-05 2.657627863510071481e-09 5.203399188404867087e-12
4.827235387031725305e-05 2.653239373368203061e-09 5.203325654494426199e-12
5.105796580274637406e-05 2.648853304890244866e-09 5.203251879267533367e-12
5.400432468898962965e-05 2.644469805902859707e-09 5.203178154422029796e-12
5.712070661767217983e-05 2.640088847463794940e-09 5.203104420485669121e-12
6.041692296482676418e-05 2.635709948335364959e-09 5.203029710578815806e-12
6.390335128327177306e-05 2.631333983083161255e-09 5.202955770777653999e-12
6.759096797449655925e-05 2.626960393294928877e-09 5.202881484155057894e-12
7.149138284591569255e-05 2.622589107800926800e-09 5.202806693616673300e-12
7.561687566228934496e-05 2.618220527442093846e-09 5.202732213522171933e-12
7.998043480638579157e-05 2.613854381660802579e-09 5.202657493698788245e-12
8.459579817060189041e-05 2.609490727540225831e-09 5.202582643768621604e-12
8.947749640828192282e-05 2.605129489234144161e-09 5.202507505633223951e-12
9.464089868090359435e-05 2.600770965587003720e-09 5.202432686385047386e-12
1.001022610451584015e-04 2.596414631209241564e-09 5.202357112746785385e-12
1.058787776322641830e-04 2.592060985536736804e-09 5.202281799062521792e-12
1.119886347806391575e-04 2.587709840183624233e-09 5.202206353696021719e-12
1.184510682923643526e-04 2.583361217115488562e-09 5.202130830385449286e-12
1.252864239936963056e-04 2.579014961576037498e-09 5.202054896941920580e-12
1.325162217902942227e-04 2.574671304312116276e-09 5.201979024269279488e-12
1.401632234188278240e-04 2.570330126397049111e-09 5.201902974490557292e-12
1.482515041082701969e-04 2.565991489200190346e-09 5.201826857350760768e-12
1.568065283764880189e-04 2.561655284190067353e-09 5.201750463247950592e-12
1.658552302007618173e-04 2.557321667290732662e-09 5.201674089553928563e-12
1.754260978146386424e-04 2.552990400383736132e-09 5.201597257495459960e-12
1.855492633980849136e-04 2.548662053462246756e-09 5.201521134782512248e-12
1.962565979433133383e-04 2.544335842573467248e-09 5.201444099075400738e-12
2.075818115949517565e-04 2.540012377967890674e-09 5.201367409989469885e-12
2.195605597804574393e-04 2.535691023312404596e-09 5.201289746258449843e-12
2.322305554649094380e-04 2.531372519531831256e-09 5.201212633102367496e-12
2.456316878835934094e-04 2.527056647177622036e-09 5.201135623343817290e-12
2.598061481261874895e-04 2.522743066719300095e-09 5.201058006587293713e-12
2.747985619679282811e-04 2.518431965599998687e-09 5.200980164363057532e-12
2.906561303659533062e-04 2.514123758438345661e-09 5.200902962372795410e-12
3.074287780631465702e-04 2.509817752416062665e-09 5.200824943921883399e-12
3.251693107673408870e-04 2.505514337194321094e-09 5.200746925164330526e-12
3.439335814007278428e-04 2.501213459558471665e-09 5.200668792898233991e-12
3.637806659428815853e-04 2.496915220855279011e-09 5.200590758981786984e-12
3.847730494210076344e-04 2.492619307641285021e-09 5.200512148748083600e-12
4.069768226329737587e-04 2.488326034142964005e-09 5.200433631935875870e-12
4.304618902224703766e-04 2.484035294248836733e-09 5.200354984688314346e-12
4.553021907613889296e-04 2.479747019969220821e-09 5.200276039655531163e-12
4.815759295323072280e-04 2.475461474948525900e-09 5.200197375059135836e-12
5.093658247439580367e-04 2.471178311979499309e-09 5.200118237164906683e-12
5.387593679548444191e-04 2.466897744014665780e-09 5.200039080126246258e-12
5.698490995249017596e-04 2.462619673671982435e-09 5.199959691376700091e-12
6.027328999624154918e-04 2.458344080091640021e-09 5.199880012383777348e-12
6.375142980834489241e-04 2.454071133232755685e-09 5.199800435711953349e-12
6.743027969539673334e-04 2.449800543390489548e-09 5.199720297286445868e-12
7.132142186408285244e-04 2.445532749156379151e-09 5.199640559327966084e-12
7.543710688570274929e-04 2.441267496313981672e-09 5.199560658518543926e-12
7.979029226492162161e-04 2.437004783321723615e-09 5.199480609463708278e-12
8.439468323417666229e-04 2.432744475353608335e-09 5.199400090663009707e-12
8.926477590217179754e-04 2.428486761020502025e-09 5.199319528612861001e-12
9.441590289230600980e-04 2.424231629788972200e-09 5.199238877071105687e-12
9.986428161472002754e-04 2.419979003767411722e-09 5.199157975291240150e-12
1.056270653239371011e-03 2.415729086020724176e-09 5.199077264855525770e-12
1.117223971228439557e-03 2.411481551532373290e-09 5.198996021188963326e-12
1.181694670830338604e-03 2.407236763868030231e-09 5.198915043351754936e-12
1.249885726613449806e-03 2.402994554726277990e-09 5.198833961903683394e-12
1.322011826028050103e-03 2.398754686212206199e-09 5.198752246334557448e-12
1.398300045311688319e-03 2.394517566840689788e-09 5.198670791534171309e-12
1.478990564398464068e-03 2.390282886256700422e-09 5.198588906545945614e-12
1.564337423082970196e-03 2.386050851704940743e-09 5.198507054070127404e-12
1.654609320819551291e-03 2.381821314981023770e-09 5.198424893617677128e-12
1.750090462674900715e-03 2.377594416869743937e-09 5.198342745528980760e-12
1.851081454097328396e-03 2.373370057378748911e-09 5.198260370133791291e-12
1.957900247319724861e-03 2.369148281714713173e-09 5.198177869348467346e-12
2.070883142375799443e-03 2.364928939413827407e-09 5.198094899613810979e-12
2.190385845881117743e-03 2.360712446731187116e-09 5.198012392995256206e-12
2.316784590912321796e-03 2.356498394641649916e-09 5.197929434927630181e-12
2.450477321510272782e-03 2.352287011979468920e-09 5.197846528568100647e-12
2.591884945536316806e-03 2.348078015370994196e-09 5.197763034915662790e-12
2.741452659826067607e-03 2.343871587016300328e-09 5.197679352425300978e-12
2.899651351812720934e-03 2.339667942648531376e-09 5.197595970066437631e-12
3.066979082032657202e-03 2.335466837808395707e-09 5.197512340011007189e-12
3.243962652180746448e-03 2.331268333829946904e-09 5.197428580088105869e-12
3.431159263652092378e-03 2.327072340595005894e-09 5.197344496873749956e-12
3.629158271791845056e-03 2.322879115654292454e-09 5.197260665398375828e-12
3.838583041376025448e-03 2.318688271497002862e-09 5.197176203404499809e-12
4.060092909165011026e-03 2.314500075089908580e-09 5.197091706104899270e-12
4.294385259708442641e-03 2.310314576662316911e-09 5.197007292558387499e-12
4.542197720936841897e-03 2.306131574236778918e-09 5.196922496521600776e-12
4.804310486452384454e-03 2.301951150193757392e-09 5.196837499773889360e-12
5.081548771830163118e-03 2.297773314113663151e-09 5.196752320878793706e-12
5.374785412663098984e-03 2.293598205937766582e-09 5.196667277191144040e-12
5.684943612530097418e-03 2.289425567746021274e-09 5.196581777478723316e-12
6.012999849538836622e-03 2.285255420294430693e-09 5.196495851391138812e-12
6.359986950593989573e-03 2.281088162680296900e-09 5.196410429696237463e-12
6.726997343069629313e-03 2.276923306395832305e-09 5.196324368117290957e-12
7.115186494123153758e-03 2.272761234078345992e-09 5.196238560690493194e-12
7.525776548478788075e-03 2.268601723003002300e-09 5.196152472534699703e-12
7.960060176133590057e-03 2.264444846555476398e-09 5.196066288674666717e-12
8.419404642099776251e-03 2.260290514479977788e-09 5.195979778887143550e-12
8.905256110996212504e-03 2.256138762764003218e-09 5.195893032319233854e-12
9.419144200041359299e-03 2.251989677116991447e-09 5.195806223141148755e-12
9.962686794781898392e-03 2.247843192296819077e-09 5.195719234415154268e-12
1.053759514271856816e-02 2.243699233037121935e-09 5.195631854315097529e-12
1.114567924086555355e-02 2.239558154868959515e-09 5.195544925096873744e-12
1.178885353420519935e-02 2.235419500118790132e-09 5.195457350047071184e-12
1.246914294297865600e-02 2.231283441760835286e-09 5.195369558893233283e-12
1.318868923778827862e-02 2.227150117155392279e-09 5.195281865065116480e-12
1.394975778258267587e-02 2.223019518855303187e-09 5.195194228584002559e-12
1.475474466675350330e-02 2.218891331858818256e-09 5.195105910209808835e-12
1.560618424879813525e-02 2.214765839449923519e-09 5.195017578844273455e-12
1.650675713529810296e-02 2.210642991083961474e-09 5.194929113021203204e-12
1.745929862033369917e-02 2.206522795579725074e-09 5.194840529957545045e-12
1.846680761190476125e-02 2.202405237655521928e-09 5.194751772730714069e-12
1.953245607346085211e-02 2.198290327579512246e-09 5.194662877511316750e-12
2.065959901026586526e-02 2.194177882154001923e-09 5.194573400703714710e-12
2.185178503203731928e-02 2.190068318431221392e-09 5.194484330252163073e-12
2.311276752511497168e-02 2.185961457675241622e-09 5.194395241497007641e-12
2.444651646933228978e-02 2.181856914398421898e-09 5.194305191827006378e-12
2.585723093679419271e-02 2.177755367189274593e-09 5.194215823715531557e-12
2.734935231191112925e-02 2.173656244095906315e-09 5.194125739415859518e-12
2.892757827431056625e-02 2.169559792346783567e-09 5.194035545062984838e-12
3.059687758864846133e-02 2.165466046694802529e-09 5.193945310315059985e-12
3.236250574788394896e-02 2.161374928133849304e-09 5.193854845627222884e-12
3.423002151926721193e-02 2.157286425739397931e-09 5.193764118686052264e-12
3.620530444513273688e-02 2.153200503639017450e-09 5.193673034177876011e-12
3.829457335359601894e-02 2.149117565035836285e-09 5.193582574801816372e-12
4.050440593743140361e-02 2.145037013051112751e-09 5.193491269923305254e-12
4.284175946277173075e-02 2.140959062474602173e-09 5.193399650905077625e-12
4.531399267282734677e-02 2.136883984078137437e-09 5.193308373200638701e-12
4.792888895558456569e-02 2.132811452495867620e-09 5.193216634545106921e-12
5.069468084842290029e-02 2.128741624081083748e-09 5.193124811067808603e-12
5.362007595679954552e-02 2.124674572891604378e-09 5.193033080870966798e-12
5.671428436860150718e-02 2.120609968799252475e-09 5.192940626278890537e-12
5.998704765047451620e-02 2.116548147193849666e-09 5.192848268536071264e-12
6.344866951741866268e-02 2.112488836398648154e-09 5.192755337721952504e-12
6.711004827220842794e-02 2.108432486711522025e-09 5.192662938404639825e-12
7.098271111676694722e-02 2.104378689832260885e-09 5.192570049239613399e-12
7.507885044351768344e-02 2.100327534460741731e-09 5.192476908850596206e-12
7.941136222097060215e-02 2.096279096425618824e-09 5.192383663678311743e-12
8.399388659439271931e-02 2.092233298072984472e-09 5.192290155711171572e-12
8.884085082938748823e-02 2.088190235240817418e-09 5.192196578770838604e-12
9.396751473358277984e-02 2.084149676212889126e-09 5.192102385799659392e-12
9.939001869943002443e-02 2.080112153382555381e-09 5.192008887500387308e-12
1.051254345193684964e-01 2.076077008628525289e-09 5.191914421606810179e-12
1.111918191333372830e-01 2.072044680828825849e-09 5.191820093359369043e-12
1.176082714778495797e-01 2.068014950930979064e-09 5.191725346776769851e-12
1.243949926156085184e-01 2.063988146683768253e-09 5.191631011899999556e-12
1.315733493349717509e-01 2.059963752427062424e-09 5.191535764328392562e-12
1.391659414194967859e-01 2.055942144933437373e-09 5.191440557770170213e-12
1.471966727993530288e-01 2.051923332194864849e-09 5.191345418995233272e-12
1.556908268086082681e-01 2.047907144801359000e-09 5.191249897866897960e-12
1.646751457853237177e-01 2.043893556369918087e-09 5.191153929809637625e-12
1.741779152650645979e-01 2.039882985991273550e-09 5.191058584834867979e-12
1.842290530328944131e-01 2.035874915823289965e-09 5.190962522320256489e-12
1.948602033142174395e-01 2.031869469839806808e-09 5.190866053931656716e-12
2.061048364010124867e-01 2.027866827119923878e-09 5.190769641692236867e-12
2.179983540271136777e-01 2.023866947798992147e-09 5.190673186572728874e-12
2.305782008242933667e-01 2.019869656754489565e-09 5.190576201081710822e-12
2.438839822100472010e-01 2.015875120613194000e-09 5.190479149947683075e-12
2.579575890782297987e-01 2.011883317670154596e-09 5.190381945065544789e-12
2.728433296851077716e-01 2.007894240686001611e-09 5.190284578439457164e-12
2.885880691460495640e-01 2.003907770421996274e-09 5.190186711038131379e-12
3.052413769820329081e-01 1.999924185490697795e-09 5.190089087548845287e-12
3.228556831804941796e-01 1.995943264923822872e-09 5.189991115005392364e-12
3.414864432618490153e-01 1.991965078061275278e-09 5.189892961683287893e-12
3.611923128713670494e-01 1.987989449316027211e-09 5.189794188923488004e-12
3.820353324460729616e-01 1.984016785057831080e-09 5.189695837228453337e-12
4.040811225380636085e-01 1.980046856820664804e-09 5.189597303758489465e-12
4.273990904091833909e-01 1.976079538919255528e-09 5.189498252354851382e-12
4.520626485474836254e-01 1.972114975899331504e-09 5.189399058715058549e-12
4.781494457934262199e-01 1.968153058148701190e-09 5.189299419979944849e-12
5.057416118034941954e-01 1.964194011710941096e-09 5.189199943204090593e-12
5.349260156208522909e-01 1.960237661312821828e-09 5.189100157911575692e-12
5.657945391671315161e-01 1.956284060469217047e-09 5.189000189930931460e-12
5.984443665163698967e-01 1.952333190446389633e-09 5.188899994787648429e-12
6.329782898618409037e-01 1.948385055578673766e-09 5.188799567867726874e-12
6.695050331390510756e-01 1.944439692254029142e-09 5.188699004595630218e-12
7.081395943237766000e-01 1.940497069553258410e-09 5.188598220956910509e-12
7.490036074828030355e-01 1.936557181322703191e-09 5.188497195934871320e-12
7.922257257172218292e-01 1.932620002055147490e-09 5.188395837437931168e-12
8.379420262039108946e-01 1.928685764264784025e-09 5.188294803439030703e-12
8.862964386104029701e-01 1.924754023670918491e-09 5.188192850880856030e-12
9.374411982319280634e-01 1.920825056567029842e-09 5.188090733001183945e-12
9.915373252772519130e-01 1.916899012862589828e-09 5.187988858204109120e-12
1.048755131812258101e+00 1.912975741072355904e-09 5.187886798049509924e-12
1.109274757957294355e+00 1.909055224126521003e-09 5.187784528351450005e-12
1.173286739026407233e+00 1.905137247187622160e-09 5.187681416824559183e-12
1.240992605393999249e+00 1.901222262753848778e-09 5.187578717032630334e-12
1.312605516977486175e+00 1.897309959294537530e-09 5.187475570100097389e-12
1.388350934333508535e+00 1.893400434722527300e-09 5.187372237522728906e-12
1.468467328480523859e+00 1.889493593088902845e-09 5.187268437757606051e-12
1.553206931682532987e+00 1.885589696083029939e-09 5.187164903071918861e-12
1.642836531557647861e+00 1.881688465570175627e-09 5.187060853764448076e-12
1.737638311011610481e+00 1.877789990582583039e-09 5.186956519380607838e-12
1.837910736640647080e+00 1.873894513236551416e-09 5.186852587320922401e-12
1.943969498400634377e+00 1.870001638290723309e-09 5.186747934932156636e-12
2.056148503500960345e+00 1.866111479998766112e-09 5.186642873478123629e-12
2.174800927652177585e+00 1.862224175709346556e-09 5.186537794471109613e-12
2.300300326977119170e+00 1.858339619297488305e-09 5.186432380582015816e-12
2.433041814086124521e+00 1.854457884913581146e-09 5.186326836115282658e-12
2.573443302019051249e+00 1.850579033401576012e-09 5.186221349354150525e-12
2.721946819970390230e+00 1.846702857368671019e-09 5.186115294829305534e-12
2.879019904939826180e+00 1.842829587354321714e-09 5.186009342815955425e-12
3.045157073689592320e+00 1.838958955984022560e-09 5.185902710710714527e-12
3.220881379642831721e+00 1.835091287666209035e-09 5.185796331825145060e-12
3.406746059624571998e+00 1.831226251046148077e-09 5.185689238139108755e-12
3.603336275629792418e+00 1.827364096668027001e-09 5.185582152487241056e-12
3.811270957102226742e+00 1.823504728622967141e-09 5.185474795095391351e-12
4.031204749523995545e+00 1.819648167474885941e-09 5.185367202618587799e-12
4.263830075450849577e+00 1.815794338043761165e-09 5.185259166189523589e-12
4.509879314481834989e+00 1.811943383981541247e-09 5.185151090554222842e-12
4.770127109026628176e+00 1.808095470639816009e-09 5.185043444899862292e-12
5.045392803129828962e+00 1.804249996336955612e-09 5.184934483761591115e-12
5.336543022030435957e+00 1.800407648919488568e-09 5.184826190366611025e-12
5.644494400577778848e+00 1.796567969318757607e-09 5.184717230683529876e-12
5.970216469093835521e+00 1.792731121754390829e-09 5.184608077192258196e-12
6.314734705767578227e+00 1.788897062053484173e-09 5.184498604280093378e-12
6.679133765191254568e+00 1.785065871752751594e-09 5.184389010872569927e-12
7.064560893203081449e+00 1.781237552719966917e-09 5.184279329274161186e-12
7.472229538787388492e+00 1.777412012919986054e-09 5.184169261994309202e-12
7.903423174403622298e+00 1.773589151562417217e-09 5.184058508248840118e-12
8.359499336771854416e+00 1.769769306584013739e-09 5.183948064763715487e-12
8.841893900836479858e+00 1.765952322754826267e-09 5.183837470805073490e-12
9.352125600363926594e+00 1.762138023185248938e-09 5.183726176671789350e-12
9.891800809406689154e+00 1.758326703113882383e-09 5.183615076019892353e-12
1.046261859968723940e+01 1.754518078439741307e-09 5.183503292488556795e-12
1.106637608982415166e+01 1.750712374679614521e-09 5.183391507708020184e-12
1.170497410324147225e+01 1.746909346421730530e-09 5.183278979335968000e-12
1.238042315257429138e+01 1.743109466126772388e-09 5.183167111357501981e-12
1.309484976941136303e+01 1.739312266112677785e-09 5.183054494446400633e-12
1.385050319930281226e+01 1.735518057246895245e-09 5.182942058749673069e-12
1.464976248311100981e+01 1.731726534164876538e-09 5.182828877659635072e-12
1.549514394699897046e+01 1.727937887318039787e-09 5.182715505188909416e-12
1.638930912463719025e+01 1.724152069001766920e-09 5.182601802709914347e-12
1.733507313657056415e+01 1.720369201174717526e-09 5.182488143856655006e-12
1.833541355312636867e+01 1.716589142190508119e-09 5.182374074850608869e-12
1.939347976876657498e+01 1.712811925094701216e-09 5.182259683585570906e-12
2.051260291739798092e+01 1.709037594963646097e-09 5.182145125056832417e-12
2.169630635985678779e+01 1.705266163743117695e-09 5.182030409079967352e-12
2.294831677658556401e+01 1.701497610689017121e-09 5.181915461314582734e-12
2.427257590042596647e+01 1.697731777947479893e-09 5.181799801173148378e-12
2.567325292646578916e+01 1.693969057288762146e-09 5.181684617371363993e-12
2.715475763801061149e+01 1.690209110755929615e-09 5.181568885212986836e-12
2.872175429000474622e+01 1.686451987093513433e-09 5.181452715676964706e-12
3.037917629361106364e+01 1.682697693884829798e-09 5.181336142098694061e-12
3.213224174818146395e+01 1.678946403367001634e-09 5.181219684689650063e-12
3.398646986951759175e+01 1.675197927085883282e-09 5.181102757126355028e-12
3.594769836614339908e+01 1.671452375675960607e-09 5.180985684646263292e-12
3.802210181829545377e+01 1.667709666879971511e-09 5.180868219289607615e-12
4.021621111749426092e+01 1.663969793324058264e-09 5.180750313822025148e-12
4.253693402789838984e+01 1.660233040442468279e-09 5.180632870129966422e-12
4.499157693417532045e+01 1.656498874831154312e-09 5.180514186068654523e-12
4.758786784435831407e+01 1.652767837230497737e-09 5.180395980062846300e-12
5.033398072010967894e+01 1.649039617477382945e-09 5.180277245188605662e-12
5.323856121099000660e+01 1.645314308111614849e-09 5.180158288136809350e-12
5.631075387375309305e+01 1.641591887873485795e-09 5.180039008983011853e-12
5.956023096236175718e+01 1.637872343487148133e-09 5.179919366080608034e-12
6.299722287936476306e+01 1.634155738429682100e-09 5.179799561996362876e-12
6.663255038450557777e+01 1.630442036963856305e-09 5.179679471282148786e-12
7.047765866196617424e+01 1.626731237793346791e-09 5.179559076524378421e-12
7.454465335350033683e+01 1.623023319339502639e-09 5.179438309002977867e-12
7.884633867090080628e+01 1.619318454118201470e-09 5.179317709695922428e-12
8.339625770779001357e+01 1.615616305991928346e-09 5.179196185453216098e-12
8.820873507764954979e+01 1.611917231096763343e-09 5.179074877601307787e-12
9.329892201232627258e+01 1.608220915180387926e-09 5.178952763801033369e-12
9.868284406299964928e+01 1.604527773500258843e-09 5.178831191470604604e-12
1.043774515537888163e+02 1.600837314308585325e-09 5.178708536339711793e-12
1.104006729468430024e+02 1.597149865893090704e-09 5.178585874881183756e-12
1.167714712869262854e+02 1.593465405895198622e-09 5.178463109304921492e-12
1.235099039032023569e+02 1.589783729454911897e-09 5.178339581407818111e-12
1.306371855561795599e+02 1.586105228264609470e-09 5.178216563429683313e-12
1.381757552286233874e+02 1.582429387241892450e-09 5.178092332859172177e-12
1.461493467707159084e+02 1.578756645007630618e-09 5.177968346195741690e-12
1.545830636218753682e+02 1.575086825594603488e-09 5.177844009452315205e-12
1.635034578444850126e+02 1.571420047852455861e-09 5.177719714384533227e-12
1.729386137183542473e+02 1.567755987302287016e-09 5.177594353977708851e-12
1.829182361590950450e+02 1.564095073251618209e-09 5.177469372236478222e-12
1.934737442387824160e+02 1.560436941606703480e-09 5.177343529143068843e-12
2.046383701033332159e+02 1.556781949982634869e-09 5.177218022839823583e-12
2.164472635980258701e+02 1.553129764057927184e-09 5.177091724330762308e-12
2.289376029305571478e+02 1.549480560499772726e-09 5.176965202094172873e-12
2.421487117200380226e+02 1.545834324927253559e-09 5.176838415011466828e-12
2.561221828004372583e+02 1.542191167525505190e-09 5.176711733197245414e-12
2.709020091682456268e+02 1.538550848306893520e-09 5.176584305522843621e-12
2.865347224866261513e+02 1.534913418500273946e-09 5.176456324446522301e-12
3.030695395821068132e+02 1.531279166302345429e-09 5.176328749459542183e-12
3.205585173950333342e+02 1.527647667241177662e-09 5.176200128378666638e-12
3.390567168716175956e+02 1.524019372131151400e-09 5.176072000245480508e-12
3.586223763135653826e+02 1.520393907066977612e-09 5.175943048789564960e-12
3.793170947310451311e+02 1.516771341921417001e-09 5.175813531155158729e-12
4.012060257762508968e+02 1.513151965829047618e-09 5.175684421757875429e-12
4.243580828681261323e+02 1.509535511282057360e-09 5.175554801087330974e-12
4.488461561540462412e+02 1.505921936736263834e-09 5.175424483948988694e-12
4.747473419915256159e+02 1.502311312422875293e-09 5.175293747588257986e-12
5.021431856724319118e+02 1.498703843640145131e-09 5.175163267818463770e-12
5.311199381538808666e+02 1.495099360917193352e-09 5.175032457176100607e-12
5.617688276040845494e+02 1.491497644424004178e-09 5.174900520846157450e-12
5.941863466180660680e+02 1.487899224035134101e-09 5.174769330693524734e-12
6.284745560074887862e+02 1.484303515279000965e-09 5.174636800725920076e-12
6.647414061210287173e+02 1.480711066499764308e-09 5.174504868389963577e-12
7.031010767069097938e+02 1.477121363927750736e-09 5.174371692607124232e-12
7.436743363875995101e+02 1.473534922066040718e-09 5.174239101524268756e-12
7.865889228784071747e+02 1.469951325672814528e-09 5.174105610409779563e-12
8.319799451470350959e+02 1.466370753976944390e-09 5.173971840542513137e-12
8.799903087802116488e+02 1.462793303644718758e-09 5.173838134509264104e-12
9.307711658965963579e+02 1.459218776832728533e-09 5.173703769179615327e-12
9.844823910224300789e+02 1.455647296229853044e-09 5.173569170253113857e-12
1.041293084428137945e+03 1.452078834323076844e-09 5.173434231347810794e-12
1.101382104510553290e+03 1.448513431803653029e-09 5.173299104169255713e-12
1.164938630896871018e+03 1.444951014241543344e-09 5.173163489761100765e-12
1.232162760043168191e+03 1.441391494233371970e-09 5.173027061986929655e-12
1.303266135202621399e+03 1.437835085848970406e-09 5.172890599909472723e-12
1.378472612746769983e+03 1.434281795794217638e-09 5.172754109586365039e-12
1.458018966937616597e+03 1.430731508685396787e-09 5.172617163540723875e-12
1.542155635369416586e+03 1.427184258487628443e-09 5.172479875099701231e-12
1.631147507427045639e+03 1.423640097364965378e-09 5.172342428987386113e-12
1.725274758243267797e+03 1.420098882566076865e-09 5.172204277278973220e-12
1.824833730780474070e+03 1.416560718929246356e-09 5.172065811493916336e-12
1.930137868813961404e+03 1.413025611326272356e-09 5.171927019516476796e-12
2.041518703754094076e+03 1.409493611228090667e-09 5.171788105476765897e-12
2.159326898414174593e+03 1.405964584495251936e-09 5.171648545375196089e-12
2.283933351010146907e+03 1.402438617843863387e-09 5.171508644600703832e-12
2.415730362867876011e+03 1.398915715876422471e-09 5.171368426256259458e-12
2.555132873514325638e+03 1.395395920973624649e-09 5.171228022821579911e-12
2.702579767041099331e+03 1.391879082013043481e-09 5.171086866575018185e-12
2.858535253853197446e+03 1.388365467701930046e-09 5.170945965076341649e-12
3.023490332153182408e+03 1.384854834796917606e-09 5.170804372601859456e-12
3.197964333761975922e+03 1.381347175400223192e-09 5.170662044994430497e-12
3.382506559143030245e+03 1.377842773080102141e-09 5.170520061554152191e-12
3.577698006777457977e+03 1.374341273784744734e-09 5.170377068757833731e-12
3.784153202334750404e+03 1.370842955297607202e-09 5.170234094700496373e-12
4.002522133397905691e+03 1.367347687474635463e-09 5.170090642752916978e-12
4.233492295834104880e+03 1.363855496011792203e-09 5.169946805050823758e-12
4.477790858253570150e+03 1.360366440317983934e-09 5.169802783772819113e-12
4.736186951371024406e+03 1.356880473943172459e-09 5.169658398350705147e-12
5.009494089477380840e+03 1.353397551171751945e-09 5.169513465154610632e-12
5.298572731645325803e+03 1.349917666163368804e-09 5.169367934251058147e-12
5.604332990732049439e+03 1.346440902547276674e-09 5.169222132329208044e-12
5.927737498708394924e+03 1.342967315599136945e-09 5.169076255745525327e-12
6.269804437334781142e+03 1.339496872436526143e-09 5.168930169051641190e-12
6.631610743726168039e+03 1.336029412143013669e-09 5.168783234486862105e-12
7.014295500897440434e+03 1.332565077314595037e-09 5.168635986645656302e-12
7.419063523964556225e+03 1.329103806312501317e-09 5.168488172443563258e-12
7.847189153291126786e+03 1.325645820087088117e-09 5.168340668266657073e-12
8.300020266523379178e+03 1.322190704159039074e-09 5.168191800746920508e-12
8.778982522143713140e+03 1.318738911253036189e-09 5.168043365476034469e-12
9.285583847903973947e+03 1.315290147990882476e-09 5.167894184961828298e-12
9.821419188268357175e+03 1.311844470071345723e-09 5.167744465347383973e-12
1.038817552581361633e+04 1.308402014047996315e-09 5.167594742766504373e-12
1.098763719239431157e+04 1.304962581535995531e-09 5.167444212082722974e-12
1.162169148679567115e+04 1.301526274372712963e-09 5.167293241182271377e-12
1.229233461655888095e+04 1.298093144091444524e-09 5.167142060064520280e-12
1.300167798268701335e+04 1.294663158461132801e-09 5.166990511020610771e-12
1.375195482701638866e+04 1.291236312345603888e-09 5.166838571189860504e-12
1.454552726318300120e+04 1.287812678273045888e-09 5.166686515165797608e-12
1.538489371331811344e+04 1.284392125895795454e-09 5.166533793431029955e-12
1.627269677388787750e+04 1.280974670947141129e-09 5.166380468722507263e-12
1.721173153543933950e+04 1.277560345789498883e-09 5.166226652762178587e-12
1.820495438244804609e+04 1.274149308793633815e-09 5.166072981579336956e-12
1.925549230096989413e+04 1.270741348025908771e-09 5.165918566513280648e-12
2.036665272340297088e+04 1.267336471632074582e-09 5.165763452700547159e-12
2.154193394135150811e+04 1.263934876655827920e-09 5.165608413295637214e-12
2.278503611937745882e+04 1.260536382668569314e-09 5.165452696078864519e-12
2.409987294431198825e+04 1.257141064173181022e-09 5.165296599281546654e-12
2.549058394680536003e+04 1.253748829038866480e-09 5.165139725677624686e-12
2.696154753390457699e+04 1.250359947890554811e-09 5.164983186854179840e-12
2.851739477369256929e+04 1.246974079966871897e-09 5.164825550899255359e-12
3.016302397538421428e+04 1.243591499232466457e-09 5.164667948934203299e-12
3.190361611078543865e+04 1.240212004597276302e-09 5.164509510727485127e-12
3.374465112566349853e+04 1.236835741645218075e-09 5.164350850102919350e-12
3.569192519238577370e+04 1.233462650329830841e-09 5.164191714051028080e-12
3.775156895813984738e+04 1.230092669323200556e-09 5.164031786182477768e-12
3.993006684619048610e+04 1.226725973047938459e-09 5.163871825369894057e-12
4.223427747093550715e+04 1.223362534713268825e-09 5.163711702649412032e-12
4.467145523103862070e+04 1.220002176824080485e-09 5.163550627187686029e-12
4.724927314861620835e+04 1.216644994878679352e-09 5.163389010896096903e-12
4.997584702638862655e+04 1.213291072682392524e-09 5.163227193682015486e-12
5.285976099884476571e+04 1.209940397568122897e-09 5.163065103468669747e-12
5.591009455786934996e+04 1.206592858897716889e-09 5.162902254603054757e-12
5.913645113791179028e+04 1.203248589272404987e-09 5.162739198850043874e-12
6.254898835069889174e+04 1.199907416613580609e-09 5.162575180656625386e-12
6.615844996467270539e+04 1.196569564188986799e-09 5.162411153651441664e-12
6.997619972984284686e+04 1.193234982399901675e-09 5.162246896005040323e-12
7.401425715453675366e+04 1.189903525448602259e-09 5.162081732486667471e-12
7.828533534669302753e+04 1.186575342724473177e-09 5.161916313315253311e-12
8.280288103882569703e+04 1.183250323311974513e-09 5.161750152563484799e-12
8.758111692268014303e+04 1.179928608122104681e-09 5.161583838646321371e-12
9.263508642685413361e+04 1.176610128717908404e-09 5.161417066152828731e-12
9.798070107836856914e+04 1.173294821939893586e-09 5.161249526359364479e-12
1.036347905972866138e+05 1.169982724234801651e-09 5.161081357617591512e-12
1.096151558821069048e+05 1.166673990610766233e-09 5.160913267237189792e-12
1.159406250527333905e+05 1.163368444378262603e-09 5.160744422331146798e-12
1.226311127274765167e+05 1.160066099288459965e-09 5.160574865365328673e-12
1.297076827206949092e+05 1.156767005578094945e-09 5.160404829834293978e-12
1.371926143584844831e+05 1.153471280549814818e-09 5.160234819957738493e-12
1.451094726211829693e+05 1.150178726731452245e-09 5.160063923493740830e-12
1.534831823335372610e+05 1.146889492604544587e-09 5.159892799298808667e-12
1.623401066360908444e+05 1.143603424246518819e-09 5.159720714202265562e-12
1.717081299848630733e+05 1.140320723376113216e-09 5.159548604241332403e-12
1.816167459406104172e+05 1.137041242941268739e-09 5.159375759768196598e-12
1.920971500240793684e+05 1.133764989701642488e-09 5.159202193437399160e-12
2.031823379295674677e+05 1.130492135536329216e-09 5.159028698778454303e-12
2.149072094060233794e+05 1.127222523315129603e-09 5.158854510991230393e-12
2.273086781327131321e+05 1.123956163992202321e-09 5.158679676091764713e-12
2.404257879354018951e+05 1.120692958881741495e-09 5.158503709488343638e-12
2.542998357089106867e+05 1.117433275348669808e-09 5.158328322401140824e-12
2.689745014330762206e+05 1.114176771362949483e-09 5.158151885448378487e-12
2.844959856914156699e+05 1.110923568921636592e-09 5.157974944747831759e-12
3.009131551254822989e+05 1.107673652116716400e-09 5.157797432004246169e-12
3.182776962828140822e+05 1.104426990201395021e-09 5.157619171501411647e-12
3.366442783428751864e+05 1.101183726536566430e-09 5.157440816719174815e-12
3.560707252332660137e+05 1.097943769935367289e-09 5.157261950047853785e-12
3.766181976781184785e+05 1.094707024682765192e-09 5.157082048614195043e-12
3.983513857517826837e+05 1.091473721081013166e-09 5.156902237938745450e-12
4.213387125440692762e+05 1.088243680501579175e-09 5.156721615350730544e-12
4.456525495782052749e+05 1.085016937003084583e-09 5.156540334134866044e-12
4.713694446597584174e+05 1.081793527072041868e-09 5.156358561343906881e-12
4.985703628738184343e+05 1.078573414240525921e-09 5.156176093446057486e-12
5.273409414892288623e+05 1.075356714183228053e-09 5.155993485062123564e-12
5.577717595723308623e+05 1.072143298261948568e-09 5.155810074816741188e-12
5.899586231591120595e+05 1.068933145728369751e-09 5.155625739074273620e-12
6.240028668835089775e+05 1.065726449555331593e-09 5.155441425556423665e-12
6.600116730115562677e+05 1.062523065364838010e-09 5.155256397197811705e-12
6.980984088857300812e+05 1.059322960211864706e-09 5.155070463819825262e-12
7.383829838419494918e+05 1.056126325152108608e-09 5.154884560381588584e-12
7.809922267228406854e+05 1.052932923312148614e-09 5.154697499462135105e-12
8.260602851758875186e+05 1.049742910653804045e-09 5.154510020433465044e-12
8.737290479934928007e+05 1.046556342497265905e-09 5.154322383221634421e-12
9.241485918247144436e+05 1.043373083786372679e-09 5.154133916390914832e-12
9.774776536649606423e+05 1.040193122145426865e-09 5.153944500870207254e-12
1.033884130611309316e+06 1.037016625964218345e-09 5.153754987026638198e-12
1.093545608456721995e+06 1.033843480707467738e-09 5.153564768620041596e-12
1.156649920787464594e+06 1.030673621765028184e-09 5.153373508852486394e-12
1.223395740343817975e+06 1.027507230103806377e-09 5.153182095032538549e-12
1.293993204506019363e+06 1.024344242970247038e-09 5.152990199110892673e-12
1.368664576874510385e+06 1.021184625148366019e-09 5.152797612502632852e-12
1.447644947027522139e+06 1.018028393255334262e-09 5.152604394393920513e-12
1.531182970658892533e+06 1.014875503445763248e-09 5.152410306579649881e-12
1.619541652426482178e+06 1.011726038831337227e-09 5.152215758542933153e-12
1.712999173975666286e+06 1.008579995183084976e-09 5.152020693629649148e-12
1.811849769744980382e+06 1.005437377461479797e-09 5.151825144934443569e-12
1.916404653311034432e+06 1.002298031419870054e-09 5.151628256427720981e-12
2.026992997189344373e+06 9.991622312017762791e-10 5.151431454029322397e-12
2.143962969175580423e+06 9.960298358904592177e-10 5.151233990933143594e-12
2.267682828490214888e+06 9.929008245262840115e-10 5.151035698452147743e-12
2.398542085177321918e+06 9.897752654653302143e-10 5.150836960285369470e-12
2.536952726407975424e+06 9.866530746743756450e-10 5.150637261145690048e-12
2.683350513548740186e+06 9.835342726295033672e-10 5.150436747580221004e-12
2.838196354079166427e+06 9.804190128237234474e-10 5.150236164283515179e-12
3.001977752677193843e+06 9.773070961268580087e-10 5.150034439726019522e-12
3.175210346041294746e+06 9.741987331164653426e-10 5.149832670810825383e-12
3.358439526281114202e+06 9.710937145329003199e-10 5.149629758024242436e-12
3.552242157987939194e+06 9.679922000036044006e-10 5.149426476015488386e-12
3.757228394390493166e+06 9.648940343297875053e-10 5.149222005010668864e-12
3.974043598314321600e+06 9.617994712608561508e-10 5.149017686714827968e-12
4.203370373992118984e+06 9.587082628021485590e-10 5.148812143771152857e-12
4.445930716122271493e+06 9.556205461842100689e-10 5.148606098129698975e-12
4.702488282941034064e+06 9.525362662005628162e-10 5.148399249104881248e-12
4.973850800465251319e+06 9.494553823548446953e-10 5.148191316105591078e-12
5.260872605474375188e+06 9.463780961718683103e-10 5.147983403304241201e-12
5.564457335238520056e+06 9.433042694060134267e-10 5.147774738310040742e-12
5.885560772460043430e+06 9.402339168522345486e-10 5.147565371641264427e-12
6.225193854386120103e+06 9.371669851363364168e-10 5.147354976519756481e-12
6.584425855565262027e+06 9.341035622489916385e-10 5.147144015048808536e-12
6.964387754268867895e+06 9.310436374530435870e-10 5.146932416864395491e-12
7.366275793175606057e+06 9.279871927062413270e-10 5.146720046225545516e-12
7.791355245529637672e+06 9.249342255360380928e-10 5.146506866577076158e-12
8.240964398628890514e+06 9.218847518665082260e-10 5.146292957940765418e-12
8.716518767185606062e+06 9.188388342591032011e-10 5.146078653710952198e-12
9.219515549823215231e+06 9.157963920167795832e-10 5.145863444373138234e-12
9.751538342741051689e+06 9.127574823974360803e-10 5.145647667368467476e-12
1.031426212538596056e+07 9.097219758131672906e-10 5.145430532356709419e-12
1.090945853382845409e+07 9.066900722255265434e-10 5.145213173536704430e-12
1.153900143844447844e+07 9.036617066585064398e-10 5.144995202124834784e-12
1.220487284346443973e+07 9.006367832821370011e-10 5.144776042233506270e-12
1.290916912696179003e+07 8.976154842416269552e-10 5.144556714223279106e-12
1.365410764092813618e+07 8.945975966500368601e-10 5.144335978559348450e-12
1.444203369221247919e+07 8.915833558495018649e-10 5.144115177167298970e-12
1.527542792630449869e+07 8.885725560757007938e-10 5.143893074427969431e-12
1.615691413720663823e+07 8.855653343451184985e-10 5.143670478259679187e-12
1.708926752798487619e+07 8.825615936523502862e-10 5.143446771023040435e-12
1.807542344800306484e+07 8.795614153883544803e-10 5.143222443092888577e-12
1.911848663435059041e+07 8.765648430498221280e-10 5.142997723163617536e-12
2.022174098655609414e+07 8.735717739055756957e-10 5.142771993236066836e-12
2.138865990536359325e+07 8.705822197073865860e-10 5.142545297155819685e-12
2.262291722811833024e+07 8.675962197127400226e-10 5.142317860212491209e-12
2.392839879519300535e+07 8.646137884277583750e-10 5.142089762067698991e-12
2.530921468386662751e+07 8.616349204313839416e-10 5.141860971456650900e-12
2.676971214817493781e+07 8.586595015022375986e-10 5.141630761991776081e-12
2.831448930546826124e+07 8.556877285176633800e-10 5.141400341645029996e-12
2.994840961276968941e+07 8.527194630860573217e-10 5.141168870044693509e-12
3.167661717850642279e+07 8.497547594838143733e-10 5.140936667482228580e-12
3.350455295782415941e+07 8.467935734437597985e-10 5.140703479697871399e-12
3.543797188246881217e+07 8.438359770010829878e-10 5.140469753447881920e-12
3.748296097916992009e+07 8.408818890344254932e-10 5.140234994737342302e-12
3.964595853356410563e+07 8.379313489921322637e-10 5.139999466576280226e-12
4.193377435999719799e+07 8.349842738003294765e-10 5.139762666595514419e-12
4.435361124101620167e+07 8.320408168297646304e-10 5.139525598496359622e-12
4.691308760405458510e+07 8.291008462246019176e-10 5.139287474921912375e-12
4.962026150669907033e+07 8.261643970663613840e-10 5.139048536434766624e-12
5.248365600605686754e+07 8.232314370552268487e-10 5.138808652981150062e-12
5.551228599208847433e+07 8.203019325867083042e-10 5.138567656938342350e-12
5.871568656939222664e+07 8.173759444473308067e-10 5.138326020653301697e-12
6.210394307678896934e+07 8.144534171328286797e-10 5.138083475055743249e-12
6.568772283922531456e+07 8.115344254431213292e-10 5.137840589405463636e-12
6.947830875195312500e+07 8.086187618687600324e-10 5.137596132908119311e-12
7.348763480272708833e+07 8.057065340806517947e-10 5.137350985348472410e-12
7.772832364384733140e+07 8.027976938828183725e-10 5.137104917427137670e-12
8.221372633234478533e+07 7.998922051284070881e-10 5.136857900321159319e-12
8.695796436341489851e+07 7.969900243830334465e-10 5.136609818364428778e-12
9.197597412944439054e+07 7.940911387533159872e-10 5.136360853500254973e-12
9.728355394459208846e+07 7.911955185512347399e-10 5.136111041916909207e-12
1.028974137829834074e+08 7.883031591435161746e-10 5.135860620353042547e-12
1.088352278870972246e+08 7.854139324126975717e-10 5.135609080473387507e-12
1.151156904119912833e+08 7.825277731172161570e-10 5.135356389797314393e-12
1.217585742805289328e+08 7.796446565018913276e-10 5.135102721375148909e-12
1.287847934349250644e+08 7.767645608396946761e-10 5.134848475509788831e-12
1.362164686805835962e+08 7.738872799119770060e-10 5.134592736752054041e-12
1.440769973295361698e+08 7.710128515127088062e-10 5.134336396116401618e-12
1.523911268627246618e+08 7.681411363929367756e-10 5.134079216320104872e-12
1.611850328430606425e+08 7.652719872539828352e-10 5.133820822097468973e-12
1.704864013245490789e+08 7.624053106757561550e-10 5.133561342268972248e-12
1.803245160169134736e+08 7.595409324324711594e-10 5.133300897989355023e-12
1.907303504801695347e+08 7.566787431085386295e-10 5.133039527946367496e-12
2.017366656393850446e+08 7.538186000780980061e-10 5.132777281911568100e-12
2.133781129266511798e+08 7.509602026021426220e-10 5.132513930299896184e-12
2.256913433749637604e+08 7.481034445376862468e-10 5.132249628464918074e-12
2.387151230075095594e+08 7.452479761689646745e-10 5.131984081628176477e-12
2.524904548856141865e+08 7.423936224235307862e-10 5.131717788860507942e-12
2.670607081996199489e+08 7.395400332362219734e-10 5.131450302348275773e-12
2.824717548090810776e+08 7.366868520408658078e-10 5.131181745217996736e-12
2.987721136621893048e+08 7.338337884757451518e-10 5.130912304899215588e-12
3.160131035490763187e+08 7.309803761605951024e-10 5.130641286166176082e-12
3.342490046699368954e+08 7.281260253017215955e-10 5.130369632488451005e-12
3.535372295266016126e+08 7.252703888877433756e-10 5.130096930755540841e-12
3.739385036756303310e+08 7.224129100930891768e-10 5.129823324644155572e-12
3.955170569119563699e+08 7.195527500644936280e-10 5.129548171814331415e-12
4.183408254850216508e+08 7.166893025269911912e-10 5.129272211139398236e-12
4.424816659839958549e+08 7.138218001971824634e-10 5.128994927097536117e-12
4.680155815655208230e+08 7.109492876909924785e-10 5.128716505136880441e-12
4.950229612361686230e+08 7.080708995350216086e-10 5.128437514601387808e-12
5.235888329429932237e+08 7.051852019265036901e-10 5.128156659049464869e-12
5.538031312689245939e+08 7.022912933338707253e-10 5.127875175162068227e-12
5.857609805758750439e+08 6.993876337042947884e-10 5.127592405789931211e-12
6.195629944869201183e+08 6.964726986933386729e-10 5.127308489595040309e-12
6.553155926504744291e+08 6.935446709881021751e-10 5.127023278491690087e-12
6.931313357836586237e+08 6.906018323573021611e-10 5.126737192105821638e-12
7.331292800497826338e+08 6.876419822238771922e-10 5.126449786715521486e-12
7.754353518855581284e+08 6.846627266021352452e-10 5.126161206035694517e-12
8.201827444581853151e+08 6.816613372714819608e-10 5.125871335460106585e-12
8.675123370003907681e+08 6.786353142213575818e-10 5.125580474666512047e-12
9.175731383437409401e+08 6.755805994230234723e-10 5.125288156269449862e-12
9.705227560465179682e+08 6.724943614305421834e-10 5.124994836432781026e-12
1.026527892593208432e+09 6.693721842081107888e-10 5.124700462618444780e-12
1.085764870227675676e+09 6.662094711236646172e-10 5.124404644188381400e-12
1.148420186072516918e+09 6.630014264255778794e-10 5.124107445966617458e-12
1.214691099282175303e+09 6.597423814124238127e-10 5.123809293796343472e-12
1.284786252078455687e+09 6.564261015161486240e-10 5.123509532666667744e-12
1.358926326623514175e+09 6.530455998550688344e-10 5.123208887151719502e-12
1.437344739798562527e+09 6.495934460483062248e-10 5.122906912051673625e-12
1.520288378075515032e+09 6.460611956552056156e-10 5.122603262510073053e-12
1.608018374795329094e+09 6.424391448141346079e-10 5.122298581244138936e-12
1.700810932299960136e+09 6.387168624940346583e-10 5.121992818636259717e-12
1.798958191506520748e+09 6.348828557198446056e-10 5.121685521726196448e-12
1.902769151661138296e+09 6.309241465261076846e-10 5.121376991636606259e-12
2.012570643168365479e+09 6.268260625575873647e-10 5.121067004964569605e-12
2.128708356558676004e+09 6.225727189027883138e-10 5.120755492909759089e-12
2.251547930833877563e+09 6.181471844202230627e-10 5.120442971831027090e-12
2.381476104616653442e+09 6.135296410606244220e-10 5.120128994960638138e-12
2.518901933728632927e+09 6.086984741678614808e-10 5.119813807986503883e-12
2.664258079030014038e+09 6.036300406893630016e-10 5.119496927626352151e-12
2.818002168575655937e+09 5.982975122796858463e-10 5.119178886883914999e-12
2.980618238375838280e+09 5.926719643689273127e-10 5.118859420702030861e-12
3.152618256297925472e+09 5.867226319724449966e-10 5.118538770142301697e-12
3.334543733906295300e+09 5.804127672087279285e-10 5.118216516932936817e-12
3.526967431315593243e+09 5.737050871470765286e-10 5.117892784094399382e-12
3.730495160424360752e+09 5.665566282710667230e-10 5.117567386369889610e-12
3.945767692206521511e+09 5.589220474683993644e-10 5.117241044363089175e-12
4.173462774065018177e+09 5.507505354125049322e-10 5.116912991401468810e-12
4.414297263599478722e+09 5.419876506198970944e-10 5.116583531993368206e-12
4.669029385505215645e+09 5.325727215912627205e-10 5.116252328384832623e-12
4.938461118709414482e+09 5.224461925751114493e-10 5.115919734800131479e-12
5.223440721259388924e+09 5.115350302313232931e-10 5.115585765666334287e-12
5.524865400912808418e+09 4.997684615121521141e-10 5.115250516843583893e-12
5.843684139837184906e+09 4.870701865252010580e-10 5.114913298847364962e-12
6.180900682312180519e+09 4.733566207194693357e-10 5.114574897674536084e-12
6.537576694840250969e+09 4.585471206667518027e-10 5.114234648923923617e-12
6.914835108615599632e+09 4.425561431966108257e-10 5.113893069247583962e-12
7.313863654873866081e+09 4.252957645263159776e-10 5.113549778143206788e-12
7.735918604253593445e+09 4.066874699969982844e-10 5.113205216874304596e-12
8.182328721941281319e+09 3.866506941082767052e-10 5.112858768921349961e-12
8.654499451053236008e+09 3.651202290096588569e-10 5.112510769194478951e-12
9.153917337423938751e+09 3.420494189909723881e-10 5.112160904663040886e-12
9.682154709732364655e+09 3.174087419379599580e-10 5.111809883551446622e-12
1.024087462969965363e+10 2.911970124791966831e-10 5.111456735488856801e-12
1.083183612794439507e+10 2.634827098709604237e-10 5.111102486469937311e-12
1.145689974197853470e+10 2.343779988004603172e-10 5.110746058645011550e-12
1.211803337378025627e+10 2.040751209592630115e-10 5.110388012878250611e-12
1.281731848538394928e+10 1.728972116586966570e-10 5.110028608776989102e-12
1.355695665199479103e+10 1.412962468600776990e-10 5.109667251602901548e-12
1.433927649325776672e+10 1.099172641822986945e-10 5.109304345095290452e-12
1.516674100450427818e+10 7.965695360532652477e-11 5.108939732012696759e-12
1.604195531105562019e+10 5.171820702825133509e-11 5.108573361700634783e-12
1.696767486999867058e+10 2.770712768796943669e-11 5.108205041877245592e-12
1.794681414525378036e+10 9.748807830294472398e-12 5.107834912001424221e-12
1.898245578324834442e+10 6.107419130390546565e-13 5.107463247819674677e-12
2.007786031808171463e+10 3.899447789342533349e-12 5.107089831125224879e-12
2.123647643673936462e+10 2.426500276237075069e-11 5.106714326030480271e-12
2.246195183667215729e+10 6.767865359424775115e-11 5.106337168237772052e-12
2.375814470992583084e+10 1.417887643048843172e-10 5.105958388950650292e-12
2.512913588997359848e+10 2.563274992084080187e-10 5.105577520020358501e-12
2.657924169949760818e+10 4.237454215266230606e-10 5.105194596860956819e-12
2.811302753956530762e+10 6.597323153353936446e-10 5.104810315475097763e-12
2.973532226298625565e+10 9.841746738831795786e-10 5.104423955944359829e-12
3.145123337709780121e+10 1.422233251143441706e-09 5.104035481509169404e-12
3.326616312384735870e+10 2.005630957945496737e-09 5.103645492236045405e-12
3.518582548779297638e+10 2.774336642668677886e-09 5.103253368469721295e-12
3.721626418557185364e+10 3.778526237373699053e-09 5.102859171398479702e-12
3.936387169346913147e+10 5.081335163831393167e-09 5.102463332994493776e-12
4.163540937299724579e+10 6.762104992313664027e-09 5.102065672865884335e-12
4.403802875784343719e+10 8.920064525082421209e-09 5.101665714429360367e-12
4.657929406920713043e+10 1.167992070807212032e-08 5.101263975004733557e-12
4.926720603040730286e+10 1.519845016590115288e-08 5.100860357106435806e-12
5.211022705574288940e+10 1.966900972017576274e-08 5.100454690561006112e-12
5.511730789290318298e+10 2.533779682235200475e-08 5.100047359477390716e-12
5.829791580281195831e+10 3.251061476626850971e-08 5.099637664217080874e-12
6.166206436561747742e+10 4.156825866570158469e-08 5.099226110816815136e-12
6.522034500667613983e+10 5.298890624763218849e-08 5.098812972138706592e-12
6.898396034177656555e+10 6.736946721490046360e-08 5.098397632578705924e-12
7.296475944659167480e+10 8.545368890912289608e-08 5.097980371854673456e-12
7.717527516138952637e+10 1.081721023105074787e-07 5.097561118613560415e-12
8.162876354846127319e+10 1.366865028820924136e-07 5.097140035683488201e-12
8.633924562648197937e+10 1.724422219588171666e-07 5.096717212076724373e-12
9.132155151320515442e+10 2.172466333853166164e-07 5.096292399080081515e-12
9.659136711545523071e+10 2.733555435620149228e-07 5.095865463349407437e-12
1.021652835134271393e+11 3.435803093156238183e-07 5.095437039685177980e-12
1.080608491947595062e+11 4.314189687632466151e-07 5.095006943911825860e-12
1.142966253028405457e+11 5.412543144978942098e-07 5.094574787910877036e-12
1.208922440732722168e+11 6.785014436900257431e-07 5.094141522359755012e-12
1.278684706424871674e+11 8.499539091523133615e-07 5.093706253532556361e-12
1.352472684230975189e+11 1.064067020232071054e-06 5.093269549173077789e-12
1.430518682518102417e+11 1.331355862497497234e-06 5.092831480144085841e-12
1.513068415275917358e+11 1.664937987090130428e-06 5.092392225134904702e-12
1.600381775703656311e+11 2.081002470562697459e-06 5.091951420265916857e-12
1.692733654437768860e+11 2.599935799673903470e-06 5.091509918543440455e-12
1.790414804996408386e+11 3.246905121982518446e-06 5.091067014178711685e-12
1.893732759165258179e+11 4.053216450330858441e-06 5.090623568647447590e-12
2.003012795206893616e+11 5.057896657322199836e-06 5.090179354849720808e-12
2.118598961941696777e+11 6.309228508646322724e-06 5.089734957383472301e-12
2.240855161924640808e+11 7.867327372940679026e-06 5.089290193078372486e-12
2.370166297127873840e+11 9.806329130439388208e-06 5.088845237888355388e-12
2.506939480736407166e+11 1.221889504329350955e-05 5.088401004034965802e-12
2.651605318871768799e+11 1.521889966254384336e-05 5.087957151291159094e-12
2.804619266279124756e+11 1.894796378452830336e-05 5.087514587966461830e-12
2.966463060245675049e+11 2.358043464046808468e-05 5.087073198188366094e-12
3.137646237265183105e+11 2.933207451275915222e-05 5.086633815835298339e-12
3.318707737223250122e+11 3.646796050407337376e-05 5.086196556408210518e-12
3.510217600154107056e+11 4.531630766531078770e-05 5.085762315117057743e-12
3.712778760910448608e+11 5.627753300137080568e-05 5.085331225642603823e-12
3.927028947397034302e+11 6.984458262117580925e-05 5.084904736180506953e-12
4.153642688343880005e+11 8.661876332011705123e-05 5.084482985294499266e-12
4.393333436940516968e+11 1.073364365816108191e-04 5.084066297247836058e-12
4.646855817016683960e+11 1.328914286913573679e-04 5.083656229749757523e-12
4.915007998841803589e+11 1.643715508785056152e-04 5.083253577730856233e-12
5.198634212022545166e+11 2.030881484087799799e-04 5.082859048452073928e-12
5.498627403410032959e+11 2.506200456205919490e-04 5.082474099810831908e-12
5.815932048384882812e+11 3.088637788751844417e-04 5.082099268882314674e-12
6.151547124370236816e+11 3.800746176290162293e-04 5.081736403257159427e-12
6.506529255935262451e+11 4.669490487116057442e-04 5.081386435136868162e-12
6.881996041390183105e+11 5.726220250973565462e-04 5.081050417833110764e-12
7.279129571346657715e+11 7.008060158355692909e-04 5.080729890960787405e-12
7.699180150320183105e+11 8.557531678529432459e-04 5.080426225531273544e-12
8.143470233092423096e+11 1.042429329945801899e-03 5.080140828610669902e-12
8.613398588225521240e+11 1.266380146379630965e-03 5.079874906118212162e-12
9.110444701837224121e+11 1.533922008106880031e-03 5.079629623311658556e-12
9.636173435500230713e+11 1.851913198438636787e-03 5.079406232193471087e-12
1.019223995293170166e+12 2.227929817973342292e-03 5.079206010208640479e-12
1.078039493098265259e+12 2.669874786396037297e-03 5.079029296505748792e-12
1.140249007133399658e+12 3.186043345791359036e-03 5.078876801534233067e-12
1.206048393025051514e+12 3.784641595629554840e-03 5.078749481275032156e-12
1.275644808474837402e+12 4.473553250353554632e-03 5.078646368118766779e-12
1.349257365458792236e+12 5.259618424808734823e-03 5.078567499565384048e-12
1.427117820062625977e+12 6.148427954932525995e-03 5.078511927062937392e-12
1.509471302124608154e+12 7.143471732713264390e-03 5.078478226615072338e-12
1.596577086983450928e+12 8.245520291775882207e-03 5.078464345014652563e-12
1.688709411760724121e+12 9.451339016945848812e-03 5.078467885773138354e-12
1.786158338747869873e+12 1.075473862993573705e-02 5.078486430931603583e-12
1.889230668615825684e+12 1.214394011325936953e-02 5.078516588803172671e-12
1.998250906322599365e+12 1.360308058387406371e-02 5.078554931085733788e-12
2.113562282759572021e+12 1.511105342610370890e-02 5.078597950875166193e-12
2.235527835353179688e+12 1.664389443950243727e-02 5.078642780296203447e-12
2.364531551023790039e+12 1.817235562590632791e-02 5.078685494068111596e-12
2.500979575100515137e+12 1.966773186625030145e-02 5.078724317302699552e-12
2.645301489997741211e+12 2.109993884749652646e-02 5.078756898447100765e-12
2.797951667679290039e+12 2.244079835231108100e-02 5.078781999478696720e-12
2.959410700167867676e+12 2.366588648981690982e-02 5.078799156607379027e-12
3.130186912603935547e+12 2.475537171612514353e-02 5.078808925233495992e-12
3.310817963617249023e+12 2.569534475763180989e-02 5.078812142814476974e-12
3.501872538049847168e+12 2.647793831832822437e-02 5.078810173776841349e-12
3.703952137359300781e+12 2.710042266379378631e-02 5.078804736774798919e-12
3.917692973339524414e+12 2.756476967075380258e-02 5.078797629346164428e-12
4.143767971120761719e+12 2.787592241007508589e-02 5.078790197707731188e-12
4.382888887755195801e+12 2.804068076270469639e-02 5.078783370134138949e-12
4.635808553057651367e+12 2.806687423613747276e-02 5.078777836069215292e-12
4.903323239756933594e+12 2.796296737681873423e-02 5.078773458347095464e-12
5.186275170419283203e+12 2.773841290708263865e-02 5.078770431319800860e-12
5.485555169036976562e+12 2.740394664591382437e-02 5.078768020553290131e-12
5.802105465629500977e+12 2.697197882351167961e-02 5.078766134556645780e-12
6.136922662687891602e+12 2.645653195857939829e-02 5.078764210442917804e-12
6.491060872800904297e+12 2.587268782104910902e-02 5.078762176556639715e-12
6.865635037341843750e+12 2.523562168767350122e-02 5.078759760618542481e-12
7.261824436663503906e+12 2.455956824846019723e-02 5.078757552798836143e-12
7.680876402853505859e+12 2.385702656539967839e-02 5.078755173584164566e-12
8.124110246738130859e+12 2.313839390734211132e-02 5.078752777551186497e-12
8.592921411498833984e+12 2.241202740980380650e-02 5.078750340798660307e-12
9.088785865977328125e+12 2.168454555983674592e-02 5.078747956292022406e-12
9.613264751502082031e+12 2.096119371199516371e-02 5.078745427774685809e-12
1.016800929686488477e+13 2.024613647014748483e-02 5.078743089715945362e-12
1.075476601692229688e+13 1.954264654330204604e-02 5.078740556022114108e-12
1.137538221118757422e+13 1.885324206099928471e-02 5.078738037171912123e-12
1.203181177972601562e+13 1.817980379426729909e-02 5.078735529942036278e-12
1.272612137466274023e+13 1.752368486016588414e-02 5.078732866916180920e-12
1.346049690667095703e+13 1.688581463470234870e-02 5.078730569556869688e-12
1.423725042692358008e+13 1.626678209862541385e-02 5.078728066560135057e-12
1.505882740617687695e+13 1.566690775936509933e-02 5.078725604309177604e-12
1.592781443390137695e+13 1.508629865620422957e-02 5.078723028537081371e-12
1.684694736170079102e+13 1.452489547012599316e-02 5.078720449472216612e-12
1.781911991665501562e+13 1.398250988760623044e-02 5.078717994712710849e-12
1.884739281170733984e+13 1.345885437035779751e-02 5.078715388526801504e-12
1.993500338177626953e+13 1.295356777415005399e-02 5.078712882930353722e-12
2.108537577593124219e+13 1.246623388821704523e-02 5.078710315964587081e-12
2.230213173771799219e+13 1.199639738873007136e-02 5.078707849757391164e-12
2.358910200757666797e+13 1.154357623363147685e-02 5.078705266374712269e-12
2.495033838324864844e+13 1.110727111642389325e-02 5.078702807342169984e-12
2.639012647614422266e+13 1.068697351695780361e-02 5.078700263092071395e-12
2.791299920382918359e+13 1.028217149719519441e-02 5.078697805095307871e-12
2.952375106111297656e+13 9.892354267843203250e-03 5.078695379521659947e-12
3.122745321466518750e+13 9.517015815304495988e-03 5.078692945241901342e-12
3.302946946868580469e+13 9.155657633118652328e-03 5.078690560877217004e-12
3.493547315189034766e+13 8.807790782133034790e-03 5.078688209464806367e-12
3.695146497898057031e+13 8.472937257958890189e-03 5.078685834373399115e-12
3.908379194283030469e+13 8.150631222654790634e-03 5.078683521581825903e-12
4.133916729686860938e+13 7.840419566689134367e-03 5.078681286057063656e-12
4.372469169056621875e+13 7.541862381004854274e-03 5.078679044210349818e-12
4.624787552457281250e+13 7.254533331744723347e-03 5.078676896733574178e-12
4.891666259588132812e+13 6.978019543076187554e-03 5.078674802175437504e-12
5.173945510746609375e+13 6.711921714794919468e-03 5.078672729231862239e-12
5.472514012112703125e+13 6.455853892941731086e-03 5.078670758024071425e-12
5.788311753682977344e+13 6.209443143064912601e-03 5.078668826302700348e-12
6.122332968662342188e+13 5.972329503380282949e-03 5.078666970308150461e-12
6.475629263631240625e+13 5.744165620530889554e-03 5.078665177415922594e-12
6.849312929342246875e+13 5.524616318813130832e-03 5.078663480708229698e-12
7.244560442570507812e+13 5.313358289540914478e-03 5.078661885972476471e-12
7.662616170042193750e+13 5.110080625965950432e-03 5.078660346980568510e-12
8.104796286102782812e+13 4.914482290888188068e-03 5.078658960509820710e-12
8.572492916458289062e+13 4.726276734971231186e-03 5.078657629224876609e-12
9.067178521036498438e+13 4.545185793748926159e-03 5.078656427905554344e-12
9.590410529765876562e+13 4.370944342707163734e-03 5.078655350708624216e-12
1.014383624586790156e+14 4.203296635769931087e-03 5.078654382381338597e-12
1.072919803209877500e+14 4.042001070879585115e-03 5.078653516800410608e-12
1.134833879626996875e+14 3.886819944383314730e-03 5.078652774724619498e-12
1.200320779331659219e+14 3.737526503471952626e-03 5.078652121773061790e-12
1.269586676218138125e+14 3.593910560265691986e-03 5.078651600041941135e-12
1.342849641683367969e+14 3.455745720368815464e-03 5.078651148249766836e-12
1.420340331186115312e+14 3.322842993035536076e-03 5.078650808437002365e-12
1.502302710424779062e+14 3.194992270257719213e-03 5.078650505206823125e-12
1.588994823420190625e+14 3.072005182522137209e-03 5.078650300425286900e-12
1.680689604921394688e+14 2.953693622965893571e-03 5.078650115337003357e-12
1.777675739692370000e+14 2.839882738393478476e-03 5.078649984610405247e-12
1.880258571384801875e+14 2.730394401103276164e-03 5.078649889263401148e-12
1.988761063858500938e+14 2.625066537914695977e-03 5.078649824202456802e-12
2.103524817975769688e+14 2.523743644671882450e-03 5.078649778997447493e-12
2.224911147071219062e+14 2.426266376936509622e-03 5.078649737931068357e-12
2.353302214482714062e+14 2.332497340967187426e-03 5.078649704321550384e-12
2.489102236724970625e+14 2.242291619045023998e-03 5.078649684532894858e-12
2.632738756093479688e+14 2.155516124856141167e-03 5.078649680784794907e-12
2.784663986705681875e+14 2.072043229702299691e-03 5.078649663579309727e-12
2.945356238217018750e+14 1.991746108122945461e-03 5.078649606787281221e-12
3.115321421693957500e+14 1.914507370044624688e-03 5.078649670364808809e-12
3.295094642385381250e+14 1.840210868231769575e-03 5.078649649577900571e-12
3.485241884406555000e+14 1.768745864772559503e-03 5.078649645617590827e-12
3.686361792639884375e+14 1.700006091425838037e-03 5.078649644943937037e-12
3.899087557462037500e+14 1.633888414763174117e-03 5.078649713926147233e-12
4.124088908231700625e+14 1.570294188115241340e-03 5.078649626877470738e-12
4.362074221813675625e+14 1.509128191403922648e-03 5.078649647483052745e-12
4.613792752777996250e+14 1.450298712501965018e-03 5.078649636871618764e-12
4.880036992294908125e+14 1.393717620498353699e-03 5.078649627811640377e-12
5.161645163152961250e+14 1.339299960260575224e-03 5.078649753581223765e-12
5.459503858754784375e+14 1.286963920751383033e-03 5.078649654403242519e-12
5.774550834399412500e+14 1.236630897315232382e-03 5.078649625267286127e-12
6.107777959638342500e+14 1.188225128377218580e-03 5.078649617831036626e-12
6.460234341001147500e+14 1.141673720400055315e-03 5.078649614262443754e-12
6.833029624921302500e+14 1.096906514093536110e-03 5.078649624777949018e-12
7.227337491261487500e+14 1.053855964875541687e-03 5.078649601166325618e-12
7.644399348436233750e+14 1.012457098771008110e-03 5.078649584339729548e-12
8.085528241766461250e+14 9.726473709573146571e-04 5.078649629280122648e-12
8.552112987369767500e+14 9.343665586259334395e-04 5.078649578089388857e-12
9.045622544602047500e+14 8.975567412850243409e-04 5.078649550268406494e-12
9.567610640815195000e+14 8.621621738971841720e-04 5.078649574451992168e-12
1.011972066299250000e+15 8.281291794272271304e-04 5.078649532777567428e-12
1.070369083166107500e+15 7.954061398620390719e-04 5.078649640420108885e-12
1.132135967337137000e+15 7.639433294262691415e-04 5.078649540756911893e-12
1.197467180897158750e+15 7.336929638302515941e-04 5.078649554349653436e-12
1.266568407590200000e+15 7.046090041603434318e-04 5.078649613159644784e-12
1.339657200378282750e+15 6.766471517853325139e-04 5.078649730975182994e-12
1.416963666368397500e+15 6.497647886914958417e-04 5.078649789286150173e-12
1.498731191263875250e+15 6.239209168637623515e-04 5.078649760765405323e-12
1.585217205621166750e+15 5.990760002664750287e-04 5.078649727499820809e-12
1.676693995324290250e+15 5.751921396402465006e-04 5.078649548922255673e-12
1.773449558828719750e+15 5.522327824199909328e-04 5.078649748256784139e-12
1.875788513873386000e+15 5.301626916456099632e-04 5.078649450318535681e-12
1.984033056515678500e+15 5.089480769776629117e-04 5.078649360050063499e-12
2.098523975508582000e+15 4.885563758194954405e-04 5.078649479311149912e-12
2.219621725213719750e+15 4.689562259736559393e-04 5.078649676442302679e-12
2.347707560427909000e+15 4.501174525698314779e-04 5.078649447427142814e-12
2.483184736696365500e+15 4.320110884701933510e-04 5.078649682682974080e-12
2.626479779891263000e+15 4.146091664764526598e-04 5.078649750708406918e-12
2.778043829052910000e+15 3.978848108957219764e-04 5.078649350971169818e-12
2.938354056720917000e+15 3.818122303188179281e-04 5.078649682615942562e-12
3.107915171227426000e+15 3.663664830425973715e-04 5.078649658846072402e-12
3.287261005681774500e+15 3.515236392107059203e-04 5.078649296697799648e-12
3.476956198649505500e+15 3.372607109953469954e-04 5.078649616751889044e-12
3.677597971816640000e+15 3.235554867024015269e-04 5.078649597467913857e-12
3.889818010236378500e+15 3.103866535602037378e-04 5.078649552446108898e-12
4.114284451077452000e+15 2.977337064073150253e-04 5.078649626171756428e-12
4.351703987135680500e+15 2.855768770296533330e-04 5.078649300414069301e-12
4.602824091730765000e+15 2.738971972265971926e-04 5.078649275702624458e-12
4.868435371993648000e+15 2.626763865186736656e-04 5.078649596896241581e-12
5.149374057952839000e+15 2.518968318243452326e-04 5.078649422288821884e-12
5.446524635256573000e+15 2.415416421278639397e-04 5.078649628993801834e-12
5.760822629818833000e+15 2.315945074781894136e-04 5.078649267212264936e-12
6.093257553156997000e+15 2.220398059618765491e-04 5.078649617531704681e-12
6.444876017693343000e+15 2.128624223623694399e-04 5.078649412095497005e-12
6.816785031828922000e+15 2.040478820746177268e-04 5.078649241198425834e-12
7.210155485162955000e+15 1.955822408121655359e-04 5.078649387260625344e-12
7.626225834831362000e+15 1.874520658763867908e-04 5.078649529894506951e-12
8.066306004569384000e+15 1.796444340749763923e-04 5.078649221809468988e-12
8.531781508774505000e+15 1.721469526005111152e-04 5.078649543543832818e-12
9.024117814552524000e+15 1.649476454736277856e-04 5.078649571752060916e-12
9.544864955481192000e+15 1.580350175090664900e-04 5.078649496403811373e-12
1.009566241161600000e+16 1.513980135130759829e-04 5.078649350420678697e-12
1.067824427110281000e+16 1.450259907072208923e-04 5.078649222456950267e-12
1.129444468964648600e+16 1.389087119575367949e-04 5.078649202183801969e-12
1.194620366502529400e+16 1.330363343746502876e-04 5.078649672800195745e-12
1.263557314482979000e+16 1.273993645213839074e-04 5.078649328219799714e-12
1.336472348665646600e+16 1.219887101186115081e-04 5.078649565269301861e-12
1.413595029109327000e+16 1.167955881080469442e-04 5.078649498466963803e-12
1.495168162901149400e+16 1.118115732807280688e-04 5.078649715726231994e-12
1.581448568591623400e+16 1.070285439730646646e-04 5.078649551221267668e-12
1.672707884742368800e+16 1.024387006624633624e-04 5.078649523372198323e-12
1.769233425131894600e+16 9.803453618229302662e-05 5.078649298630020858e-12
1.871329083312145600e+16 9.380882761821650632e-05 5.078649367846053364e-12
1.979316289363448800e+16 8.975463172139310007e-05 5.078649532636740737e-12
2.093535021860201600e+16 8.586526184446806982e-05 5.078649682879518333e-12
2.214344878233048400e+16 8.213429054253479757e-05 5.078649445154616754e-12
2.342126206897702800e+16 7.855554175158685135e-05 5.078649486993703750e-12
2.477281304714472800e+16 7.512306364995162086e-05 5.078649233268780061e-12
2.620235683548684800e+16 7.183114140303868938e-05 5.078649392101174813e-12
2.771439409919240000e+16 6.867427181758946006e-05 5.078649355124782947e-12
2.931368521953339200e+16 6.564716427522425944e-05 5.078649280197354270e-12
3.100526528108089600e+16 6.274473147865661151e-05 5.078649274851545272e-12
3.279445992377721200e+16 5.996208245898026980e-05 5.078649417318456757e-12
3.468690210976762000e+16 5.729450015501056493e-05 5.078649046714530524e-12
3.668854985778405600e+16 5.473746867017762607e-05 5.078649126957203713e-12
3.880570500091031200e+16 5.228663249947155378e-05 5.078649315415889592e-12
4.104503302678752800e+16 4.993780091751983226e-05 5.078649305901767238e-12
4.341358406271859200e+16 4.768694869881358973e-05 5.078648925815426165e-12
4.591881507174528000e+16 4.553020805490347805e-05 5.078649107443627746e-12
4.856861332957373600e+16 4.346385115261051734e-05 5.078649008073570961e-12
5.137132125626536800e+16 4.148430006667107989e-05 5.078649125032557184e-12
5.433576268086514400e+16 3.958811043000411107e-05 5.078649194560701737e-12
5.747127062166459200e+16 3.777196976388314355e-05 5.078649073821647941e-12
6.078771666955444000e+16 3.603269691052833997e-05 5.078649060787330052e-12
6.429554206698051200e+16 3.436722929289381983e-05 5.078649048054206072e-12
6.800579058034162400e+16 3.277262238611754864e-05 5.078648626910896658e-12
7.193014326933216800e+16 3.124604996914399457e-05 5.078648886865303001e-12
7.608095526268667200e+16 2.978478654053487307e-05 5.078648799415542459e-12
8.047129465611473600e+16 2.838621788930932309e-05 5.078648888665525895e-12
8.511498365488011200e+16 2.704782714763502308e-05 5.078648713491135279e-12
9.002664209056588800e+16 2.576719642664071258e-05 5.078648654319304920e-12
9.522173344902110400e+16 2.454200020167434667e-05 5.078648370543175340e-12
1.007166135544077120e+17 2.337000448217513743e-05 5.078648453364998487e-12
1.065285820626087520e+17 2.224905912359158495e-05 5.078648466554872376e-12
1.126759369261311520e+17 2.117709732445331351e-05 5.078647913540460308e-12
1.191780320019635040e+17 2.015213577694613655e-05 5.078648102406963193e-12
1.260553379837676960e+17 1.917226279075242459e-05 5.078647640653102052e-12
1.333295068502231360e+17 1.823564541581099640e-05 5.078647606841686579e-12
1.410234400324469920e+17 1.734051914613299691e-05 5.078647662130216578e-12
1.491613605150878400e+17 1.648518772254205564e-05 5.078647421590360406e-12
1.577688890981035840e+17 1.566802166224283394e-05 5.078647018644757897e-12
1.668731250593008000e+17 1.488745621990106844e-05 5.078646960300050796e-12
1.765027314716115840e+17 1.414198435726013926e-05 5.078646853074271851e-12
1.866880254436945600e+17 1.343016023058597624e-05 5.078646536300571546e-12
1.974610735679829440e+17 1.275059243072705096e-05 5.078645995931511033e-12
2.088557928766571520e+17 1.210194584990862738e-05 5.078645465798430130e-12
2.209080576234137280e+17 1.148293715304350974e-05 5.078645444108055679e-12
2.336558122271899520e+17 1.089232955362442744e-05 5.078644649427903344e-12
2.471391907334476800e+17 1.032894091373184492e-05 5.078644436843288865e-12
2.614006431690893440e+17 9.791629987704525607e-06 5.078643988163958386e-12
2.764850691888496320e+17 9.279301927647416224e-06 5.078642980604195863e-12
2.924399594338942080e+17 8.790906404888484960e-06 5.078642581591809701e-12
3.093155450476938880e+17 8.325432074194616869e-06 5.078642037903064980e-12
3.271649558198610560e+17 7.881908191374411052e-06 5.078641235927167526e-12
3.460443874558823680e+17 7.459402270535253752e-06 5.078640270155731059e-12
3.660132784993302400e+17 7.057018813952045445e-06 5.078639454973546159e-12
3.871344974635914880e+17 6.673896847488269452e-06 5.078638106169781024e-12
4.094745407622192640e+17 6.309210141821930202e-06 5.078636714489576549e-12
4.331037420611141760e+17 5.962164816968221041e-06 5.078635385343891957e-12
4.580964937115959040e+17 5.631998564569084074e-06 5.078634251163746358e-12
4.845314809615479680e+17 5.317978629559307748e-06 5.078632319318215793e-12
5.124919296819496320e+17 5.019402437055944845e-06 5.078630683456298629e-12
5.420658683887909760e+17 4.735594265422762484e-06 5.078628419412995192e-12
5.733464053852412800e+17 4.465906143702232490e-06 5.078626351941238259e-12
6.064320218966540800e+17 4.209715408292442040e-06 5.078623759778551726e-12
6.414268821212193280e+17 3.966424332900030537e-06 5.078620527584192531e-12
6.784411611724926720e+17 3.735459462325402715e-06 5.078617432346977963e-12
7.175913919461992960e+17 3.516270023351953099e-06 5.078614180427094732e-12
7.590008320034196480e+17 3.308327176581394579e-06 5.078609931556593672e-12
8.027998516251354880e+17 3.111123964988026936e-06 5.078605835872530552e-12
8.491263442599701760e+17 2.924173247811839084e-06 5.078600870077061533e-12
8.981261606572532480e+17 2.747007930274681655e-06 5.078595421284805089e-12
9.499535680522772480e+17 2.579179875596885656e-06 5.078589236610222288e-12
1.004771735849296384e+18 2.420258972890358866e-06 5.078582282600157335e-12
1.062753249331498368e+18 2.269832801256235659e-06 5.078574798189204484e-12
1.124080653015155712e+18 2.127505716143770656e-06 5.078566576471416056e-12
1.188947025358710784e+18 1.992898199264422024e-06 5.078557050110650790e-12
1.257556586636019456e+18 1.865646529409667580e-06 5.078546942017571238e-12
1.330125341887714304e+18 1.745401759726113462e-06 5.078535427339057222e-12
1.406881760974762496e+18 1.631829539679089280e-06 5.078522034412654607e-12
1.488067497875364608e+18 1.524609469716684236e-06 5.078507636483111679e-12
1.573938151489598208e+18 1.423434350957355480e-06 5.078491693632550522e-12
1.664764070347285760e+18 1.328009978771910672e-06 5.078473805252782319e-12
1.760831203752389632e+18 1.238054517470662247e-06 5.078454077092751161e-12
1.862442002043758080e+18 1.153297867925539378e-06 5.078431931796767500e-12
1.969916368806316288e+18 1.073481686581260296e-06 5.078406940469593965e-12
2.083592668030844928e+18 9.983584793356536294e-07 5.078379090682026788e-12
2.203828789392990464e+18 9.276915371533515376e-07 5.078348419957271074e-12
2.331003275005531648e+18 8.612542191202662552e-07 5.078314278661801386e-12
2.465516511191010816e+18 7.988298430074945739e-07 5.078276177521289582e-12
2.607791989027157504e+18 7.402112026801382355e-07 5.078233825760288084e-12
2.758277637633432064e+18 6.852002334362425276e-07 5.078186794193573746e-12
2.917447234396538368e+18 6.336076303355112321e-07 5.078133852184578841e-12
3.085801896574404096e+18 5.852526450850757666e-07 5.078075504886920792e-12
3.263871658975114240e+18 5.399626553703860888e-07 5.078010294824300473e-12
3.452217142677492224e+18 4.975729021511241971e-07 5.077937904126935412e-12
3.651431320047292416e+18 4.579262091829762004e-07 5.077857455925275750e-12
3.862141381605405184e+18 4.208727668775758016e-07 5.077768007651447462e-12
4.085010710626131968e+18 3.862697053772318066e-07 5.077669054656057061e-12
4.320740971681761792e+18 3.539809768489619497e-07 5.077558615447855247e-12
4.570074319709222912e+18 3.238770879133755127e-07 5.077435849769012085e-12
4.833795736553126912e+18 2.958348297233048497e-07 5.077300277056152032e-12
5.112735502342082560e+18 2.697370307126283581e-07 5.077149641295475249e-12
5.407771809478412288e+18 2.454723798999216194e-07 5.076982428781023019e-12
5.719833527471416320e+18 2.229351945159357552e-07 5.076797982455218896e-12
6.049903127318099968e+18 2.020251838030078403e-07 5.076593523321476756e-12
6.399019774639101952e+18 1.826472774240525726e-07 5.076367737572357315e-12
6.768282601307335680e+18 1.647113963320878222e-07 5.076118211714666084e-12
7.158854165870049280e+18 1.481322875057796002e-07 5.075842932925073238e-12
7.571964113658001408e+18 1.328293134468727206e-07 5.075539908036633934e-12
8.008913048105994240e+18 1.187262555470245305e-07 5.075206387762275299e-12
8.471076625472109568e+18 1.057511321610362173e-07 5.074839891331407851e-12
8.959909885847823360e+18 9.383602697277735300e-08 5.074438170981306664e-12
9.476951834093389824e+18 8.291685980032461768e-08 5.073998071845784314e-12
1.002383028512207258e+19 7.293324349484632584e-08 5.073517519862778407e-12
1.060226698878667162e+19 6.382824888045803914e-08 5.072993661573421873e-12
1.121408305050403840e+19 5.554822731467553750e-08 5.072423649907341227e-12
1.186120466468214170e+19 4.804260693547553735e-08 5.071805862750643813e-12
1.254566917900201574e+19 4.126367278506647797e-08 5.071137731234730926e-12
1.326963150864555622e+19 3.516635620852638230e-08 5.070417669190123684e-12
1.403537092066439168e+19 2.970799845683770728e-08 5.069644197584948252e-12
1.484529820984748237e+19 2.484811975541596789e-08 5.068816192832314426e-12
1.570196328868154982e+19 2.054816894300768001e-08 5.067933908715628535e-12
1.660806321529826099e+19 1.677127202341123870e-08 5.066997296760748780e-12
1.756645068468415488e+19 1.348196739453227072e-08 5.066007593375156485e-12
1.858014300988429107e+19 1.064594273863119884e-08 5.064967327499417144e-12
1.965233162147798630e+19 8.229775643020741696e-09 5.063880938053817375e-12
2.078639211523193242e+19 6.200677310527334202e-09 5.062753325256596749e-12
2.198589487956568474e+19 4.526251482966735932e-09 5.061591911547782573e-12
2.325461633628569600e+19 3.174283397170488271e-09 5.060405449720685625e-12
2.459655082998050816e+19 2.112568396980574645e-09 5.059204518706626003e-12
2.601592320350622515e+19 1.308800476815615138e-09 5.058000676443523915e-12
2.751720209915608678e+19 7.305363173803148514e-10 5.056806781533216966e-12
2.910511402738731418e+19 3.452561736989670872e-10 5.055636088918791472e-12
3.078465824740217651e+19 1.205422260758035910e-10 5.054501977067008684e-12
3.256112250642884608e+19 2.438709955787597466e-11 5.053416990399880321e-12
3.444009968725721088e+19 2.564457904636956894e-11 5.052391806751036055e-12
3.642750541643726848e+19 9.462127584109953995e-11 5.051435014094236019e-12
3.852959668858162381e+19 2.037932686586152409e-10 5.050550929442097468e-12
4.075299156540321792e+19 3.286125178476120662e-10 5.049740060365655395e-12
4.310469001151068570e+19 4.483435098180060447e-10 5.048997970029720940e-12
4.559209593255403520e+19 5.468471154968946310e-10 5.048314569291363392e-12
4.822304048511031706e+19 6.132041721992346875e-10 5.047675637929933647e-12
5.100580673169107354e+19 6.420596715451767260e-10 5.047063195929215533e-12
5.394915571849786982e+19 6.335683427176870787e-10 5.046457206286297082e-12
5.706235405802070016e+19 5.928491890722661596e-10 5.045838482066192567e-12
6.035520310332619981e+19 5.289097306015066370e-10 5.045190364997466720e-12
6.383806980587932877e+19 4.530865859395334232e-10 5.044501399407326063e-12
6.752191935405423002e+19 3.771539414071634794e-10 5.043767429554881102e-12
7.141834969508290560e+19 3.113660949953899231e-10 5.042991212528453312e-12
7.553962804913799168e+19 2.627782904071642288e-10 5.042182546203185338e-12
7.989872953049962906e+19 2.342109859148287783e-10 5.041354116887302630e-12
8.450937799740506112e+19 2.241378733871597864e-10 5.040519414386782092e-12
8.938608925917962240e+19 2.275826985490862623e-10 5.039689606206161327e-12
9.454421677669151539e+19 2.378302878433308603e-10 5.038868828612398753e-12
1.000000000000000000e+20 2.484748780623166927e-10 5.038055486568317014e-12
