# #Columns: f_hz, Omega_GW
7.0557459398318900e-20 2.2371569241039506e-23
7.5147585119743900e-20 2.3353892818075392e-23
8.0036322133556084e-20 2.7125748454188998e-23
8.5243096640550966e-20 3.4414874870918489e-23
9.0788598615825220e-20 4.5841465293578109e-23
9.6694864023796521e-20 5.3115194231037910e-23
1.0298536238173317e-19 6.0061143008970236e-23
1.0968509001974293e-19 6.8865127396718217e-23
1.1682066940780172e-19 7.3674051445528177e-23
1.2442045494451870e-19 7.8609152133029004e-23
1.3251464562800357e-19 8.1407408155451730e-23
1.4113540505655397e-19 8.4283893709644926e-23
1.5031698923600444e-19 8.5648832694143180e-23
1.6009588270160151e-19 8.6417385583523061e-23
1.7051094349530632e-19 8.6927241965763290e-23
1.8160355757461795e-19 8.6976334195108378e-23
1.9341780326648312e-19 8.6876409682307513e-23
2.0600062641978047e-19 8.6654966419033575e-23
2.1940202695237408e-19 8.6405314229866918e-23
2.3367525753401362e-19 8.6153056706105401e-23
2.4887703519457726e-19 8.5866871933558011e-23
2.6506776669852145e-19 8.5580871025947669e-23
2.8231178858109726e-19 8.5277386692415141e-23
3.0067762280015742e-19 8.4974694682568474e-23
3.2023824901942846e-19 8.4662743489668151e-23
3.4107139460521189e-19 8.4348813546204346e-23
3.6325984348886011e-19 8.4035808169225319e-23
3.8689176512234749e-19 8.3719154340903456e-23
4.1206106483409261e-19 8.3403410773307821e-23
4.3886775697723135e-19 8.3085915740704966e-23
4.6741836235310022e-19 8.2768534138186254e-23
4.9782633148916641e-19 8.2452028694153336e-23
5.3021249545336256e-19 8.2135162246148100e-23
5.6470554599621428e-19 8.1819153712887591e-23
6.0144254692868110e-19 8.1503273750149934e-23
6.4056947876776150e-19 8.1188237509144759e-23
6.8224181881408922e-19 8.0873614550888734e-23
7.2662515896656853e-19 8.0559701888945676e-23
7.7389586372902480e-19 8.0246620384476640e-23
8.2424177102357872e-19 7.9934167516213869e-23
8.7786293859552736e-19 7.9622541825533300e-23
9.3497243897571080e-19 7.9311619722203832e-23
9.9579720615926601e-19 7.9001483846612172e-23
1.0605789373651902e-18 7.8692164971217846e-23
1.1295750534600046e-18 7.8383607481940692e-23
1.2030597218619147e-18 7.8075864657336446e-23
1.2813249459901570e-18 7.7768902290755456e-23
1.3646817255886169e-18 7.7462742748391860e-23
1.4534612925344768e-18 7.7157393648396463e-23
1.5480164270425809e-18 7.6852839948036436e-23
1.6487228594956449e-18 7.6549093732337512e-23
1.7559807634707513e-18 7.6246146332693100e-23
1.8702163458948919e-18 7.5944004873009425e-23
1.9918835406483097e-18 7.5642662891889703e-23
2.1214658123454500e-18 7.5342122907730802e-23
2.2594780774611448e-18 7.5042384332924904e-23
2.4064687504359320e-18 7.4743445901134571e-23
2.5630219228910708e-18 7.4445307591590147e-23
2.7297596846126699e-18 7.4147968673973390e-23
2.9073445955278179e-18 7.3851428174834799e-23
3.0964823184954364e-18 7.3555685459975096e-23
3.2979244233737517e-18 7.3260739045003136e-23
3.5124713735067698e-18 7.2966587030466820e-23
3.7409757064970623e-18 7.2673229182425022e-23
3.9843454219041815e-18 7.2380663245520619e-23
4.2435475893302959e-18 7.2088889162835706e-23
4.5196121912303448e-18 7.1797906364482732e-23
4.8136362157167860e-18 7.1507713479513024e-23
5.1267880156223063e-18 7.1218309238945505e-23
5.4603119511420436e-18 7.0929691584106497e-23
5.8155333345035120e-18 7.0641859965330152e-23
6.1938636963127848e-18 7.0354813497529126e-23
6.5968063945035767e-18 7.0068551653107489e-23
7.0259625881773143e-18 6.9783073624331504e-23
7.4830376000722432e-18 6.9498376526588733e-23
7.9698476929438677e-18 6.9214460861026083e-23
8.4883272867838498e-18 6.8931323716724976e-23
9.0405366455560371e-18 6.8648965173328633e-23
9.6286700639942974e-18 6.8367383609284975e-23
1.0255064586993636e-17 6.8086579266523644e-23
1.0922209296242549e-17 6.7806551503187275e-23
1.1632755200998649e-17 6.7527298561022129e-23
1.2389525772310017e-17 6.7248819365032438e-23
1.3195528162541958e-17 6.6971111623997558e-23
1.4053965154791639e-17 6.6694174759777652e-23
1.4968247889673613e-17 6.6418007050085583e-23
1.5942009420048295e-17 6.6142608932397206e-23
1.6979119147555105e-17 6.5867978215355025e-23
1.8083698198316525e-17 6.5594114554601601e-23
1.9260135798910708e-17 6.5321017164206866e-23
2.0513106717685365e-17 6.5048683470858838e-23
2.1847589840718946e-17 6.4777114265473939e-23
2.3268887956243455e-17 6.4506306463964275e-23
2.4782648826145954e-17 6.4236260584861987e-23
2.6394887628279553e-17 6.3966974817690519e-23
2.8112010858762157e-17 6.3698447821645478e-23
2.9940841789242890e-17 6.3430679404451019e-23
3.1888647580294296e-17 6.3163666765501559e-23
3.3963168158670646e-17 6.2897410608595026e-23
3.6172646973180102e-17 6.2631908975333697e-23
3.8525863751384759e-17 6.2367160354479959e-23
4.1032169387292618e-17 6.2103164773604562e-23
4.3701523098673089e-17 6.1839921024258207e-23
4.6544532001647389e-17 6.1577428145263531e-23
4.9572493259809437e-17 6.1315684832599781e-23
5.2797438975363874e-17 6.1054689434123201e-23
5.6232184000663910e-17 6.0794441233242632e-23
5.9890376860135005e-17 6.0534937811081963e-23
6.3786553984932270e-17 6.0276179425748521e-23
6.7936197475841167e-17 6.0018165022040300e-23
7.2355796623951894e-17 5.9760894071076249e-23
7.7062913433570259e-17 5.9504365413625580e-23
8.2076252407731332e-17 5.9248576892871054e-23
8.7415734873618914e-17 5.8993528764896158e-23
9.3102578143236804e-17 5.8739218325128521e-23
9.9159379823888510e-17 5.8485645958041220e-23
1.0561020761348746e-16 5.8232809816592193e-23
1.1248069493751450e-16 5.7980708427085897e-23
1.1979814280765066e-16 5.7729340808397134e-23
1.2759162830683862e-16 5.7478705809810988e-23
1.3589212013185570e-16 5.7228803224223585e-23
1.4473260165252479e-16 5.6979630992379165e-23
1.5414820197656141e-16 5.6731188854490468e-23
1.6417633554086163e-16 5.6483475224857250e-23
1.7485685078392275e-16 5.6236488419012012e-23
1.8623218849016933e-16 5.5990227674461291e-23
1.9834755043539194e-16 5.5744691967042762e-23
2.1125107900344056e-16 5.5499880794468818e-23
2.2499404848790559e-16 5.5255792450462636e-23
2.3963106883895991e-16 5.5012426981343042e-23
2.5522030266497944e-16 5.4769782845679380e-23
2.7182369635123642e-16 5.4527859087189165e-23
2.8950722621405284e-16 5.4286654597397244e-23
3.0834116066854644e-16 5.4046167940278742e-23
3.2840033945173912e-16 5.3806398147809159e-23
3.4976447101056402e-16 5.3567343234650077e-23
3.7251844923649236e-16 5.3329003746659588e-23
3.9675269080537916e-16 5.3091377421793618e-23
4.2256349446299706e-16 5.2854463622037815e-23
4.5005342368394696e-16 5.2618261189586408e-23
4.7933171422449740e-16 5.2382768630095347e-23
5.1051470818883209e-16 5.2147985477970029e-23
5.4372631633354336e-16 5.1913909522314800e-23
5.7909851044740528e-16 5.1680540148413864e-23
6.1677184776298998e-16 5.1447875787918897e-23
6.5689602948395462e-16 5.1215915825536000e-23
6.9963049564740109e-16 5.0984659872575224e-23
7.4514505868509784e-16 5.0754105822472240e-23
7.9362057820110680e-16 5.0524253908859918e-23
8.4524967964717953e-16 5.0295102194578516e-23
9.0023751975168302e-16 5.0066649584803994e-23
9.5880260174360234e-16 4.9838895313855636e-23
1.0211776436110733e-15 4.9611837220164841e-23
1.0876105028445940e-15 4.9385475905503377e-23
1.1583651613395383e-15 4.9159809152549201e-23
1.2337227743716470e-15 4.8934836703069540e-23
1.3139827878137700e-15 4.8710556989954926e-23
1.3994641280333050e-15 4.8486968343662792e-23
1.4905064691985872e-15 4.8264070819441466e-23
1.5874715830300747e-15 4.8041862113380707e-23
1.6907447763598115e-15 4.7820341812667260e-23
1.8007364222114907e-15 4.7599508381046880e-23
1.9178835904851937e-15 4.7379361248255556e-23
2.0426517847265353e-15 4.7159900518098689e-23
2.1755367918815883e-15 4.6941123915125827e-23
2.3170666523878759e-15 4.6723031417073294e-23
2.4678037584299212e-15 4.6505620554170936e-23
2.6283470886971161e-15 4.6288890563606720e-23
2.7993345885240815e-15 4.6072839945448433e-23
2.9814457048714026e-15 4.5857467871953006e-23
3.1754040862199295e-15 4.5642773810287924e-23
3.3819804581070305e-15 4.5428755899426570e-23
3.6019956857313361e-15 4.5215413792128236e-23
3.8363240357956420e-15 4.5002745250627947e-23
4.0858966505494844e-15 4.4790750270096251e-23
4.3517052478360574e-15 4.4579427368170993e-23
4.6348060618462114e-15 4.4368776154622968e-23
4.9363240402387793e-15 4.4158794943685866e-23
5.2574573143051710e-15 4.3949482340975757e-23
5.5994819599411672e-15 4.3740836635785350e-23
5.9637570683444155e-15 4.3532856328285140e-23
6.3517301465869424e-15 4.3325541965061516e-23
6.7649428695225704e-15 4.3118891741675594e-23
7.2050372058856239e-15 4.2912906316713673e-23
7.6737619429238135e-15 4.2707583352134856e-23
8.1729796354920652e-15 4.2502922667273319e-23
8.7046740072206596e-15 4.2298921437456187e-23
9.2709578331674208e-15 4.2095579208101027e-23
9.8740813352769985e-15 4.1892894552538676e-23
1.0516441124007958e-14 4.1690865936892992e-23
1.1200589721658700e-14 4.1489493759801927e-23
1.1929245705234821e-14 4.1288775886400150e-23
1.2705304509161961e-14 4.1088711962964207e-23
1.3531849930770933e-14 4.0889300223329941e-23
1.4412166384273720e-14 4.0690540110100018e-23
1.5349751951923676e-14 4.0492430527230286e-23
1.6348332284220865e-14 4.0294969772065669e-23
1.7411875404397223e-14 4.0098157111468364e-23
1.8544607476009704e-14 3.9901991747542636e-23
1.9751029596296404e-14 3.9706472168598935e-23
2.1035935682026919e-14 3.9511597809501536e-23
2.2404431518919458e-14 3.9317367473652937e-23
2.3861955050320131e-14 3.9123780348697105e-23
2.5414297985765612e-14 3.8930834808163379e-23
2.7067628815293778e-14 3.8738529816613471e-23
2.8828517320953673e-14 3.8546864790136276e-23
3.0703960682915331e-14 3.8355837964278729e-23
3.2701411283916272e-14 3.8165448839498971e-23
3.4828806322530403e-14 3.7975696076143437e-23
3.7094599352932319e-14 3.7786578360200271e-23
3.9507793876485435e-14 3.7598094692019223e-23
4.2077979118636224e-14 3.7410243323618909e-23
4.4815368133278643e-14 3.7223024702669767e-23
4.7730838386004241e-14 3.7036436649790066e-23
5.0835974977501157e-14 3.6850478591719428e-23
5.4143116678857632e-14 3.6665149242200608e-23
5.7665404961698780e-14 3.6480446784521016e-23
6.1416836217986193e-14 3.6296370838839859e-23
6.5412317376983855e-14 3.6112919592235906e-23
6.9667725140394087e-14 3.5930092782664252e-23
7.4199969071043754e-14 3.5747889214522036e-23
7.9027058785813748e-14 3.5566308222164926e-23
8.4168175519815264e-14 3.5385348948254060e-23
8.9643748346182133e-14 3.5205009175285636e-23
9.5475535354354441e-14 3.5025288741229642e-23
1.0168671010942627e-13 3.4846185801890854e-23
1.0830195373611909e-13 3.4667699792868561e-23
1.1534755299329111e-13 3.4489830163872267e-23
1.2285150472869834e-13 3.4312575221471893e-23
1.3084362712907492e-13 3.4135934828208767e-23
1.3935567820760366e-13 3.3959905836250905e-23
1.4842148199960593e-13 3.3784488661661365e-23
1.5807706296791164e-13 3.3609681363174181e-23
1.6836078915198707e-13 3.3435482977457097e-23
1.7931352462965312e-13 3.3261892909051918e-23
1.9097879189722082e-13 3.3088909631011389e-23
2.0340294481329073e-13 3.2916532395300112e-23
2.1663535279343577e-13 3.2744759585069834e-23
2.3072859698769631e-13 3.2573590404883078e-23
2.4573867922042994e-13 3.2403023385042866e-23
2.6172524452277387e-13 3.2233058231389666e-23
2.7875181814198806e-13 3.2063693907382515e-23
2.9688605796947833e-13 3.1894929512920956e-23
3.1620002339055540e-13 3.1726763617898740e-23
3.3677046162425913e-13 3.1559194901914516e-23
3.5867911269105922e-13 3.1392222253908958e-23
3.8201303422027400e-13 3.1225844379479467e-23
4.0686494738788260e-13 3.1060060120153073e-23
4.3333360535937199e-13 3.0894868893505945e-23
4.6152418570168615e-13 3.0730269431445533e-23
4.9154870832359227e-13 3.0566260958842641e-23
5.2352648060521501e-13 3.0402842176231081e-23
5.5758457148554449e-13 3.0240011448017257e-23
5.9385831639176371e-13 3.0077768865425139e-23
6.3249185501683701e-13 2.9916112704034693e-23
6.7363870408229203e-13 2.9755042299808151e-23
7.1746236736216926e-13 2.9594556367382601e-23
7.6413698539216638e-13 2.9434653584305439e-23
8.1384802744570598e-13 2.9275333169599372e-23
8.6679302852660580e-13 2.9116593092923503e-23
9.2318237430691400e-13 2.8958433060639684e-23
9.8324013712898833e-13 2.8800851445400553e-23
1.0472049663938102e-12 2.8643847521372286e-23
1.1153310368736490e-12 2.8487420358074238e-23
1.1878890587173228e-12 2.8331568346010592e-23
1.2651673531615193e-12 2.8176290881907563e-23
1.3474729982226601e-12 2.8021586808954428e-23
1.4351330489219184e-12 2.7867455416723805e-23
1.5284958368921519e-12 2.7713895670944669e-23
1.6279323545309497e-12 2.7560906185380101e-23
1.7338377291999606e-12 2.7408485982391533e-23
1.8466327933284670e-12 2.7256633781894057e-23
1.9667657566602730e-12 2.7105348158547917e-23
2.0947139872888734e-12 2.6954628257139825e-23
2.2309859085580866e-12 2.6804472991190181e-23
2.3761230193658660e-12 2.6654881948087566e-23
2.5307020458992554e-12 2.6505853208541280e-23
2.6953372333507733e-12 2.6357386453906633e-23
2.8706827867227342e-12 2.6209480255683841e-23
3.0574354704184568e-12 2.6062133634390284e-23
3.2563373769502463e-12 2.5915345485915381e-23
3.4681788757660763e-12 2.5769114599902580e-23
3.6938017539126141e-12 2.5623440279681458e-23
3.9341025610145636e-12 2.5478320419061847e-23
4.1900361718620536e-12 2.5333754906777452e-23
4.4626195807627355e-12 2.5189741685912996e-23
4.7529359427359671e-12 2.5046280052267934e-23
5.0621388776074787e-12 2.4903368865550437e-23
5.3914570541075419e-12 2.4761007633560917e-23
5.7421990721882974e-12 2.4619195112034631e-23
6.1157586629609539e-12 2.4477929962433380e-23
6.5136202269156457e-12 2.4337210823557852e-23
6.9373647324309768e-12 2.4197036724266227e-23
7.3886759980120181e-12 2.4057406934629909e-23
7.8693473832200814e-12 2.3918320404829170e-23
8.3812889148819553e-12 2.3779776365520490e-23
8.9265348768958858e-12 2.3641773297039940e-23
9.5072518937930675e-12 2.3504310365290744e-23
1.0125747540176908e-11 2.3367385892034451e-23
1.0784479510250236e-11 2.3230999089864070e-23
1.1486065383867426e-11 2.3095149142424911e-23
1.2233293027918866e-11 2.2959834629281839e-23
1.3029131674378346e-11 2.2825055234342686e-23
1.3876743719035162e-11 2.2690809588614541e-23
1.4779497287793642e-11 2.2557096062368664e-23
1.5740979620475979e-11 2.2423913783960625e-23
1.6765011325309342e-11 2.2291261423790952e-23
1.7855661560741714e-11 2.2159138663295470e-23
1.9017264204911896e-11 2.2027543881270446e-23
2.0254435077027769e-11 2.1896476151465886e-23
2.1572090279083078e-11 2.1765934350310885e-23
2.2975465730797224e-11 2.1635917271873843e-23
2.4470137975404252e-11 2.1506423823057437e-23
2.6062046338964097e-11 2.1377452952592702e-23
2.7757516531252568e-11 2.1249003374286620e-23
2.9563285782008973e-11 2.1121073853472424e-23
3.1486529612427781e-11 2.0993663867363205e-23
3.3534890348271587e-11 2.0866771710251263e-23
3.5716507487910701e-11 2.0740397312839065e-23
3.8040050045958641e-11 2.0614539065320573e-23
4.0514751001027378e-11 2.0489196054772466e-23
4.3150443984487919e-11 2.0364367532446890e-23
4.5957602356021057e-11 2.0240051798838553e-23
4.8947380821236431e-11 2.0116248251579226e-23
5.2131659756728942e-11 1.9992955309823044e-23
5.5523092418711214e-11 1.9870172105669593e-23
5.9135155222807124e-11 1.9747897600421946e-23
6.2982201294808175e-11 1.9626130170988087e-23
6.7079517505178201e-11 1.9504869416161584e-23
7.1443385213949797e-11 1.9384113640974385e-23
7.6091144967386311e-11 1.9263862441219961e-23
8.1041265403494139e-11 1.9144114804418579e-23
8.6313416640196478e-11 1.9024869334720416e-23
9.1928548437780235e-11 1.8906125069260872e-23
9.7908973446217938e-11 1.8787880684937256e-23
1.0427845586815015e-10 1.8670135466506957e-23
1.1106230588985739e-10 1.8552888151591695e-23
1.1828748025544597e-10 1.8436137568685918e-23
1.2598268938390833e-10 1.8319882794300029e-23
1.3417851145469526e-10 1.8204122403624046e-23
1.4290751391514058e-10 1.8088855392126885e-23
1.5220438289257486e-10 1.7974080687635373e-23
1.6210606102535427e-10 1.7859797319865637e-23
1.7265189426051644e-10 1.7746004408114915e-23
1.8388378820136888e-10 1.7632700642020903e-23
1.9584637462630341e-10 1.7519884929615272e-23
2.0858718884050427e-10 1.7407556235421811e-23
2.2215685856530986e-10 1.7295713493996907e-23
2.3660930511578567e-10 1.7184355664104777e-23
2.5200195766594690e-10 1.7073482084788283e-23
2.6839598145302666e-10 1.6963091007053384e-23
2.8585652082760567e-10 1.6853181731439768e-23
3.0445295811541375e-10 1.6743752873094470e-23
3.2425918931940663e-10 1.6634803767027685e-23
3.4535391775770040e-10 1.6526333125075471e-23
3.6782096680414377e-10 1.6418340066344132e-23
3.9174961297429481e-10 1.6310823610596572e-23
4.1723494068033155e-10 1.6203782244603365e-23
4.4437822006461909e-10 1.6097215119552676e-23
4.7328730941326708e-10 1.5991120804496486e-23
5.0407708374878626e-10 1.5885498276161382e-23
5.3686989130488450e-10 1.5780346453945991e-23
5.7179603969729436e-10 1.5675664594191641e-23
6.0899431372253687e-10 1.5571451399882698e-23
6.4861252684212510e-10 1.5467705814016130e-23
6.9080810854368988e-10 1.5364426823853736e-23
7.3574872991292807e-10 1.5261613571793238e-23
7.8361296990226783e-10 1.5159264829245280e-23
8.3459102494369146e-10 1.5057379680812552e-23
8.8888546472557009e-10 1.4955957065044910e-23
9.4671203713663689e-10 1.4854995603198822e-23
1.0083005255757052e-09 1.4754494289108554e-23
1.0738956620338333e-09 1.4654451818606212e-23
1.1437580995771203e-09 1.4554867253980460e-23
1.2181654480945811e-09 1.4455739587664514e-23
1.2974133774266737e-09 1.4357067809201180e-23
1.3818167922580919e-09 1.4258850862711642e-23
1.4717110834432954e-09 1.4161087616489829e-23
1.5674534607372900e-09 1.4063777126917460e-23
1.6694243722273100e-09 1.3966918188121385e-23
1.7780290161059227e-09 1.3870509642158866e-23
1.8936989507926941e-09 1.3774550388746923e-23
2.0168938098025394e-09 1.3679039430842988e-23
2.1481031281751682e-09 1.3583975677164200e-23
2.2878482877230325e-09 1.3489358228421126e-23
2.4366845888278055e-09 1.3395186134349359e-23
2.5952034570177298e-09 1.3301458174134379e-23
2.7640347930943289e-09 1.3208173408025826e-23
2.9438494761467889e-09 1.3115330444628589e-23
3.1353620294004748e-09 1.3022928286345442e-23
3.3393334594924271e-09 1.2930965706839810e-23
3.5565742804565114e-09 1.2839441842321420e-23
3.7879477344342431e-09 1.2748355618888744e-23
4.0343732219094036e-09 1.2657706027128125e-23
4.2968299550972275e-09 1.2567491996856323e-23
4.5763608490051010e-09 1.2477712346597391e-23
4.8740766656270622e-09 1.2388365883687092e-23
5.1911604277391733e-09 1.2299451664332102e-23
5.5288721198352989e-09 1.2210968837392969e-23
5.8885536948826205e-09 1.2122915876303625e-23
6.2716344067926657e-09 1.2035292138595034e-23
6.6796364897968041e-09 1.1948096098088229e-23
7.1141812072943118e-09 1.1861326914098905e-23
7.5769952942093973e-09 1.1774983365979978e-23
8.0699178184562696e-09 1.1689064320794462e-23
8.5949074887782979e-09 1.1603569009701270e-23
9.1540504379991751e-09 1.1518496049574204e-23
9.7495685126151721e-09 1.1433844776016128e-23
1.0383828101667426e-08 1.1349613981237879e-23
1.1059349539978407e-08 1.1265802615646121e-23
1.1778817123116646e-08 1.1182409531982912e-23
1.2545089773887082e-08 1.1099433618854061e-23
1.3361212402731042e-08 1.1016873921237337e-23
1.4230428007178637e-08 1.0934729230136901e-23
1.5156190558433365e-08 1.0852998659146343e-23
1.6142178726294453e-08 1.0771680995694990e-23
1.7192310496956985e-08 1.0690775277677590e-23
1.8310758741774102e-08 1.0610280301620081e-23
1.9501967798848374e-08 1.0530194953668652e-23
2.0770671133339839e-08 1.0450518164068648e-23
2.2121910146669041e-08 1.0371248708110639e-23
2.3561054209354800e-08 1.0292385878139073e-23
2.5093821997090950e-08 1.0213928437928419e-23
2.6726304214845750e-08 1.0135875581773263e-23
2.8464987799279231e-08 1.0058226182644970e-23
3.0316781695654103e-08 9.9809789873536528e-24
3.2289044311665468e-08 9.9041329855041239e-24
3.4389612757285321e-08 9.8276868978971294e-24
3.6626833986807324e-08 9.7516397203982101e-24
3.9009597966843981e-08 9.6759903955293713e-24
4.1547373002070371e-08 9.6007379486682294e-24
4.4250243359091469e-08 9.5258813636343029e-24
4.7128949337934129e-08 9.4514195017271693e-24
5.0194929950395552e-08 9.3773514368811485e-24
5.3460368374839934e-08 9.3036760076513219e-24
5.6938240368060360e-08 9.2303920115476553e-24
6.0642365826584866e-08 9.1574984830221893e-24
6.4587463702307065e-08 9.0849943195527572e-24
6.8789210490664880e-08 9.0128784155847018e-24
7.3264302523772190e-08 8.9411497538921361e-24
7.8030522316043417e-08 8.8698071691283142e-24
8.3106809225937740e-08 8.7988496860180815e-24
8.8513334714617889e-08 8.7282762178902747e-24
9.4271582500568657e-08 8.6580857661019534e-24
1.0040443392868564e-07 8.5882770490006712e-24
1.0693625889306599e-07 8.5188490806911288e-24
1.1389301267478881e-07 8.4498007774618519e-24
1.2130233907949785e-07 8.3811311675661205e-24
1.2919368028460748e-07 8.3128391999025146e-24
1.3759839383264213e-07 8.2449237506739582e-24
1.4654987723558626e-07 8.1773839216322897e-24
1.5608370068539607e-07 8.1102184065233795e-24
1.6623774839800945e-07 8.0434261762784424e-24
1.7705236915250387e-07 7.9770061252724031e-24
1.8857053662361719e-07 7.9109573834865544e-24
2.0083802014470860e-07 7.8452788080639477e-24
2.1390356657973738e-07 7.7799692324440979e-24
2.2781909402693963e-07 7.7150277046225949e-24
2.4263989812394311e-07 7.6504530413990275e-24
2.5842487177407365e-07 7.5862440978472934e-24
2.7523673916699905e-07 7.5223998984702989e-24
2.9314230502360706e-07 7.4589192883474862e-24
3.1221272005556735e-07 7.3958011056258108e-24
3.3252376369438099e-07 7.3330443142250837e-24
3.5415614521342052e-07 7.2706477580112374e-24
3.7719582443950883e-07 7.2086102045288430e-24
4.0173435332842024e-07 7.1469303551390184e-24
4.2786923976165676e-07 7.0856069273978145e-24
4.5570433501004479e-07 7.0246384801576545e-24
4.8535024640385184e-07 6.9640233750611177e-24
5.1692477684919390e-07 6.9037601308665456e-24
5.5055339293728705e-07 6.8438467904791186e-24
5.8636972350657311e-07 6.7842816112264957e-24
6.2451609063889688e-07 6.7250624153036007e-24
6.6514407519971819e-07 6.6661874320813985e-24
7.0841511916959661e-07 6.6076551454208010e-24
7.5450116716049266e-07 6.5494646571995618e-24
8.0358534966594961e-07 6.4916155075327260e-24
8.5586271076024995e-07 6.4341067781240237e-24
9.1154098313810447e-07 6.3769376024865608e-24
9.7084141357473120e-07 6.3201241014525173e-24
1.0339996420862868e-06 6.2638036810593801e-24
1.1012666382842457e-06 6.2086791523998398e-24
1.1729096986444479e-06 6.1575925561344080e-24
1.2492135086535826e-06 6.1203972018202070e-24
1.3304812740538601e-06 6.1274666420201555e-24
1.4170359256808749e-06 6.2637051975676172e-24
1.5092214026824280e-06 6.7470557190730062e-24
1.6074040192172654e-06 8.0963165461650448e-24
1.7119739200647249e-06 1.1466421412096228e-23
1.8233466309291534e-06 1.9282283370889741e-23
1.9419647095996815e-06 3.6392680780322400e-23
2.0682995045263430e-06 7.2088983750433962e-23
2.2028530278007770e-06 1.4358313596166052e-22
2.3461599499838037e-06 2.8190282548544874e-22
2.4987897247068724e-06 5.4182406279226749e-22
2.6613488514897732e-06 1.0183387932537523e-21
2.8344832857661692e-06 1.8741878167388355e-21
3.0188810056939098e-06 3.3853382597997567e-21
3.2152747459493403e-06 6.0159447544562492e-21
3.4244449093691339e-06 1.0541950832547865e-20
3.6472226680092382e-06 1.8252992837830774e-20
3.8844932659439456e-06 3.1284477173535736e-20
4.1371995369287504e-06 5.3159360440467291e-20
4.4063456509054128e-06 8.9672340837535024e-20
4.6930011042364615e-06 1.5032191278182800e-19
4.9983049695247892e-06 2.5065172320691858e-19
5.3234704219062568e-06 4.1598581462260902e-19
5.6697895598005353e-06 6.8754167585355069e-19
6.0386385392768301e-06 1.1322207751024239e-18
6.4314830424362282e-06 1.8582592125379022e-18
6.8498841015409399e-06 3.0401851736546872e-18
7.2955043020326171e-06 4.9586920095446451e-18
7.7701143890891739e-06 8.0634117121761209e-18
8.2756003039721295e-06 1.3072233939230144e-17
8.8139706781242203e-06 2.1126157031433598e-17
9.3873648147972644e-06 3.4028785616815955e-17
9.9980611899253375e-06 5.4616189531317148e-17
1.0648486506023886e-05 8.7324117154682787e-17
1.1341225335091053e-05 1.3903860644885736e-16
1.2079030388830233e-05 2.2036993100637136e-16
1.2864833457002543e-05 3.4752988161258500e-16
1.3701757057375961e-05 5.4505547647625483e-16
1.4593126843562937e-05 8.4968988425657396e-16
1.5542484820052802e-05 1.3158226020254501e-15
1.6553603416948873e-05 2.0229018569173574e-15
1.7630500480340214e-05 3.0852967798394002e-15
1.8777455237874209e-05 4.6651207200470826e-15
1.9999025302971022e-05 6.9879299346982165e-15
2.1300064785251205e-05 1.0361753064828204e-14
2.2685743579138259e-05 1.5198116399152586e-14
2.4161567907285002e-05 2.2034214705279177e-14
2.5733402200454361e-05 3.1554147598663019e-14
2.7407492400800930e-05 4.4604764037083500e-14
2.9190490781148929e-05 6.2203932821248191e-14
3.1089482378892866e-05 8.5540421352138257e-14
3.3112013149559482e-05 1.1595748430926669e-13
3.5266119951902372e-05 1.5492014943667758e-13
3.7560362483684032e-05 2.0398839465639762e-13
4.0003857295042095e-05 2.6477688436838470e-13
4.2606314014601666e-05 3.3893523309214030e-13
4.5378073932280719e-05 4.2813922442815868e-13
4.8330151092108883e-05 5.3414145499797886e-13
5.1474276058342061e-05 6.5882872538161208e-13
5.4822942528789680e-05 8.0433341714633531e-13
5.8389456980578791e-05 9.7317246122371281e-13
6.2187991545628203e-05 1.1683948871245034e-12
6.6233640325948935e-05 1.3937332926532516e-12
7.0542479372540025e-05 1.6537544712187622e-12
7.5131630566222822e-05 1.9539989925031278e-12
8.0019329654249015e-05 2.3011113829546131e-12
8.5224998713045853e-05 2.7029846593331282e-12
9.0769323325029725e-05 3.1688819330620860e-12
9.6674334776171563e-05 3.7095999251551362e-12
1.0296349760093697e-04 4.3376389598696544e-12
1.0966180282247089e-04 5.0673830600965350e-12
1.1679586725854434e-04 5.9153555197295499e-12
1.2439403928785555e-04 6.9004956146030710e-12
1.3248651149697823e-04 8.0445095704753271e-12
1.4110544065556720e-04 9.3722856934329729e-12
1.5028507549657934e-04 1.0912347931772346e-11
1.6006189280924407e-04 1.2697410093473254e-11
1.7047474238558898e-04 1.4764930510575060e-11
1.8156500139647410e-04 1.7157779098513110e-11
1.9337673881059578e-04 1.9924956848685449e-11
2.0595689050977842e-04 2.3122368794131697e-11
2.1935544579642388e-04 2.6813761775457389e-11
2.3362564603423040e-04 3.1071635522803902e-11
2.4882419621150297e-04 3.5978394976378396e-11
2.6501149026776394e-04 4.1627436862283284e-11
2.8225185107900053e-04 4.8124398833375287e-11
3.0061378605519866e-04 5.5588490153287734e-11
3.2017025936579739e-04 6.4153712496624703e-11
3.4099898187483417e-04 7.3970378859821395e-11
3.6318271993783838e-04 8.5206293532805329e-11
3.8680962428756376e-04 9.8048165172507606e-11
4.1197358031543020e-04 1.1270280437570817e-10
4.3877458114055908e-04 1.2939792657778299e-10
4.6731912494890208e-04 1.4838309444863521e-10
4.9772063818129069e-04 1.6992949953624982e-10
5.3009992625206650e-04 1.9432989168884426e-10
5.6458565358925297e-04 2.2189696184745582e-10
6.0131485490385185e-04 2.5296096242641553e-10
6.4043347971979561e-04 2.8786623877837083e-10
6.8209697232839573e-04 3.2696513284514167e-10
7.2647088947181250e-04 3.7061142250532596e-10
7.7373155820998436e-04 4.1914981964488508e-10
8.2406677658524244e-04 4.7290433584253439e-10
8.7767655986871224e-04 5.3216376012218094e-10
9.3477393535387667e-04 5.9716380820207274e-10
9.9558578885561408e-04 6.6806966570342251e-10
1.0603537662782830e-03 7.4495460320107453e-10
1.1293352338354935e-03 8.2778283600171709e-10
1.2028043007370598e-03 9.1639342477983578e-10
1.2810529084070969e-03 1.0104922563146726e-09
1.3643919905612599e-03 1.1096578653782707e-09
1.4531527087530279e-03 1.2133614991267732e-09
1.5476877682986286e-03 1.3210180411199645e-09
1.6483728198095878e-03 1.4320627224559342e-09
1.7556079519023098e-03 1.5460702329549536e-09
1.8698192810159655e-03 1.6629117021936145e-09
1.9914606446562945e-03 1.7829461099852946e-09
2.1210154047935333e-03 1.9072384786484150e-09
2.2589983685808199e-03 2.0377702337732328e-09
2.4059578340250450e-03 2.1776126446534444e-09
2.5624777687392069e-03 2.3310005366775069e-09
2.7291801304338095e-03 2.5032545386932664e-09
2.9067273383680614e-03 2.7004866363605761e-09
3.0958249055819107e-03 2.9290620300893789e-09
3.2972242423680901e-03 3.1948084461271639e-09
3.5117256421245829e-03 3.5020522436791864e-09
3.7401814614519912e-03 3.8525906224957674e-09
3.9834995071328745e-03 4.2448096961734615e-09
4.2426466434512412e-03 4.6730914559772262e-09
4.5186526341869137e-03 5.1277719148741663e-09
4.8126142345511656e-03 5.5955919914864850e-09
5.1256995493242051e-03 6.0607078944671924e-09
5.4591526745115535e-03 6.5060346096177340e-09
5.8142986409642191e-03 6.9146497909867855e-09
6.1925486796068361e-03 7.2711678837558701e-09
6.5954058291957020e-03 7.5627394082290766e-09
7.0244709088908468e-03 7.7798769655189047e-09
7.4814488793741307e-03 7.9168185260604302e-09
7.9681556177911214e-03 7.9717218103810778e-09
8.4865251334374052e-03 7.9464581487565078e-09
9.0386172528630869e-03 7.8462053434868474e-09
9.6266258049322092e-03 7.6787260077353505e-09
1.0252887338362712e-02 7.4535901080305491e-09
1.0919890406387259e-02 7.1812942733897381e-09
1.1630285455428564e-02 6.8725142855095853e-09
1.2386895357084803e-02 6.5375186006482473e-09
1.3192726625273970e-02 6.1856902129438550e-09
1.4050981363111758e-02 5.8253115058477873e-09
1.4965069986994626e-02 5.4634027134862137e-09
1.5938624778451076e-02 5.1057114551071663e-09
1.6975514317609436e-02 4.7567717867440817e-09
1.8079858855637565e-02 4.4200144587231486e-09
1.9256046687238845e-02 4.0978922459418768e-09
2.0508751588262517e-02 3.7920413824790558e-09
2.1842951387721844e-02 3.5034134518268522e-09
2.3263947748016010e-02 3.2324199320876676e-09
2.4777387231958239e-02 2.9790512293546307e-09
2.6389283740321252e-02 2.7429784297345021e-09
2.8106042409062563e-02 2.5236521316057042e-09
2.9934485061185179e-02 2.3203598529345051e-09
3.1881877314374023e-02 2.1322932936656487e-09
3.3955957452122099e-02 1.9585873039102303e-09
3.6164967173074540e-02 1.7983556869725475e-09
3.8517684340773045e-02 1.6507135695180299e-09
4.1023457863940994e-02 1.5147916426035787e-09
4.3692244845910708e-02 1.3897524586842597e-09
4.6534650150810125e-02 1.2747930117258562e-09
4.9561968543737261e-02 1.1691549576983238e-09
5.2786229572366054e-02 1.0721230483338032e-09
5.6220245368333900e-02 9.8302611112199327e-10
5.9877661558352703e-02 9.0123995959334830e-10
6.3773011487354189e-02 8.2618151713385152e-10
6.7921773969125201e-02 7.5731243126054448e-10
7.2340434793921216e-02 6.9413197721969840e-10
7.7046552237466689e-02 6.3617903267684724e-10
8.2058826831649778e-02 5.8302778132291434e-10
8.7397175674166036e-02 5.3428526993032466e-10
9.3082811572380283e-02 4.8959041960333916e-10
9.9138327335907939e-02 4.4860996584615475e-10
1.0558778555285772e-01 4.1103802821233642e-10
1.1245681420648879e-01 3.7659325700024050e-10
1.1977270851221544e-01 3.4501726500939872e-10
1.2756453937963669e-01 3.1607269112913790e-10
1.3586326893057926e-01 2.8954162325504235e-10
1.4470187353217825e-01 2.6522410988646134e-10
1.5411547483390314e-01 2.4293671390082626e-10
1.6414147932920614e-01 2.2251105664463276e-10
1.7481972699638004e-01 2.0379270810755273e-10
1.8619264960926080e-01 1.8663988339351906e-10
1.9830543934686967e-01 1.7092242557528826e-10
2.1120622837196615e-01 1.5652091819200914e-10
2.2494628009211626e-01 1.4332574474679032e-10
2.3958019286327825e-01 1.3123638585346805e-10
2.5516611694534436e-01 1.2016058883902062e-10
2.7176598557177667e-01 1.1001380936283439e-10
2.8944576105149172e-01 1.0071846189340728e-10
3.0827569688095097e-01 9.2203397138123154e-11
3.2833061690797705e-01 8.4403435360744670e-11
3.4969021265663724e-01 7.7258789110361551e-11
3.7243935999461519e-01 7.0714656214714264e-11
3.9666845640144044e-01 6.4720832054477740e-11
4.2247378017773168e-01 5.9231255605089164e-11
4.4995787302288304e-01 5.4203744594276577e-11
4.7922994750136350e-01 4.9599608191379378e-11
5.1040632101681216e-01 4.5383406886987475e-11
5.4361087801838182e-01 4.1522655974537698e-11
5.7897556227596114e-01 3.7987565256609326e-11
6.1664090118047710e-01 3.4750868398527580e-11
6.5675656415258443e-01 3.1787527968083587e-11
6.9948195737874153e-01 2.9074629877895472e-11
7.4498685723789482e-01 2.6591162416837669e-11
7.9345208493588359e-01 2.4317859314049380e-11
8.4507022502822871e-01 2.2237077017441366e-11
9.0004639068655146e-01 2.0332635018735623e-11
9.5859903874951347e-01 1.8589698932896318e-11
1.0209608377969734e+00 1.6994690831892961e-11
1.0873795926969125e+00 1.5535142734799478e-11
1.1581192292988152e+00 1.4199656835026203e-11
1.2334608431864689e+00 1.2977769394971640e-11
1.3137038166574706e+00 1.1859899062109171e-11
1.3991670083680998e+00 1.0837271757325416e-11
1.4901900203706053e+00 9.9018347267763860e-12
1.5871345475778409e+00 9.0462276559326966e-12
1.6903858150175184e+00 8.2636912022866687e-12
1.8003541085871773e+00 7.5480463825780260e-12
1.9174764053927766e+00 6.8936310128989379e-12
2.0422181101490615e+00 6.2952560758281671e-12
2.1750749045417952e+00 5.7481722521160575e-12
2.3165747169004143e+00 5.2480261850056381e-12
2.4672798200082005e+00 4.7908347249865317e-12
2.6277890653856204e+00 4.3729442813502940e-12
2.7987402629254023e+00 3.9910137647530353e-12
2.9808127153349813e+00 3.6419799599384512e-12
3.1747299174577006e+00 3.3230423556638071e-12
3.3812624311985053e+00 3.0316348002937384e-12
3.6012309474784665e+00 2.7654075832388092e-12
3.8355095473851999e+00 2.5222131225902361e-12
4.0850291754777448e+00 2.3000804023606526e-12
4.3507813390481092e+00 2.0972105060403693e-12
4.6338220480384873e+00 1.9119525367127159e-12
4.9352760112705685e+00 1.7427983861699981e-12
5.2563411056609119e+00 1.5883659965848880e-12
5.5982931361821775e+00 1.4473906174439680e-12
5.9624909054839206e+00 1.3187162077791464e-12
6.3503816133184987e+00 1.2012829128815956e-12
6.7635066072274368e+00 1.0941237140567982e-12
7.2035075073392303e+00 9.9635193389464484e-13
7.6721327296173252e+00 9.0715822918329897e-13
8.1712444334783765e+00 8.2580113527473352e-13
8.7028259213891701e+00 7.5160260728796731e-13
9.2689895198449719e+00 6.8394258647991757e-13
9.8719849730467839e+00 6.2225408553423257e-13
1.0514208382629773e+01 5.6601855683128605e-13
1.1198211728967378e+01 5.1476178070832104e-13
1.1926713011885258e+01 4.6805077050529397e-13
1.2702607051080374e+01 4.2548931390267092e-13
1.3528976989163857e+01 3.8671548932398325e-13
1.4409106543035032e+01 3.5139789567927341e-13
1.5346493052270951e+01 3.1923424722072466e-13
1.6344861376380067e+01 2.8994782337744075e-13
1.7408178696145029e+01 2.6328635379980510e-13
1.8540670277867704e+01 2.3901917414859730e-13
1.9746836263160208e+01 2.1693545204282058e-13
2.1031469550997333e+01 1.9684272473653788e-13
2.2399674843090043e+01 1.7856518286176396e-13
2.3856888928256929e+01 1.6194225310490644e-13
2.5408902286399144e+01 1.4682736654078518e-13
2.7061882097925150e+01 1.3308673183585392e-13
2.8822396750055784e+01 1.2059814178079631e-13
3.0697441937392778e+01 1.0925010056580908e-13
3.2694468460461295e+01 9.8940856218164295e-14
3.4821411832692085e+01 8.9577510961031037e-14
3.7086723813488483e+01 8.1075322721651411e-14
3.9499405992684537e+01 7.3357058816830823e-14
4.2069045559841967e+01 6.6352209906739724e-14
4.4805853400525443e+01 5.9996526093354687e-14
4.7720704670936556e+01 5.4231368321888444e-14
5.0825182012134640e+01 4.9003337231834114e-14
5.4131621575568779e+01 4.4263692365484505e-14
5.7653162042803551e+01 3.9968063872379080e-14
6.1403796834232679e+01 3.6076013533225279e-14
6.5398429714235064e+01 3.2550676729635730e-14
6.9652934013737337e+01 2.9358503987184007e-14
7.4184215705503888e+01 2.6468925515811932e-14
7.9010280582801272e+01 2.3854109588860018e-14
8.4150305808380764e+01 2.1488719600607800e-14
8.9624716118086695e+01 1.9349694919536824e-14
9.5455264981908641e+01 1.7416048899288578e-14
1.0166512104497038e+02 1.5668689080035332e-14
1.0827896019195462e+02 1.4090248927028217e-14
1.1532306360078670e+02 1.2664937647181805e-14
1.2282542217522395e+02 1.1378396052587443e-14
1.3081584777131326e+02 1.0217574845752491e-14
1.3932609165970771e+02 9.1706132470250812e-15
1.4838997069455942e+02 8.2267367205118846e-15
1.5804350169035951e+02 7.3761583345551194e-15
1.6832504454067160e+02 6.6099907220029350e-15
1.7927545464748064e+02 5.9201673173519357e-15
1.9093824526685563e+02 5.2993662276960330e-15
2.0335976041602501e+02 4.7409459656368227e-15
2.1658935902896249e+02 4.2388787727085801e-15
2.3067961109222554e+02 3.7877010910114193e-15
2.4568650654044913e+02 3.3824614135369532e-15
2.6166967774155393e+02 3.0186708853687219e-15
2.7869263645578269e+02 2.6922664044295531e-15
2.9682302621012064e+02 2.3995672321054407e-15
3.1613289109097968e+02 2.1372414045076618e-15
3.3669896202323145e+02 1.9022717508848871e-15
3.5860296167314954e+02 1.6919293090904357e-15
3.8193192918688447e+02 1.5037474435569065e-15
4.0677856605482003e+02 1.3354963260507905e-15
4.3324160447620176e+02 1.1851618827549799e-15
4.6142619968776023e+02 1.0509252363678351e-15
4.9144434781536376e+02 9.3114374401393126e-16
5.2341533090903658e+02 8.2433445493364656e-16
5.5746619092981155e+02 7.2916001153629251e-16
5.9373223457186725e+02 6.4441479089234740e-16
6.3235757092591859e+02 5.6901243770093994e-16
6.7349568412042447e+02 5.0197468616166552e-16
7.1731004321600506e+02 4.4242074469571945e-16
7.6397475177665717e+02 3.8955809692116676e-16
8.1367523969888464e+02 3.4267394189305918e-16
8.6660900004793393e+02 3.0112759489803161e-16
9.2298637382895572e+02 2.6434378279121484e-16
9.8303138581159931e+02 2.3180579105033559e-16
1.0469826347292983e+03 2.0305035078254871e-16
1.1150942413905582e+03 1.7766187886150780e-16
1.1876368584698446e+03 1.5526809812145183e-16
1.2648987459904790e+03 1.3553565395013497e-16
1.3471869167732843e+03 1.1816630743969294e-16
1.4348283564024928e+03 1.0289322858103920e-16
1.5281713225568233e+03 8.9478083352927814e-17
1.6275867288686193e+03 7.7708164280640521e-17
1.7334696188102116e+03 6.7393608918471477e-17
1.8462407354640925e+03 5.8365306249021388e-17
1.9663481934148531e+03 5.0472524573875124e-17
2.0942692594061527e+03 4.3581213490733900e-17
2.2305122488386578e+03 3.7572129928970913e-17
2.3756185456449289e+03 3.2339363490259223e-17
2.5301647535674679e+03 2.7788973031009834e-17
2.6947649873886608e+03 2.3837632803024681e-17
2.8700733132168230e+03 2.0411564220808804e-17
3.0567863475255276e+03 1.7445439089100486e-17
3.2556460252736688e+03 1.4881585955657830e-17
3.4674425481062258e+03 1.2669064626055603e-17
3.6930175243504036e+03 1.0762957019802643e-17
3.9332673132848022e+03 9.1237196240670842e-18
4.1891465869705098e+03 7.7165512435599589e-18
4.4616721237974580e+03 6.5108945182592181e-18
4.7519268488208327e+03 5.4799234628018970e-18
5.0610641369418036e+03 4.6001429990369446e-18
5.3903123960325220e+03 3.8509915490729863e-18
5.7409799482167155e+03 3.2145038865988587e-18
6.1144602287031439e+03 2.6750145475909121e-18
6.5122373228294700e+03 2.2188680755342695e-18
6.9358918633195526e+03 1.8341925509301092e-18
7.3871073111876676e+03 1.5106807489786387e-18
7.8676766452475595e+03 1.2393970286971085e-18
8.3795094868090982e+03 1.0126104193059377e-18
8.9246396878724681e+03 8.2364427506661856e-19
9.5052334129738283e+03 6.6674218803026754e-19
1.0123597746796166e+04 5.3695210685717860e-19
1.0782189861750277e+04 4.3002188818811006e-19
1.1483626781953295e+04 3.4230881123913944e-19
1.2230695782404720e+04 2.7069864985409659e-19
1.3026365464681801e+04 2.1253556907693458e-19
1.3873797553166849e+04 1.6555987695889313e-19
1.4776359458678849e+04 1.2785389283676682e-19
1.5737637659434433e+04 9.7794607113595898e-20
1.6761451952509240e+04 7.4012388806511784e-20
1.7851870632429458e+04 5.5355090375250364e-20
1.9013226657210249e+04 4.0856591977919650e-20
2.0250134866076689e+04 2.9709918292749654e-20
2.1567510317287000e+04 2.1243620231880612e-20
2.2970587818924389e+04 1.4901728470096440e-20
2.4464942730269249e+04 1.0226277141339060e-20
2.6056513116405778e+04 6.8424018686510181e-21
2.7751623344100681e+04 4.4455135773041019e-21
2.9557009212715206e+04 2.7903122568691529e-21
3.1479844720011093e+04 1.6814002286264982e-21
3.3527770569212313e+04 9.6522246091654789e-22
3.5708924530595446e+04 5.2314362431317521e-22
3.8031973778259147e+04 2.6549761804331126e-22
4.0506149330565138e+04 1.2604942736036848e-22
4.3141282731110070e+04 5.7555448356882372e-23
4.5947845115980301e+04 2.8302677197331501e-23
4.8936988822534047e+04 1.8206400307263247e-23
5.2120591705049061e+04 1.5574669280267106e-23
5.5511304333328990e+04 1.4570205683097884e-23
5.9122600261826206e+04 1.3009265358029067e-23
6.2968829569025358e+04 1.0682072733614284e-23
6.7065275879842011e+04 8.1541012076674525e-24
7.1428217097618515e+04 6.0198858155921555e-24
7.6074990087053971e+04 4.5656505602697431e-24
8.1024059565086311e+04 3.7382237206808639e-24
8.6295091473483975e+04 3.2879650146442236e-24
9.1909031124698056e+04 2.9575691780671986e-24
9.7888186431511233e+04 2.6029825537695024e-24
1.0425631655119659e+05 2.2142707793233113e-24
1.1103872629643837e+05 1.8558636740190311e-24
1.1826236668816920e+05 1.5858838744190910e-24
1.2595594204988179e+05 1.4121490431137633e-24
1.3415002406898627e+05 1.2999509602588185e-24
1.4287717327843598e+05 1.2082920345658555e-24
1.5217206844136384e+05 1.1171419227804875e-24
1.6207164435284812e+05 1.0284072085120993e-24
1.7261523860640413e+05 9.5065583381700946e-25
1.8384474790837915e+05 8.8765619452773474e-25
1.9580479456140849e+05 8.3808183831200758e-25
2.0854290377847824e+05 7.9947753510689601e-25
2.2210969253217065e+05 7.6975491969932551e-25
2.3655907068954196e+05 7.4674734891915419e-25
2.5194845523184165e+05 7.2828107591068549e-25
2.6833899841033714e+05 7.1266897949934974e-25
2.8579583074483613e+05 6.9873543266270062e-25
3.0438831983053457e+05 6.8565878089008113e-25
3.2419034598156007e+05 6.7292689488438999e-25
3.4528059580655640e+05 6.6027812807224515e-25
3.6774287488287117e+05 6.4766856297651267e-25
3.9166644077179267e+05 6.3518884304425341e-25
4.1714635769817175e+05 6.2294198926754758e-25
4.4428387430374691e+05 6.1098898113499822e-25
4.7318682597528590e+05 5.9926617521555662e-25
5.0397006334622076e+05 5.8772920301078119e-25
5.3675590867455630e+05 5.7630332407924233e-25
5.7167464191047195e+05 5.6500222279392751e-25
6.0886501838514523e+05 5.5386465353734718e-25
6.4847482017786766e+05 5.4290190993628637e-25
6.9066144335247844e+05 5.3219743448084572e-25
7.3559252339649945e+05 5.2169186942056633e-25
7.8344660134832736e+05 5.1141380298187725e-25
8.3441383325943002e+05 5.0129720905054120e-25
8.8869674581067287e+05 4.9133579168277688e-25
9.4651104108544474e+05 4.8152626488638392e-25
1.0080864536973453e+06 4.7183899759395960e-25
1.0736676636784833e+06 4.6232643926398710e-25
1.1435152687558022e+06 4.5295696165700796e-25
1.2179068198790718e+06 4.4375189829911046e-25
1.2971379241152154e+06 4.3468759604251385e-25
1.3815234192916299e+06 4.2578458736272231e-25
1.4713986250561001e+06 4.1705467328024031e-25
1.5671206753245385e+06 4.0840430340492491e-25
1.6690699374114217e+06 3.9986531014282273e-25
1.7776515234818475e+06 3.9142341660126933e-25
1.8932969003313945e+06 3.8314958737116252e-25
2.0164656038903573e+06 3.7501486078107473e-25
2.1476470652654553e+06 3.6696194728402477e-25
2.2873625555747966e+06 3.5901821010279788e-25
2.4361672573044356e+06 3.5101010348622392e-25
2.5946524704173394e+06 3.4310270702520262e-25
2.7634479619809845e+06 3.3520722138796172e-25
2.9432244686505292e+06 3.2748744591019984e-25
3.1346963619511784e+06 3.2000816942325709e-25
3.3386244869510098e+06 3.1273324439482407e-25
3.5558191856039185e+06 3.0562489954558708e-25
3.7871435167768374e+06 2.9847610635874141e-25
4.0335166857560328e+06 2.9145650705605779e-25
4.2959176968605891e+06 2.8446280288026811e-25
4.5753892436769959e+06 2.7740517434074561e-25
4.8730418523738561e+06 2.7041291128380916e-25
5.1900582945601800e+06 2.6367739747119552e-25
5.5276982872229926e+06 2.5695166125668889e-25
5.8873034984200718e+06 2.5027049342759023e-25
6.2703028786185076e+06 2.4361430612905137e-25
6.6782183388647540e+06 2.3715939875312696e-25
7.1126707983483598e+06 2.3048732074875493e-25
7.5753866253911415e+06 2.2377857477010458e-25
8.0682044974554824e+06 2.1714096306301931e-25
8.5930827074320801e+06 2.1083821006127672e-25
9.1521069452386778e+06 2.0506658081111019e-25
9.7474985856521353e+06 1.9940676545131318e-25
1.0381623515306652e+07 1.9375562867037658e-25
1.1057001533933176e+07 1.8774272513133274e-25
1.1776316367198700e+07 1.8182222060965790e-25
1.2542426330931367e+07 1.7574092662225711e-25
1.3358375689108850e+07 1.6971225882005281e-25
1.4227406750741661e+07 1.6382802294763147e-25
1.5152972753722046e+07 1.5809919325025708e-25
1.6138751586832451e+07 1.5262119625114022e-25
1.7188660404441763e+07 1.4722979725826012e-25
1.8306871191962767e+07 1.4201031934009888e-25
1.9497827343921974e+07 1.3702510279501710e-25
2.0766261320519630e+07 1.3228671831072906e-25
2.2117213452838302e+07 1.2772095523898972e-25
2.3556051971428011e+07 1.2315824258184978e-25
2.5088494337852679e+07 1.1862498169584999e-25
2.6720629963965416e+07 1.1417384421286994e-25
2.8458944409187570e+07 1.0979571382475595e-25
3.0310345151946235e+07 1.0559717413638922e-25
3.2282189037676439e+07 1.0147053799331691e-25
3.4382311512455747e+07 9.7476206744077423e-26
3.6619057758439839e+07 9.3616261320961564e-26
3.9001315854815714e+07 8.9771077354412295e-26
4.1538552096047126e+07 8.6058657182626002e-26
4.4240848607751660e+07 8.2300035663128461e-26
4.7118943409687549e+07 7.8672058133073983e-26
5.0184273085040376e+07 7.5026926769249931e-26
5.3449018225568660e+07 7.1609023279703199e-26
5.6926151833187394e+07 6.8297404281465969e-26
6.0629490870327890e+07 6.4923238501624946e-26
6.4573751163909487e+07 6.1835305296715127e-26
6.8774605881099194e+07 5.8679687132850530e-26
7.3248747809220463e+07 5.5772919259406546e-26
7.8013955687287509e+07 5.3017139086341099e-26
8.3089164852753133e+07 5.0191662400870684e-26
8.8494542484184965e+07 4.7693579851963495e-26
9.4251567738868594e+07 4.5237214679931225e-26
1.0038311710376969e+08 4.3109864337849308e-26
1.0691355529902300e+08 4.1204055846197213e-26
1.1386883209515317e+08 3.9472721452800949e-26
1.2127658542875780e+08 3.6941802519725484e-26
1.2916625122639644e+08 3.1263888013500139e-26
1.3756918037308329e+08 2.5760137301824979e-26
1.4651876329019254e+08 1.7967751324480647e-26
1.5605056261778703e+08 1.1711033416255232e-26
