# k_modes P_scalar P_tensor
4.5653602295523221e-05 2.8467330978933615e-09 7.4284070604896294e-12
4.6297759574301745e-05 2.8455368716962472e-09 7.4283735370381204e-12
4.6951005699938871e-05 2.8443410420285569e-09 7.4283403867751208e-12
4.7613468913067473e-05 2.8431445045788169e-09 7.4283047221878639e-12
4.8285279263753855e-05 2.8419484011487326e-09 7.4282695097789598e-12
4.8966568637027491e-05 2.8407529269131590e-09 7.4282352894501316e-12
4.9657470778772549e-05 2.8395569175352082e-09 7.4281989879986752e-12
5.0358121321983128e-05 2.8383627386501871e-09 7.4281668282116221e-12
5.1068657813390578e-05 2.8371669867764718e-09 7.4281298715118497e-12
5.1789219740464867e-05 2.8359721078786442e-09 7.4280945221045818e-12
5.2519948558798596e-05 2.8347766549358142e-09 7.4280570044462752e-12
5.3260987719875733e-05 2.8335830442308729e-09 7.4280236470646658e-12
5.4012482699233818e-05 2.8323890186637494e-09 7.4279885249972019e-12
5.4774581025021845e-05 2.8311955372588019e-09 7.4279541587731297e-12
5.5547432306962785e-05 2.8300019345687469e-09 7.4279188174110285e-12
5.6331188265723046e-05 2.8288082964336842e-09 7.4278827046761098e-12
5.7126002762698072e-05 2.8276149338110797e-09 7.4278466453331550e-12
5.7932031830216421e-05 2.8264230119783127e-09 7.4278136906334560e-12
5.8749433702171828e-05 2.8252305310780399e-09 7.4277785942576468e-12
5.9578368845085650e-05 2.8240375571253732e-09 7.4277415369738930e-12
6.0418999989609432e-05 2.8228449836745935e-09 7.4277048544865504e-12
6.1271492162470083e-05 2.8216544089236855e-09 7.4276727696086520e-12
6.2136012718867588e-05 2.8204626043400500e-09 7.4276367672293722e-12
6.3012731375328666e-05 2.8192711593919000e-09 7.4276010379631361e-12
6.3901820243023876e-05 2.8180802834651231e-09 7.4275661372352439e-12
6.4803453861556163e-05 2.8168895970777935e-09 7.4275310493126405e-12
6.5717809233224234e-05 2.8156993832159817e-09 7.4274965434898426e-12
6.6645065857771408e-05 2.8145088070684242e-09 7.4274604138987279e-12
6.7585405767622679e-05 2.8133181129445794e-09 7.4274233012810242e-12
6.8539013563621054e-05 2.8121287528877515e-09 7.4273890113448957e-12
6.9506076451266089e-05 2.8109384057719701e-09 7.4273514550603064e-12
7.0486784277465741e-05 2.8097505152232760e-09 7.4273197084161792e-12
7.1481329567804717e-05 2.8085610706554903e-09 7.4272831935463361e-12
7.2489907564340822e-05 2.8073725546363527e-09 7.4272484307881085e-12
7.3512716263932331e-05 2.8061830787398797e-09 7.4272104725465032e-12
7.4549956457108563e-05 2.8049952040961226e-09 7.4271760782956956e-12
7.5601831767486372e-05 2.8038067164974236e-09 7.4271393722625890e-12
7.6668548691745351e-05 2.8026196234350110e-09 7.4271056888204458e-12
7.7750316640164534e-05 2.8014314004266059e-09 7.4270683267195813e-12
7.8847347977733609e-05 2.8002456003630859e-09 7.4270367080272587e-12
7.9959858065841604e-05 2.7990571115358219e-09 7.4269972941370753e-12
8.1088065304556434e-05 2.7978715900423990e-09 7.4269650759979116e-12
8.2232191175498278e-05 2.7966845051491316e-09 7.4269280097981508e-12
8.3392460285320672e-05 2.7954975610874389e-09 7.4268906512625333e-12
8.4569100409802282e-05 2.7943110125481168e-09 7.4268536543433639e-12
8.5762342538563631e-05 2.7931257048374603e-09 7.4268192900946976e-12
8.6972420920411936e-05 2.7919409529476048e-09 7.4267857066430855e-12
8.8199573109328400e-05 2.7907551214953570e-09 7.4267485834890848e-12
8.9444040011102578e-05 2.7895707891795116e-09 7.4267147726524435e-12
9.0706065930624806e-05 2.7883863174270728e-09 7.4266798915491141e-12
9.1985898619847541e-05 2.7872006813705516e-09 7.4266412503087907e-12
9.3283789326420964e-05 2.7860177543560605e-09 7.4266091429781344e-12
9.4599992843017456e-05 2.7848328434151500e-09 7.4265710512579415e-12
9.5934767557349283e-05 2.7836487507638277e-09 7.4265344661062421e-12
9.7288375502894926e-05 2.7824650523162710e-09 7.4264982488991003e-12
9.8661082410338098e-05 2.7812822677294514e-09 7.4264637912561464e-12
1.0005315775973563e-04 2.7800993384629867e-09 7.4264282617943161e-12
1.0146487483341833e-04 2.7789158927633481e-09 7.4263906771683783e-12
1.0289651076964132e-04 2.7777333535569510e-09 7.4263548175475588e-12
1.0434834661698870e-04 2.7765519000280357e-09 7.4263211817102366e-12
1.0582066738954764e-04 2.7753690361356156e-09 7.4262831038634815e-12
1.0731376212286000e-04 2.7741878893617328e-09 7.4262489166383373e-12
1.0882792393066396e-04 2.7730060543747359e-09 7.4262122123563204e-12
1.1036345006243587e-04 2.7718247629920895e-09 7.4261762725317908e-12
1.1192064196174421e-04 2.7706441743369402e-09 7.4261415331485984e-12
1.1349980532542685e-04 2.7694639930099687e-09 7.4261072020958565e-12
1.1510125016360326e-04 2.7682834087677560e-09 7.4260711102129784e-12
1.1672529086053353e-04 2.7671019491081954e-09 7.4260319800652016e-12
1.1837224623633597e-04 2.7659224043450853e-09 7.4259973021604731e-12
1.2004243960957570e-04 2.7647424817306144e-09 7.4259609196424087e-12
1.2173619886073620e-04 2.7635625854124713e-09 7.4259239154515575e-12
1.2345385649658653e-04 2.7623838268910280e-09 7.4258892972372434e-12
1.2519574971545656e-04 2.7612050563605035e-09 7.4258539239360379e-12
1.2696222047343350e-04 2.7600256896501800e-09 7.4258162935705939e-12
1.2875361555149227e-04 2.7588462228450711e-09 7.4257776999078737e-12
1.3057028662357290e-04 2.7576687536510831e-09 7.4257437933727493e-12
1.3241259032561892e-04 2.7564910760968644e-09 7.4257086358239854e-12
1.3428088832558938e-04 2.7553128225869456e-09 7.4256712292890366e-12
1.3617554739445888e-04 2.7541352509239296e-09 7.4256349925351419e-12
1.3809693947822014e-04 2.7529577675041221e-09 7.4255982911981125e-12
1.4004544177090026e-04 2.7517817464963160e-09 7.4255648334304585e-12
1.4202143678861064e-04 2.7506049113472929e-09 7.4255285063939261e-12
1.4402531244463846e-04 2.7494291729154943e-09 7.4254944293445867e-12
1.4605746212559956e-04 2.7482523071438124e-09 7.4254566353442690e-12
1.4811828476866525e-04 2.7470759837288134e-09 7.4254196035254674e-12
1.5020818493987888e-04 2.7459004514956546e-09 7.4253840311053885e-12
1.5232757291357726e-04 2.7447249642059919e-09 7.4253478971913891e-12
1.5447686475293285e-04 2.7435489440294965e-09 7.4253096164774028e-12
1.5665648239163236e-04 2.7423739720295034e-09 7.4252734653775064e-12
1.5886685371670767e-04 2.7412003095710261e-09 7.4252401714552048e-12
1.6110841265253568e-04 2.7400253506070007e-09 7.4252026890552828e-12
1.6338159924602315e-04 2.7388506179086217e-09 7.4251651123625822e-12
1.6568685975299369e-04 2.7376766308480165e-09 7.4251288738579241e-12
1.6802464672579346e-04 2.7365031570016268e-09 7.4250933323639683e-12
1.7039541910213301e-04 2.7353290441185275e-09 7.4250553658708584e-12
1.7279964229518271e-04 2.7341555218080252e-09 7.4250182959207479e-12
1.7523778828493937e-04 2.7329822450541139e-09 7.4249812100067125e-12
1.7771033571088195e-04 2.7318103232215857e-09 7.4249471101958797e-12
1.8021776996593466e-04 2.7306375487742152e-09 7.4249099808910156e-12
1.8276058329175571e-04 2.7294643063456841e-09 7.4248709067025485e-12
1.8533927487537154e-04 2.7282937830777688e-09 7.4248385064221431e-12
1.8795435094717171e-04 2.7271215163259141e-09 7.4248006801073637e-12
1.9060632488029119e-04 2.7259504329350297e-09 7.4247653803857025e-12
1.9329571729138914e-04 2.7247787497520594e-09 7.4247277519728523e-12
1.9602305614285548e-04 2.7236083598903216e-09 7.4246929462783109e-12
1.9878887684645464e-04 2.7224364593356006e-09 7.4246533312969550e-12
2.0159372236843478e-04 2.7212669161500255e-09 7.4246194399617784e-12
2.0443814333611881e-04 2.7200963324007058e-09 7.4245820015286643e-12
2.0732269814599963e-04 2.7189248522283169e-09 7.4245414408345252e-12
2.1024795307336062e-04 2.7177564901439789e-09 7.4245086884886237e-12
2.1321448238344272e-04 2.7165865037505963e-09 7.4244707921218990e-12
2.1622286844418011e-04 2.7154175593647489e-09 7.4244350472655346e-12
2.1927370184052653e-04 2.7142484760348564e-09 7.4243982283498863e-12
2.2236758149039477e-04 2.7130790478371862e-09 7.4243597562668915e-12
2.2550511476223192e-04 2.7119110242424162e-09 7.4243244430256337e-12
2.2868691759425364e-04 2.7107424235653620e-09 7.4242868269754841e-12
2.3191361461536076e-04 2.7095749679620733e-09 7.4242516614315542e-12
2.3518583926776198e-04 2.7084067251188890e-09 7.4242136299699729e-12
2.3850423393132684e-04 2.7072393021030228e-09 7.4241771569852781e-12
2.4186945004969296e-04 2.7060723550628800e-09 7.4241412794344998e-12
2.4528214825815276e-04 2.7049056748033148e-09 7.4241054369785585e-12
2.4874299851334583e-04 2.7037381071457935e-09 7.4240664493146310e-12
2.5225268022477739e-04 2.7025716663575233e-09 7.4240298628436432e-12
2.5581188238819880e-04 2.7014040761538002e-09 7.4239894018471083e-12
2.5942130372086223e-04 2.7002388537241977e-09 7.4239547413348586e-12
2.6308165279869213e-04 2.6990727233967394e-09 7.4239168973876582e-12
2.6679364819538352e-04 2.6979086122848354e-09 7.4238838925508152e-12
2.7055801862347126e-04 2.6967425239094640e-09 7.4238447522557635e-12
2.7437550307738275e-04 2.6955783447008914e-09 7.4238101707155245e-12
2.7824685097851341e-04 2.6944132851784184e-09 7.4237724432502177e-12
2.8217282232234761e-04 2.6932481763481483e-09 7.4237338698745124e-12
2.8615418782765528e-04 2.6920846798125781e-09 7.4236990539412973e-12
2.9019172908779434e-04 2.6909210598390139e-09 7.4236631862046906e-12
2.9428623872414727e-04 2.6897571873730027e-09 7.4236259169833424e-12
2.9843852054172284e-04 2.6885929764680184e-09 7.4235870047908166e-12
3.0264938968695365e-04 2.6874305559602067e-09 7.4235523252887441e-12
3.0691967280771981e-04 2.6862673567432318e-09 7.4235147882073998e-12
3.1125020821563040e-04 2.6851036969206519e-09 7.4234752901409780e-12
3.1564184605059495e-04 2.6839418003261919e-09 7.4234399245396397e-12
3.2009544844771690e-04 2.6827793079898425e-09 7.4234022337162902e-12
3.2461188970654188e-04 2.6816183174523115e-09 7.4233679782927283e-12
3.2919205646269380e-04 2.6804552707798716e-09 7.4233273384522938e-12
3.3383684786193296e-04 2.6792935349054006e-09 7.4232895973895692e-12
3.3854717573666954e-04 2.6781329248307500e-09 7.4232542757356212e-12
3.4332396478496999e-04 2.6769708258116089e-09 7.4232141141016048e-12
3.4816815275208311e-04 2.6758105777573597e-09 7.4231783756308469e-12
3.5308069061453678e-04 2.6746501082375126e-09 7.4231413226821189e-12
3.5806254276682148e-04 2.6734912112719762e-09 7.4231079145630521e-12
3.6311468721071850e-04 2.6723300129461992e-09 7.4230674055731232e-12
3.6823811574729039e-04 2.6711706468482382e-09 7.4230312820841085e-12
3.7343383417158624e-04 2.6700110487746278e-09 7.4229937922931564e-12
3.7870286247009151e-04 2.6688514991657925e-09 7.4229557316943223e-12
3.8404623502096490e-04 2.6676923901901043e-09 7.4229181820452368e-12
3.8946500079709993e-04 2.6665332809873753e-09 7.4228799258740984e-12
3.9496022357205179e-04 2.6653758029924852e-09 7.4228455029879039e-12
4.0053298212886992e-04 2.6642169628607457e-09 7.4228065596774461e-12
4.0618437047187694e-04 2.6630596417530374e-09 7.4227711369038913e-12
4.1191549804143584e-04 2.6619000515681559e-09 7.4227286806792212e-12
4.1772748993174747e-04 2.6607435488293313e-09 7.4226941225451417e-12
4.2362148711172075e-04 2.6595861585558578e-09 7.4226563612578188e-12
4.2959864664896008e-04 2.6584285426501415e-09 7.4226172768709046e-12
4.3566014193691213e-04 2.6572724124914395e-09 7.4225816152990360e-12
4.4180716292521841e-04 2.6561157641517653e-09 7.4225437920676354e-12
4.4804091635331747e-04 2.6549595120395145e-09 7.4225063637352464e-12
4.5436262598734371e-04 2.6538031733440178e-09 7.4224679702180632e-12
4.6077353286036812e-04 2.6526481777105643e-09 7.4224326221844660e-12
4.6727489551602884e-04 2.6514917962187974e-09 7.4223926797817495e-12
4.7386799025560174e-04 2.6503375227134476e-09 7.4223579141914574e-12
4.8055411138854965e-04 2.6491811817508812e-09 7.4223166528801265e-12
4.8733457148661906e-04 2.6480270254704249e-09 7.4222807794273511e-12
4.9421070164150718e-04 2.6468727380383070e-09 7.4222438388277011e-12
5.0118385172618046e-04 2.6457185313568352e-09 7.4222064030679928e-12
5.0825539065986350e-04 2.6445646004300678e-09 7.4221690185589444e-12
5.1542670667678386e-04 2.6434116579589157e-09 7.4221336972655583e-12
5.2269920759869415e-04 2.6422571402860829e-09 7.4220932310852844e-12
5.3007432111124844e-04 2.6411045463346780e-09 7.4220574517126941e-12
5.3755349504427453e-04 2.6399508988912707e-09 7.4220179864107089e-12
5.4513819765600216e-04 2.6387984445608664e-09 7.4219811559470620e-12
5.5282991792130051e-04 2.6376464380940135e-09 7.4219448721557986e-12
5.6063016582398324e-04 2.6364939922743121e-09 7.4219066333296489e-12
5.6854047265323792e-04 2.6353410647955348e-09 7.4218663065052101e-12
5.7656239130423790e-04 2.6341899239184104e-09 7.4218302975556719e-12
5.8469749658299533e-04 2.6330386969213630e-09 7.4217933310463033e-12
5.9294738551551624e-04 2.6318872196399793e-09 7.4217549299522217e-12
6.0131367766131684e-04 2.6307365124468936e-09 7.4217179804583137e-12
6.0979801543136402e-04 2.6295858727763426e-09 7.4216804996332611e-12
6.1840206441050427e-04 2.6284338782556851e-09 7.4216384680254879e-12
6.2712751368443267e-04 2.6272836211038544e-09 7.4216006156597134e-12
6.3597607617129216e-04 2.6261343848897400e-09 7.4215649298910509e-12
6.4494948895793026e-04 2.6249843013989827e-09 7.4215261325788242e-12
6.5404951364092317e-04 2.6238351463526162e-09 7.4214892350846254e-12
6.6327793667238829e-04 2.6226862861494147e-09 7.4214524308989863e-12
6.7263656971069897e-04 2.6215366908270706e-09 7.4214128408941276e-12
6.8212724997612577e-04 2.6203884365152361e-09 7.4213763198873686e-12
6.9175184061151692e-04 2.6192385696768497e-09 7.4213345059355266e-12
7.0151223104804653e-04 2.6180911196178331e-09 7.4212988111319483e-12
7.1141033737614459e-04 2.6169429756293380e-09 7.4212604239376061e-12
7.2144810272164290e-04 2.6157960172324117e-09 7.4212246627620361e-12
7.3162749762723845e-04 2.6146475066631651e-09 7.4211837920061527e-12
7.4195052043933649e-04 2.6135007758349089e-09 7.4211472266916855e-12
7.5241919770035115e-04 2.6123526740055382e-09 7.4211060491790368e-12
7.6303558454654183e-04 2.6112073602561993e-09 7.4210720598825404e-12
7.7380176511146329e-04 2.6100610436123483e-09 7.4210345118889229e-12
7.8471985293510776e-04 2.6089141332204675e-09 7.4209945255671309e-12
7.9579199137881965e-04 2.6077683032114492e-09 7.4209568992069714e-12
8.0702035404606588e-04 2.6066226854176585e-09 7.4209191551221489e-12
8.1840714520914077e-04 2.6054770911531932e-09 7.4208807274485877e-12
8.2995460024189714e-04 2.6043303816447588e-09 7.4208383991565112e-12
8.4166498605857040e-04 2.6031863694417422e-09 7.4208030231542492e-12
8.5354060155881531e-04 2.6020414259111526e-09 7.4207642786976343e-12
8.6558377807899594e-04 2.6008977006807867e-09 7.4207282653186893e-12
8.7779687984987104e-04 2.5997524644210170e-09 7.4206872180996080e-12
8.9018230446070881e-04 2.5986092296140603e-09 7.4206511434533806e-12
9.0274248332997890e-04 2.5974657018867808e-09 7.4206135187735626e-12
9.1547988218265665e-04 2.5963220105036397e-09 7.4205746891225516e-12
9.2839700153429165e-04 2.5951786730826145e-09 7.4205361337655639e-12
9.4149637718187590e-04 2.5940349599938344e-09 7.4204957736619915e-12
9.5478058070166852e-04 2.5928913696198289e-09 7.4204550296617884e-12
9.6825221995401460e-04 2.5917499371830679e-09 7.4204197262083536e-12
9.8191393959531545e-04 2.5906059009660452e-09 7.4203762407841798e-12
9.9576842159719873e-04 2.5894662637846177e-09 7.4203446096139669e-12
1.0098183857730285e-03 2.5883242525823972e-09 7.4203054617670325e-12
1.0240665903118390e-03 2.5871834683999549e-09 7.4202690896951977e-12
1.0385158323198025e-03 2.5860410940433531e-09 7.4202274209399648e-12
1.0531689483693368e-03 2.5848994116487481e-09 7.4201869946660001e-12
1.0680288150559619e-03 2.5837596517129451e-09 7.4201513711628267e-12
1.0830983495630124e-03 2.5826197032171728e-09 7.4201144511043638e-12
1.0983805102343181e-03 2.5814785857195068e-09 7.4200734527178302e-12
1.1138782971549647e-03 2.5803388407934548e-09 7.4200356635487142e-12
1.1295947527402484e-03 2.5791990974839226e-09 7.4199971356290264e-12
1.1455329623329472e-03 2.5780590340249845e-09 7.4199569482600737e-12
1.1616960548090003e-03 2.5769209266329130e-09 7.4199216473268821e-12
1.1780872031917644e-03 2.5757805757065472e-09 7.4198791609013842e-12
1.1947096252749004e-03 2.5746426262283104e-09 7.4198428490573696e-12
1.2115665842540864e-03 2.5735040214892067e-09 7.4198039176363633e-12
1.2286613893676059e-03 2.5723658374837600e-09 7.4197654612445226e-12
1.2459973965460143e-03 2.5712278778765849e-09 7.4197269193112755e-12
1.2635780090709302e-03 2.5700903446920133e-09 7.4196888471537184e-12
1.2814066782431644e-03 2.5689523865050345e-09 7.4196488241597318e-12
1.2994869040602341e-03 2.5678152909139219e-09 7.4196105501920045e-12
1.3178222359034764e-03 2.5666788179333813e-09 7.4195733365343199e-12
1.3364162732348245e-03 2.5655410238446050e-09 7.4195315579648766e-12
1.3552726663034337e-03 2.5644051533913292e-09 7.4194945969671045e-12
1.3743951168622716e-03 2.5632686841723614e-09 7.4194551840329060e-12
1.3937873788948205e-03 2.5621331358156503e-09 7.4194176809442970e-12
1.4134532593520312e-03 2.5609962482235008e-09 7.4193755538252225e-12
1.4333966188996784e-03 2.5598603297375930e-09 7.4193355070459709e-12
1.4536213726762575e-03 2.5587264141941798e-09 7.4193005075290113e-12
1.4741314910615777e-03 2.5575915532429315e-09 7.4192620274277460e-12
1.4949310004561988e-03 2.5564565966930819e-09 7.4192225329619686e-12
1.5160239840718644e-03 2.5553213312143079e-09 7.4191814008907874e-12
1.5374145827330909e-03 2.5541877550896518e-09 7.4191444163946623e-12
1.5591069956900610e-03 2.5530535014507092e-09 7.4191047393170679e-12
1.5811054814430000e-03 2.5519205108966824e-09 7.4190679798774780e-12
1.6034143585781566e-03 2.5507875215059503e-09 7.4190304805421348e-12
1.6260380066156206e-03 2.5496527534512145e-09 7.4189870620690244e-12
1.6489808668690531e-03 2.5485204726889843e-09 7.4189501295841502e-12
1.6722474433176005e-03 2.5473881801638669e-09 7.4189124334140135e-12
1.6958423034900570e-03 2.5462549864531791e-09 7.4188713441976526e-12
1.7197700793615558e-03 2.5451233088216747e-09 7.4188339407289783e-12
1.7440354682628583e-03 2.5439913397540219e-09 7.4187949484701030e-12
1.7686432338025289e-03 2.5428590452815270e-09 7.4187542543777178e-12
1.7935982068020637e-03 2.5417262254099467e-09 7.4187112693017260e-12
1.8189052862442709e-03 2.5405968470860188e-09 7.4186775797974459e-12
1.8445694402349838e-03 2.5394655141081025e-09 7.4186374595811431e-12
1.8705957069783726e-03 2.5383343561313195e-09 7.4185970738816218e-12
1.8969891957660082e-03 2.5372039732723348e-09 7.4185582277121080e-12
1.9237550879798808e-03 2.5360740955650198e-09 7.4185201066587206e-12
1.9508986381095727e-03 2.5349434628116850e-09 7.4184790156290780e-12
1.9784251747837819e-03 2.5338134929731547e-09 7.4184391142116858e-12
2.0063401018164009e-03 2.5326844980084533e-09 7.4184013369901776e-12
2.0346488992673550e-03 2.5315555619312963e-09 7.4183629529658193e-12
2.0633571245184082e-03 2.5304260351899580e-09 7.4183221145201970e-12
2.0924704133641471e-03 2.5292974611370435e-09 7.4182832994980125e-12
2.1219944811183711e-03 2.5281695349900813e-09 7.4182456465007971e-12
2.1519351237360576e-03 2.5270404313942014e-09 7.4182037877109757e-12
2.1822982189512161e-03 2.5259123119754626e-09 7.4181640520640922e-12
2.2130897274307273e-03 2.5247856620824591e-09 7.4181278944078766e-12
2.2443156939445348e-03 2.5236572374483137e-09 7.4180857546658984e-12
2.2759822485522749e-03 2.5225303876849070e-09 7.4180475053616014e-12
2.3080956078067242e-03 2.5214036871848166e-09 7.4180089379665896e-12
2.3406620759741491e-03 2.5202766882756753e-09 7.4179687480085746e-12
2.3736880462719556e-03 2.5191496324914859e-09 7.4179276134599471e-12
2.4071800021237197e-03 2.5180237131126585e-09 7.4178890813340716e-12
2.4411445184320036e-03 2.5168970165417107e-09 7.4178475111361808e-12
2.4755882628690680e-03 2.5157723844065807e-09 7.4178112748227679e-12
2.5105179971858338e-03 2.5146464010084145e-09 7.4177702820172817e-12
2.5459405785392976e-03 2.5135208411387384e-09 7.4177297968306850e-12
2.5818629608386815e-03 2.5123956281508418e-09 7.4176895722686789e-12
2.6182921961105743e-03 2.5112718884152651e-09 7.4176529400431859e-12
2.6552354358833348e-03 2.5101465959672821e-09 7.4176109787670178e-12
2.6926999325910294e-03 2.5090229595327919e-09 7.4175731348869886e-12
2.7306930409971798e-03 2.5078990991842743e-09 7.4175338860420445e-12
2.7692222196385946e-03 2.5067756356045330e-09 7.4174950395020265e-12
2.8082950322895796e-03 2.5056510791372276e-09 7.4174522061218196e-12
2.8479191494468017e-03 2.5045286590377103e-09 7.4174149428885433e-12
2.8881023498351045e-03 2.5034043286791261e-09 7.4173712694323804e-12
2.9288525219345876e-03 2.5022824210657558e-09 7.4173340133396422e-12
2.9701776655291817e-03 2.5011592795193586e-09 7.4172923257827684e-12
3.0120858932771578e-03 2.5000376212205237e-09 7.4172542847041430e-12
3.0545854323036949e-03 2.4989159215453358e-09 7.4172153616127889e-12
3.0976846258160217e-03 2.4977939996824370e-09 7.4171750233283088e-12
3.1413919347412448e-03 2.4966716246768655e-09 7.4171325730887881e-12
3.1857159393873899e-03 2.4955511512795815e-09 7.4170950130115417e-12
3.2306653411277729e-03 2.4944308283780682e-09 7.4170571390465352e-12
3.2762489641092467e-03 2.4933096532937048e-09 7.4170159728853329e-12
3.3224757569844392e-03 2.4921893530905152e-09 7.4169766383512580e-12
3.3693547946685417e-03 2.4910689254714878e-09 7.4169361626425920e-12
3.4168952801207938e-03 2.4899492980346439e-09 7.4168973163333057e-12
3.4651065461511589e-03 2.4888290769432161e-09 7.4168559383856601e-12
3.5139980572524727e-03 2.4877102632714698e-09 7.4168179893422095e-12
3.5635794114584453e-03 2.4865900207631311e-09 7.4167750073358656e-12
3.6138603422278780e-03 2.4854705827640304e-09 7.4167336689116818e-12
3.6648507203554674e-03 2.4843526479675999e-09 7.4166960473179955e-12
3.7165605559095691e-03 2.4832340636087245e-09 7.4166557360707167e-12
3.7690000001973038e-03 2.4821148547863149e-09 7.4166127790123484e-12
3.8221793477573886e-03 2.4809978525573928e-09 7.4165756561729801e-12
3.8761090383810900e-03 2.4798804006558931e-09 7.4165364072079349e-12
3.9307996591616849e-03 2.4787624501976777e-09 7.4164949222260341e-12
3.9862619465728458e-03 2.4776457781356348e-09 7.4164564868761819e-12
4.0425067885763635e-03 2.4765287210825474e-09 7.4164161430787466e-12
4.0995452267595517e-03 2.4754117097109006e-09 7.4163751554640659e-12
4.1573884585029150e-03 2.4742945638240074e-09 7.4163330025690516e-12
4.2160478391782734e-03 2.4731785801704466e-09 7.4162935649665792e-12
4.2755348843780310e-03 2.4720632021939696e-09 7.4162551693640511e-12
4.3358612721757723e-03 2.4709471871374341e-09 7.4162140977935304e-12
4.3970388454188858e-03 2.4698319732235884e-09 7.4161746644234100e-12
4.4590796140533961e-03 2.4687162363514713e-09 7.4161329003587984e-12
4.5219957574817431e-03 2.4676021287055635e-09 7.4160952366166070e-12
4.5857996269536841e-03 2.4664869050872415e-09 7.4160534666969170e-12
4.6505037479910713e-03 2.4653728979636673e-09 7.4160145827533507e-12
4.7161208228467220e-03 2.4642579699821955e-09 7.4159721454189768e-12
4.7826637329980602e-03 2.4631435900391715e-09 7.4159306116781539e-12
4.8501455416759065e-03 2.4620298894741482e-09 7.4158903272966335e-12
4.9185794964289650e-03 2.4609171718800866e-09 7.4158522439750784e-12
4.9879790317244842e-03 2.4598033014595800e-09 7.4158099117616763e-12
5.0583577715856169e-03 2.4586903272744357e-09 7.4157695012383242e-12
5.1297295322659904e-03 2.4575776880900436e-09 7.4157293363263413e-12
5.2021083249620169e-03 2.4564648558764622e-09 7.4156878209220576e-12
5.2755083585634722e-03 2.4553530526643789e-09 7.4156486347506110e-12
5.3499440424428822e-03 2.4542396765489171e-09 7.4156039188758923e-12
5.4254299892842681e-03 2.4531299532507761e-09 7.4155694624918540e-12
5.5019810179518062e-03 2.4520174868209991e-09 7.4155259498653676e-12
5.5796121563989626e-03 2.4509070762492881e-09 7.4154878687080934e-12
5.6583386446186724e-03 2.4497956237902457e-09 7.4154458691095442e-12
5.7381759376351447e-03 2.4486849147396697e-09 7.4154053469494346e-12
5.8191397085378830e-03 2.4475749700177584e-09 7.4153663599509287e-12
5.9012458515585323e-03 2.4464645820899632e-09 7.4153252526192494e-12
5.9845104851910915e-03 2.4453533764716741e-09 7.4152808914008339e-12
6.0689499553561984e-03 2.4442452124585968e-09 7.4152449679164318e-12
6.1545808386100475e-03 2.4431348472665989e-09 7.4152015934310965e-12
6.2414199453985717e-03 2.4420261341531891e-09 7.4151624722109718e-12
6.3294843233575593e-03 2.4409165885036681e-09 7.4151200288727256e-12
6.4187912606593163e-03 2.4398083730418823e-09 7.4150808499209405e-12
6.5093582894065619e-03 2.4386993473080835e-09 7.4150384323803572e-12
6.6012031890742067e-03 2.4375910539230393e-09 7.4149974572224624e-12
6.6943439899996883e-03 2.4364840852181182e-09 7.4149597235107481e-12
6.7887989769225658e-03 2.4353755379816449e-09 7.4149164282755533e-12
6.8845866925740422e-03 2.4342681855795771e-09 7.4148759877443520e-12
6.9817259413171486e-03 2.4331609113506573e-09 7.4148349925633905e-12
7.0802357928382766e-03 2.4320538513851475e-09 7.4147938663611446e-12
7.1801355858908079e-03 2.4309468360522906e-09 7.4147521122619009e-12
7.2814449320915599e-03 2.4298406257283447e-09 7.4147120009017815e-12
7.3841837197707975e-03 2.4287342799524601e-09 7.4146707269385696e-12
7.4883721178765697e-03 2.4276292318834926e-09 7.4146326174711489e-12
7.5940305799341353e-03 2.4265229221540956e-09 7.4145898918403901e-12
7.7011798480612487e-03 2.4254172087465623e-09 7.4145481837277857e-12
7.8098409570401114e-03 2.4243112836599133e-09 7.4145050460304504e-12
7.9200352384467577e-03 2.4232081841060312e-09 7.4144697564167182e-12
8.0317843248387550e-03 2.4221017671434351e-09 7.4144235659237222e-12
8.1451101540018968e-03 2.4209972055354312e-09 7.4143822376760944e-12
8.2600349732569172e-03 2.4198937062698942e-09 7.4143433801585059e-12
8.3765813438269072e-03 2.4187900617049110e-09 7.4143033109702061e-12
8.4947721452663799e-03 2.4176863153248024e-09 7.4142621314691881e-12
8.6146305799528235e-03 2.4165826788372362e-09 7.4142205115085883e-12
8.7361801776416181e-03 2.4154799395709507e-09 7.4141808587131602e-12
8.8594448000852387e-03 2.4143760247119390e-09 7.4141367984647046e-12
8.9844486457176242e-03 2.4132741065843316e-09 7.4140981005052593e-12
9.1112162544046346e-03 2.4121710913592960e-09 7.4140552284745133e-12
9.2397725122615511e-03 2.4110692828126810e-09 7.4140152739740267e-12
9.3701426565385351e-03 2.4099667930474985e-09 7.4139724591165796e-12
9.5023522805750323e-03 2.4088654210963634e-09 7.4139322732145333e-12
9.6364273388240673e-03 2.4077632855060811e-09 7.4138889577055503e-12
9.7723941519474444e-03 2.4066626840110840e-09 7.4138495713919239e-12
9.9102794119828256e-03 2.4055603860879730e-09 7.4138041910560472e-12
1.0050110187583727e-02 2.4044604691457296e-09 7.4137653257605925e-12
1.0191913929333446e-02 2.4033602798604086e-09 7.4137248472242727e-12
1.0335718475133955e-02 2.4022604682004799e-09 7.4136847353266167e-12
1.0481552055670853e-02 2.4011605313456691e-09 7.4136434523596650e-12
1.0629443299955403e-02 2.4000601341046047e-09 7.4135999534626853e-12
1.0779421240944767e-02 2.3989609737283079e-09 7.4135594864362250e-12
1.0931515321241599e-02 2.3978621610419654e-09 7.4135193056395325e-12
1.1085755398873933e-02 2.3967628099724266e-09 7.4134766568323395e-12
1.1242171753156753e-02 2.3956639041471047e-09 7.4134346061620986e-12
1.1400795090636190e-02 2.3945653420693659e-09 7.4133928058161062e-12
1.1561656551117622e-02 2.3934679165880982e-09 7.4133537456745230e-12
1.1724787713778814e-02 2.3923691895916453e-09 7.4133098701811450e-12
1.1890220603369320e-02 2.3912718294740838e-09 7.4132694131491446e-12
1.2057987696497354e-02 2.3901743171307185e-09 7.4132277116754110e-12
1.2228121928005365e-02 2.3890764932338143e-09 7.4131842314540627e-12
1.2400656697435574e-02 2.3879787915391776e-09 7.4131403349001138e-12
1.2575625875586728e-02 2.3868837129236510e-09 7.4131037907939905e-12
1.2753063811163385e-02 2.3857861812599932e-09 7.4130588488983490e-12
1.2933005337518996e-02 2.3846902922113538e-09 7.4130181864243853e-12
1.3115485779494149e-02 2.3835942279534932e-09 7.4129761989096314e-12
1.3300540960351289e-02 2.3824993256761604e-09 7.4129370135915912e-12
1.3488207208807284e-02 2.3814035972814333e-09 7.4128944810288507e-12
1.3678521366165220e-02 2.3803069703509549e-09 7.4128483405997528e-12
1.3871520793546826e-02 2.3792122504748463e-09 7.4128073420466377e-12
1.4067243379226942e-02 2.3781178752473789e-09 7.4127666133499933e-12
1.4265727546071477e-02 2.3770237280151028e-09 7.4127257914442981e-12
1.4467012259080312e-02 2.3759298994659536e-09 7.4126851808979997e-12
1.4671137033036618e-02 2.3748357904962957e-09 7.4126428883608279e-12
1.4878141940264171e-02 2.3737414046145178e-09 7.4125989395231060e-12
1.5088067618493985e-02 2.3726479296636061e-09 7.4125570235412286e-12
1.5300955278842076e-02 2.3715556664505771e-09 7.4125180954847940e-12
1.5516846713899721e-02 2.3704616088995926e-09 7.4124727619981378e-12
1.5735784305937885e-02 2.3693695121580523e-09 7.4124327519737843e-12
1.5957811035227403e-02 2.3682773258227564e-09 7.4123916608095052e-12
1.6182970488476566e-02 2.3671855713390911e-09 7.4123511195743829e-12
1.6411306867387749e-02 2.3660931487056632e-09 7.4123076843059356e-12
1.6642864997334774e-02 2.3650012898645386e-09 7.4122652118616253e-12
1.6877690336162716e-02 2.3639095795190769e-09 7.4122223964222923e-12
1.7115828983111852e-02 2.3628183345486150e-09 7.4121802514902662e-12
1.7357327687867553e-02 2.3617269766655283e-09 7.4121369288472269e-12
1.7602233859737831e-02 2.3606367486283985e-09 7.4120963557951904e-12
1.7850595576960410e-02 2.3595468402262018e-09 7.4120559918395171e-12
1.8102461596141095e-02 2.3584552795341693e-09 7.4120096240455832e-12
1.8357881361825330e-02 2.3573654579828106e-09 7.4119678948896365e-12
1.8616905016204797e-02 2.3562754948360594e-09 7.4119249535737125e-12
1.8879583408960971e-02 2.3551870773600471e-09 7.4118860313358698e-12
1.9145968107247571e-02 2.3540977258942774e-09 7.4118433774338097e-12
1.9416111405813855e-02 2.3530095111544894e-09 7.4118034944427187e-12
1.9690066337270756e-02 2.3519201551208385e-09 7.4117592168943411e-12
1.9967886682501861e-02 2.3508316650808301e-09 7.4117168486196965e-12
2.0249626981221281e-02 2.3497439594894853e-09 7.4116761531965458e-12
2.0535342542680572e-02 2.3486554850027054e-09 7.4116322340660704e-12
2.0825089456526540e-02 2.3475678373667366e-09 7.4115900848444392e-12
2.1118924603812428e-02 2.3464796498066675e-09 7.4115454549581679e-12
2.1416905668164399e-02 2.3453930899885082e-09 7.4115051385268028e-12
2.1719091147105563e-02 2.3443060278863108e-09 7.4114624244421250e-12
2.2025540363539799e-02 2.3432197642448935e-09 7.4114214126754410e-12
2.2336313477397601e-02 2.3421329246239949e-09 7.4113778100697953e-12
2.2651471497446250e-02 2.3410461672227051e-09 7.4113336175593215e-12
2.2971076293266626e-02 2.3399601614886941e-09 7.4112910126027144e-12
2.3295190607398996e-02 2.3388748819766693e-09 7.4112498749094224e-12
2.3623878067660194e-02 2.3377897675666651e-09 7.4112084636089093e-12
2.3957203199634566e-02 2.3367035429190712e-09 7.4111627204533356e-12
2.4295231439341185e-02 2.3356192002773607e-09 7.4111221214636793e-12
2.4638029146079789e-02 2.3345337752191989e-09 7.4110772799175799e-12
2.4985663615457954e-02 2.3334507335810276e-09 7.4110391881357475e-12
2.5338203092602089e-02 2.3323655112388427e-09 7.4109933605082489e-12
2.5695716785554854e-02 2.3312819469226987e-09 7.4109519806496108e-12
2.6058274878861570e-02 2.3301976620538593e-09 7.4109074935514782e-12
2.6425948547348348e-02 2.3291149514107586e-09 7.4108672098808468e-12
2.6798809970094647e-02 2.3280312666130419e-09 7.4108230029404593e-12
2.7176932344602934e-02 2.3269487173748875e-09 7.4107816024755631e-12
2.7560389901168280e-02 2.3258662780599012e-09 7.4107397273375298e-12
2.7949257917450839e-02 2.3247833583396847e-09 7.4106954977773456e-12
2.8343612733253642e-02 2.3237013432322115e-09 7.4106533391711775e-12
2.8743531765509214e-02 2.3226194284711367e-09 7.4106106952475732e-12
2.9149093523477467e-02 2.3215375089611911e-09 7.4105672174849612e-12
2.9560377624158096e-02 2.3204565313876576e-09 7.4105259162053519e-12
2.9977464807920413e-02 2.3193750857674501e-09 7.4104823022733596e-12
3.0400436954353727e-02 2.3182942076601552e-09 7.4104396905421561e-12
3.0829377098341364e-02 2.3172128818392681e-09 7.4103948167321871e-12
3.1264369446361476e-02 2.3161318963620457e-09 7.4103502194745058e-12
3.1705499393017866e-02 2.3150527933557837e-09 7.4103108124951417e-12
3.2152853537804039e-02 2.3139720952047884e-09 7.4102654809280439e-12
3.2606519702103827e-02 2.3128931918299392e-09 7.4102250847136385e-12
3.3066586946431810e-02 2.3118139313735177e-09 7.4101827283254113e-12
3.3533145587917083e-02 2.3107342900847184e-09 7.4101383053217884e-12
3.4006287218033678e-02 2.3096558124966302e-09 7.4100968109113373e-12
3.4486104720581098e-02 2.3085760841988869e-09 7.4100504843607742e-12
3.4972692289918658e-02 2.3074987398127196e-09 7.4100109707099110e-12
3.5466145449457032e-02 2.3064199078461017e-09 7.4099658764824408e-12
3.5966561070410727e-02 2.3053425771745538e-09 7.4099247668128809e-12
3.6474037390815152e-02 2.3042645742303567e-09 7.4098806741311808e-12
3.6988674034812007e-02 2.3031869840135535e-09 7.4098370802722931e-12
3.7510572032206771e-02 2.3021094177866904e-09 7.4097927549654764e-12
3.8039833838302256e-02 2.3010326125892450e-09 7.4097500288703720e-12
3.8576563354011752e-02 2.2999557374057519e-09 7.4097062660969543e-12
3.9120865946256175e-02 2.2988801141345160e-09 7.4096657147982961e-12
3.9672848468648998e-02 2.2978036648806756e-09 7.4096216543513431e-12
4.0232619282472938e-02 2.2967272756671759e-09 7.4095769848056404e-12
4.0800288277952693e-02 2.2956514914405295e-09 7.4095334346037250e-12
4.1375966895827815e-02 2.2945771024530000e-09 7.4094935596861123e-12
4.1959768149229942e-02 2.2935007160398256e-09 7.4094463957785246e-12
4.2551806645868752e-02 2.2924256486634457e-09 7.4094026733573940e-12
4.3152198610530927e-02 2.2913515660730545e-09 7.4093612956209816e-12
4.3761061907896574e-02 2.2902769325708855e-09 7.4093173107926700e-12
4.4378516065677581e-02 2.2892026961269786e-09 7.4092737853776336e-12
4.5004682298082445e-02 2.2881285627496627e-09 7.4092297629925790e-12
4.5639683529612202e-02 2.2870541662642700e-09 7.4091840478286404e-12
4.6283644419192062e-02 2.2859815881809813e-09 7.4091434094334068e-12
4.6936691384643577e-02 2.2849087943996433e-09 7.4091012205156284e-12
4.7598952627502092e-02 2.2838355881793819e-09 7.4090568814353530e-12
4.8270558158184353e-02 2.2827628842526911e-09 7.4090133339749372e-12
4.8951639821511232e-02 2.2816902259429684e-09 7.4089690868283487e-12
4.9642331322590556e-02 2.2806176293688822e-09 7.4089242172620133e-12
5.0342768253065155e-02 2.2795459790808505e-09 7.4088815936191295e-12
5.1053088117731175e-02 2.2784744822983151e-09 7.4088386195197517e-12
5.1773430361532272e-02 2.2774029077644856e-09 7.4087945685869816e-12
5.2503936396934146e-02 2.2763319656742871e-09 7.4087517557569865e-12
5.3244749631685809e-02 2.2752609728129954e-09 7.4087079320746801e-12
5.3996015496972326e-02 2.2741909025963399e-09 7.4086662765223016e-12
5.4757881475964880e-02 2.2731196538670139e-09 7.4086199380024076e-12
5.5530497132773540e-02 2.2720486477308709e-09 7.4085735731630369e-12
5.6314014141808692e-02 2.2709797532886781e-09 7.4085332327034110e-12
5.7108586317556637e-02 2.2699105176649902e-09 7.4084909465290482e-12
5.7914369644775393e-02 2.2688406951854350e-09 7.4084459355386062e-12
5.8731522309116470e-02 2.2677710025995245e-09 7.4084004879252481e-12
5.9560204728178794e-02 2.2667022402512343e-09 7.4083572467277173e-12
6.0400579583000720e-02 2.2656340067517470e-09 7.4083148918851029e-12
6.1252811849996432e-02 2.2645653818183964e-09 7.4082704218466220e-12
6.2117068833342927e-02 2.2634976420281779e-09 7.4082279962816776e-12
6.2993520197823991e-02 2.2624295111160545e-09 7.4081834681413940e-12
6.3882338002137593e-02 2.2613613444315295e-09 7.4081379764826441e-12
6.4783696732673188e-02 2.2602939293911878e-09 7.4080941128555662e-12
6.5697773337765691e-02 2.2592271018262260e-09 7.4080513237567884e-12
6.6624747262432671e-02 2.2581597774339731e-09 7.4080060588817704e-12
6.7564800483601750e-02 2.2570934227120064e-09 7.4079631479189271e-12
6.8518117545835019e-02 2.2560266287827824e-09 7.4079179619353893e-12
6.9484885597557486e-02 2.2549607887426336e-09 7.4078750314016530e-12
7.0465294427796685e-02 2.2538952982968818e-09 7.4078324268671633e-12
7.1459536503440987e-02 2.2528283668079124e-09 7.4077842356007458e-12
7.2467807007022877e-02 2.2517639977492512e-09 7.4077436377600774e-12
7.3490303875036120e-02 2.2506974340223957e-09 7.4076949910653015e-12
7.4527227836793136e-02 2.2496326689541231e-09 7.4076513736080302e-12
7.5578782453830817e-02 2.2485685082466885e-09 7.4076089383542772e-12
7.6645174159872181e-02 2.2475041550811766e-09 7.4075650027620062e-12
7.7726612301352083e-02 2.2464398735682317e-09 7.4075204679526403e-12
7.8823309178514517e-02 2.2453760796975864e-09 7.4074766950387702e-12
7.9935480087089950e-02 2.2443120453607115e-09 7.4074312904523231e-12
8.1063343360560661e-02 2.2432487717115374e-09 7.4073875385130182e-12
8.2207120413022347e-02 2.2421851984486817e-09 7.4073419514842631e-12
8.3367035782650645e-02 2.2411230900499093e-09 7.4073003480863911e-12
8.4543317175780799e-02 2.2400606074759773e-09 7.4072566666162504e-12
8.5736195511609395e-02 2.2389975304187955e-09 7.4072101943343722e-12
8.6945904967526771e-02 2.2379353734885003e-09 7.4071658848955583e-12
8.8172683025089044e-02 2.2368737140622874e-09 7.4071223896834097e-12
8.9416770516638780e-02 2.2358117655128345e-09 7.4070770808403171e-12
9.0678411672583545e-02 2.2347509500550715e-09 7.4070346686078956e-12
9.1957854169341394e-02 2.2336889882015557e-09 7.4069876170053531e-12
9.3255349177963048e-02 2.2326281138611716e-09 7.4069433101274338e-12
9.4571151413439941e-02 2.2315671500060176e-09 7.4068978740307320e-12
9.5905519184707952e-02 2.2305071470111970e-09 7.4068547570868073e-12
9.7258714445357192e-02 2.2294474042397705e-09 7.4068116663232944e-12
9.8631002845056312e-02 2.2283881701549002e-09 7.4067693929535856e-12
1.0002265378170327e-01 2.2273269250243264e-09 7.4067196118444573e-12
1.0143394045431160e-01 2.2262674576062781e-09 7.4066748667294419e-12
1.0286513991664285e-01 2.2252088923127472e-09 7.4066322765068795e-12
1.0431653313159577e-01 2.2241493409145681e-09 7.4065855531479846e-12
1.0578840502636305e-01 2.2230912592243336e-09 7.4065428475662388e-12
1.0728104454836611e-01 2.2220321074021319e-09 7.4064957458207830e-12
1.0879474472197923e-01 2.2209746418403594e-09 7.4064534004483026e-12
1.1032980270605405e-01 2.2199168102325837e-09 7.4064089779009377e-12
1.1188651985225562e-01 2.2188588719109118e-09 7.4063633430054911e-12
1.1346520176422166e-01 2.2178016915635838e-09 7.4063193823328809e-12
1.1506615835755646e-01 2.2167446814744380e-09 7.4062751360742321e-12
1.1668970392067134e-01 2.2156872512514256e-09 7.4062286262656494e-12
1.1833615717648346e-01 2.2146309815578731e-09 7.4061851387045919e-12
1.2000584134498536e-01 2.2135743378291300e-09 7.4061395491637102e-12
1.2169908420669705e-01 2.2125178162923345e-09 7.4060934975077311e-12
1.2341621816701363e-01 2.2114620177583600e-09 7.4060490047930437e-12
1.2515758032146079e-01 2.2104065559612170e-09 7.4060048011248227e-12
1.2692351252187092e-01 2.2093512560584664e-09 7.4059602533880520e-12
1.2871436144349313e-01 2.2082961607666337e-09 7.4059155521406912e-12
1.3053047865304979e-01 2.2072398304234575e-09 7.4058658402120880e-12
1.3237222067775434e-01 2.2061862390883957e-09 7.4058244439948790e-12
1.3423994907530121e-01 2.2051313262467732e-09 7.4057777702842707e-12
1.3613403050484479e-01 2.2040770441286629e-09 7.4057323419772596e-12
1.3805483679897942e-01 2.2030237463925562e-09 7.4056893671793100e-12
1.4000274503673465e-01 2.2019694987425170e-09 7.4056423296521519e-12
1.4197813761760086e-01 2.2009161471032374e-09 7.4055974442988224e-12
1.4398140233659920e-01 2.1998631209196434e-09 7.4055527955499073e-12
1.4601293246041072e-01 2.1988100721932701e-09 7.4055071953735413e-12
1.4807312680457971e-01 2.1977572041564808e-09 7.4054613305396364e-12
1.5016238981180632e-01 2.1967048475869098e-09 7.4054163432058055e-12
1.5228113163134385e-01 2.1956530542110347e-09 7.4053723951607100e-12
1.5442976819951643e-01 2.1946008038410832e-09 7.4053260278503602e-12
1.5660872132137249e-01 2.1935490234092761e-09 7.4052803732849173e-12
1.5881841875349079e-01 2.1924979861802321e-09 7.4052363687992481e-12
1.6105929428795426e-01 2.1914462935272166e-09 7.4051892818479499e-12
1.6333178783750926e-01 2.1903952603344835e-09 7.4051435463769616e-12
1.6563634552192591e-01 2.1893450287455869e-09 7.4050996684786044e-12
1.6797341975557720e-01 2.1882947788634508e-09 7.4050548650121409e-12
1.7034346933625386e-01 2.1872440921534483e-09 7.4050077153032101e-12
1.7274695953523214e-01 2.1861943454095368e-09 7.4049628541072026e-12
1.7518436218861264e-01 2.1851453943423632e-09 7.4049198245308697e-12
1.7765615578994767e-01 2.1840953959272610e-09 7.4048723924021699e-12
1.8016282558417629e-01 2.1830455683415473e-09 7.4048246816421818e-12
1.8270486366288319e-01 2.1819970477765129e-09 7.4047804984951470e-12
1.8528276906090332e-01 2.1809484692623671e-09 7.4047352610684261e-12
1.8789704785428854e-01 2.1798998401209338e-09 7.4046889836019625e-12
1.9054821325965710e-01 2.1788519491085338e-09 7.4046443382811068e-12
1.9323678573494446e-01 2.1778038584670043e-09 7.4045981517889912e-12
1.9596329308157603e-01 2.1767569042511732e-09 7.4045549424356958e-12
1.9872827054808131e-01 2.1757091234454558e-09 7.4045080526391339e-12
2.0153226093517015e-01 2.1746610537507627e-09 7.4044593123588398e-12
2.0437581470229144e-01 2.1736147113457112e-09 7.4044155639133212e-12
2.0725949007569547e-01 2.1725683549574836e-09 7.4043709103378476e-12
2.1018385315802085e-01 2.1715224401988696e-09 7.4043268891932521e-12
2.1314947803942791e-01 2.1704756638285379e-09 7.4042790464730100e-12
2.1615694691029977e-01 2.1694301082306965e-09 7.4042344850581632e-12
2.1920685017553404e-01 2.1683839550379505e-09 7.4041870258974111e-12
2.2229978657044674e-01 2.1673380429852990e-09 7.4041394882525620e-12
2.2543636327831187e-01 2.1662942231742996e-09 7.4040982467394517e-12
2.2861719604955927e-01 2.1652482408405948e-09 7.4040487146925446e-12
2.3184290932265431e-01 2.1642038355128522e-09 7.4040037012268535e-12
2.3511413634668329e-01 2.1631604683758144e-09 7.4039613638747793e-12
2.3843151930566844e-01 2.1621159557808042e-09 7.4039142454361256e-12
2.4179570944463674e-01 2.1610720375095584e-09 7.4038682814386199e-12
2.4520736719746763e-01 2.1600278391973473e-09 7.4038204689228019e-12
2.4866716231654559e-01 2.1589836524904988e-09 7.4037717939756867e-12
2.5217577400423979e-01 2.1579413068155895e-09 7.4037285755399498e-12
2.5573389104624111e-01 2.1568979133525112e-09 7.4036808856445118e-12
2.5934221194677948e-01 2.1558553874086052e-09 7.4036352771880937e-12
2.6300144506574924e-01 2.1548129237394053e-09 7.4035889790995974e-12
2.6671230875776941e-01 2.1537710663759221e-09 7.4035439236184303e-12
2.7047553151320575e-01 2.1527278283706042e-09 7.4034932421125342e-12
2.7429185210118306e-01 2.1516864081971929e-09 7.4034479034344942e-12
2.7816201971461496e-01 2.1506453189742551e-09 7.4034028071331804e-12
2.8208679411727994e-01 2.1496054042979111e-09 7.4033609053663631e-12
2.8606694579297315e-01 2.1485646040830170e-09 7.4033150731282599e-12
2.9010325609676202e-01 2.1475236614571239e-09 7.4032678453467498e-12
2.9419651740837638e-01 2.1464820108712295e-09 7.4032172841902239e-12
2.9834753328776287e-01 2.1454419252536299e-09 7.4031712415182663e-12
3.0255711863283408e-01 2.1444029490055671e-09 7.4031281325403607e-12
3.0682609983944353e-01 2.1433623618830491e-09 7.4030786098007558e-12
3.1115531496361787e-01 2.1423241157584212e-09 7.4030362504780035e-12
3.1554561388607788e-01 2.1412845570086265e-09 7.4029884729854554e-12
3.1999785847908124e-01 2.1402457487824578e-09 7.4029424286900896e-12
3.2451292277561911e-01 2.1392078394553429e-09 7.4028985790890691e-12
3.2909169314099990e-01 2.1381681669233205e-09 7.4028477494269246e-12
3.3373506844685413e-01 2.1371296149240442e-09 7.4027999004972396e-12
3.3844396024759571e-01 2.1360927112926538e-09 7.4027568992646801e-12
3.4321929295936976e-01 2.1350538286862348e-09 7.4027061196714017e-12
3.4806200404152882e-01 2.1340168007179624e-09 7.4026608997799825e-12
3.5297304418066794e-01 2.1329806074320189e-09 7.4026176536262133e-12
3.5795337747725653e-01 2.1319429434958537e-09 7.4025684410364749e-12
3.6300398163490388e-01 2.1309054260793572e-09 7.4025188393478346e-12
3.6812584815229488e-01 2.1298681027017266e-09 7.4024690112373265e-12
3.7331998251783405e-01 2.1288342350612092e-09 7.4024303117272535e-12
3.7858740440703587e-01 2.1277967919371933e-09 7.4023782737528722e-12
3.8392914788270005e-01 2.1267611737505769e-09 7.4023317065390277e-12
3.8934626159791169e-01 2.1257264470297040e-09 7.4022873408207869e-12
3.9483980900190513e-01 2.1246915848502112e-09 7.4022416122529261e-12
4.0041086854883290e-01 2.1236562507392452e-09 7.4021932942196420e-12
4.0606053390948005e-01 2.1226099169231793e-09 7.4021057441406522e-12
4.1178991418596600e-01 2.1215877914036388e-09 7.4021017718033516e-12
4.1760013412947539e-01 2.1205504324102824e-09 7.4020437838695762e-12
4.2349233436106121e-01 2.1195186638186942e-09 7.4020043521945476e-12
4.2946767159556365e-01 2.1184857717394861e-09 7.4019601049553504e-12
4.3552731886868790e-01 2.1174529900297014e-09 7.4019153920547903e-12
4.4167246576728636e-01 2.1164202397669686e-09 7.4018698447478152e-12
4.4790431866288966e-01 2.1153679792098614e-09 7.4017551196878778e-12
4.5422410094853255e-01 2.1143472173261336e-09 7.4017497919279696e-12
4.6063305327892384e-01 2.1133208617094237e-09 7.4017239493513546e-12
4.6713243381400016e-01 2.1122870699675087e-09 7.4016711757286873e-12
4.7372351846591865e-01 2.1112565387788497e-09 7.4016289276916045e-12
4.8040760114953995e-01 2.1102267457012390e-09 7.4015883785018385e-12
4.8718599403643270e-01 2.1091762910351654e-09 7.4014743406935424e-12
4.9406002781247799e-01 2.1081556291152688e-09 7.4014640906652589e-12
5.0103105193909192e-01 2.1071326067328043e-09 7.4014446024142254e-12
5.0810043491815027e-01 2.1061017872540597e-09 7.4013968402469236e-12
5.1526956456063533e-01 2.1050547907586408e-09 7.4012912518973849e-12
5.2253984825908883e-01 2.1040207828758486e-09 7.4012304432186257e-12
5.2991271326389322e-01 2.1030109086544409e-09 7.4012537138867193e-12
5.3738960696346627e-01 2.1019801634181296e-09 7.4012025982898844e-12
5.4497199716839961e-01 2.1009505813297176e-09 7.4011546640115503e-12
5.5266137239960500e-01 2.0999233136493558e-09 7.4011139899411914e-12
5.6045924218053778e-01 2.0988731623582218e-09 7.4009916506789575e-12
5.6836713733352751e-01 2.0978437375599603e-09 7.4009414910051466e-12
5.7638661028030658e-01 2.0968161192206940e-09 7.4008968346085654e-12
5.8451923534676165e-01 2.0957888826907886e-09 7.4008526433632369e-12
5.9276660907200318e-01 2.0947609232826376e-09 7.4008049627982412e-12
6.0113035052177788e-01 2.0937320833184684e-09 7.4007532333005597e-12
6.0961210160632084e-01 2.0927056572325928e-09 7.4007091927476801e-12
6.1821352740267443e-01 2.0916770968096693e-09 7.4006566932914564e-12
6.2693631648157455e-01 2.0906518816011860e-09 7.4006150625773971e-12
6.3578218123892805e-01 2.0896225841169118e-09 7.4005580792141684e-12
6.4475285823198902e-01 2.0886082338121087e-09 7.4005531859755367e-12
6.5385010852025638e-01 2.0875697467214415e-09 7.4004618235109545e-12
6.6307571801120369e-01 2.0865486747314794e-09 7.4004312830436813e-12
6.7243149781086464e-01 2.0855216466662882e-09 7.4003787233975166e-12
6.8191928457938766e-01 2.0845168455563762e-09 7.4004042228508360e-12
6.9154094089158480e-01 2.0834728688989765e-09 7.4002895756684362e-12
7.0129835560259024e-01 2.0824429722746800e-09 7.4002240124684036e-12
7.1119344421865582e-01 2.0814205839528750e-09 7.4001842654832375e-12
7.2122814927320100e-01 2.0804180879274271e-09 7.4002145000993709e-12
7.3140444070814548e-01 2.0793715543576021e-09 7.4000869613422683e-12
7.4172431626064461e-01 2.0783699434959352e-09 7.4001185535863713e-12
7.5218980185526629e-01 2.0773215486910583e-09 7.3999824877853013e-12
7.6280295200170201e-01 2.0763011825915716e-09 7.3999453882720450e-12
7.7356585019810331e-01 2.0752774159168963e-09 7.3998952452469710e-12
7.8448060934008823e-01 2.0742547255707495e-09 7.3998479724087100e-12
7.9554937213554144e-01 2.0732374265236871e-09 7.3998191602288094e-12
8.0677431152524315e-01 2.0722312269588307e-09 7.3998291003595278e-12
8.1815763110945816e-01 2.0712092038664040e-09 7.3997815642213316e-12
8.2970156558051811e-01 2.0701635826048910e-09 7.3996486655466923e-12
8.4140838116153338e-01 2.0691423926649562e-09 7.3996022263582554e-12
8.5328037605126861e-01 2.0681442015038358e-09 7.3996372562237237e-12
8.6531988087532241e-01 2.0670985127601931e-09 7.3995011708691832e-12
8.7752925914364499e-01 2.0661025047949713e-09 7.3995423032856380e-12
8.8991090771454029e-01 2.0650568829226401e-09 7.3994045973970649e-12
9.0246725726518540e-01 2.0640389187000960e-09 7.3993651147192220e-12
9.1520077276881850e-01 2.0630174573872860e-09 7.3993120958288112e-12
9.2811395397863017e-01 2.0619965665793934e-09 7.3992603724320617e-12
9.4120933591851197e-01 2.0609779778461575e-09 7.3992158900475807e-12
9.5448948938069911e-01 2.0599580081162095e-09 7.3991654596528129e-12
9.6795702143046591e-01 2.0589386178444322e-09 7.3991163091355091e-12
9.8161457591791001e-01 2.0579228297078984e-09 7.3990790977936782e-12
9.9546483399698871e-01 2.0569035642860694e-09 7.3990285586507128e-12
1.0095105146518577e+00 2.0558835686683270e-09 7.3989743591265107e-12
1.0237543752306364e+00 2.0548674889917294e-09 7.3989334119974597e-12
1.0381992119867260e+00 2.0538495585812881e-09 7.3988848532276822e-12
1.0528478606277327e+00 2.0528312735146419e-09 7.3988340899016892e-12
1.0677031968721709e+00 2.0518125032941406e-09 7.3987806342716668e-12
1.0827681370139866e+00 2.0507993668177856e-09 7.3987465705843041e-12
1.0980456384950803e+00 2.0497809266790201e-09 7.3986924758458379e-12
1.1135387004858748e+00 2.0487645144039831e-09 7.3986446964230476e-12
1.1292503644741072e+00 2.0477459711909752e-09 7.3985883642324383e-12
1.1451837148618953e+00 2.0467310826937090e-09 7.3985442767776424e-12
1.1613418795712629e+00 2.0457159610650732e-09 7.3984984322823268e-12
1.1777280306581732e+00 2.0446971106705733e-09 7.3984381553619510e-12
1.1943453849352632e+00 2.0436816976433623e-09 7.3983894152560079e-12
1.2111972046033253e+00 2.0426669517185511e-09 7.3983422065628940e-12
1.2282867978917404e+00 2.0416506791660832e-09 7.3982883826543027e-12
1.2456175197079051e+00 2.0406368881769937e-09 7.3982427121146321e-12
1.2631927722958636e+00 2.0396231585542058e-09 7.3981964043857351e-12
1.2810160059041913e+00 2.0386226471074331e-09 7.3981970449403733e-12
1.2990907194633450e+00 2.0375950188246266e-09 7.3980983071494957e-12
1.3174204612725253e+00 2.0365866113942302e-09 7.3980684600148337e-12
1.3360088296962762e+00 2.0355710507593511e-09 7.3980117741764336e-12
1.3548594738708679e+00 2.0345564323351909e-09 7.3979574151198149e-12
1.3739760944206889e+00 2.0335494482594227e-09 7.3979299538079491e-12
1.3933624441847183e+00 2.0325329189198365e-09 7.3978668454271271e-12
1.4130223289532471e+00 2.0315182302789702e-09 7.3978096099580644e-12
1.4329596082150240e+00 2.0305080840886599e-09 7.3977678393074876e-12
1.4531781959149008e+00 2.0294967861194902e-09 7.3977209386604276e-12
1.4736820612222119e+00 2.0284889943246021e-09 7.3976859865697197e-12
1.4944752293099515e+00 2.0274937291550498e-09 7.3976958518446737e-12
1.5155617821449894e+00 2.0264598974241691e-09 7.3975638209433027e-12
1.5369458592893896e+00 2.0254724558925485e-09 7.3976004482582575e-12
1.5586316587130862e+00 2.0244617703746724e-09 7.3975511606446577e-12
1.5806234376179706e+00 2.0234363373798240e-09 7.3974469535457545e-12
1.6029255132736642e+00 2.0224181545821500e-09 7.3973683045234027e-12
1.6255422638650250e+00 2.0214075395212280e-09 7.3973163317755407e-12
1.6484781293516706e+00 2.0203988341042305e-09 7.3972704340079325e-12
1.6717376123395706e+00 2.0194122224235450e-09 7.3973048467438245e-12
1.6953252789649953e+00 2.0183857149206946e-09 7.3971917324813221e-12
1.7192457597908779e+00 2.0173732525430500e-09 7.3971293070233664e-12
1.7435037507158826e+00 2.0163681600516750e-09 7.3970930242652096e-12
1.7681040138962412e+00 2.0153623075017302e-09 7.3970529890880272e-12
1.7930513786806546e+00 2.0143461002628269e-09 7.3969738597306695e-12
1.8183507425583276e+00 2.0133387942971472e-09 7.3969267199291637e-12
1.8440070721204340e+00 2.0123313863729996e-09 7.3968780286260883e-12
1.8700254040351121e+00 2.0113268159255687e-09 7.3968389033233475e-12
1.8964108460362155e+00 2.0103183203037479e-09 7.3967844868537996e-12
1.9231685779260543e+00 2.0093094082327675e-09 7.3967274176766181e-12
1.9503038525922265e+00 2.0083043478774086e-09 7.3966836775086086e-12
1.9778219970388577e+00 2.0073006816960817e-09 7.3966440790625269e-12
2.0057284134323301e+00 2.0062899176618910e-09 7.3965774306706132e-12
2.0340285801618285e+00 2.0052861051034883e-09 7.3965355285411418e-12
2.0627280529147876e+00 2.0042788714817412e-09 7.3964799738315957e-12
2.0918324657675758e+00 2.0032765021846397e-09 7.3964413478597242e-12
2.1213475322915056e+00 2.0022708062422600e-09 7.3963896160315502e-12
2.1512790466745151e+00 2.0012854988168174e-09 7.3964123604625683e-12
2.1816328848586051e+00 2.0002597029594179e-09 7.3962841917706730e-12
2.2124150056934000e+00 1.9992555113705610e-09 7.3962352133756604e-12
2.2436314521059098e+00 1.9982509005466267e-09 7.3961835693577588e-12
2.2752883522868705e+00 1.9972704059201749e-09 7.3962205865191170e-12
2.3073919208937514e+00 1.9962441570812445e-09 7.3960867359492948e-12
2.3399484602708083e+00 1.9952417269005396e-09 7.3960405077966591e-12
2.3729643616862774e+00 1.9942374074536574e-09 7.3959861436581578e-12
2.4064461065871035e+00 1.9932336494113941e-09 7.3959330061394877e-12
2.4404002678712904e+00 1.9922314338573304e-09 7.3958844713413349e-12
2.4748335111782866e+00 1.9912364576856870e-09 7.3958619732786936e-12
2.5097525961974951e+00 1.9902294574685822e-09 7.3957939995333557e-12
2.5451643779953237e+00 1.9892259941523059e-09 7.3957380624637719e-12
2.5810758083609073e+00 1.9882235179415808e-09 7.3956847473023364e-12
2.6174939371708192e+00 1.9872233172186350e-09 7.3956391750340700e-12
2.6544259137730863e+00 1.9862445455873233e-09 7.3956724486131488e-12
2.6918789883906604e+00 1.9852222064277651e-09 7.3955422672217116e-12
2.7298605135447684e+00 1.9842219923819170e-09 7.3954936115596565e-12
2.7683779454982678e+00 1.9832188170283985e-09 7.3954330313781581e-12
2.8074388457194490e+00 1.9822186809255888e-09 7.3953827942936723e-12
2.8470508823664034e+00 1.9812194298282091e-09 7.3953348643202107e-12
2.8872218317924303e+00 1.9802208649172849e-09 7.3952886195047146e-12
2.9279595800725859e+00 1.9792222227635729e-09 7.3952410944307409e-12
2.9692721245518698e+00 1.9782218911526189e-09 7.3951863258475944e-12
3.0111675754151594e+00 1.9772231756727924e-09 7.3951365393031430e-12
3.0536541572793916e+00 1.9762460905227081e-09 7.3951668240098980e-12
3.0967402108081119e+00 1.9752323420445263e-09 7.3950588652061460e-12
3.1404341943489045e+00 1.9742288938641998e-09 7.3949885256769259e-12
3.1847446855938237e+00 1.9732313536330685e-09 7.3949393107150614e-12
3.2296803832633580e+00 1.9722332574004236e-09 7.3948870998314379e-12
3.2752501088140473e+00 1.9712564230561067e-09 7.3949137609010605e-12
3.3214628081703017e+00 1.9702384986078649e-09 7.3947850658345288e-12
3.3683275534805501e+00 1.9692391525018477e-09 7.3947251706445253e-12
3.4158535448982708e+00 1.9682404582782945e-09 7.3946669038845426e-12
3.4640501123880485e+00 1.9672459654380330e-09 7.3946232649026746e-12
3.5129267175572121e+00 1.9662741689906281e-09 7.3946643460271396e-12
3.5624929555132532e+00 1.9652541707445343e-09 7.3945227643010366e-12
3.6127585567474432e+00 1.9642616615919624e-09 7.3944839506955313e-12
3.6637333890451087e+00 1.9632857705292816e-09 7.3945066860858950e-12
3.7154274594227430e+00 1.9622930914217748e-09 7.3944653091162709e-12
3.7678509160925753e+00 1.9612978363251001e-09 7.3944131649377005e-12
3.8210140504547319e+00 1.9602782100385357e-09 7.3942680144951655e-12
3.8749272991176342e+00 1.9592923586539380e-09 7.3942492498838557e-12
3.9296012459467762e+00 1.9582873918502107e-09 7.3941572267438095e-12
3.9850466241425373e+00 1.9572977710924918e-09 7.3941226486902370e-12
4.0412743183471829e+00 1.9563038067128593e-09 7.3940704415834151e-12
4.0982953667817270e+00 1.9553331519091257e-09 7.3941057320184246e-12
4.1561209634128087e+00 1.9543160914768603e-09 7.3939639482820884e-12
4.2147624601502809e+00 1.9533214018747247e-09 7.3939055936462212e-12
4.2742313690756673e+00 1.9523537007520173e-09 7.3939496395572780e-12
4.3345393647022021e+00 1.9513590590549463e-09 7.3938900286199400e-12
4.3956982862666187e+00 1.9503465168877038e-09 7.3937616362758280e-12
4.4577201400534117e+00 1.9493585990196697e-09 7.3937247454745688e-12
4.5206171017517569e+00 1.9483630912876237e-09 7.3936596400774055e-12
4.5844015188458282e+00 1.9473737226360266e-09 7.3936150617048247e-12
4.6490859130386921e+00 1.9463798793331972e-09 7.3935544548610447e-12
4.7146829827105465e+00 1.9453920770024139e-09 7.3935149778941407e-12
4.7812056054115484e+00 1.9444003612875686e-09 7.3934594523947008e-12
4.8486668403898134e+00 1.9434176327476710e-09 7.3934365619164104e-12
4.9170799311551807e+00 1.9424418450059561e-09 7.3934409865160196e-12
4.9864583080790101e+00 1.9414507182475323e-09 7.3933849979537012e-12
5.0568155910308130e+00 1.9404616149767488e-09 7.3933355951999852e-12
5.1281655920519293e+00 1.9394729823709207e-09 7.3932870744218781e-12
5.2005223180670912e+00 1.9384835717397404e-09 7.3932347335351180e-12
5.2738999736340775e+00 1.9374969524632502e-09 7.3931919977805071e-12
5.3483129637323392e+00 1.9365079768207620e-09 7.3931392474463587e-12
5.4237758965907954e+00 1.9355175041903597e-09 7.3930797783926131e-12
5.5003035865557033e+00 1.9345300510950258e-09 7.3930308473069452e-12
5.5779110569988166e+00 1.9335218210458185e-09 7.3929002493514955e-12
5.6566135432667588e+00 1.9325559320090849e-09 7.3929330778436327e-12
5.7364264956718261e+00 1.9315675222437327e-09 7.3928777094933081e-12
5.8173655825251736e+00 1.9305800048770054e-09 7.3928247019910079e-12
5.8994466932126146e+00 1.9295951827865056e-09 7.3927809025036455e-12
5.9826859413140072e+00 1.9286080452966438e-09 7.3927271671774706e-12
6.0670996677664597e+00 1.9276202923832486e-09 7.3926703801840742e-12
6.1527044440723664e+00 1.9266341118371527e-09 7.3926186574191906e-12
6.2395170755525076e+00 1.9256499103847201e-09 7.3925731165890269e-12
6.3275546046452504e+00 1.9246623276393776e-09 7.3925139275121695e-12
6.4168343142520978e+00 1.9236809754540655e-09 7.3924776891911537e-12
6.5073737311306346e+00 1.9226928383164756e-09 7.3924145121982671e-12
6.5991906293352169e+00 1.9217071197134658e-09 7.3923593534371744e-12
6.6923030337062119e+00 1.9207254461652511e-09 7.3923187077098587e-12
6.7867292234085914e+00 1.9197440363690841e-09 7.3922783135699673e-12
6.8824877355202689e+00 1.9187564332762338e-09 7.3922128106301522e-12
6.9795973686712696e+00 1.9177727268875680e-09 7.3921615283942948e-12
7.0780771867340366e+00 1.9167916557675252e-09 7.3921196354815089e-12
7.1779465225660246e+00 1.9158054260669001e-09 7.3920567380885907e-12
7.2792249818048758e+00 1.9148243041252394e-09 7.3920124079040838e-12
7.3819324467173777e+00 1.9138403447070993e-09 7.3919559534943660e-12
7.4860890801024862e+00 1.9128568830609625e-09 7.3919010051029033e-12
7.5917153292496655e+00 1.9118751182552647e-09 7.3918508931563135e-12
7.6988319299528305e+00 1.9108901080965595e-09 7.3917878979156579e-12
7.8074599105811773e+00 1.9099141420367312e-09 7.3917585402061690e-12
7.9176205962071959e+00 1.9089271541587683e-09 7.3916857467177412e-12
8.0293356127931812e+00 1.9079473536510741e-09 7.3916398885043186e-12
8.1426268914365654e+00 1.9069629609740773e-09 7.3915746624661151e-12
8.2575166726753988e+00 1.9059850595960028e-09 7.3915342612347317e-12
8.3740275108543276e+00 1.9050039648086666e-09 7.3914798672287434e-12
8.4921822785524324e+00 1.9040243392980902e-09 7.3914305845020298e-12
8.6120041710732771e+00 1.9030436442586899e-09 7.3913760131623427e-12
8.7335167109985790e+00 1.9020627968505003e-09 7.3913200178476133e-12
8.8567437528058655e+00 1.9010816921531591e-09 7.3912596952893001e-12
8.9817094875515231e+00 1.9001079791135896e-09 7.3912312019090098e-12
9.1084384476197773e+00 1.8991302919408512e-09 7.3911844396072884e-12
9.2369555115386461e+00 1.8981492142312994e-09 7.3911232725972176e-12
9.3672859088640585e+00 1.8971693268104049e-09 7.3910657586870697e-12
9.4994552251325803e+00 1.8961922835876764e-09 7.3910185363344881e-12
9.6334894068843404e+00 1.8952131376002713e-09 7.3909613748297089e-12
9.7694147667565190e+00 1.8942352480887181e-09 7.3909092569163362e-12
9.9072579886490146e+00 1.8932569549164162e-09 7.3908541059876100e-12
1.0047046132962674e+01 1.8922792431687055e-09 7.3908001054323128e-12
1.0188806641911757e+01 1.8913084077727847e-09 7.3907720483827096e-12
1.0332567344911048e+01 1.8903290242706038e-09 7.3907089952414484e-12
1.0478356464039274e+01 1.8893563813118267e-09 7.3906725360264172e-12
1.0626202619579312e+01 1.8883793151159405e-09 7.3906169995349764e-12
1.0776134835636874e+01 1.8873985293281331e-09 7.3905451492849471e-12
1.0928182545838157e+01 1.8864227537061052e-09 7.3904926419528847e-12
1.1082375599108202e+01 1.8854510086060180e-09 7.3904559162576336e-12
1.1238744265530459e+01 1.8844728443290022e-09 7.3903922211984209e-12
1.1397319242289365e+01 1.8834957105190162e-09 7.3903315319553932e-12
1.1558131659696416e+01 1.8825205126536722e-09 7.3902774796619730e-12
1.1721213087301640e+01 1.8815502015370096e-09 7.3902403176230341e-12
1.1886595540090910e+01 1.8805803055676276e-09 7.3902064530574092e-12
1.2054311484771068e+01 1.8795913464753467e-09 7.3900952150025924e-12
1.2224393846143489e+01 1.8786244170921703e-09 7.3900677242689558e-12
1.2396876013567567e+01 1.8776412532958186e-09 7.3899789050848769e-12
1.2571791847515652e+01 1.8766758885361048e-09 7.3899553601260251e-12
1.2749175686220092e+01 1.8757132640887703e-09 7.3899438854503419e-12
1.2929062352414476e+01 1.8747321444952004e-09 7.3898594676273621e-12
1.3111487160169590e+01 1.8737661775480760e-09 7.3898321591013696e-12
1.3296485921826211e+01 1.8727870511669351e-09 7.3897527076786797e-12
1.3484094955025336e+01 1.8718266685106762e-09 7.3897461936013092e-12
1.3674351089838018e+01 1.8708436230037618e-09 7.3896483581824565e-12
1.3867291675995356e+01 1.8698858594467905e-09 7.3896498919450231e-12
1.4062954590220954e+01 1.8689014656149056e-09 7.3895458127314496e-12
1.4261378243666391e+01 1.8679394812771365e-09 7.3895278884359766e-12
1.4462601589452042e+01 1.8669660757460088e-09 7.3894640740957363e-12
1.4666664130313860e+01 1.8659863152186374e-09 7.3893737638447564e-12
1.4873605926358493e+01 1.8650223572708115e-09 7.3893470119400025e-12
1.5083467602927371e+01 1.8640438611924978e-09 7.3892594039520384e-12
1.5296290358572216e+01 1.8630956645351927e-09 7.3892933183903356e-12
1.5512115973142620e+01 1.8621175930991939e-09 7.3892054371049295e-12
1.5730986815988196e+01 1.8611627937154346e-09 7.3892098490929974e-12
1.5952945854275990e+01 1.8601928101692607e-09 7.3891528873870599e-12
1.6178036661425743e+01 1.8592126696243892e-09 7.3890539344990632e-12
1.6406303425663644e+01 1.8582513748676285e-09 7.3890300677198200e-12
1.6637790958697302e+01 1.8572762453118108e-09 7.3889484797411305e-12
1.6872544704512730e+01 1.8563077810340070e-09 7.3888946448407225e-12
1.7110610748295514e+01 1.8553358700909662e-09 7.3888240332089585e-12
1.7352035825478154e+01 1.8543685574269150e-09 7.3887714764259470e-12
1.7596867330914552e+01 1.8534020337808779e-09 7.3887209641734811e-12
1.7845153328184516e+01 1.8524430544844180e-09 7.3887006186730572e-12
1.8096942559028978e+01 1.8514766254087824e-09 7.3886482634268488e-12
1.8352284452918919e+01 1.8504928291883494e-09 7.3885250321645091e-12
1.8611229136758709e+01 1.8495438731751198e-09 7.3885412735441268e-12
1.8873827444726960e+01 1.8485753867766159e-09 7.3884792955021820e-12
1.9140130928255637e+01 1.8475922305403037e-09 7.3883559152116825e-12
1.9410191866150580e+01 1.8466505446369946e-09 7.3883972225583255e-12
1.9684063274854175e+01 1.8456920678491447e-09 7.3883707253542178e-12
1.9961798918853500e+01 1.8447097025593651e-09 7.3882464569049892e-12
2.0243453321234657e+01 1.8437482651015327e-09 7.3882067094221835e-12
2.0529081774386693e+01 1.8427860990672488e-09 7.3881639731883539e-12
2.0818740350855862e+01 1.8418225567506166e-09 7.3881113584794447e-12
2.1112485914353726e+01 1.8408600462252603e-09 7.3880638948936381e-12
2.1410376130919914e+01 1.8398986305722038e-09 7.3880193397073919e-12
2.1712469480243030e+01 1.8389019144245529e-09 7.3878336814149429e-12
2.2018825267140631e+01 1.8379904855212799e-09 7.3879858964641490e-12
2.2329503633201831e+01 1.8370096020691370e-09 7.3878609801121944e-12
2.2644565568593752e+01 1.8360369396106285e-09 7.3877668353040151e-12
2.2964072924034522e+01 1.8350807146316830e-09 7.3877403864901284e-12
2.3288088422935697e+01 1.8341280741372921e-09 7.3877231154639547e-12
2.3616675673715314e+01 1.8331541062298807e-09 7.3876217126965182e-12
2.3949899182285399e+01 1.8321824496089406e-09 7.3875288443495243e-12
2.4287824364714954e+01 1.8312473828445676e-09 7.3875796294802841e-12
2.4630517560072331e+01 1.8302945272807188e-09 7.3875606468447669e-12
2.4978046043448082e+01 1.8293324631265991e-09 7.3875021754195516e-12
2.5330478039162301e+01 1.8283703382572725e-09 7.3874424687460114e-12
2.5687882734157554e+01 1.8273970657670224e-09 7.3873382576558002e-12
2.6050330291581556e+01 1.8264410393536463e-09 7.3872980783448146e-12
2.6417891864560701e+01 1.8255066471148962e-09 7.3873465244775486e-12
2.6790639610168760e+01 1.8245133064284473e-09 7.3871619406153982e-12
2.7168646703591808e+01 1.8235414777611687e-09 7.3870563040126920e-12
2.7551987352493889e+01 1.8226067105415696e-09 7.3870988023996853e-12
2.7940736811584504e+01 1.8216490406330666e-09 7.3870500259203456e-12
2.8334971397392529e+01 1.8206907897047338e-09 7.3869976393128687e-12
2.8734768503247668e+01 1.8197332352966112e-09 7.3869469287191260e-12
2.9140206614474231e+01 1.8187849466364706e-09 7.3869329245373516e-12
2.9551365323798343e+01 1.8178460120689986e-09 7.3869553084046784e-12
2.9968325346973501e+01 1.8168877546663358e-09 7.3868989197790805e-12
3.0391168538625628e+01 1.8159301077293487e-09 7.3868442219924307e-12
3.0819977908322620e+01 1.8149741991294568e-09 7.3867948246100686e-12
3.1254837636870022e+01 1.8139726111411132e-09 7.3865591764207375e-12
3.1695833092836594e+01 1.8130347589589123e-09 7.3865814460631315e-12
3.2143050849313724e+01 1.8120638125190756e-09 7.3864712343940794e-12
3.2596578700910307e+01 1.8111299045514047e-09 7.3865124803363574e-12
3.3056505680988515e+01 1.8101891395199681e-09 7.3865167690194160e-12
3.3522922079141622e+01 1.8092299054022836e-09 7.3864483654326147e-12
3.3995919458919580e+01 1.8082330502838243e-09 7.3862184200780156e-12
3.4475590675803574e+01 1.8073014353403148e-09 7.3862608239170434e-12
3.4962029895435293e+01 1.8064074447765056e-09 7.3864595450897652e-12
3.5455332612102310e+01 1.8053706730892620e-09 7.3860654167283143e-12
3.5955595667485390e+01 1.8044157443219843e-09 7.3860106684096937e-12
3.6462917269669227e+01 1.8034761816388200e-09 7.3860168578960766e-12
3.6977397012422472e+01 1.8025231844701020e-09 7.3859653242834059e-12
3.7499135894748761e+01 1.8016184100885300e-09 7.3861133300326147e-12
3.8028236340714656e+01 1.8006551405161486e-09 7.3860191534119851e-12
3.8564802219556235e+01 1.7996478537598000e-09 7.3857366334126208e-12
3.9108938866070567e+01 1.7987619469384907e-09 7.3859617470022780e-12
3.9660753101293672e+01 1.7977414414254291e-09 7.3856227158599666e-12
4.0220353253471480e+01 1.7968586190195441e-09 7.3858596247305669e-12
4.0787849179325455e+01 1.7958386574027260e-09 7.3855249739437040e-12
4.1363352285619506e+01 1.7949563321957792e-09 7.3857574535868490e-12
4.1946975551029936e+01 1.7939725879678076e-09 7.3855731672985602e-12
4.2538833548325151e+01 1.7929831070322970e-09 7.3853537477506822e-12
4.3139042466857582e+01 1.7920802861498193e-09 7.3855060777312513e-12
4.3747720135372845e+01 1.7910813970633843e-09 7.3852492885447803e-12
4.4364986045141670e+01 1.7901848985136036e-09 7.3854215630301028e-12
4.4990961373416873e+01 1.7892190849258827e-09 7.3853034937095318e-12
4.5625769007222722e+01 1.7882871893900891e-09 7.3853235080124138e-12
4.6269533567478504e+01 1.7872967511586058e-09 7.3851017691777765e-12
4.6922381433464004e+01 1.7863972375406372e-09 7.3852526412019965e-12
4.7584440767628571e+01 1.7854083075991323e-09 7.3850368363094637e-12
4.8255841540751874e+01 1.7844968083197659e-09 7.3851350372810441e-12
4.8936715557458029e+01 1.7835056851815660e-09 7.3849078168582016e-12
4.9627196482091364e+01 1.7825450622612112e-09 7.3848009239670141e-12
5.0327419864955637e+01 1.7816200538111951e-09 7.3848429948632298e-12
5.1037523168925098e+01 1.7806722025099550e-09 7.3847897411695807e-12
5.1757645796429443e+01 1.7797214208413850e-09 7.3847218288846606e-12
5.2487929116821114e+01 1.7787930826370506e-09 7.3847480000730396e-12
5.3228516494127092e+01 1.7778238198955532e-09 7.3846006783044785e-12
5.3979553315193932e+01 1.7768532035201791e-09 7.3844443031567648e-12
5.4741187018228224e+01 1.7759079257837179e-09 7.3843979840762841e-12
