# k  Ps  Pt
4.565508674570513105e-05 2.781337586306390462e-09 7.426464163781749703e-12
4.629926130797835970e-05 2.780155079266050548e-09 7.426429767805192891e-12
4.695252490931072669e-05 2.778971838800393618e-09 7.426392743662535336e-12
4.761500579231811982e-05 2.777789755471100063e-09 7.426358115284326691e-12
4.828683400906747371e-05 2.776606967578574274e-09 7.426320943232679857e-12
4.896814144660678332e-05 2.775425185426029609e-09 7.426285754875165266e-12
4.965906185285634647e-05 2.774242969667963004e-09 7.426248724769987908e-12
5.035973086286469138e-05 2.773062285223838880e-09 7.426215113951213504e-12
5.107028602543560621e-05 2.771880814704988266e-09 7.426178714018011560e-12
5.179086683012980790e-05 2.770699280880845666e-09 7.426141457808497064e-12
5.252161473464865007e-05 2.769519196973128921e-09 7.426107408145490499e-12
5.326267319260368475e-05 2.768338266545557198e-09 7.426070390882481175e-12
5.401418768167801429e-05 2.767158024431159036e-09 7.426034542990470495e-12
5.477630573218554534e-05 2.765978403184216778e-09 7.425999668111975634e-12
5.554917695603213629e-05 2.764798207422725132e-09 7.425962570375133299e-12
5.633295307608641734e-05 2.763618647730988159e-09 7.425926489300570282e-12
5.712778795596439621e-05 2.762438950058024138e-09 7.425889345387937369e-12
5.793383763023499187e-05 2.761260569477366498e-09 7.425855072042101902e-12
5.875126033505058908e-05 2.760082505969184919e-09 7.425820952658280709e-12
5.958021653921095526e-05 2.758902611618192236e-09 7.425781225697850227e-12
6.042086897566472108e-05 2.757725498867407308e-09 7.425748279958515757e-12
6.127338267345609540e-05 2.756546701876692631e-09 7.425710136049420403e-12
6.213792499012109729e-05 2.755369568519295952e-09 7.425675755635197297e-12
6.301466564454213438e-05 2.754191258815453175e-09 7.425637535184271973e-12
6.390377675026542728e-05 2.753013894895464088e-09 7.425601170188269431e-12
6.480543284928872013e-05 2.751836122070783762e-09 7.425563010924404544e-12
6.571981094632617566e-05 2.750660781936400710e-09 7.425530726183706544e-12
6.664709054355555048e-05 2.749484311261763801e-09 7.425494707724392683e-12
6.758745367585685282e-05 2.748307715426406487e-09 7.425457654929353855e-12
6.854108494654756478e-05 2.747131097414595445e-09 7.425419841176178037e-12
6.950817156362266915e-05 2.745956115509583437e-09 7.425385760688757697e-12
7.048890337650486114e-05 2.744779144197014755e-09 7.425345614839814408e-12
7.148347291331451304e-05 2.743604486619509562e-09 7.425311039075011851e-12
7.249207541866483999e-05 2.742429381422062583e-09 7.425274557125548393e-12
7.351490889199041188e-05 2.741255729061251651e-09 7.425241294980372307e-12
7.455217412641710229e-05 2.740080033987007908e-09 7.425201834977092828e-12
7.560407474817903094e-05 2.738906346708235663e-09 7.425167125797660515e-12
7.667081725659321981e-05 2.737731607101235036e-09 7.425128851044405623e-12
7.775261106459723469e-05 2.736558418848641000e-09 7.425094095528775934e-12
7.884966853985982767e-05 2.735385107679824074e-09 7.425058317264673928e-12
7.996220504647005563e-05 2.734212185434250719e-09 7.425022899176056882e-12
8.109043898721616411e-05 2.733038188880716587e-09 7.424983864731905697e-12
8.223459184646022668e-05 2.731865879497338314e-09 7.424948714926490955e-12
8.339488823361771493e-05 2.730693938159348170e-09 7.424913878210500336e-12
8.457155592725141809e-05 2.729520687656219999e-09 7.424874791670338074e-12
8.576482591978578371e-05 2.728349184126660622e-09 7.424839745434679484e-12
8.697493246285386333e-05 2.727176499056731006e-09 7.424800794477392542e-12
8.820211311328302929e-05 2.726006232908651311e-09 7.424767747631618319e-12
8.944660877973071146e-05 2.724834304446705956e-09 7.424729458267355279e-12
9.070866376997621184e-05 2.723663085926737251e-09 7.424692405892307713e-12
9.198852583888162088e-05 2.722493204171017253e-09 7.424658296091087958e-12
9.328644623702843581e-05 2.721322346647554222e-09 7.424620848125932262e-12
9.460267976004142754e-05 2.720151732283740633e-09 7.424583358330002573e-12
9.593748479860664095e-05 2.718981603662353894e-09 7.424546483263662242e-12
9.729112338919701324e-05 2.717811175733058324e-09 7.424508109919582167e-12
9.866386126551268481e-05 2.716641368384900015e-09 7.424470723786038319e-12
1.000559679106473055e-04 2.715472984959421303e-09 7.424436523449364145e-12
1.014677166099907444e-04 2.714304031208804097e-09 7.424400065247097698e-12
1.028993845048777040e-04 2.713135042716994489e-09 7.424362820928154257e-12
1.043512526469932286e-04 2.711967282402077879e-09 7.424328229466048613e-12
1.058236060535468453e-04 2.710798950671583248e-09 7.424291386345480084e-12
1.073167337632237252e-04 2.709630279702859649e-09 7.424252894843134376e-12
1.088309288929267831e-04 2.708463167012534471e-09 7.424217983474878650e-12
1.103664886953180385e-04 2.707294902943858020e-09 7.424179216774910125e-12
1.119237146171726935e-04 2.706127273307476798e-09 7.424141484864412292e-12
1.135029123585567579e-04 2.704961187155117694e-09 7.424107289175459185e-12
1.151043919328384392e-04 2.703794027631597227e-09 7.424069440507023638e-12
1.167284677275479474e-04 2.702627664864452853e-09 7.424033068340560719e-12
1.183754585660942536e-04 2.701460282026706964e-09 7.423993210221994263e-12
1.200456877703543878e-04 2.700295327060114440e-09 7.423959302582057008e-12
1.217394832241441242e-04 2.699129427930311502e-09 7.423922097718451023e-12
1.234571774375859668e-04 2.697964743844688419e-09 7.423887533112768909e-12
1.251991076123835684e-04 2.696798902619344021e-09 7.423849098364099284e-12
1.269656157080184392e-04 2.695632761258774523e-09 7.423809123834563454e-12
1.287570485088806017e-04 2.694468832897321341e-09 7.423774535490392344e-12
1.305737576923452110e-04 2.693304250455984869e-09 7.423737439090834487e-12
1.324160998978115135e-04 2.692140282365287576e-09 7.423701325688980381e-12
1.342844367967140095e-04 2.690976135171677609e-09 7.423664019198575030e-12
1.361791351635234385e-04 2.689812244092272067e-09 7.423626706019280284e-12
1.381005669477474796e-04 2.688648852782260724e-09 7.423590077665100727e-12
1.400491093469494641e-04 2.687484792213412013e-09 7.423550888742755179e-12
1.420251448807952912e-04 2.686322046706641723e-09 7.423514622551300610e-12
1.440290614661466251e-04 2.685159163348200308e-09 7.423477276670034270e-12
1.460612524932132777e-04 2.683996853543014808e-09 7.423440804986816023e-12
1.481221169027798173e-04 2.682834564569417642e-09 7.423403675645116620e-12
1.502120592645213141e-04 2.681672658221914646e-09 7.423366902700754727e-12
1.523314898564252957e-04 2.680511023974878165e-09 7.423330179503605176e-12
1.544808247453338744e-04 2.679348773378731251e-09 7.423291030978233967e-12
1.566604858686212499e-04 2.678188244203089826e-09 7.423255943926045984e-12
1.588709011170256178e-04 2.677027583486379528e-09 7.423219799759884407e-12
1.611125044186476779e-04 2.675865308289522613e-09 7.423178463871317833e-12
1.633857358241357484e-04 2.674706030962563254e-09 7.423144706268059339e-12
1.656910415930727730e-04 2.673545977271643201e-09 7.423108114045663698e-12
1.680288742815815636e-04 2.672385644727479194e-09 7.423070031917441063e-12
1.703996928311659524e-04 2.671225259987183732e-09 7.423031096330232958e-12
1.728039626588062855e-04 2.670065636058557669e-09 7.422993556029466188e-12
1.752421557483263320e-04 2.668907014692581302e-09 7.422958086878264530e-12
1.777147507430474130e-04 2.667747833537368061e-09 7.422920346795236785e-12
1.802222330397526800e-04 2.666589142287293242e-09 7.422883266680920022e-12
1.827650948839742290e-04 2.665430185974869848e-09 7.422844747044704421e-12
1.853438354666276061e-04 2.664272153025940631e-09 7.422808059620166301e-12
1.879589610220068247e-04 2.663114474679339401e-09 7.422771673085130240e-12
1.906109849271650470e-04 2.661956051223703453e-09 7.422732488352818001e-12
1.933004278026947270e-04 2.660799156402972985e-09 7.422696835549797365e-12
1.960278176149314730e-04 2.659641086076889383e-09 7.422657215904060474e-12
1.987936897796000347e-04 2.658484465394604073e-09 7.422620919563045494e-12
2.015985872669209280e-04 2.657327862386663750e-09 7.422583935244255361e-12
2.044430607082026326e-04 2.656171422016789229e-09 7.422546712272457308e-12
2.073276685039349501e-04 2.655014978710635706e-09 7.422508769177915254e-12
2.102529769334105978e-04 2.653859833599350748e-09 7.422473738235351158e-12
2.132195602658900572e-04 2.652703349321267271e-09 7.422434237321112834e-12
2.162280008733387317e-04 2.651546722087108908e-09 7.422393630000846322e-12
2.192788893447510242e-04 2.650392644726718634e-09 7.422359434255698247e-12
2.223728246020899573e-04 2.649238056217259514e-09 7.422323100834145807e-12
2.255104140178625289e-04 2.648082313897615047e-09 7.422282798350627461e-12
2.286922735343528408e-04 2.646928316546178119e-09 7.422246681451054676e-12
2.319190277845376643e-04 2.645774132018795132e-09 7.422209314785725147e-12
2.351913102147091910e-04 2.644620014640131433e-09 7.422171435936611365e-12
2.385097632088277637e-04 2.643466222201147759e-09 7.422133744744071107e-12
2.418750382146272202e-04 2.642313199051964510e-09 7.422097496314484886e-12
2.452877958715028815e-04 2.641159062725036469e-09 7.422057384598891080e-12
2.487487061402005365e-04 2.640004663410457042e-09 7.422015835910021067e-12
2.522584484343372941e-04 2.638853531058928961e-09 7.421982725142255884e-12
2.558177117537786707e-04 2.637699992124818397e-09 7.421942160490309584e-12
2.594271948198957926e-04 2.636548046767273692e-09 7.421905335842687462e-12
2.630876062127314452e-04 2.635396821930410543e-09 7.421869822580010072e-12
2.667996645101023984e-04 2.634244309400859602e-09 7.421829974182171292e-12
2.705640984286647888e-04 2.633093885875312072e-09 7.421795271113364502e-12
2.743816469669668984e-04 2.631942542572081362e-09 7.421757258757212613e-12
2.782530595505248918e-04 2.630791194994141306e-09 7.421718526877937039e-12
2.821790961789405949e-04 2.629639982842319085e-09 7.421679454524814087e-12
2.861605275750998562e-04 2.628489295624254753e-09 7.421641122835156975e-12
2.901981353364714968e-04 2.627338977856446387e-09 7.421603126005052705e-12
2.942927120885453361e-04 2.626189315421264428e-09 7.421566245438678621e-12
2.984450616404312503e-04 2.625040080900677068e-09 7.421529865677355127e-12
3.026559991426561245e-04 2.623889642513308647e-09 7.421489356747456592e-12
3.069263512471875942e-04 2.622740490708172787e-09 7.421451745031875539e-12
3.112569562697125474e-04 2.621591464396352182e-09 7.421413785435747501e-12
3.156486643542098531e-04 2.620443525967189603e-09 7.421378171967526981e-12
3.201023376398403546e-04 2.619294701332948833e-09 7.421339319058497748e-12
3.246188504301961955e-04 2.618146365550424529e-09 7.421301124831143009e-12
3.291990893649336561e-04 2.616997700700959107e-09 7.421261285550495402e-12
3.338439535938325957e-04 2.615850552984063147e-09 7.421225010496340176e-12
3.385543549533065726e-04 2.614701936804760149e-09 7.421183837908009142e-12
3.433312181454073334e-04 2.613556043700875914e-09 7.421149685372724472e-12
3.481754809193542458e-04 2.612409176756098882e-09 7.421112024970880686e-12
3.530880942556238592e-04 2.611261189783136057e-09 7.421070462934117014e-12
3.580700225526367792e-04 2.610116476418925142e-09 7.421037483147692489e-12
3.631222438160799666e-04 2.608969690870909104e-09 7.420997879758387543e-12
3.682457498509009446e-04 2.607823790961154016e-09 7.420960063175604563e-12
3.734415464560071987e-04 2.606678363698787401e-09 7.420922853815861590e-12
3.787106536217178777e-04 2.605532413657128009e-09 7.420883450321748775e-12
3.840541057299964194e-04 2.604385599916470250e-09 7.420840848660189751e-12
3.894729517575119685e-04 2.603241065246364047e-09 7.420804014111871626e-12
3.949682554815650386e-04 2.602096488476515516e-09 7.420766316766492168e-12
4.005410956889181328e-04 2.600951880020719942e-09 7.420727816112381721e-12
4.061925663875719239e-04 2.599807878429849077e-09 7.420690297554596958e-12
4.119237770215316099e-04 2.598664405647687669e-09 7.420653570127205365e-12
4.177358526886037777e-04 2.597520202765987746e-09 7.420614027739024546e-12
4.236299343612623175e-04 2.596376856413610549e-09 7.420576202006704723e-12
4.296071791106368396e-04 2.595233742130936428e-09 7.420538284747703151e-12
4.356687603336545475e-04 2.594090034244837799e-09 7.420497970496165727e-12
4.418158679833942767e-04 2.592948109782589517e-09 7.420461995000948924e-12
4.480497088026831110e-04 2.591804780838596819e-09 7.420421285103507452e-12
4.543715065609968341e-04 2.590663272569108536e-09 7.420385056438411613e-12
4.607825022946955497e-04 2.589520292692692735e-09 7.420343892752355044e-12
4.672839545506536673e-04 2.588378996036843890e-09 7.420306775629106874e-12
4.738771396333272428e-04 2.587237142717736158e-09 7.420267377565268374e-12
4.805633518553050236e-04 2.586096393207445186e-09 7.420230377446283257e-12
4.873439037913950217e-04 2.584955424078282078e-09 7.420192022475138282e-12
4.942201265362983339e-04 2.583814414567169798e-09 7.420152822003506381e-12
5.011933699659161219e-04 2.582673795993963990e-09 7.420113991691773554e-12
5.082650030023463505e-04 2.581534392940022192e-09 7.420077941570044102e-12
5.154364138826167396e-04 2.580393798702107287e-09 7.420037726580813494e-12
5.227090104312094978e-04 2.579253698078306927e-09 7.419998189963167414e-12
5.300842203364332372e-04 2.578114151406746345e-09 7.419959491896628057e-12
5.375634914306945487e-04 2.576975650413401902e-09 7.419923097829215868e-12
5.451482919747218173e-04 2.575836580449148045e-09 7.419884308031362880e-12
5.528401109457996114e-04 2.574696925505155957e-09 7.419843109449045887e-12
5.606404583300715399e-04 2.573558505846636120e-09 7.419804719832933758e-12
5.685508654189687155e-04 2.572420372672309011e-09 7.419766416633944110e-12
5.765728851098141311e-04 2.571282592176164535e-09 7.419728417326332123e-12
5.847080922106783017e-04 2.570145473636265443e-09 7.419691563341702677e-12
5.929580837495261776e-04 2.569007170772892760e-09 7.419650560344761644e-12
6.013244792877326349e-04 2.567869997450452899e-09 7.419612075929025724e-12
6.098089212380211838e-04 2.566732817674175777e-09 7.419572834752335097e-12
6.184130751868858545e-04 2.565595978069544283e-09 7.419533840364207974e-12
6.271386302215617436e-04 2.564458999643058067e-09 7.419493699521555622e-12
6.359872992616131789e-04 2.563323505357347810e-09 7.419457110696237276e-12
6.449608193951981549e-04 2.562188392172715490e-09 7.419420885681738280e-12
6.540609522200771303e-04 2.561051342211213563e-09 7.419378308218081457e-12
6.632894841894313451e-04 2.559916254628826225e-09 7.419340674673284817e-12
6.726482269625651440e-04 2.558780760808132093e-09 7.419301136971297042e-12
6.821390177605523696e-04 2.557645762483300719e-09 7.419262266461405644e-12
6.917637197269044550e-04 2.556511528439019904e-09 7.419224887198942567e-12
7.015242222933244006e-04 2.555376648564198180e-09 7.419184884871894008e-12
7.114224415506206853e-04 2.554242265508161162e-09 7.419145609116179646e-12
7.214603206248577667e-04 2.553108045498955721e-09 7.419106018884360105e-12
7.316398300588138580e-04 2.551975277164499902e-09 7.419069917970535718e-12
7.419629681988183009e-04 2.550841002648165545e-09 7.419028711785420769e-12
7.524317615870464854e-04 2.549707657308362348e-09 7.418989436408154462e-12
7.630482653593541765e-04 2.548575441718929968e-09 7.418952715839271141e-12
7.738145636487208517e-04 2.547442118232112349e-09 7.418912033848633637e-12
7.847327699943899794e-04 2.546309182039596334e-09 7.418871723677164584e-12
7.958050277567772519e-04 2.545177694142149457e-09 7.418834885681270756e-12
8.070335105382338368e-04 2.544045211992325801e-09 7.418794404633292916e-12
8.184204226097494287e-04 2.542913876078531286e-09 7.418756527457914480e-12
8.299679993436752260e-04 2.541781849376076746e-09 7.418715878871119398e-12
8.416785076525505312e-04 2.540650629683550915e-09 7.418676837877903038e-12
8.535542464341196048e-04 2.539520210496319782e-09 7.418639391700071389e-12
8.655975470226324455e-04 2.538388613270211165e-09 7.418597758215152562e-12
8.778107736465091872e-04 2.537258278651203195e-09 7.418559048099166925e-12
8.901963238924654733e-04 2.536128881491815255e-09 7.418522346517002875e-12
9.027566291761831598e-04 2.534998767107048030e-09 7.418482799090301771e-12
9.154941552196208887e-04 2.533868593096677785e-09 7.418442327672418784e-12
9.284114025350635215e-04 2.532739603664304193e-09 7.418404572951909881e-12
9.415109069160012851e-04 2.531609548249730046e-09 7.418362936819195607e-12
9.547952399349313342e-04 2.530481461988071137e-09 7.418326326890304251e-12
9.682670094481829904e-04 2.529352123659280861e-09 7.418285295557003713e-12
9.819288601078694431e-04 2.528223563849662092e-09 7.418245816978640409e-12
9.957834738810629471e-04 2.527095085246111890e-09 7.418205795529189109e-12
1.009833570576292505e-03 2.525966686124010790e-09 7.418165261921386128e-12
1.024081908377468550e-03 2.524839803156173055e-09 7.418128435083268575e-12
1.038531284385346741e-03 2.523711665013595166e-09 7.418087163087353899e-12
1.053184535166627354e-03 2.522583867694326131e-09 7.418046133906390239e-12
1.068044537310806289e-03 2.521457408160150490e-09 7.418008288399917208e-12
1.083114207994878087e-03 2.520331285363147135e-09 7.417970696419972150e-12
1.098396505556006961e-03 2.519204547092240478e-09 7.417930518790156806e-12
1.113894430072282296e-03 2.518078198535278925e-09 7.417890741486299322e-12
1.129611023951667455e-03 2.516951385985818495e-09 7.417848847305075538e-12
1.145549372529255754e-03 2.515826927073940152e-09 7.417813131597235986e-12
1.161712604672951758e-03 2.514701067289201355e-09 7.417772527321603205e-12
1.178103893397704780e-03 2.513575809095293195e-09 7.417732950152440567e-12
1.194726456488403405e-03 2.512449851739208344e-09 7.417690540382312842e-12
1.211583557131564641e-03 2.511326572225998940e-09 7.417655285870628097e-12
1.228678504555929998e-03 2.510201118827164910e-09 7.417612864448847188e-12
1.246014654682099697e-03 2.509077066110566734e-09 7.417573818230432681e-12
1.263595410781338151e-03 2.507953768593466896e-09 7.417536243951020206e-12
1.281424224143674949e-03 2.506829675964871874e-09 7.417495555077312658e-12
1.299504594755427787e-03 2.505706125986051847e-09 7.417455730907621483e-12
1.317840071986283714e-03 2.504582070676910399e-09 7.417413647417172242e-12
1.336434255286083348e-03 2.503459856618021767e-09 7.417376256549575197e-12
1.355290794891427300e-03 2.502337367156085571e-09 7.417337288334029113e-12
1.374413392542261610e-03 2.501214833422408601e-09 7.417297421138586845e-12
1.393805802208565982e-03 2.500092468044056415e-09 7.417257308570449324e-12
1.413471830827295111e-03 2.498969849663161776e-09 7.417215670471263393e-12
1.433415339049723359e-03 2.497848736975284000e-09 7.417177751701177325e-12
1.453640241999335902e-03 2.496727720949540578e-09 7.417139362787577412e-12
1.474150510040405119e-03 2.495605497072829539e-09 7.417096621860892026e-12
1.494950169557413347e-03 2.494484325915361774e-09 7.417056244809548849e-12
1.516043303745477459e-03 2.493364001332714726e-09 7.417017629420029987e-12
1.537434053411929026e-03 2.492243461190650159e-09 7.416977598703247770e-12
1.559126617789187300e-03 2.491122455986444989e-09 7.416935419498104569e-12
1.581125255359126271e-03 2.490003254369413343e-09 7.416897863795176633e-12
1.603434284689049397e-03 2.488883864586133357e-09 7.416858977772550053e-12
1.626058085279474342e-03 2.487764457293365065e-09 7.416819274607430382e-12
1.649001098423879706e-03 2.486645116468847924e-09 7.416779006435816209e-12
1.672267828080574665e-03 2.485525496623894601e-09 7.416737140244277628e-12
1.695862841756871041e-03 2.484407273452736398e-09 7.416698684922716592e-12
1.719790771405736718e-03 2.483288646718210134e-09 7.416658247213879824e-12
1.744056314335101039e-03 2.482170505077264456e-09 7.416618505579535078e-12
1.768664234129982849e-03 2.481051033325139573e-09 7.416574017471448848e-12
1.793619361587629833e-03 2.479934766056002930e-09 7.416538336828621027e-12
1.818926595665860827e-03 2.478817335749702478e-09 7.416498426953954948e-12
1.844590904444779822e-03 2.477699862227836891e-09 7.416457600112413273e-12
1.870617326102068509e-03 2.476582674287198373e-09 7.416416879495366990e-12
1.897010969902031058e-03 2.475465450749882374e-09 7.416375292674023269e-12
1.923777017198592372e-03 2.474349080310870891e-09 7.416335465258415595e-12
1.950920722452458619e-03 2.473233186824994287e-09 7.416296309799506631e-12
1.978447414262626304e-03 2.472118079302894850e-09 7.416258759544088093e-12
2.006362496412440483e-03 2.471000913890319723e-09 7.416214263481022068e-12
2.034671448930408955e-03 2.469886798291629931e-09 7.416178132329185490e-12
2.063379829165999917e-03 2.468770583759427570e-09 7.416134953322395422e-12
2.092493272880601319e-03 2.467655533685516742e-09 7.416094478595815834e-12
2.122017495353888897e-03 2.466541545976965031e-09 7.416056441247789526e-12
2.151958292505792847e-03 2.465426647047444153e-09 7.416014889511600676e-12
2.182321542034292971e-03 2.464312597839696384e-09 7.415975129518466911e-12
2.213113204569279544e-03 2.463198672696233260e-09 7.415934967170876392e-12
2.244339324842691084e-03 2.462085201448149901e-09 7.415895401015140550e-12
2.276006032875156713e-03 2.460971234512814042e-09 7.415853583511683853e-12
2.308119545179380342e-03 2.459858478576748979e-09 7.415814608170551941e-12
2.340686165980510828e-03 2.458744758372070337e-09 7.415771979671925737e-12
2.373712288453738804e-03 2.457631912242255805e-09 7.415731214853178028e-12
2.407204395979326179e-03 2.456520291081228418e-09 7.415693366996702648e-12
2.441169063415382732e-03 2.455406908566816520e-09 7.415649429365266638e-12
2.475612958388564121e-03 2.454295913406539734e-09 7.415611916329733182e-12
2.510542842603005753e-03 2.453184267049946990e-09 7.415571685852112676e-12
2.545965573167722346e-03 2.452071902750612501e-09 7.415528499741269325e-12
2.581888103942725585e-03 2.450961790506379596e-09 7.415491341126593162e-12
2.618317486904137448e-03 2.449851003603716647e-09 7.415451376991236041e-12
2.655260873528572391e-03 2.448739770806020891e-09 7.415409284646101070e-12
2.692725516197054265e-03 2.447629304321984723e-09 7.415368744226721008e-12
2.730718769618730758e-03 2.446518762280774559e-09 7.415327177115015255e-12
2.769248092274675943e-03 2.445408611986515959e-09 7.415286036590185474e-12
2.808321047882077984e-03 2.444298308687175907e-09 7.415243651453678952e-12
2.847945306879071364e-03 2.443188988357875636e-09 7.415203477375630140e-12
2.888128647930534101e-03 2.442080422898667635e-09 7.415164792239350321e-12
2.928878959455119297e-03 2.440971532816460330e-09 7.415124363095266015e-12
2.970204241173826296e-03 2.439862091619092202e-09 7.415081488013470745e-12
3.012112605680440647e-03 2.438754155722068788e-09 7.415042404982526912e-12
3.054612280034126482e-03 2.437645706444918215e-09 7.415000979142390419e-12
3.097711607374480959e-03 2.436537025087227671e-09 7.414958069734179773e-12
3.141419048559375600e-03 2.435429406116372748e-09 7.414917598274903828e-12
3.185743183825921494e-03 2.434322021139614411e-09 7.414877080628919169e-12
3.230692714474856300e-03 2.433215329378492553e-09 7.414837875736006895e-12
3.276276464578710412e-03 2.432108351524940217e-09 7.414797033120815946e-12
3.322503382714061919e-03 2.431001323745180648e-09 7.414755249520770294e-12
3.369382543718229921e-03 2.429895429835573209e-09 7.414716130572657140e-12
3.416923150470768319e-03 2.428788739542265977e-09 7.414673829838579398e-12
3.465134535700097485e-03 2.427683373945190322e-09 7.414634758683701880e-12
3.514026163815609470e-03 2.426576980516820688e-09 7.414591778814729620e-12
3.563607632765628842e-03 2.425471278783738252e-09 7.414550142565226168e-12
3.613888675921594733e-03 2.424366693229031781e-09 7.414511109584990797e-12
3.664879163988841396e-03 2.423260925811070081e-09 7.414467696925473763e-12
3.716589106944293442e-03 2.422156369480785760e-09 7.414427206604053240e-12
3.769028656001563189e-03 2.421052011137825075e-09 7.414386529552078196e-12
3.822208105603714257e-03 2.419948186866784291e-09 7.414346704282957358e-12
3.876137895444184064e-03 2.418843437867392221e-09 7.414303254743229207e-12
3.930828612516212156e-03 2.417740399735834175e-09 7.414264279451802449e-12
3.986290993191175108e-03 2.416635860029222021e-09 7.414219898043399408e-12
4.042535925326239121e-03 2.415532644572978687e-09 7.414178805874435098e-12
4.099574450401774831e-03 2.414430001535276484e-09 7.414138672883379505e-12
4.157417765688922046e-03 2.413327320942770865e-09 7.414097637460738741e-12
4.216077226447728990e-03 2.412225162808852244e-09 7.414057418069312690e-12
4.275564348156299724e-03 2.411123044265706871e-09 7.414016548124279482e-12
4.335890808771418990e-03 2.410020575589841913e-09 7.413973794331609078e-12
4.397068451021050872e-03 2.408918184468189114e-09 7.413930511411745745e-12
4.459109284729206521e-03 2.407817528169528737e-09 7.413891759210838104e-12
4.522025489173592087e-03 2.406715839329290749e-09 7.413849049649117715e-12
4.585829415476520843e-03 2.405614920841500273e-09 7.413807919699265384e-12
4.650533589029580417e-03 2.404515202469565923e-09 7.413769696706603062e-12
4.716150711952513119e-03 2.403413800351235827e-09 7.413725501602651514e-12
4.782693665586746495e-03 2.402313618298165790e-09 7.413684275354325738e-12
4.850175513024176932e-03 2.401213396153576311e-09 7.413642131635975602e-12
4.918609501671550657e-03 2.400114218743863041e-09 7.413602412182214025e-12
4.988009065851116940e-03 2.399014363041734145e-09 7.413559826687452557e-12
5.058387829437883954e-03 2.397916410031371094e-09 7.413522311815406889e-12
5.129759608534173801e-03 2.396815965458863677e-09 7.413476305318668261e-12
5.202138414181832309e-03 2.395718358556213119e-09 7.413438294812405645e-12
5.275538455112766673e-03 2.394619270883624940e-09 7.413394891708088075e-12
5.349974140538281062e-03 2.393520873061428710e-09 7.413352846024646051e-12
5.425460082977724523e-03 2.392422416068858800e-09 7.413309811230272041e-12
5.502011101127127733e-03 2.391325179826928883e-09 7.413269773014530500e-12
5.579642222768227584e-03 2.390227372526011063e-09 7.413227162034594468e-12
5.658368687718622059e-03 2.389130993634711502e-09 7.413188193372629347e-12
5.738205950823468265e-03 2.388033000926827544e-09 7.413143418097503746e-12
5.819169684989477370e-03 2.386936768531284486e-09 7.413103303426952605e-12
5.901275784261627091e-03 2.385840858949024234e-09 7.413063405275435903e-12
5.984540366943380194e-03 2.384744359050317001e-09 7.413020872982781087e-12
6.068979778760834852e-03 2.383648334120058769e-09 7.412979035158411259e-12
6.154610596071588384e-03 2.382552663582132596e-09 7.412937481199358690e-12
6.241449629118865985e-03 2.381457141368470072e-09 7.412895598223677630e-12
6.329513925331511220e-03 2.380361893668353471e-09 7.412853770486216379e-12
6.418820772670626694e-03 2.379265850186948314e-09 7.412808677821865508e-12
6.509387703023335019e-03 2.378172100012675836e-09 7.412769916189471987e-12
6.601232495644526570e-03 2.377077028331736794e-09 7.412726249305856845e-12
6.694373180647065873e-03 2.375983626963078488e-09 7.412686980238592438e-12
6.788828042541346537e-03 2.374889719971905482e-09 7.412645339663126636e-12
6.884615623824683062e-03 2.373794967098517530e-09 7.412600267314740353e-12
6.981754728621453708e-03 2.372702780120276882e-09 7.412562390061550394e-12
7.080264426374506190e-03 2.371609281255981881e-09 7.412519615228597606e-12
7.180164055588709147e-03 2.370516241809706571e-09 7.412477478465096434e-12
7.281473227627331159e-03 2.369422789647818851e-09 7.412433257719686502e-12
7.384211830561909946e-03 2.368330912068108230e-09 7.412393167548239548e-12
7.488400033076551138e-03 2.367237990602068503e-09 7.412348977733044961e-12
7.594058288427196941e-03 2.366146798294191818e-09 7.412309417512879314e-12
7.701207338456877820e-03 2.365054347086737254e-09 7.412265114145154282e-12
7.809868217667499668e-03 2.363963474780613136e-09 7.412224953624144962e-12
7.920062257349197790e-03 2.362872333982858073e-09 7.412183141577479212e-12
8.031811089767845746e-03 2.361780736159141172e-09 7.412139098529575637e-12
8.145136652411724340e-03 2.360690447775700354e-09 7.412098345595621644e-12
8.260061192298105356e-03 2.359599630608071848e-09 7.412055140236185273e-12
8.376607270340523728e-03 2.358509404672804669e-09 7.412012985327409462e-12
8.494797765777793719e-03 2.357420007353465156e-09 7.411972640631300568e-12
8.614655880665372800e-03 2.356329714634710364e-09 7.411928643697181335e-12
8.736205144430251104e-03 2.355240249714116354e-09 7.411886462484774518e-12
8.859469418489954520e-03 2.354151338244842222e-09 7.411845213323146724e-12
8.984472900936863599e-03 2.353062661920676159e-09 7.411803911755321586e-12
9.111240131288490113e-03 2.351973643051285003e-09 7.411760710535820783e-12
9.239795995304916909e-03 2.350885849610909808e-09 7.411720560317460698e-12
9.370165729874075852e-03 2.349796442618105794e-09 7.411674522928555417e-12
9.502374927966043480e-03 2.348709263391432923e-09 7.411634689228005214e-12
9.636449543657239075e-03 2.347621968798044214e-09 7.411593702421416997e-12
9.772415897225432413e-03 2.346533928407119071e-09 7.411549539473604468e-12
9.910300680316756414e-03 2.345447538034380433e-09 7.411509778457739424e-12
1.005013096118549838e-02 2.344359958861271928e-09 7.411465466220676903e-12
1.019193419000795527e-02 2.343272431229786978e-09 7.411420484061122434e-12
1.033573820427112142e-02 2.342185430172077417e-09 7.411376365938188526e-12
1.048157123423756540e-02 2.341100690016893597e-09 7.411338586739600687e-12
1.062946190848725048e-02 2.340014142639050989e-09 7.411294274861841513e-12
1.077943925953771080e-02 2.338928451605139253e-09 7.411251871388826534e-12
1.093153272954336744e-02 2.337842844291282013e-09 7.411208917220118415e-12
1.108577217607538065e-02 2.336757924444573721e-09 7.411167332962769636e-12
1.124218787798303074e-02 2.335672250844348285e-09 7.411122528878442565e-12
1.140081054133770984e-02 2.334588933938099663e-09 7.411084397081347409e-12
1.156167130546093512e-02 2.333504084827269960e-09 7.411040592469059964e-12
1.172480174903724366e-02 2.332420449632921062e-09 7.410999824690522699e-12
1.189023389631351652e-02 2.331335487584970003e-09 7.410954039829596221e-12
1.205800022338558361e-02 2.330252014306212470e-09 7.410912157533211389e-12
1.222813366457372458e-02 2.329168116910313769e-09 7.410868108480252832e-12
1.240066761888794673e-02 2.328085135700054442e-09 7.410826171837251957e-12
1.257563595658459793e-02 2.327002448189933898e-09 7.410784345830273550e-12
1.275307302581549750e-02 2.325918793047076904e-09 7.410738624720925901e-12
1.293301365937075953e-02 2.324837323889674205e-09 7.410699044650792387e-12
1.311549318151694447e-02 2.323754572804942008e-09 7.410654557138195419e-12
1.330054741493148091e-02 2.322672443528540235e-09 7.410611243999420982e-12
1.348821268773514950e-02 2.321590649389058300e-09 7.410568177646271296e-12
1.367852584062356769e-02 2.320509584171424756e-09 7.410526613495511860e-12
1.387152423409952935e-02 2.319428420471050527e-09 7.410483922300755361e-12
1.406724575580715376e-02 2.318347398840518147e-09 7.410440875122235501e-12
1.426572882796974147e-02 2.317266200537352067e-09 7.410396431417852403e-12
1.446701241493238317e-02 2.316186630420168587e-09 7.410356379209882280e-12
1.467113603081109975e-02 2.315106427092568818e-09 7.410313477459832530e-12
1.487813974724994451e-02 2.314025802122835819e-09 7.410268407326900883e-12
1.508806420128738085e-02 2.312946010637371789e-09 7.410225203435178571e-12
1.530095060333389739e-02 2.311867130436202152e-09 7.410184069459480204e-12
1.551684074526191517e-02 2.310787829634042156e-09 7.410140767316097764e-12
1.573577700861011203e-02 2.309709099277941637e-09 7.410098477901492335e-12
1.595780237290324657e-02 2.308629926794888143e-09 7.410053947412006089e-12
1.618296042408962077e-02 2.307551813533919432e-09 7.410012000984007868e-12
1.641129536309734321e-02 2.306473539366149125e-09 7.409968712581530043e-12
1.664285201451152010e-02 2.305395149446114511e-09 7.409924225747358501e-12
1.687767583537381696e-02 2.304317544278907248e-09 7.409881433645585479e-12
1.711581292410607053e-02 2.303240209416681232e-09 7.409838685592789199e-12
1.735731002956001495e-02 2.302162773051118941e-09 7.409794785478344745e-12
1.760221456019445824e-02 2.301085302560469047e-09 7.409749951572705794e-12
1.785057459338220548e-02 2.300009570964731803e-09 7.409709897722244165e-12
1.810243888484800931e-02 2.298932832070960436e-09 7.409665757416407104e-12
1.835785687823999340e-02 2.297856575996022556e-09 7.409622365152509566e-12
1.861687871483581197e-02 2.296780307455347114e-09 7.409578083436435785e-12
1.887955524338608138e-02 2.295704740320400412e-09 7.409535248212021676e-12
1.914593803009638495e-02 2.294629678274194965e-09 7.409493230388751313e-12
1.941607936875033164e-02 2.293553656006704502e-09 7.409447263652809200e-12
1.969003229097544827e-02 2.292479444246636816e-09 7.409406322561798639e-12
1.996785057665370622e-02 2.291404596432503179e-09 7.409362494747807486e-12
2.024958876447925313e-02 2.290329098042546576e-09 7.409315746747765895e-12
2.053530216266478275e-02 2.289256144210914057e-09 7.409276372651299852e-12
2.082504685979926981e-02 2.288181814459907486e-09 7.409231734467692915e-12
2.111887973585862416e-02 2.287108185265036583e-09 7.409188537548217825e-12
2.141685847337197399e-02 2.286034408900704484e-09 7.409144022952073240e-12
2.171904156874521902e-02 2.284962011942289144e-09 7.409103155115946698e-12
2.202548834374465012e-02 2.283889175770906073e-09 7.409060030614704443e-12
2.233625895714230411e-02 2.282816037205122478e-09 7.409015092559979180e-12
2.265141441652583285e-02 2.281743869218960447e-09 7.408972474216361782e-12
2.297101659027502366e-02 2.280672115439380305e-09 7.408930358608237420e-12
2.329512821970703557e-02 2.279599382619728145e-09 7.408884235880715851e-12
2.362381293139341476e-02 2.278527747983373057e-09 7.408840851929881687e-12
2.395713524965043667e-02 2.277455558241201621e-09 7.408794839596290085e-12
2.429516060920615048e-02 2.276384698294186280e-09 7.408752299604490159e-12
2.463795536804568725e-02 2.275313959479163178e-09 7.408709311988979540e-12
2.498558682043825613e-02 2.274243210762994112e-09 7.408665473777034051e-12
2.533812321014755273e-02 2.273173134681127174e-09 7.408622976675831662e-12
2.569563374382880308e-02 2.272102720685565389e-09 7.408578561384538766e-12
2.605818860461485420e-02 2.271033044421812728e-09 7.408535693148265679e-12
2.642585896589368794e-02 2.269962369536971071e-09 7.408488743483705551e-12
2.679871700528072345e-02 2.268894242098677028e-09 7.408449267383349180e-12
2.717683591878785124e-02 2.267823905271267322e-09 7.408401757245347705e-12
2.756028993519279296e-02 2.266754972177741422e-09 7.408357966860679887e-12
2.794915433061079257e-02 2.265686794756963740e-09 7.408315819965636312e-12
2.834350544327233698e-02 2.264617503521714853e-09 7.408269188235400554e-12
2.874342068850895340e-02 2.263550001886154712e-09 7.408227573652986902e-12
2.914897857395087194e-02 2.262482326226817359e-09 7.408184553834123347e-12
2.956025871493873219e-02 2.261414618577534987e-09 7.408140590118008779e-12
2.997734185015299424e-02 2.260346772590818849e-09 7.408095324238383181e-12
3.040030985746389885e-02 2.259279521280241921e-09 7.408051164962121661e-12
3.082924577000475605e-02 2.258212608719627443e-09 7.408007290191977419e-12
3.126423379247247891e-02 2.257146125208062199e-09 7.407963968962119664e-12
3.170535931765762483e-02 2.256078945813781614e-09 7.407917529808765204e-12
3.215270894320814560e-02 2.255013715049798503e-09 7.407876643665520966e-12
3.260637048862918136e-02 2.253947299840369057e-09 7.407831019820616003e-12
3.306643301252324557e-02 2.252881758577814892e-09 7.407787437550279917e-12
3.353298683007308739e-02 2.251816696448226624e-09 7.407744558266116330e-12
3.400612353077179378e-02 2.250751229210308254e-09 7.407699525510713910e-12
3.448593599640258772e-02 2.249686142011814592e-09 7.407654896964418653e-12
3.497251841927255522e-02 2.248621657946150231e-09 7.407611415552114490e-12
3.546596632070374983e-02 2.247557101066258916e-09 7.407566827731449231e-12
3.596637656978479008e-02 2.246492770105862056e-09 7.407522165031937616e-12
3.647384740238757833e-02 2.245429521275301679e-09 7.407480200948971216e-12
3.698847844045174971e-02 2.244365114453407353e-09 7.407433588283839785e-12
3.751037071154183361e-02 2.243302056745768045e-09 7.407390566521781952e-12
3.803962666867973658e-02 2.242238247667596101e-09 7.407344230539333955e-12
3.857635021045768137e-02 2.241175266772107706e-09 7.407299766680853560e-12
3.912064670143430151e-02 2.240112887949930338e-09 7.407256460088795234e-12
3.967262299281898441e-02 2.239050079019809980e-09 7.407210877732482909e-12
4.023238744344800888e-02 2.237988562932382402e-09 7.407168716909459421e-12
4.080004994105625865e-02 2.236926641159772951e-09 7.407124365376131769e-12
4.137572192384968151e-02 2.235864226163874010e-09 7.407077543040223271e-12
4.195951640238148456e-02 2.234803917009531015e-09 7.407036829874001509e-12
4.255154798173760300e-02 2.233742229167351299e-09 7.406990714745279318e-12
4.315193288403462724e-02 2.232681212884258028e-09 7.406945972955132540e-12
4.376078897123572564e-02 2.231620338964910909e-09 7.406900845766665279e-12
4.437823576828790750e-02 2.230559685136821403e-09 7.406855590919289682e-12
4.500439448658635072e-02 2.229499281718401033e-09 7.406810326105353826e-12
4.563938804776923597e-02 2.228439220534439790e-09 7.406765332942083856e-12
4.628334110784864536e-02 2.227380703098577661e-09 7.406724628668447882e-12
4.693638008168206366e-02 2.226320615306773341e-09 7.406677842731360465e-12
4.759863316778861070e-02 2.225261730961806614e-09 7.406634211725720500e-12
4.827023037351615975e-02 2.224202096843807669e-09 7.406587226237876051e-12
4.895130354056278360e-02 2.223144178545581818e-09 7.406545113449188729e-12
4.964198637085907168e-02 2.222085402946413938e-09 7.406499284865041188e-12
5.034241445281486399e-02 2.221027080114975159e-09 7.406454094168984298e-12
5.105272528793709103e-02 2.219968786300179033e-09 7.406408158283492763e-12
5.177305831782244572e-02 2.218911934174200964e-09 7.406366182354558437e-12
5.250355495153138929e-02 2.217853995901143235e-09 7.406319716871768814e-12
5.324435859334843146e-02 2.216797636164384871e-09 7.406277650988351664e-12
5.399561467093354911e-02 2.215739595628799124e-09 7.406229132292324454e-12
5.475747066387161299e-02 2.214683318488705401e-09 7.406185638238873302e-12
5.553007613262377767e-02 2.213626321329266094e-09 7.406138889659863443e-12
5.631358274788822449e-02 2.212570680619261808e-09 7.406095802870725586e-12
5.710814432037430305e-02 2.211514224208891958e-09 7.406049144150696348e-12
5.791391683099765542e-02 2.210459391189144723e-09 7.406007053105881222e-12
5.873105846150047937e-02 2.209403270911958901e-09 7.405959787974788301e-12
5.955972962550477867e-02 2.208348761141571684e-09 7.405917066524509877e-12
6.040009300000282605e-02 2.207293802064833171e-09 7.405871987236865045e-12
6.125231355729256894e-02 2.206238427290226065e-09 7.405824639986783502e-12
6.211655859736367469e-02 2.205185301763674863e-09 7.405783968219676701e-12
6.299299778073982892e-02 2.204131002188565038e-09 7.405738518198951562e-12
6.388180316178543316e-02 2.203076751235956732e-09 7.405692345214012003e-12
6.478314922248121221e-02 2.202022824349905814e-09 7.405646421583913717e-12
6.569721290667733526e-02 2.200969398697847229e-09 7.405601308465667506e-12
6.662417365482899145e-02 2.199916003133937900e-09 7.405555454163914112e-12
6.756421343922283662e-02 2.198863222238542506e-09 7.405510774949731874e-12
6.851751679969969588e-02 2.197811094982209724e-09 7.405467439453175055e-12
6.948427087988218176e-02 2.196758361255133986e-09 7.405421193981044557e-12
7.046466546391247365e-02 2.195706653761110244e-09 7.405377546380213105e-12
7.145889301370926538e-02 2.194653591457152818e-09 7.405328468560793780e-12
7.246714870675022291e-02 2.193602717309574867e-09 7.405285914797887452e-12
7.348963047438694662e-02 2.192550804084040171e-09 7.405238968016639833e-12
7.452653904070159763e-02 2.191499498790967564e-09 7.405193221612267380e-12
7.557807796191053085e-02 2.190448848303194550e-09 7.405148816439369238e-12
7.664445366632524625e-02 2.189397774084383049e-09 7.405102100390065764e-12
7.772587549487575131e-02 2.188347918454768749e-09 7.405058643637030249e-12
7.882255574220711769e-02 2.187297369159791866e-09 7.405011976411117313e-12
7.993470969835463069e-02 2.186247874007406962e-09 7.404968005018495242e-12
8.106255569100770386e-02 2.185197782194251152e-09 7.404921150644056005e-12
8.220631512837021926e-02 2.184148655214513220e-09 7.404876681228492245e-12
8.336621254262473191e-02 2.183099278170695180e-09 7.404830509945305544e-12
8.454247563401125209e-02 2.182050455967891467e-09 7.404785341299940234e-12
8.573533531552644804e-02 2.181001393656931578e-09 7.404738501180794017e-12
8.694502575825512058e-02 2.179953320024632620e-09 7.404694127101523012e-12
8.817178443733973692e-02 2.178905158520339138e-09 7.404648588525980579e-12
8.941585217860005541e-02 2.177857488957368565e-09 7.404603837867914797e-12
9.067747320580907266e-02 2.176809847134910649e-09 7.404558324250332378e-12
9.195689518863751910e-02 2.175763230898205294e-09 7.404515437405498885e-12
9.325436929127338404e-02 2.174715280054511386e-09 7.404467107820792556e-12
9.457015022172839125e-02 2.173668142755671962e-09 7.404420696006442349e-12
9.590449628184022357e-02 2.172621606071633478e-09 7.404375455899661144e-12
9.725766941797923948e-02 2.171574721906045520e-09 7.404328145790242752e-12
9.862993527247211623e-02 2.170527711569525875e-09 7.404279522692314078e-12
1.000215632357494971e-01 2.169482911637088221e-09 7.404237572181089012e-12
1.014328264992309658e-01 2.168437466784597699e-09 7.404192554228010953e-12
1.028640021089546885e-01 2.167391573439922873e-09 7.404145103535956506e-12
1.043153710199652834e-01 2.166346203534459314e-09 7.404098578567427943e-12
1.057872181514676185e-01 2.165300940819428284e-09 7.404051541631075506e-12
1.072798324427597094e-01 2.164255782999360571e-09 7.404003997588367286e-12
1.087935069099549984e-01 2.163212204765861377e-09 7.403960959920750722e-12
1.103285387035037868e-01 2.162167534453600128e-09 7.403913313615296341e-12
1.118852291665278359e-01 2.161124188307432057e-09 7.403869319418936524e-12
1.134638838939764360e-01 2.160080618477017515e-09 7.403823685633878073e-12
1.150648127926187925e-01 2.159037270852010155e-09 7.403777919759512538e-12
1.166883301418811664e-01 2.157993541507891073e-09 7.403729986840331530e-12
1.183347546555441887e-01 2.156950959537151726e-09 7.403685082349071929e-12
1.200044095443088266e-01 2.155908230969889562e-09 7.403638813899300271e-12
1.216976225792470445e-01 2.154865333388748560e-09 7.403591077735905707e-12
1.234147261561459319e-01 2.153822951512412919e-09 7.403544230531820219e-12
1.251560573607609084e-01 2.152781282881405494e-09 7.403498956054577885e-12
1.269219580349896515e-01 2.151740521671661393e-09 7.403455903235868857e-12
1.287127748439783337e-01 2.150697968093522687e-09 7.403405818108663672e-12
1.305288593441768230e-01 2.149657387839702805e-09 7.403361635381789781e-12
1.323705680523518946e-01 2.148616617730813839e-09 7.403315905786363916e-12
1.342382625155762732e-01 2.147575519841671469e-09 7.403268177999879114e-12
1.361323093822032204e-01 2.146535142738700063e-09 7.403222040238385455e-12
1.380530804738444861e-01 2.145495429092552465e-09 7.403177311948617912e-12
1.400009528583618656e-01 2.144455176078207976e-09 7.403129836270182042e-12
1.419763089238906262e-01 2.143415248458363395e-09 7.403082579108917777e-12
1.439795364539055433e-01 2.142376367159865813e-09 7.403038071124124098e-12
1.460110287033473120e-01 2.141336889724232430e-09 7.402990625346365827e-12
1.480711844758229867e-01 2.140297912174650528e-09 7.402943993385131805e-12
1.501604082018946351e-01 2.139259695271688195e-09 7.402899102747539955e-12
1.522791100184742452e-01 2.138220544639050571e-09 7.402850104475194701e-12
1.544277058493370158e-01 2.137182506648345294e-09 7.402804069692541659e-12
1.566066174867727923e-01 2.136145211974167731e-09 7.402759734343726475e-12
1.588162726743870268e-01 2.135106476846339708e-09 7.402709491533045673e-12
1.610571051910728857e-01 2.134070306669096484e-09 7.402667256751633981e-12
1.633295549361653831e-01 2.133031834535267216e-09 7.402616148845969565e-12
1.656340680157988576e-01 2.131995299817565968e-09 7.402570884827860621e-12
1.679710968304828911e-01 2.130958943799037154e-09 7.402525342753631772e-12
1.703411001639121569e-01 2.129922941530293117e-09 7.402480123539282493e-12
1.727445432730319030e-01 2.128887319156628289e-09 7.402435337715290561e-12
1.751818979793714759e-01 2.127850815289709111e-09 7.402386614590392833e-12
1.776536427616693947e-01 2.126814408712683648e-09 7.402337328286184415e-12
1.801602628498023273e-01 2.125780147616865069e-09 7.402294597529080431e-12
1.827022503200423087e-01 2.124743812787954001e-09 7.402243772644820027e-12
1.852801041916551927e-01 2.123709321868084606e-09 7.402198467829793303e-12
1.878943305248649553e-01 2.122674868455947087e-09 7.402152398253474467e-12
1.905454425201972835e-01 2.121640508289351330e-09 7.402105744588913024e-12
1.932339606192269854e-01 2.120605942096141318e-09 7.402057498901696640e-12
1.959604126067467089e-01 2.119572920330447625e-09 7.402013731257144747e-12
1.987253337143755072e-01 2.118539261890594101e-09 7.401966844834444091e-12
2.015292667256319559e-01 2.117505151286869039e-09 7.401917499870431729e-12
2.043727620824868640e-01 2.116472203103863841e-09 7.401871301603666713e-12
2.072563779934223915e-01 2.115439193402037313e-09 7.401823988895844603e-12
2.101806805430128378e-01 2.114406690526031739e-09 7.401777574156548208e-12
2.131462438030546636e-01 2.113374350237396135e-09 7.401730818300452454e-12
2.161536499452612059e-01 2.112342763186219543e-09 7.401685789672107758e-12
2.192034893555509789e-01 2.111310129094160076e-09 7.401636209499367379e-12
2.222963607499451877e-01 2.110278263609066333e-09 7.401588404554715809e-12
2.254328712921026545e-01 2.109246932592962347e-09 7.401541572861900165e-12
2.286136367125133351e-01 2.108215220770403960e-09 7.401492509246110613e-12
2.318392814293710469e-01 2.107184251350581903e-09 7.401445169963645988e-12
2.351104386711553862e-01 2.106155065575884313e-09 7.401403159416375846e-12
2.384277506009393199e-01 2.105124211123208085e-09 7.401354393330398976e-12
2.417918684424545384e-01 2.104092823696668575e-09 7.401302863337743739e-12
2.452034526079316934e-01 2.103063178448240681e-09 7.401256543390455257e-12
2.486631728277483577e-01 2.102033217704400817e-09 7.401208224881283739e-12
2.521717082819024403e-01 2.101003553080902824e-09 7.401160024676879296e-12
2.557297477333433933e-01 2.099976064985145250e-09 7.401118609791476933e-12
2.593379896631841097e-01 2.098946185148950763e-09 7.401067832836245494e-12
2.629971424078189624e-01 2.097917199954578754e-09 7.401019337399011994e-12
2.667079242979794595e-01 2.096889026086573992e-09 7.400972777729558801e-12
2.704710637997481681e-01 2.095861771754677206e-09 7.400928551474423210e-12
2.742872996575667632e-01 2.094833822911925514e-09 7.400880986995424703e-12
2.781573810392570234e-01 2.093804748933249489e-09 7.400828525419635063e-12
2.820820676830927964e-01 2.092778390532193063e-09 7.400784750946285544e-12
2.860621300469424200e-01 2.091750519200507790e-09 7.400734728361199963e-12
2.900983494595201773e-01 2.090724164172423000e-09 7.400689153354750888e-12
2.941915182737674384e-01 2.089697386653070580e-09 7.400641172870655481e-12
2.983424400224007900e-01 2.088671097946195661e-09 7.400594005220067406e-12
3.025519295756549099e-01 2.087645262460524317e-09 7.400547550008074103e-12
3.068208133012485517e-01 2.086618964119201766e-09 7.400498539579506801e-12
3.111499292266112771e-01 2.085593495410286122e-09 7.400451549160211872e-12
3.155401272033950821e-01 2.084567657842941562e-09 7.400402362307713629e-12
3.199922690743117748e-01 2.083542762624873951e-09 7.400355584305882919e-12
3.245072288423191953e-01 2.082516679669979810e-09 7.400303696354312114e-12
3.290858928422001339e-01 2.081493424429625747e-09 7.400260930169770122e-12
3.337291599145567611e-01 2.080467711997272140e-09 7.400208506004491921e-12
3.384379415822639792e-01 2.079444413846639250e-09 7.400163776171748192e-12
3.432131622294116169e-01 2.078420008455152719e-09 7.400114173961892013e-12
3.480557592827689950e-01 2.077395600489067358e-09 7.400063659871102851e-12
3.529666833958142180e-01 2.076373520468941822e-09 7.400020513082007288e-12
3.579468986353550042e-01 2.075350214101206743e-09 7.399972094299895190e-12
3.629973826707879603e-01 2.074328169081179074e-09 7.399927249833308548e-12
3.681191269660227805e-01 2.073305163869591951e-09 7.399878049497055461e-12
3.733131369741201078e-01 2.072282646653564959e-09 7.399829686945582806e-12
3.785804323346694811e-01 2.071257798543510161e-09 7.399772087485599945e-12
3.839220470739589386e-01 2.070237514023133478e-09 7.399729857245351654e-12
3.893390298079623113e-01 2.069215934080348249e-09 7.399682107259916073e-12
3.948324439481950554e-01 2.068195904354341495e-09 7.399638954396426143e-12
4.004033679104745946e-01 2.067158257494926764e-09 7.399531773526746386e-12
4.060528953266218100e-01 2.066149894093812878e-09 7.399528609567139537e-12
4.117821352591559680e-01 2.065128788467628548e-09 7.399478842084742276e-12
4.175922124190123430e-01 2.064110841015756532e-09 7.399439503302322642e-12
4.234842673863382645e-01 2.063092289107354476e-09 7.399397048370634401e-12
4.294594568343976793e-01 2.062072743587789510e-09 7.399350136425717000e-12
4.355189537566420133e-01 2.061045625548449163e-09 7.399275122692475440e-12
4.416639476969777545e-01 2.060030930462178664e-09 7.399243766576476149e-12
4.478956449832902087e-01 2.059013880054839823e-09 7.399203043850571668e-12
4.542152689642552366e-01 2.057994680787446999e-09 7.399153673098160040e-12
4.606240602494977576e-01 2.056975952302958523e-09 7.399105061689522883e-12
4.671232769531350471e-01 2.055942303361959530e-09 7.399001778342521837e-12
4.737141949407617236e-01 2.054940293766953407e-09 7.399011560938626404e-12
4.803981080799101799e-01 2.053922286478100639e-09 7.398962783721818022e-12
4.871763284940544558e-01 2.052899539217308296e-09 7.398896001038674722e-12
4.940501868201918612e-01 2.051885034059474078e-09 7.398857903208935548e-12
5.010210324700655748e-01 2.050871085618263065e-09 7.398821060004968796e-12
5.080902338950623598e-01 2.049854540678920346e-09 7.398773855359734336e-12
5.152591788548579466e-01 2.048817712083712938e-09 7.398652399268260960e-12
5.225292746898487772e-01 2.047819483147393927e-09 7.398669554830042660e-12
5.299019485974258981e-01 2.046800585307932898e-09 7.398611050363083332e-12
5.373786479121542836e-01 2.045765577344398905e-09 7.398493282687047780e-12
5.449608403898930087e-01 2.044772202606546654e-09 7.398525289881455090e-12
5.526500144959357597e-01 2.043757273701238284e-09 7.398478360342582159e-12
5.604476796972105435e-01 2.042723971699229009e-09 7.398363883796165737e-12
5.683553667586080937e-01 2.041710304109132672e-09 7.398319597315382995e-12
5.763746280434814961e-01 2.040695617026217997e-09 7.398270726884580123e-12
5.845070378183951920e-01 2.039699394635086162e-09 7.398287960451348281e-12
5.927541925621699903e-01 2.038665113598582134e-09 7.398166057672026986e-12
6.011177112792869259e-01 2.037651340503863900e-09 7.398117707244409707e-12
6.095992358177206860e-01 2.036635869452703927e-09 7.398062226062407024e-12
6.182004311912443484e-01 2.035623529567970034e-09 7.398017182133529670e-12
6.269229859062938059e-01 2.034607430360687345e-09 7.397957549407278555e-12
6.357686122934377293e-01 2.033594994936105907e-09 7.397910312809013459e-12
6.447390468435311162e-01 2.032604850071692661e-09 7.397943351233491280e-12
6.538360505485993901e-01 2.031592681265594566e-09 7.397895257718144310e-12
6.630614092475449750e-01 2.030559587333502749e-09 7.397769870152658016e-12
6.724169339767237519e-01 2.029548158004535091e-09 7.397722557848403111e-12
6.819044613254766629e-01 2.028535669692735957e-09 7.397670435527721692e-12
6.915258537966633146e-01 2.027524684457443684e-09 7.397622862673642268e-12
7.012830001722968332e-01 2.026517724178208724e-09 7.397588972764164731e-12
7.111778158843301556e-01 2.025508797978288690e-09 7.397547051270631040e-12
7.212122433906748009e-01 2.024492124797863694e-09 7.397475894305725978e-12
7.313882525565316151e-01 2.023478416671575058e-09 7.397414675531530947e-12
7.417078410410877787e-01 2.022492429442261459e-09 7.397453932405933405e-12
7.521730346896839947e-01 2.021458541077389799e-09 7.397316850689292297e-12
7.627858879315073670e-01 2.020450069453871050e-09 7.397271903317946170e-12
7.735484841829032288e-01 2.019442392036497890e-09 7.397228834509173511e-12
7.844629362563629860e-01 2.018437236706794238e-09 7.397194147103487216e-12
7.955313867752978885e-01 2.017423586199932592e-09 7.397127472124406931e-12
8.067560085946573478e-01 2.016417094650868090e-09 7.397085979184012457e-12
8.181390052274821745e-01 2.015412385681485101e-09 7.397050143931368389e-12
8.296826112774838835e-01 2.014399720202097580e-09 7.396984167243734028e-12
8.413890928777113531e-01 2.013396029686832307e-09 7.396950195258796634e-12
8.532607481354238521e-01 2.012381014184883513e-09 7.396873649847262242e-12
8.652999075832304987e-01 2.011374067065664860e-09 7.396825742215978068e-12
8.775089346366053977e-01 2.010375652310865628e-09 7.396808416438695365e-12
8.898902260578415158e-01 2.009360561903559507e-09 7.396728720985200741e-12
9.024462124265666407e-01 2.008352730467921968e-09 7.396674791636292583e-12
9.151793586168913697e-01 2.007347090630535135e-09 7.396627917102586171e-12
9.280921642812876016e-01 2.006341969270064197e-09 7.396582102974015986e-12
9.411871643413052269e-01 2.005358500161511283e-09 7.396615318913635919e-12
9.544669294851920727e-01 2.004329769134167568e-09 7.396480304940415953e-12
9.679340666725556597e-01 2.003326673547387840e-09 7.396439104797406246e-12
9.815912196461333838e-01 2.002319902252630499e-09 7.396383400812085755e-12
9.954410694507945800e-01 2.001316905782083178e-09 7.396340666601914689e-12
1.009486334959847298e+00 2.000310394067405449e-09 7.396284037084235893e-12
1.023729773408789567e+00 1.999306897652622350e-09 7.396237496031992960e-12
1.038174180936579871e+00 1.998306389752849337e-09 7.396201145093210838e-12
1.052822393134558165e+00 1.997300025060387211e-09 7.396142219798069638e-12
1.067677285603089388e+00 1.996293967982727802e-09 7.396083362378527686e-12
1.082741774516083000e+00 1.995295280217651062e-09 7.396050951044452765e-12
1.098018817193467722e+00 1.994290007948475024e-09 7.395993134979050020e-12
1.113511412681741808e+00 1.993286609836764431e-09 7.395941272197638521e-12
1.129222602342727200e+00 1.992283720660776789e-09 7.395890444828769895e-12
1.145155470450607726e+00 1.991281808997991634e-09 7.395842210660659080e-12
1.161313144797414543e+00 1.990276864404543562e-09 7.395781729112280354e-12
1.177698797307039635e+00 1.989275480208158044e-09 7.395733550107059367e-12
1.194315644657928610e+00 1.988273681376924905e-09 7.395682894041665279e-12
1.211166948914534025e+00 1.987272292230101234e-09 7.395632869984330686e-12
1.228256018167703800e+00 1.986271485129511984e-09 7.395583994073747062e-12
1.245586207184091299e+00 1.985270225241991047e-09 7.395532379114572719e-12
1.263160918064730520e+00 1.984274065242107108e-09 7.395498968575824916e-12
1.280983600912913856e+00 1.983277423213977891e-09 7.395462683016803875e-12
1.299057754511469653e+00 1.982269588869572963e-09 7.395383774314037956e-12
1.317386927009620790e+00 1.981272651959830072e-09 7.395344527981695360e-12
1.335974716619517944e+00 1.980276195062841136e-09 7.395306149601733253e-12
1.354824772322619664e+00 1.979272875058902308e-09 7.395241121004748483e-12
1.373940794586008707e+00 1.978272059471371731e-09 7.395184606726376498e-12
1.393326536088844270e+00 1.977275501188947054e-09 7.395143001509767031e-12
1.412985802459051143e+00 1.976297696924005622e-09 7.395170674084129983e-12
1.432922453020400555e+00 1.975283744954508646e-09 7.395061902069572856e-12
1.453140401550149674e+00 1.974279623615627440e-09 7.394989048976072412e-12
1.473643617047340149e+00 1.973282536619341143e-09 7.394941570127045177e-12
1.494436124511965946e+00 1.972283373266777006e-09 7.394885432978360564e-12
1.515522005735118416e+00 1.971288784666390189e-09 7.394845400865266776e-12
1.536905400100297525e+00 1.970288971275423985e-09 7.394784845296412832e-12
1.558590505395998305e+00 1.969293043842424579e-09 7.394737809550336138e-12
1.580581578639794760e+00 1.968295184244734337e-09 7.394682708448448056e-12
1.602882936914030498e+00 1.967298386163879271e-09 7.394630458615322585e-12
1.625498958213321021e+00 1.966303109969061090e-09 7.394583113856912611e-12
1.648434082303982473e+00 1.965309694356925902e-09 7.394541701189698459e-12
1.671692811595617112e+00 1.964333635146389606e-09 7.394564875014308381e-12
1.695279712024980956e+00 1.963316390295120719e-09 7.394431710726956337e-12
1.719199413952323230e+00 1.962320771902950319e-09 7.394379109745771828e-12
1.743456613070389016e+00 1.961326477969640853e-09 7.394330519088672859e-12
1.768056071326212786e+00 1.960333464899663840e-09 7.394286027131269337e-12
1.793002617855953718e+00 1.959341365479307489e-09 7.394243634613742967e-12
1.818301149932899152e+00 1.958347899258822718e-09 7.394195431050729974e-12
1.843956633928866662e+00 1.957351440214392675e-09 7.394134844691754707e-12
1.869974106289133076e+00 1.956356568033389547e-09 7.394079360574002405e-12
1.896358674521158028e+00 1.955362371287011316e-09 7.394025357679474014e-12
1.923115518197238361e+00 1.954369459457331693e-09 7.393975254761631722e-12
1.950249889971308548e+00 1.953385378592237972e-09 7.393957471682029007e-12
1.977767116610109399e+00 1.952382012164221596e-09 7.393865730741009311e-12
2.005672600038865827e+00 1.951390596548058676e-09 7.393818451454566822e-12
2.033971818401757226e+00 1.950402797119944742e-09 7.393783893664980586e-12
2.062670327137327675e+00 1.949407085808564431e-09 7.393718201814051405e-12
2.091773760069095545e+00 1.948415468594473793e-09 7.393667167926254650e-12
2.121287830511506822e+00 1.947427425849051031e-09 7.393628557909878097e-12
2.151218332391537480e+00 1.946433952437133288e-09 7.393568653396820414e-12
2.181571141386097867e+00 1.945444892816191323e-09 7.393524429961075009e-12
2.212352216075486933e+00 1.944454023679531761e-09 7.393472320640378638e-12
2.243567599113144073e+00 1.943484270830805101e-09 7.393499652285959415e-12
2.275223418411857157e+00 1.942471493598699747e-09 7.393362122678500978e-12
2.307325888346757559e+00 1.941484518305523486e-09 7.393321635194489286e-12
2.339881310975257200e+00 1.940493210859572401e-09 7.393263890209472673e-12
2.372896077274230464e+00 1.939503212395008201e-09 7.393210475164105717e-12
2.406376668394600848e+00 1.938513948474612545e-09 7.393158606540866851e-12
2.440329656933680536e+00 1.937525266815273009e-09 7.393107941844616937e-12
2.474761708225430290e+00 1.936559279846787000e-09 7.393143002433730005e-12
2.509679581648957214e+00 1.935546796418162172e-09 7.392999347308112888e-12
2.545090131955421775e+00 1.934560007931384894e-09 7.392953050794057907e-12
2.581000310613718263e+00 1.933573461993021045e-09 7.392906755324998611e-12
2.617417167175119630e+00 1.932585620633846761e-09 7.392854221765659548e-12
2.654347850657170937e+00 1.931598570110004545e-09 7.392803976501790463e-12
2.691799610947141819e+00 1.930617492021381971e-09 7.392775598502495538e-12
2.729779800225223596e+00 1.929625590550323763e-09 7.392704706927279455e-12
2.768295874407862733e+00 1.928636875599557783e-09 7.392645091802564204e-12
2.807355394611424249e+00 1.927650505514166093e-09 7.392593410702897267e-12
2.846966028636543466e+00 1.926665476170807291e-09 7.392545942988276839e-12
2.887135552473364175e+00 1.925681134663740847e-09 7.392500110960548943e-12
2.927871851828067751e+00 1.924693112253856546e-09 7.392439147071013901e-12
2.969182923670919738e+00 1.923728804977212710e-09 7.392468425696556155e-12
3.011076877806151408e+00 1.922723466848223185e-09 7.392338901860065205e-12
3.053561938464026237e+00 1.921739186615894858e-09 7.392289335256342280e-12
3.096646445915308465e+00 1.920775388927430053e-09 7.392317731810955937e-12
3.140338858108569831e+00 1.919771657609201355e-09 7.392191165251111531e-12
3.184647752330564074e+00 1.918786954395634475e-09 7.392137136552352736e-12
3.229581826890064455e+00 1.917802114169134863e-09 7.392081370579015408e-12
3.275149902825397419e+00 1.916820772551400055e-09 7.392038154601773987e-12
3.321360925636130279e+00 1.915835077309436525e-09 7.391977439349300703e-12
3.368223967039163824e+00 1.914850638720959381e-09 7.391920330455992097e-12
3.415748226749599326e+00 1.913866782914372217e-09 7.391864246673396230e-12
3.463943034286767642e+00 1.912906354899480764e-09 7.391898159386584047e-12
3.512817850805673991e+00 1.911903396973078373e-09 7.391766380945075546e-12
3.562382270954349117e+00 1.910919646214173572e-09 7.391707899299638347e-12
3.612646024757368401e+00 1.909946274006974697e-09 7.391688756033289453e-12
3.663618979525987474e+00 1.908958835016001678e-09 7.391614004845253384e-12
3.715311141795158090e+00 1.907982791704059975e-09 7.391582488223591706e-12
3.767732659287946539e+00 1.906999049172161198e-09 7.391519939201047207e-12
3.820893822907632575e+00 1.906014405071843320e-09 7.391453228866899139e-12
3.874805068757914306e+00 1.905032899536871171e-09 7.391397534244335836e-12
3.929476980191661362e+00 1.904050784965154539e-09 7.391338215740893302e-12
3.984920289888489897e+00 1.903072596048422687e-09 7.391293547724751001e-12
4.041145881961734965e+00 1.902091855074993938e-09 7.391237686631008594e-12
4.098164794095102259e+00 1.901135642386841578e-09 7.391276532880309780e-12
4.155988219709513487e+00 1.900133236327240420e-09 7.391133921885468776e-12
4.214627510160449120e+00 1.899177392398302453e-09 7.391172570201123562e-12
4.274094176966372061e+00 1.898178124499286871e-09 7.391040331778115207e-12
4.334399894068541315e+00 1.897197005167516710e-09 7.390977931000193367e-12
4.395556500122769883e+00 1.896222471504412338e-09 7.390939921816490769e-12
4.457576000823427975e+00 1.895240823560927022e-09 7.390874443283746330e-12
4.520470571260318593e+00 1.894258624143743997e-09 7.390804180149890338e-12
4.584252558308772763e+00 1.893283487321794252e-09 7.390762070006861042e-12
4.648934483053464461e+00 1.892307478108070845e-09 7.390714518820944169e-12
4.714529043246466600e+00 1.891331109023662701e-09 7.390664619388963878e-12
4.781049115799903326e+00 1.890353199582909043e-09 7.390607973626630768e-12
4.848507759313858578e+00 1.889383688327749383e-09 7.390582040256472927e-12
4.916918216639903250e+00 1.888423040905281637e-09 7.390592033045796666e-12
4.986293917480844939e+00 1.887446908697015399e-09 7.390539246573140267e-12
5.056648481027065323e+00 1.886472418505637453e-09 7.390491817227938787e-12
5.127995718630148581e+00 1.885495505338042543e-09 7.390433951698132229e-12
5.200349636514190799e+00 1.884498017421646728e-09 7.390293223044887789e-12
5.273724438525358771e+00 1.883544736442428858e-09 7.390327061909844594e-12
5.348134528920297726e+00 1.882571198903031550e-09 7.390279494646401049e-12
5.423594515193781440e+00 1.881598413117582048e-09 7.390233674445103785e-12
5.500119210946355253e+00 1.880624073320810247e-09 7.390180852093656337e-12
5.577723638792387639e+00 1.879647298262267432e-09 7.390117398446220112e-12
5.656423033309213366e+00 1.878672020774465208e-09 7.390058970659100670e-12
5.736232844027774114e+00 1.877699818511776619e-09 7.390011439401864684e-12
5.817168738465572808e+00 1.876726914526022614e-09 7.389960239423353133e-12
5.899246605202363547e+00 1.875758001070251282e-09 7.389923693127412890e-12
5.982482556999235257e+00 1.874780453518319421e-09 7.389852135735323741e-12
6.066892933961771206e+00 1.873808279549854054e-09 7.389800658463317266e-12
6.152494306747708031e+00 1.872838050312371230e-09 7.389755885540673940e-12
6.239303479819985121e+00 1.871863553674996868e-09 7.389693302918773511e-12
6.327337494745614244e+00 1.870890844142148233e-09 7.389636811250199345e-12
6.416613633541171424e+00 1.869922940036083229e-09 7.389598113737354010e-12
6.507149422065364064e+00 1.868951960587239802e-09 7.389546383374166979e-12
6.598962633459596994e+00 1.867977796206942329e-09 7.389481165168068236e-12
6.692071291637001984e+00 1.867007180299790932e-09 7.389428721259651252e-12
6.786493674820778921e+00 1.866040211305249032e-09 7.389389680024319774e-12
6.882248319132323822e+00 1.865068157968964014e-09 7.389329417744926125e-12
6.979354022230124244e+00 1.864101103406603294e-09 7.389288355981655795e-12
7.077829846999923014e+00 1.863128766913220094e-09 7.389224851743119830e-12
7.177695125296953194e+00 1.862159326811106265e-09 7.389172044772596656e-12
7.278969461741048086e+00 1.861189376329715032e-09 7.389116164821645289e-12
7.381672737565145859e+00 1.860218026614883828e-09 7.389053985537310618e-12
7.485825114518248391e+00 1.859253076807709254e-09 7.389016088332089691e-12
7.591447038823357474e+00 1.858285029457005133e-09 7.388964659610261814e-12
7.698559245191347600e+00 1.857315921084268528e-09 7.388908098681258807e-12
7.807182760891319795e+00 1.856344465713470946e-09 7.388841161793478818e-12
7.917338909878538722e+00 1.855376338157852118e-09 7.388786413570840245e-12
8.029049316980538364e+00 1.854411892931286091e-09 7.388744972194269523e-12
8.142335912142289800e+00 1.853441283130342271e-09 7.388678576789314815e-12
8.257220934731352102e+00 1.852475959081573085e-09 7.388632336734648642e-12
8.373726937903590795e+00 1.851509548101698053e-09 7.388580010056182540e-12
8.491876793030677106e+00 1.850549497604491388e-09 7.388552334299712317e-12
8.611693694189943571e+00 1.849580382686875336e-09 7.388487668508233264e-12
8.733201162717705301e+00 1.848612185061396036e-09 7.388425384521693407e-12
8.856423051826633142e+00 1.847648365247177677e-09 7.388379688672733990e-12
8.981383551288473654e+00 1.846683342989175203e-09 7.388328144985331461e-12
9.108107192182739453e+00 1.845719157833795845e-09 7.388278891887306457e-12
9.236618851712398381e+00 1.844750966143425121e-09 7.388212783329180134e-12
9.366943758087616700e+00 1.843783121605868649e-09 7.388146367015573004e-12
9.499107495478209984e+00 1.842820338359237538e-09 7.388099718602170578e-12
9.633136009036158853e+00 1.841860976324823002e-09 7.388065860717929113e-12
9.769055609988887667e+00 1.840892083087033083e-09 7.387992702147465328e-12
9.906892980804515858e+00 1.839930733325183985e-09 7.387948407364587432e-12
1.004667518042979246e+01 1.838967223790870863e-09 7.387894693985950463e-12
1.018842964960213671e+01 1.838006863808920031e-09 7.387852661819946658e-12
1.033218421623650052e+01 1.837043610370966775e-09 7.387797547678270308e-12
1.047796710088837635e+01 1.836081841132683703e-09 7.387748026670815546e-12
1.062580692229366619e+01 1.835116278713887321e-09 7.387681748383425016e-12
1.077573270298692876e+01 1.834148775092306885e-09 7.387606947328712016e-12
1.092777387499878472e+01 1.833188319858991882e-09 7.387558270753823312e-12
1.108196028563372515e+01 1.832230224533052469e-09 7.387519090902114178e-12
1.123832220332954535e+01 1.831268617052036326e-09 7.387465231491910039e-12
1.139689032359921939e+01 1.830306913421571131e-09 7.387408814642352190e-12
1.155769577505685319e+01 1.829348737439558643e-09 7.387367017018060250e-12
1.172077012552851727e+01 1.828378473600346274e-09 7.387273964364905500e-12
1.188614538824944056e+01 1.827424854258549937e-09 7.387247312762846449e-12
1.205385402814840745e+01 1.826462472852814369e-09 7.387184627305073554e-12
1.222392896822106856e+01 1.825500221869515350e-09 7.387122040373545977e-12
1.239640359599304631e+01 1.824550685615516594e-09 7.387109322775852725e-12
1.257131177007424405e+01 1.823578330165498604e-09 7.387002418475968866e-12
1.274868782680574775e+01 1.822622555189415847e-09 7.386963249444984142e-12
1.292856658700026706e+01 1.821672729350386257e-09 7.386945149097428589e-12
1.311098336277793486e+01 1.820711137943545787e-09 7.386880256571652968e-12
1.329597396449839586e+01 1.819752544404357903e-09 7.386825517618477887e-12
1.348357470779087919e+01 1.818797186472772062e-09 7.386782058115149231e-12
1.367382242068317133e+01 1.817840563090040519e-09 7.386734455298205029e-12
1.386675445083146840e+01 1.816882153295637589e-09 7.386677563044936724e-12
1.406240867285208651e+01 1.815923310078324214e-09 7.386617285207649002e-12
1.426082349575662533e+01 1.814964411495023808e-09 7.386556020962020611e-12
1.446203787049218548e+01 1.814013966721338047e-09 7.386528966736832666e-12
1.466609129758768049e+01 1.813061275434110730e-09 7.386490640245302923e-12
1.487302383490832369e+01 1.812091056064952377e-09 7.386380329527608688e-12
1.508287610551935920e+01 1.811142742187267183e-09 7.386358279701131020e-12
1.529568930566092533e+01 1.810185434221847172e-09 7.386297512552783976e-12
1.551150521283513228e+01 1.809213690542685591e-09 7.386177608375720856e-12
1.573036619400755320e+01 1.808277241824936614e-09 7.386200648142634337e-12
1.595231521392424945e+01 1.807326586471558229e-09 7.386166034956970890e-12
1.617739584354633564e+01 1.806350536151137501e-09 7.386023298747029734e-12
1.640565226860323378e+01 1.805408938314039965e-09 7.386022385756059144e-12
1.663712929826693454e+01 1.804460243197095901e-09 7.385992366541300203e-12
1.687187237394847372e+01 1.803500819845483033e-09 7.385916509794370676e-12
1.710992757821853871e+01 1.802551070633196786e-09 7.385878881895089795e-12
1.735134164385411637e+01 1.801588723997345001e-09 7.385788079941110756e-12
1.759616196301240976e+01 1.800643638977634935e-09 7.385768759238882071e-12
1.784443659653457104e+01 1.799689931386882153e-09 7.385712108101839534e-12
1.809621428338049043e+01 1.798745139144471990e-09 7.385690343400685225e-12
1.835154445019691494e+01 1.797767666979053528e-09 7.385534647531969916e-12
1.861047722102021140e+01 1.796830917980323817e-09 7.385543881011989351e-12
1.887306342711638862e+01 1.795871999108646446e-09 7.385460172728635159e-12
1.913935461695979257e+01 1.794920138677046045e-09 7.385405604816983319e-12
1.940940306635257073e+01 1.793963325168316677e-09 7.385330012665045153e-12
1.968326178868713328e+01 1.793018704680256848e-09 7.385302667626308429e-12
1.996098454535301059e+01 1.792068222071202069e-09 7.385250577827654510e-12
2.024262585629094602e+01 1.791118790207383383e-09 7.385201860427331297e-12
2.052824101069565899e+01 1.790171282333590190e-09 7.385160286596686229e-12
2.081788607786987200e+01 1.789221267899665611e-09 7.385107097983832241e-12
2.111161791823106171e+01 1.788290731918017786e-09 7.385133734698868161e-12
2.140949419447393964e+01 1.787325892929216082e-09 7.385016418428923587e-12
2.171157338289020089e+01 1.786378821905167251e-09 7.384973668913205080e-12
2.201791478484800280e+01 1.785423598554264409e-09 7.384892809377864593e-12
2.232857853843364282e+01 1.784467450732719642e-09 7.384808699910835716e-12
2.264362563025703423e+01 1.783525078899813333e-09 7.384782842880842181e-12
2.296311790742419845e+01 1.782574759825304713e-09 7.384720812701097508e-12
2.328711808967843311e+01 1.781636740536304842e-09 7.384706397513683179e-12
2.361568978171305488e+01 1.780694554544160311e-09 7.384677177241613394e-12
2.394889748565737975e+01 1.779718179644192283e-09 7.384504740478468366e-12
2.428680661373939387e+01 1.778791449031255349e-09 7.384534006686184625e-12
2.462948350112674945e+01 1.777856802084351952e-09 7.384533128436114753e-12
2.497699541894928288e+01 1.776908072911277989e-09 7.384471127766397092e-12
2.532941058750474994e+01 1.775949417857746923e-09 7.384368507132543667e-12
2.568679818965139816e+01 1.775022278563817133e-09 7.384392515979129773e-12
2.604922838438925226e+01 1.774077417735562699e-09 7.384343653785730714e-12
2.641677232063301517e+01 1.773112038611418192e-09 7.384206759316701481e-12
2.678950215117958322e+01 1.772163808584656360e-09 7.384144683166791700e-12
2.716749104687207250e+01 1.771210627513358430e-09 7.384058859003298829e-12
2.755081321096427160e+01 1.770281634274468052e-09 7.384068132205557176e-12
2.793954389368740721e+01 1.769337111040084869e-09 7.384015445222410843e-12
2.833375940702279294e+01 1.768392714218432120e-09 7.383961768234355461e-12
2.873353713968236534e+01 1.767463888484837322e-09 7.383977463543652684e-12
2.913895557230110711e+01 1.766512379996687335e-09 7.383887098240785045e-12
2.955009429284361033e+01 1.765585297608736501e-09 7.383902705644265712e-12
2.996703401222796259e+01 1.764642204953368332e-09 7.383849859893819055e-12
3.038985658017040592e+01 1.763656785933078897e-09 7.383618911396923325e-12
3.081864500125294981e+01 1.762733313494381931e-09 7.383651517331437973e-12
3.125348345121830462e+01 1.761814685073905924e-09 7.383693775781994430e-12
3.169445729349434160e+01 1.760832594081415194e-09 7.383477074661008911e-12
3.214165309595210118e+01 1.759912022548014359e-09 7.383518672838642560e-12
3.259515864789962336e+01 1.758964897981760373e-09 7.383442998049377259e-12
3.305506297731616172e+01 1.758038742093125773e-09 7.383451281221717269e-12
3.352145636832926812e+01 1.757083145073924041e-09 7.383340304819712124e-12
3.399443037893845343e+01 1.756116326522912711e-09 7.383172015135502327e-12
3.447407785898930399e+01 1.755254132202084768e-09 7.383451504985923296e-12
3.496049296840045884e+01 1.754233637608962405e-09 7.383057706962903202e-12
3.545377119564847135e+01 1.753293346711868644e-09 7.383006315800606905e-12
3.595400937651311324e+01 1.752365342353758503e-09 7.383004283179594459e-12
3.646130571308751911e+01 1.751426667063101928e-09 7.382954718683209464e-12
3.697575979305590721e+01 1.750533430279620889e-09 7.383098350726199723e-12
3.749747260924396386e+01 1.749585348531093206e-09 7.383008488663133876e-12
3.802654657944476924e+01 1.748628810922637113e-09 7.382874526877873475e-12
3.856308556652439279e+01 1.747652554607600371e-09 7.382663535694220688e-12
3.910719489881162048e+01 1.746750262509330258e-09 7.382763278588145727e-12
3.965898139077454942e+01 1.745841719534050455e-09 7.382839320083136341e-12
4.021855336398973435e+01 1.744838059983848871e-09 7.382506903644599018e-12
4.078602066840667106e+01 1.743897236336161318e-09 7.382436473342623867e-12
4.136149470391290350e+01 1.743009156837081515e-09 7.382599289676489562e-12
4.194508844220244725e+01 1.742069102289865980e-09 7.382533942682117606e-12
4.253691644895373969e+01 1.741132253769324799e-09 7.382480930812371570e-12
4.313709490631985943e+01 1.740172315237315505e-09 7.382329387804724531e-12
4.374574163573674213e+01 1.739271582320284982e-09 7.382425762859492831e-12
4.436297612105221333e+01 1.738307645752466890e-09 7.382255454152452621e-12
4.498891953198232585e+01 1.737401254547871064e-09 7.382326340583762054e-12
4.562369474789814205e+01 1.736436917822349620e-09 7.382152551504709248e-12
4.626742638194821211e+01 1.735533010822248828e-09 7.382231056025695661e-12
4.692024080552182141e+01 1.734570026842429987e-09 7.382061337617738452e-12
4.758226617305646755e+01 1.733601694144544796e-09 7.381863325037698223e-12
4.825363244719634537e+01 1.732680384457328589e-09 7.381869934554634701e-12
4.893447142430519392e+01 1.731741959469754379e-09 7.381798839119638668e-12
4.962491676033972254e+01 1.730817931606905778e-09 7.381786913516609847e-12
5.032510399708710480e+01 1.729867715769684942e-09 7.381664121877932622e-12
5.103517058877369550e+01 1.728948131373615768e-09 7.381670014729025969e-12
5.175525592904863714e+01 1.727988843779755847e-09 7.381503218577183917e-12
5.248550137834822493e+01 1.727098130460504998e-09 7.381634453266180472e-12
5.322605029164689938e+01 1.726171926774978261e-09 7.381594110493894966e-12
5.397704804659871058e+01 1.725229436347373523e-09 7.381513862165727677e-12
5.473864207207698485e+01 1.724254774556431622e-09 7.381275122395915717e-12
