# #Columns: f_hz, Omega_GW
7.0614542136310962e-20 2.2965406864665933e-23
7.5199657302427937e-20 2.3969602193622265e-23
8.0082491329993775e-20 2.7864122673270191e-23
8.5282375580872064e-20 3.5400735221379163e-23
9.0819896633171965e-20 4.7214880732073346e-23
9.6716977784446664e-20 5.4716204068443521e-23
1.0299696584702493e-19 6.1869893007948228e-23
1.0968472357910243e-19 7.0937436649654781e-23
1.1680672811753140e-19 7.5865057323263089e-23
1.2439117580200906e-19 8.0917817734852946e-23
1.3246809380566816e-19 8.3758128011620004e-23
1.4106945901402018e-19 8.5972622985025397e-23
1.5022932462289875e-19 8.8031471022017392e-23
1.5998395495660943e-19 8.8770035286581498e-23
1.7037196904003892e-19 8.9241183912452887e-23
1.8143449349312891e-19 8.9236877339301265e-23
1.9321532535303449e-19 8.9079112075277940e-23
2.0576110546858481e-19 8.8796310803794241e-23
2.1912150315352391e-19 8.8484771894146105e-23
2.3334941282958114e-19 8.8170920166728182e-23
2.4850116343789115e-19 8.7822485977871221e-23
2.6463674144783320e-19 8.7474642565536814e-23
2.8182002834618852e-19 8.7109200418877171e-23
3.0011905354685140e-19 8.6739772583125448e-23
3.1960626372237045e-19 8.6371668026983099e-23
3.4035880962361868e-19 8.5996734865135501e-23
3.6245885152312279e-19 8.5623179668444825e-23
3.8599388449131693e-19 8.5246298918961321e-23
4.1105708479350321e-19 8.4869416733210624e-23
4.3774767877892199e-19 8.4493886834377476e-23
4.6617133572237814e-19 8.4117535635378890e-23
4.9644058617370368e-19 8.3742509840875885e-23
5.2867526747131960e-19 8.3367537777244160e-23
5.6300299818370524e-19 8.2993498735200174e-23
5.9955968335711256e-19 8.2620756742218135e-23
6.3849005256982157e-19 8.2248713330828387e-23
6.7994823292311909e-19 8.1877950050689534e-23
7.2409835923749897e-19 8.1508115935597171e-23
7.7111522386987668e-19 8.1139548571951592e-23
8.2118496872447621e-19 8.0772040885277496e-23
8.7450582219708809e-19 8.0405731408115263e-23
9.3128888397030341e-19 8.0040677302718877e-23
9.9175896076674627e-19 7.9676779392690285e-23
1.0561554563691119e-18 7.9314128723851403e-23
1.1247333194306227e-18 7.8952666841465045e-23
1.1977640528283346e-18 7.8592429177881116e-23
1.2755367885553699e-18 7.8233429407574984e-23
1.3583594324076183e-18 7.7875636327493312e-23
1.4465598829967833e-18 7.7519074017633259e-23
1.5404873299158840e-18 7.7163723406466250e-23
1.6405136361967299e-18 7.6809593542255031e-23
1.7470348105325675e-18 7.6456686230615514e-23
1.8604725750944951e-18 7.6104990738232961e-23
1.9812760351487093e-18 7.5754511809605874e-23
2.1099234570846663e-18 7.5405242709577303e-23
2.2469241618934598e-18 7.5057184387147173e-23
2.3928205415927730e-18 7.4710335133922699e-23
2.5481902065815320e-18 7.4364690445374758e-23
2.7136482724257308e-18 7.4020249645753706e-23
2.8898497951289176e-18 7.3677008165712958e-23
3.0774923645286862e-18 7.3334963579988178e-23
3.2773188660865537e-18 7.2994112290000318e-23
3.4901204220052703e-18 7.2654452361215369e-23
3.7167395233175778e-18 7.2315980371256041e-23
3.9580733653465090e-18 7.1978692798510192e-23
4.2150773997424483e-18 7.1642587718958829e-23
4.4887691171596449e-18 7.1307661535295061e-23
4.7802320755479686e-18 7.0973913369749537e-23
5.0906201900080767e-18 7.0641339977805458e-23
5.4211623011937690e-18 7.0309939277315571e-23
5.7731670403479652e-18 6.9979707175559782e-23
6.1480280102332964e-18 6.9650641463062747e-23
6.5472293024687829e-18 6.9322739616018112e-23
6.9723513731160203e-18 6.8995998864631131e-23
7.4250772997765529e-18 6.8670417882102074e-23
7.9071994449726209e-18 6.8345992242386216e-23
8.4206265521918370e-18 6.8022720971877561e-23
8.9673913026894333e-18 6.7700598773964498e-23
9.5496583629657322e-18 6.7379623739577492e-23
1.0169732954779219e-17 6.7059792884065410e-23
1.0830069981624291e-17 6.6741102341290632e-23
1.1533283747805739e-17 6.6423551243522154e-23
1.2282158308588339e-17 6.6107135295866893e-23
1.3079658492398212e-17 6.5791853215275692e-23
1.3928941638713302e-17 6.5477702348853744e-23
1.4833370098113899e-17 6.5164678692675532e-23
1.5796524543981432e-17 6.4852781166916253e-23
1.6822218148547115e-17 6.4542005679017409e-23
1.7914511679414171e-17 6.4232350960124691e-23
1.9077729576321327e-17 6.3923814042383357e-23
2.0316477071796328e-17 6.3616391926542775e-23
2.1635658423480830e-17 6.3310082558984117e-23
2.3040496330309335e-17 6.3004882482026954e-23
2.4536552609411632e-17 6.2700788998991208e-23
2.6129750215599744e-17 6.2397798863136596e-23
2.7826396690615087e-17 6.2095909790935650e-23
2.9633209134973048e-17 6.1795119335482738e-23
3.1557340801269219e-17 6.1495426508165917e-23
3.3606409414231555e-17 6.1196826682997909e-23
3.5788527329638873e-17 6.0899318271200757e-23
3.8112333651506091e-17 6.0602896693092869e-23
4.0587028434689747e-17 6.0307560055475788e-23
4.3222409108323303e-17 6.0013305350017717e-23
4.6028909264284498e-17 5.9720129720925637e-23
4.9017639964259805e-17 5.9428032047903027e-23
5.2200433728942713e-17 5.9137008783433538e-23
5.5589891383520984e-17 5.8847058181146421e-23
5.9199431944916295e-17 5.8558175602963486e-23
6.3043345748282429e-17 5.8270359849903595e-23
6.7136851023091339e-17 5.7983607008496791e-23
7.1496154142795642e-17 5.7697916481236343e-23
7.6138513786597685e-17 5.7413284417027693e-23
8.1082309267345009e-17 5.7129708652198139e-23
8.6347113296065316e-17 5.6847186833754480e-23
9.1953769471219146e-17 5.6565714563587799e-23
9.7924474799453628e-17 5.6285290625610576e-23
1.0428286757456072e-16 5.6005910917533583e-23
1.1105412096255676e-16 5.5727574540673087e-23
1.1826504266339114e-16 5.5450279353629582e-23
1.2594418104384870e-16 5.5174022421201998e-23
1.3412193816183176e-16 5.4898802042571779e-23
1.4283069012948892e-16 5.4624613892819871e-23
1.5210491529171534e-16 5.4351456958025444e-23
1.6198133072748659e-16 5.4079327067778351e-23
1.7249903761444379e-16 5.3808221467152756e-23
1.8369967603223309e-16 5.3538137365909940e-23
1.9562758981747386e-16 5.3269072529278306e-23
2.0833000212302314e-16 5.3001025416613899e-23
2.2185720237658491e-16 5.2733992477839766e-23
2.3626274537883972e-16 5.2467972653860082e-23
2.5160366332933516e-16 5.2202961501351213e-23
2.6794069161955628e-16 5.1938957379950862e-23
2.8533850928710107e-16 5.1675956841411775e-23
3.0386599508293041e-16 5.1413957207465718e-23
3.2359650016547394e-16 5.1152957383690403e-23
3.4460813850120045e-16 5.0892953294187363e-23
3.6698409612136139e-16 5.0633944279488162e-23
3.9081296045927136e-16 5.0375926692952280e-23
4.1618907107198105e-16 5.0118898137985995e-23
4.4321289313487326e-16 4.9862856640467304e-23
4.7199141518785859e-16 4.9607798676260521e-23
5.0263857270786798e-16 4.9353722943798522e-23
5.3527569918458483e-16 4.9100625611568586e-23
5.7003200648524586e-16 4.8848504450327994e-23
6.0704509641029690e-16 4.8597358072188271e-23
6.4646150546517558e-16 4.8347182704269647e-23
6.8843728500499644e-16 4.8097976304013313e-23
7.3313861904896031e-16 4.7849735122257262e-23
7.8074248221043923e-16 4.7602457061602511e-23
8.3143734034751565e-16 4.7356140255900128e-23
8.8542389670788109e-16 4.7110780843386706e-23
9.4291588652211648e-16 4.6866378935740558e-23
1.0041409231911859e-15 4.6622930534099925e-23
1.0693413994182365e-15 4.6380434032031746e-23
1.1387754468523282e-15 4.6138886014477139e-23
1.2127179580433669e-15 4.5898283847037348e-23
1.2914616747542026e-15 4.5658625997690909e-23
1.3753183469385741e-15 4.5419908456376230e-23
1.4646199669733564e-15 4.5182131074195545e-23
1.5597200840314559e-15 4.4945290447038596e-23
1.6609952037990664e-15 4.4709383665505696e-23
1.7688462790787919e-15 4.4474408691240140e-23
1.8837002971800192e-15 4.4240361546951291e-23
2.0060119703810822e-15 4.4007240726337959e-23
2.1362655361558409e-15 4.3775043255849335e-23
2.2749766742918541e-15 4.3543767152475906e-23
2.4226945484900945e-15 4.3313411030663434e-23
2.5800039805290056e-15 4.3083971730103996e-23
2.7475277656005049e-15 4.2855448324833375e-23
2.9259291379844576e-15 4.2627836812661622e-23
3.1159143968233386e-15 4.2401133866497046e-23
3.3182357023926400e-15 4.2175337772764338e-23
3.5336940539375942e-15 4.1950445598711539e-23
3.7631424608655936e-15 4.1726455908079415e-23
4.0074893198492062e-15 4.1503366297414970e-23
4.2677020112098972e-15 4.1281174369919453e-23
4.5448107288206889e-15 4.1059877584279972e-23
4.8399125586905364e-15 4.0839472870614085e-23
5.1541758223777029e-15 4.0619957395940032e-23
5.4888447024279098e-15 4.0401329023819601e-23
5.8452441681496001e-15 4.0183584487057879e-23
6.2247852212276451e-15 3.9966722749205699e-23
6.6289704819431617e-15 3.9750741839970787e-23
7.0594001381154983e-15 3.9535638977115598e-23
7.5177782803185546e-15 3.9321412743377441e-23
8.0059196484527990e-15 3.9108059155707787e-23
8.5257568163830993e-15 3.8895577634562381e-23
9.0793478430863914e-15 3.8683964391794441e-23
9.6688844206007857e-15 3.8473217669078844e-23
1.0296700551033955e-14 3.8263335060082299e-23
1.0965281786983568e-14 3.8054312765039619e-23
1.1677275071953002e-14 3.7846150062916186e-23
1.2435499219720992e-14 3.7638843025834268e-23
1.3242956074153514e-14 3.7432390193692641e-23
1.4102842393640090e-14 3.7226788723152743e-23
1.5018562507205562e-14 3.7022036680131830e-23
1.5993741792403451e-14 3.6818131869909592e-23
1.7032241028350473e-14 3.6615071546863584e-23
1.8138171680726566e-14 3.6412854072938349e-23
1.9315912179254388e-14 3.6211477305552030e-23
2.0570125252101616e-14 3.6010938745891380e-23
2.1905776385833713e-14 3.5811236156973803e-23
2.3328153484000936e-14 3.5612366237996823e-23
2.4842887802188858e-14 3.5414326661563651e-23
2.6455976242415186e-14 3.5217115082573971e-23
2.8173805095137462e-14 3.5020729052896798e-23
3.0003175322867258e-14 3.4825167549882346e-23
3.1951329485489878e-14 3.4630427658079940e-23
3.4025980413888205e-14 3.4436507883554969e-23
3.6235341745390679e-14 3.4243404567486126e-23
3.8588160441934898e-14 3.4051116020999459e-23
4.1093751419687486e-14 3.3859640123815958e-23
4.3762034427220606e-14 3.3668973684006996e-23
4.6603573318247459e-14 3.3479115502914538e-23
4.9629617874399225e-14 3.3290062592235681e-23
5.2852148343622277e-14 3.3101812989689696e-23
5.6283922870523800e-14 3.2914364433143179e-23
5.9938528006446566e-14 3.2727713999468140e-23
6.3830432499243185e-14 3.2541859605344062e-23
6.7975044575706549e-14 3.2356799323925187e-23
7.2388772943440056e-14 3.2172530803353298e-23
7.7089091753676897e-14 3.1989052078671069e-23
8.2094609782239059e-14 3.1806360620502089e-23
8.7425144102526627e-14 3.1624454249765660e-23
9.3101798542212228e-14 3.1443330609528745e-23
9.9147047234254020e-14 3.1262987019499931e-23
1.0558482359300962e-13 3.1083421439355408e-23
1.1244061506771145e-13 3.0904631705970629e-23
1.1974156404843674e-13 3.0726615465214874e-23
1.2751657532406372e-13 3.0549371304513302e-23
1.3579643051764448e-13 3.0372896085713650e-23
1.4461390995224990e-13 3.0197187748086971e-23
1.5400392242975876e-13 3.0022244063299403e-23
1.6400364343639103e-13 2.9848062556370550e-23
1.7465266232214768e-13 2.9674641665016674e-23
1.8599313903684697e-13 2.9501978933608945e-23
1.9806997104328190e-13 2.9330072369213079e-23
2.1093097106831646e-13 2.9158919462838905e-23
2.2462705639564454e-13 2.8988517650055316e-23
2.3921245044963032e-13 2.8818865155397711e-23
2.5474489746831042e-13 2.8649959367616071e-23
2.7128589111545671e-13 2.8481798418609974e-23
2.8890091793678587e-13 2.8314380678819606e-23
3.0765971662417300e-13 2.8147703080419082e-23
3.2763655411429901e-13 2.7981764167927441e-23
3.4891051961483149e-13 2.7816561312420006e-23
3.7156583772219167e-13 2.7652092288146952e-23
3.9569220187056057e-13 2.7488354708473347e-23
4.2138512943226167e-13 2.7325345994601818e-23
4.4874633987537957e-13 2.7163064634715350e-23
4.7788415747575823e-13 2.7001508510259125e-23
5.0891394017773243e-13 2.6840675134127561e-23
5.4195853630147306e-13 2.6680562841498679e-23
5.7714877090507107e-13 2.6521168904380392e-23
6.1462396372688851e-13 2.6362491344355675e-23
6.5453248075873606e-13 2.6204527957723502e-23
6.9703232163357811e-13 2.6047276467273997e-23
7.4229174515326168e-13 2.5890734860180517e-23
7.9048993543276121e-13 2.5734901036621782e-23
8.4181771129823424e-13 2.5579773016185982e-23
8.9647828174742842e-13 2.5425349115113544e-23
9.5468805046333941e-13 2.5271626668001591e-23
1.0166774725662295e-12 2.5118603513870466e-23
1.0826919669959234e-12 2.4966278218387846e-23
1.1529928881365468e-12 2.4814647676852924e-23
1.2278585605304124e-12 2.4663710014482348e-23
1.3075853807775351e-12 2.4513462935319884e-23
1.3924889909832435e-12 2.4363904516839995e-23
1.4829055283996219e-12 2.4215032740429182e-23
1.5791929562081710e-12 2.4066845291432267e-23
1.6817324807123152e-12 2.3919340135209015e-23
1.7909300605504803e-12 2.3772515434209521e-23
1.9072180139048117e-12 2.3626368623194219e-23
2.0310567300684855e-12 2.3480897994826094e-23
2.1629364921478645e-12 2.3336101224402415e-23
2.3033794181155934e-12 2.3191976093264986e-23
2.4529415278993903e-12 2.3048520906848780e-23
2.6122149446902108e-12 2.2905733134691712e-23
2.7818302391848783e-12 2.2763611111250123e-23
2.9624589260441330e-12 2.2622152284997054e-23
3.1548161224496998e-12 2.2481355135958754e-23
3.3596633792857142e-12 2.2341217318035656e-23
3.5778116961532897e-12 2.2201736671245743e-23
3.8101247321548023e-12 2.2062911076046240e-23
4.0575222251595339e-12 2.1924738281439078e-23
4.3209836330877052e-12 2.1787216802716315e-23
4.6015520116288991e-12 2.1650344292567468e-23
4.9003381437469534e-12 2.1514119240218892e-23
5.2185249373201984e-12 2.1378539293928093e-23
5.5573721083275227e-12 2.1243602410340057e-23
5.9182211681211875e-12 2.1109306324136499e-23
6.3025007345312543e-12 2.0975648534256290e-23
6.7117321878285060e-12 2.0842627369782238e-23
7.1475356939380844e-12 2.0710240814756115e-23
7.6116366187501001e-12 2.0578486971830006e-23
8.1058723589214582e-12 2.0447364152497937e-23
8.6321996162129695e-12 2.0316870080410243e-23
9.1927021441603022e-12 2.0187002746451548e-23
9.7895989977492291e-12 2.0057760057323042e-23
1.0425253318754885e-11 1.9929139884380037e-23
1.1102181691527777e-11 1.9801140107621773e-23
1.1823064106265301e-11 1.9673758804602404e-23
1.2590754569215090e-11 1.9546994228940571e-23
1.3408292401815114e-11 1.9420844185128367e-23
1.4278914273505794e-11 1.9295306713983083e-23
1.5206067015851023e-11 1.9170380086912375e-23
1.6193421268701439e-11 1.9046062258549339e-23
1.7244886012423991e-11 1.8922351137401745e-23
1.8364624043733374e-11 1.8799244701880936e-23
1.9557068456392911e-11 1.8676740613662147e-23
2.0826940192034850e-11 1.8554836888029790e-23
2.2179266730582245e-11 1.8433532024472016e-23
2.3619401994271182e-11 1.8312824053751310e-23
2.5153047544071530e-11 1.8192710982742813e-23
2.6786275152426659e-11 1.8073190747982443e-23
2.8525550841676265e-11 1.7954261425914724e-23
3.0377760483332368e-11 1.7835920899032768e-23
3.2350237059558417e-11 1.7718167276347383e-23
3.4450789694778036e-11 1.7600998758789773e-23
3.6687734572354650e-11 1.7484413354666534e-23
3.9069927858738242e-11 1.7368409026614562e-23
4.1606800765432148e-11 1.7252983750390391e-23
4.4308396887586800e-11 1.7138135537400612e-23
4.7185411967050768e-11 1.7023862270723445e-23
5.0249236237297567e-11 1.6910162491340245e-23
5.3511999517879120e-11 1.6797034166654390e-23
5.6986619236931251e-11 1.6684475524155051e-23
6.0686851571860418e-11 1.6572484755537536e-23
6.4627345910673574e-11 1.6461059700822302e-23
6.8823702849573173e-11 1.6350198471584303e-23
7.3292535956424503e-11 1.6239898756924720e-23
7.8051537544628285e-11 1.6130158664757222e-23
8.3119548717791253e-11 1.6020976628370138e-23
8.8516633962514259e-11 1.5912350701916200e-23
9.4264160584604150e-11 1.5804279177931649e-23
1.0038488330321140e-10 1.5696760233632811e-23
1.0690303433779471e-10 1.5589791736438400e-23
1.1384441934458233e-10 1.5483372000388014e-23
1.2123651958233482e-10 1.5377498574512134e-23
1.2910860071190113e-10 1.5272170008708001e-23
1.3749182866029641e-10 1.5167384482863635e-23
1.4641939300802774e-10 1.5063139960666845e-23
1.5592663838814764e-10 1.4959434819107050e-23
1.6605120441726695e-10 1.4856266677255061e-23
1.7683317471250622e-10 1.4753633776021092e-23
1.8831523558435562e-10 1.4651534290004662e-23
2.0054284503372358e-10 1.4549966187631975e-23
2.1356441272222256e-10 1.4448928068833024e-23
2.2743149162822646e-10 1.4348418021664946e-23
2.4219898214744814e-10 1.4248434212985753e-23
2.5792534944610903e-10 1.4148974992067543e-23
2.7467285492718210e-10 1.4050037886738879e-23
2.9250780272612428e-10 1.3951621673691034e-23
3.1150080221195407e-10 1.3853723876619081e-23
3.3172704753296204e-10 1.3756343220135320e-23
3.5326661531375227e-10 1.3659477842315753e-23
3.7620478168224936e-10 1.3563125752945752e-23
4.0063235988175392e-10 1.3467285305005014e-23
4.2664605980471268e-10 1.3371954202243936e-23
4.5434887087156590e-10 1.3277131098016097e-23
4.8385046977055785e-10 1.3182813762895476e-23
5.1526765467271608e-10 1.3089000656096482e-23
5.4872480764113573e-10 1.2995689856965353e-23
5.8435438706520399e-10 1.2902879529284090e-23
6.2229745206940212e-10 1.2810568087082357e-23
6.6270422097277306e-10 1.2718753577306118e-23
7.0573466601009382e-10 1.2627434233075531e-23
7.5155914666920338e-10 1.2536608266216499e-23
8.0035908415198196e-10 1.2446274022885591e-23
8.5232767962911082e-10 1.2356429629190139e-23
9.0767067913231138e-10 1.2267073287428504e-23
9.6660718811222798e-10 1.2178203295800868e-23
1.0293705388868540e-09 1.2089817912769634e-23
1.0962092144148129e-09 1.2001915360076273e-23
1.1673878320506524e-09 1.1914493713744042e-23
1.2431881911770151e-09 1.1827551368295704e-23
1.3239103888611656e-09 1.1741086303139586e-23
1.4098740079529605e-09 1.1655096998439327e-23
1.5014193823278361e-09 1.1569581611433283e-23
1.5989089442841349e-09 1.1484538393484709e-23
1.7027286594290020e-09 1.1399965780286706e-23
1.8132895547338179e-09 1.1315861653101221e-23
1.9310293458086083e-09 1.1232224595521469e-23
2.0564141698380973e-09 1.1149052442589950e-23
2.1899404310399481e-09 1.1066343777119579e-23
2.3321367659516921e-09 1.0984096782230122e-23
2.4835661363267379e-09 1.0902309712578670e-23
2.6448280579256187e-09 1.0820981280471779e-23
2.8165609740260580e-09 1.0740109233939549e-23
2.9994447830490125e-09 1.0659692349321458e-23
3.1942035303073354e-09 1.0579728403045616e-23
3.4016082745341762e-09 1.0500215859311682e-23
3.6224801405394507e-09 1.0421153046571699e-23
3.8576935700803988e-09 1.0342538079608136e-23
4.1081797838161324e-09 1.0264369591683272e-23
4.3749304680526755e-09 1.0186645472326085e-23
4.6590017008739943e-09 1.0109364249785517e-23
4.9615181332032807e-09 1.0032524062510908e-23
5.2836774413469216e-09 9.9561233667662565e-24
5.6267550686495779e-09 9.8801605037428377e-24
5.9921092750323060e-09 9.8046337111892824e-24
6.3811865144052438e-09 9.7295413357658567e-24
6.7955271612445641e-09 9.6548815989454348e-24
7.2367716090048384e-09 9.5806529721132675e-24
7.7066667645115054e-09 9.5068536525325186e-24
8.2070729640441632e-09 9.4334820016340491e-24
8.7399713384927125e-09 9.3605363498494660e-24
9.3074716567443369e-09 9.2880149084829886e-24
9.9118206783547054e-09 9.2159161567773757e-24
1.0555411048570885e-08 9.1442384595269097e-24
1.1240790770922944e-08 9.0729800394435314e-24
1.1970673294885413e-08 9.0021394042297495e-24
1.2747948258547446e-08 8.9317145743820266e-24
1.3575692928820996e-08 8.8617040558979565e-24
1.4457184384480782e-08 8.7921060799432091e-24
1.5395912490267705e-08 8.7229188028292144e-24
1.6395593713422436e-08 8.6541407738010935e-24
1.7460185837347660e-08 8.5857701558830983e-24
1.8593903630653011e-08 8.5178056982015624e-24
1.9801235533614996e-08 8.4502453303357234e-24
2.1086961428116683e-08 8.3830875542787713e-24
2.2456171561416697e-08 8.3163304811051739e-24
2.3914286698670193e-08 8.2499724074393487e-24
2.5467079583983753e-08 8.1840116755585738e-24
2.7120697794972494e-08 8.1184464305400208e-24
2.8881688081298457e-08 8.0532750471118940e-24
3.0757022283550978e-08 7.9884956035480726e-24
3.2754124935079550e-08 7.9241065596564324e-24
3.4880902656059670e-08 7.8601058739135241e-24
3.7145775456161201e-08 7.7964917831626084e-24
3.9557710069748884e-08 7.7332623348610805e-24
4.2126255455592336e-08 7.6704156881782589e-24
4.4861580601626598e-08 7.6079500340452954e-24
4.7774514784438959e-08 7.5458633672371615e-24
5.0876590442865751e-08 7.4841537413851603e-24
5.4180088835443446e-08 7.4228190395890877e-24
5.7698088662467830e-08 7.3618572084924966e-24
6.1444517845164671e-08 7.3012659320643076e-24
6.5434208666961143e-08 7.2410429977264176e-24
6.9682956495172009e-08 7.1811861775018998e-24
7.4207582315574768e-08 7.1216930097311845e-24
7.9025999327459144e-08 7.0625611585946795e-24
8.4157283862794931e-08 7.0037879608169448e-24
8.9621750910299929e-08 6.9453706468846847e-24
9.5441034543400982e-08 6.8873063562573344e-24
1.0163817357051693e-07 6.8295920364100060e-24
1.0823770274674529e-07 6.7722245904554760e-24
1.1526574990807613e-07 6.7152005621446147e-24
1.2275013941267907e-07 6.6585163510336786e-24
1.3072050229880555e-07 6.6021682024491077e-24
1.3920839359541224e-07 6.5461519781341339e-24
1.4824741724995934e-07 6.4904634154889152e-24
1.5787335916796134e-07 6.4350978982949158e-24
1.6812432889101860e-07 6.3800504636579754e-24
1.7904091047421956e-07 6.3253157664543728e-24
1.9066632316026501e-07 6.2708879261748906e-24
2.0304659248640886e-07 6.2167608886776792e-24
2.1623073250165712e-07 6.1629279762293033e-24
2.3027093981561419e-07 6.1093821288191048e-24
2.4522280024722956e-07 6.0561156228279757e-24
2.6114550889158846e-07 6.0031200616274627e-24
2.7810210447597592e-07 5.9503862521109746e-24
2.9615971893307229e-07 5.8979040912121252e-24
3.1538984317931670e-07 5.8456626692959742e-24
3.3586861015070489e-07 5.7936498141074876e-24
3.5767709621653303e-07 5.7418525117837025e-24
3.8090164216443991e-07 5.6902563598462719e-24
4.0563419502749822e-07 5.6388460337313301e-24
4.3197267210671051e-07 5.5876058259381170e-24
4.6002134863004108e-07 5.5365208276264366e-24
4.8989127058279769e-07 5.4855800931162961e-24
5.2170069434372004e-07 5.4347819443887867e-24
5.5557555486737409e-07 5.3841449517274841e-24
5.9164996426634491e-07 5.3337276237903695e-24
6.3006674276720440e-07 5.2836643261120833e-24
6.7097798414226118e-07 5.2342286129071725e-24
7.1454565785573825e-07 5.1859448993951875e-24
7.6094225030822337e-07 5.1397804272713951e-24
8.1035144771819189e-07 5.0974838518029716e-24
8.6296886334407056e-07 5.0621499176919924e-24
9.1900281192604549e-07 5.0391902095534945e-24
9.7867513441355966e-07 5.0379717265362476e-24
1.0422220762437452e-06 5.0745746089356282e-24
1.1098952226478152e-06 5.1764125037290468e-24
1.1819624946884601e-06 5.3900021154740898e-24
1.2587092099715000e-06 5.7938441146185462e-24
1.3404392122312405e-06 6.5200254808362131e-24
1.4274760742616628e-06 7.7897599400817686e-24
1.5201643789557810e-06 9.9727027234838022e-24
1.6188710835250235e-06 1.3685097621767451e-23
1.7239869722994644e-06 1.9950078459521850e-23
1.8359282038608021e-06 3.0466275129788064e-23
1.9551379586330440e-06 4.8051779754189001e-23
2.0820881934540094e-06 7.7363855670766300e-23
2.2172815100738414e-06 1.2608669385751073e-22
2.3612531449782456e-06 2.0689870840991192e-22
2.5145730884139982e-06 3.4068642437918923e-22
2.6778483410063154e-06 5.6181552922834812e-22
2.8517253169018395e-06 9.2674180261276840e-22
3.0368924029517138e-06 1.5282287995383070e-21
3.2340826840663264e-06 2.5182057511980018e-21
3.4440768455318896e-06 4.1460168400442940e-21
3.6677062637788688e-06 6.8198198802948227e-21
3.9058562978391737e-06 1.1205893084804156e-20
4.1594697945226888e-06 1.8393106045165029e-20
4.4295508211907799e-06 3.0155117475240742e-20
4.7171686409044805e-06 4.9388873089538871e-20
5.0234619456856983e-06 8.0803020122712052e-20
5.3496433646505355e-06 1.3204674495914203e-19
5.6970042648632410e-06 2.1552779058992618e-19
6.0669198639169462e-06 3.5132447377722432e-19
6.4608546744828096e-06 5.7187380370244628e-19
6.8803683023820532e-06 9.2946353383355267e-19
7.3271216211364817e-06 1.5082873305415511e-18
7.8028833474421776e-06 2.4434151548730930e-18
8.3095370435991950e-06 3.9508319702867624e-18
8.8490885746205532e-06 6.3745457268043908e-18
9.4236740495427214e-06 1.0261767927330268e-17
1.0035568278378684e-05 1.6478206060105697e-17
1.0687193778193882e-05 2.6388154945483038e-17
1.1381130363961700e-05 4.2128229096897089e-17
1.2120125362167879e-05 6.7034308031517791e-17
1.2907104487601318e-05 1.0627761438322843e-16
1.3745183426391516e-05 1.6782408493989510e-16
1.4637680171151998e-05 2.6386890866453623e-16
1.5588128157063453e-05 4.1290335536443116e-16
1.6600290250904695e-05 6.4278197966714419e-16
1.7678173648412770e-05 9.9502870218111832e-16
1.8826045738953582e-05 1.5308776094485393e-15
2.0048451000309772e-05 2.3397369871015386e-15
2.1350228990475447e-05 3.5503337335190674e-15
2.2736533507685618e-05 5.3456531610265571e-15
2.4212852994538353e-05 7.9817432700919634e-15
2.5785032266987779e-05 1.1811343575475995e-14
2.7459295654236891e-05 1.7311643709251096e-14
2.9242271641138967e-05 2.5113946467690153e-14
3.1141019110671269e-05 3.6038997570246515e-14
3.3163055290372704e-05 5.1124180229656569e-14
3.5316385513390307e-05 7.1650339233573117e-14
3.7609534911956016e-05 9.9150609470107315e-14
4.0051582168773787e-05 1.3540326517943796e-13
4.2652195459935913e-05 1.8239688276167641e-13
4.5421670731672729e-05 2.4229179527537360e-13
4.8370972462471300e-05 3.1730595007698118e-13
5.1511777071943530e-05 4.0966178106028934e-13
5.4856519148303486e-05 5.2151845347705118e-13
5.8418440677465766e-05 6.5488882441537847e-13
6.2211643468671404e-05 8.1171318833113335e-13
6.6251144984189666e-05 9.9392105713995897e-13
7.0552937794135965e-05 1.2036635935867039e-12
7.5134052891781615e-05 1.4435358662890312e-12
8.0012627120032654e-05 1.7169479659670305e-12
8.5207974976012914e-05 2.0284334910041944e-12
9.0740665078038624e-05 2.3839498745628800e-12
9.6632601597710537e-05 2.7911429697536387e-12
1.0290711097952782e-04 3.2595134482925491e-12
1.0958903429133916e-04 3.8005317932739989e-12
1.1670482557126261e-04 4.4277365919329937e-12
1.2428265656042162e-04 5.1567486911406019e-12
1.3235252823615243e-04 6.0053777455707616e-12
1.4094638958723292e-04 6.9937680458837478e-12
1.5009826410138571e-04 8.1445743035322724e-12
1.5984438446580823e-04 9.4833937694602513e-12
1.7022333601403279e-04 1.1039135704748516e-11
1.8127620948701109e-04 1.2844696191377546e-11
1.9304676371323070e-04 1.4937661747049348e-11
2.0558159885190040e-04 1.7361029692774095e-11
2.1893034088510478e-04 2.0164247109300406e-11
2.3314583808931648e-04 2.3403899757612480e-11
2.4828437026413102e-04 2.7144863743459335e-11
2.6440587154654912e-04 3.1461202294552201e-11
2.8157416769294610e-04 3.6437155470463876e-11
2.9985722876815004e-04 4.2168563532686904e-11
3.1932743824200882e-04 4.8763691290299527e-11
3.4006187955884737e-04 5.6345089394084690e-11
3.6214264131431711e-04 6.5050713420866486e-11
3.8565714224788835e-04 7.5035466256610490e-11
4.1069847733760193e-04 8.6473209020705349e-11
4.3736578636733122e-04 9.9557381892950360e-11
4.6576464642567988e-04 1.1450362133910479e-10
4.9600748989048823e-04 1.3155002062972232e-10
5.2821404955371307e-04 1.5095854536684255e-10
5.6251183264900966e-04 1.7301624803922477e-10
5.9903662565864789e-04 1.9803362173630410e-10
6.3793303189838653e-04 2.2634634881688853e-10
6.7935504400855351e-04 2.5831098794164731e-10
7.2346665361792658e-04 2.9430351361891950e-10
7.7044250059403864e-04 3.3471463155680698e-10
8.2046856445034495e-04 3.7994057501077626e-10
8.7374290064757946e-04 4.3037814082788155e-10
9.3047642470431627e-04 4.8640721460768207e-10
9.9089374722112380e-04 5.4837996116861787e-10
1.0552340631240990e-03 6.1660018128167851e-10
1.1237520986484804e-03 6.9129893898435819e-10
1.1967191198113765e-03 7.7261609495598969e-10
1.2744240063662937e-03 8.6056338518186399e-10
1.3571743954911579e-03 9.5500711843589637e-10
1.4452978997379197e-03 1.0556364797276517e-09
1.5391434040655197e-03 1.1619450402190982e-09
1.6390824470913479e-03 1.2732332290201387e-09
1.7455106920294455e-03 1.3886055044929269e-09
1.8588494931391856e-03 1.5070321217165020e-09
1.9795475638859890e-03 1.6274128163264556e-09
2.1080827534182404e-03 1.7487135931084611e-09
2.2449639383938435e-03 1.8701599906226414e-09
2.3907330376460108e-03 1.9914642843053792e-09
2.5459671576646306e-03 2.1131600211273457e-09
2.7112808773869807e-03 2.2369118479817476e-09
2.8873286813437512e-03 2.3658837648102421e-09
3.0748075507930068e-03 2.5050116377852335e-09
3.2744597231007685e-03 2.6611420242633684e-09
3.4870756302923375e-03 2.8429470771466688e-09
3.7134970284087064e-03 3.0604429345717018e-09
3.9546203300569365e-03 3.3241208438355661e-09
4.2114001533485367e-03 3.6435560651260126e-09
4.4848531012757738e-03 4.0256180055871672e-09
4.7760617864892529e-03 4.4724608625068691e-09
5.0861791174105376e-03 4.9795531474048751e-09
5.4164328626491610e-03 5.5342814494360503e-09
5.7681305117941147e-03 6.1155369955889597e-09
6.1426644518247251e-03 6.6945096014145489e-09
6.5415174796339013e-03 7.2373658514126629e-09
6.9662686724886449e-03 7.7085394991479066e-09
7.4185996396684169e-03 8.0754654353767056e-09
7.9003011800329141e-03 8.3124380871055770e-09
8.4132803718760373e-03 8.4038475248728625e-09
8.9595681231358186e-03 8.3457209312325361e-09
9.5413272118508516e-03 8.1451720936641602e-09
1.0160860848697044e-02 7.8188227256180848e-09
1.0820621795503636e-02 7.3895887544586664e-09
1.1523222075848286e-02 6.8838991644138587e-09
1.2271443316177464e-02 6.3285937593658471e-09
1.3068247758391804e-02 5.7487563017508551e-09
1.3916789987496864e-02 5.1661721478728538e-09
1.4820429420747919e-02 4.5984024573950304e-09
1.5782743607735995e-02 4.0586408791623243e-09
1.6807542394069095e-02 3.5558797497565854e-09
1.7898883004724631e-02 3.0954676986325364e-09
1.9061086106786775e-02 2.6797889151406217e-09
2.0298752915164361e-02 2.3089363304014102e-09
2.1616783409009521e-02 1.9813728401820711e-09
2.3020395730958598e-02 1.6944635812365748e-09
2.4515146845995005e-02 1.4449226428011613e-09
2.6106954541726846e-02 1.2291527167789034e-09
2.7802120857176659e-02 1.0434945428383105e-09
2.9607357032841272e-02 8.8439374562111981e-10
3.1529810080796659e-02 7.4850928337415847e-10
3.3577091080044474e-02 6.3277561806656012e-10
3.5757305309119268e-02 5.3442934907805549e-10
3.8079084335255829e-02 4.5101505603034481e-10
4.0551620187154441e-02 3.8037386352109387e-10
4.3184701746641511e-02 3.2062517763437542e-10
4.5988753503296974e-02 2.7014137169266378e-10
4.8974876825483890e-02 2.2752174601072341e-10
5.2154893911168211e-02 1.9156638546758175e-10
5.5541394592538880e-02 1.6125047990859456e-10
5.9147786179727171e-02 1.3570164359733949e-10
6.2988346540954310e-02 1.1417873075802911e-10
6.7078280629262479e-02 9.6053312420222685e-11
7.1433780679613978e-02 8.0793304011742262e-11
7.6072090314687854e-02 6.7948725915739993e-11
8.1011572813162486e-02 5.7139432316398605e-11
8.6271783810772690e-02 4.8044499836405352e-11
9.1873548721959353e-02 4.0393208861961437e-11
9.7839045188634635e-02 3.3957279192285382e-11
1.0419189088247012e-01 2.8544325954535839e-11
1.1095723700833528e-01 2.3992276770177530e-11
1.1816186787905920e-01 2.0164603130248414e-11
1.2583430695574632e-01 1.6946396131956925e-11
1.3400492977344988e-01 1.4240874932282959e-11
1.4270608419929945e-01 1.1966603241831190e-11
1.5197221849917542e-01 1.0055072559925600e-11
1.6184001771996404e-01 8.4485429229650294e-12
1.7234854892731849e-01 7.0984796926883556e-12
1.8353941587395237e-01 5.9640062382022699e-12
1.9545692371078485e-01 5.0106136935872164e-12
2.0814825439305351e-01 4.2094542453790549e-12
2.2166365347581041e-01 3.5361412781419719e-12
2.3605662903836447e-01 2.9702548533240299e-12
2.5138416352519627e-01 2.4947189110572163e-12
2.6770693934205381e-01 2.0950701088892091e-12
2.8508957910034327e-01 1.7592782049647273e-12
3.0360090146099289e-01 1.4771369228901678e-12
3.2331419359065522e-01 1.2400994313535325e-12
3.4430750130894106e-01 1.0409732922983558e-12
3.6666393807535225e-01 8.7368944409548691e-13
3.9047201403925214e-01 7.3317703417782427e-13
4.1582598645558033e-01 6.1515715088661013e-13
4.4282623285359091e-01 5.1603566102675125e-13
4.7157964843606548e-01 4.3280619400681158e-13
5.0220006928227290e-01 3.6292281668542655e-13
5.3480872303019789e-01 3.0425848999576162e-13
5.6953470882224566e-01 2.5502188088242094e-13
6.0651550841463109e-01 2.1370081728930989e-13
6.4589753047389176e-01 1.7903480408644241e-13
6.8783669021547400e-01 1.4995338524466875e-13
7.3249902667912770e-01 1.2556488740384353e-13
7.8006136008503202e-01 1.0511484609394710e-13
8.3071199187307243e-01 8.7971657562445697e-14
8.8465145019682745e-01 7.3603665623403060e-14
9.4209328382360402e-01 6.1564507136361065e-14
1.0032649075837401e+00 5.1479225818251988e-14
1.0684085027162398e+00 4.3032791351003379e-14
1.1377819756753416e+00 3.5960768214521862e-14
1.2116599791938425e+00 3.0041033185158454e-14
1.2903349996457851e+00 2.5087210160302182e-14
1.3741185150132886e+00 2.0942831703056945e-14
1.4633422280420807e+00 1.7476626665082874e-14
1.5583593794676820e+00 1.4578491425672692e-14
1.6595461465115762e+00 1.2156061219428446e-14
1.7673031321839037e+00 1.0131904154596263e-14
1.8820569512890464e+00 8.4410968409428304e-15
2.0042619194129445e+00 7.0292356741504337e-15
2.1344018515791912e+00 5.8507248294667920e-15
2.2729919776947565e+00 4.8673668522165018e-15
2.4205809823685076e+00 4.0471705607187396e-15
2.5777531771785824e+00 3.3633405950080900e-15
2.7451308139884496e+00 2.7934498746171852e-15
2.9233765484704075e+00 2.3187270218566041e-15
3.1131960635893794e+00 1.9234661279891793e-15
3.3153408634339390e+00 1.5945280016441491e-15
3.5306112484551009e+00 1.3209252813472423e-15
3.7598594838923027e+00 1.0934728576712054e-15
4.0039931739300538e+00 9.0449189403471754e-16
4.2639788549442734e+00 7.4756885595658954e-16
4.5408458220636678e+00 6.1734649939726097e-16
4.8356902041960792e+00 5.0935215534413632e-16
5.1496793036524382e+00 4.1985352585892557e-16
5.4840562175498198e+00 3.4573617722711524e-16
5.8401447592893447e+00 2.8440343365096834e-16
6.2193546995938007e+00 2.3369059497175449e-16
6.6231873478537375e+00 1.9179411093219753e-16
7.0532414958797647e+00 1.5721225921089369e-16
7.5112197475919000e+00 1.2869462589601837e-16
7.9989352597061174e+00 1.0520128211418863e-16
8.5183189201038569e+00 8.5867405580167902e-17
9.0714269923051312e+00 6.9974316722578692e-17
9.6604492563091480e+00 5.6925219227577211e-17
1.0287717678033166e+01 4.6224665004519354e-17
1.0955715641671103e+01 3.7461801179146244e-17
1.1667087781524650e+01 3.0296061883105676e-17
1.2424650452230981e+01 2.4445357808944227e-17
1.3231402878838223e+01 1.9676260499030276e-17
1.4090539030874121e+01 1.5795700749496179e-17
1.5005460267416355e+01 1.2644173225796968e-17
1.5979788803228240e+01 1.0089993668651163e-17
1.7017382049270893e+01 8.0245684847525132e-18
1.8122347884369027e+01 6.3584407124281233e-18
1.9299060918489690e+01 5.0179790288496410e-18
2.0552179812022576e+01 3.9426622595195653e-18
2.1886665719627352e+01 3.0827925849042080e-18
2.3307801931671079e+01 2.3976182523423586e-18
2.4821214791014555e+01 1.8537647304714197e-18
2.6432895967960253e+01 1.4239435048787934e-18
2.8149226181546233e+01 1.0858770105903338e-18
2.9977000461103597e+01 8.2140612798477157e-19
3.1923455048086041e+01 6.1575955327164102e-19
3.3996296044679724e+01 4.5694355469964251e-19
3.6203729922610577e+01 3.3524160952072808e-19
3.8554496012939886e+01 2.4280129760022908e-19
4.1057901105472631e+01 1.7329386843020384e-19
4.3723856294762683e+01 1.2163545162122455e-19
4.6562916218584704e+01 8.3756355010367812e-20
4.9586320844226130e+01 5.6413271562676860e-20
5.2806039968027818e+01 3.7034811684178665e-20
5.6234820604353558e+01 2.3595302564376617e-20
5.9886237451596848e+01 1.4511756858492466e-20
6.3774746635030496e+01 8.5595077461475919e-21
6.7915742939262742e+01 4.8033148592024688e-21
7.2325620756891453e+01 2.5408764905549004e-21
7.7021838994646401e+01 1.2566123971000475e-21
8.2022990193996023e+01 5.8073722448729987e-22
8.7348874139866425e+01 2.5808040809691876e-22
9.3020576248885860e+01 1.2374686745409341e-22
9.9060551047510288e+01 7.7132198016484451e-23
1.0549271107051268e+02 6.2748639319290064e-23
1.1234252153179862e+02 5.5003898277206908e-23
1.1963710114234058e+02 4.5589409276691915e-23
1.2740532947439064e+02 3.4489365959571365e-23
1.3567796129701790e+02 2.4163074176003689e-23
1.4448774833564144e+02 1.6427989047792203e-23
1.5386956893759361e+02 1.1550132045779155e-23
1.6386056615708677e+02 8.6846288478396475e-24
1.7450029480625062e+02 6.7522106730384509e-24
1.8583087805443716e+02 5.1180448730316277e-24
1.9789717419575453e+02 3.6935428689323239e-24
2.1074695424509775e+02 2.6452375001992064e-24
2.2443109106576512e+02 2.0517653096463979e-24
2.3900376077744346e+02 1.7868087660493475e-24
2.5452265724191798e+02 1.6403870235281991e-24
2.7104922047570057e+02 1.4822931724332062e-24
2.8864887989384374e+02 1.3048778222000584e-24
3.0739131334797821e+02 1.1469321566441087e-24
3.2735072298408107e+02 1.0241375323393610e-24
3.4860612901215342e+02 9.2891315581752191e-25
3.7124168255081850e+02 8.5521594579493907e-25
3.9534699878543745e+02 8.0123346958439316e-25
4.2101751175868344e+02 7.6239909239922945e-25
4.4835485219826302e+02 7.3352525484989163e-25
4.7746724987759819e+02 7.1169442210809818e-25
5.0846996210239746e+02 6.9479861466204340e-25
5.4148573001958209e+02 6.8083645857904572e-25
5.7664526455505825e+02 6.6827886856577490e-25
6.1408776390423179e+02 6.5621177453948759e-25
6.5396146462396484e+02 6.4436543283466815e-25
6.9642422850785954e+02 6.3287242745964116e-25
7.4164416756826449e+02 6.2191678901249268e-25
7.8980030959939666e+02 6.1152840357873960e-25
8.4108330695648147e+02 6.0158439612499228e-25
8.9569619135711628e+02 5.9193760096310112e-25
9.5385517769305545e+02 5.8250349835884145e-25
1.0157905200348255e+03 5.7324784355641503e-25
1.0817474232180116e+03 5.6415771391644314e-25
1.1519870136203765e+03 5.5522135788735895e-25
1.2267873729730427e+03 5.4642775146704224e-25
1.3064446392987454e+03 5.3776571917280251e-25
1.3912741793356672e+03 5.2922045217045771e-25
1.4816118370887275e+03 5.2078894689098065e-25
1.5778152634512419e+03 5.1246153053102861e-25
1.6802653321611162e+03 5.0423339685123610e-25
1.7893676476972123e+03 4.9610597751417243e-25
1.9055541510859666e+03 4.8807123759342801e-25
2.0292848299755167e+03 4.8013761971680009e-25
2.1610495397477785e+03 4.7229625931116422e-25
2.3013699428780678e+03 4.6455660565581471e-25
2.4508015742205998e+03 4.5691465786359356e-25
2.6099360403962896e+03 4.4936707031963177e-25
2.7794033619901397e+03 4.4191871465896409e-25
2.9598744678314511e+03 4.3455533374403639e-25
3.1520638512315086e+03 4.2728601453682467e-25
3.3567323986951824e+03 4.2009041577366787e-25
3.5746904023050320e+03 4.1297977270486826e-25
3.8068007677045975e+03 4.0593616334325925e-25
4.0539824303810010e+03 3.9894815516841952e-25
4.3172139937724469e+03 3.9201980299484188e-25
4.5975376036035204e+03 3.8513674545986563e-25
4.8960630737876081e+03 3.7831825093302224e-25
5.2139722802305532e+03 3.7155587302031680e-25
5.5525238399312602e+03 3.6487604295634450e-25
5.9130580939033516e+03 3.5828899918466019e-25
6.2970024136463308e+03 3.5180557977520004e-25
6.7058768521741340e+03 3.4544204542444390e-25
7.1413001619743218e+03 3.3919887923727048e-25
7.6049962037224404e+03 3.3308317684149276e-25
8.0988007711250011e+03 3.2708464392644536e-25
8.6246688589100886e+03 3.2120530048020159e-25
9.1846824027406310e+03 3.1543845647290884e-25
9.7810585216919153e+03 3.0978340613393674e-25
1.0416158295927053e+04 3.0423684188925584e-25
1.1092496114320511e+04 2.9879432526452270e-25
1.1812749629038311e+04 2.9345344693542363e-25
1.2579770356484149e+04 2.8820411405303846e-25
1.3396594966582787e+04 2.8304221312220013e-25
1.4266457305094122e+04 2.7796244130006365e-25
1.5192801196556005e+04 2.7296004541939499e-25
1.6179294078541441e+04 2.6802808878561867e-25
1.7229841521210943e+04 2.6315646122207042e-25
1.8348602689642787e+04 2.5834396103814417e-25
1.9540006810155766e+04 2.5358777505173448e-25
2.0808770705818089e+04 2.4889115211108664e-25
2.2159917470563960e+04 2.4425988747743613e-25
2.3598796355851518e+04 2.3970621768832577e-25
2.5131103948591466e+04 2.3522303349720086e-25
2.6762906724194258e+04 2.3080203535879504e-25
2.8500665064021614e+04 2.2645846717410178e-25
3.0351258832330888e+04 2.2216472508392111e-25
3.2322014613969059e+04 2.1792993099508252e-25
3.4420734720656008e+04 2.1375035850521300e-25
3.6655728080690809e+04 2.0962720436783359e-25
3.9035843134377697e+04 2.0557506440331213e-25
4.1570502865401686e+04 2.0158940811076396e-25
4.4269742106850463e+04 1.9768710069096420e-25
4.7144247269574022e+04 1.9382358851939897e-25
5.0205398650172523e+04 1.9000430643136070e-25
5.3465315486105552e+04 1.8623979565326732e-25
5.6936903936305564e+04 1.8253522552291013e-25
6.0633908177246907e+04 1.7890160982188817e-25
6.4570964816767191e+04 1.7531697055769886e-25
6.8763660841060089e+04 1.7180664380383469e-25
7.3228595324264112e+04 1.6833473637449403e-25
7.7983445144950543e+04 1.6490504527085878e-25
8.3047034969691624e+04 1.6153715133484291e-25
8.8439411780767623e+04 1.5821480681620913e-25
9.4181924243082438e+04 1.5495777109671463e-25
1.0029730722450088e+05 1.5174782072902235e-25
1.0680977180421942e+05 1.4861385113659254e-25
1.1374510112553221e+05 1.4553737249001201e-25
1.2113075247246564e+05 1.4251531860051155e-25
1.2899596597441781e+05 1.3955171413685074e-25
1.3737188036915398e+05 1.3662535437085327e-25
1.4629165628248881e+05 1.3373418298503761e-25
1.5579060751270893e+05 1.3088192428193027e-25
1.6590634083951061e+05 1.2807236487599421e-25
1.7667890491094251e+05 1.2531476253965332e-25
1.8815094879782858e+05 1.2261779752251564e-25
2.0036789084337541e+05 1.1995663581128999e-25
2.1337809847646361e+05 1.1732837635849712e-25
2.2723307970048796e+05 1.1472407558336018e-25
2.4198768701589043e+05 1.1216779289592027e-25
2.5770033458369886e+05 1.0965951568876342e-25
2.7443322948985425e+05 1.0719974130135662e-25
2.9225261802587920e+05 1.0478740613239991e-25
3.1122904796096537e+05 1.0240488761634829e-25
3.3143764784379362e+05 1.0005964435122073e-25
3.5295842443988402e+05 9.7758125890163982e-26
3.7587657948200154e+05 9.5503994267515319e-26
4.0028284698769910e+05 9.3274229310430304e-26
4.2627385247941111e+05 9.1081674292901072e-26
4.5395249552930333e+05 8.8932688265127869e-26
4.8342835714333522e+05 8.6826635493154263e-26
5.1481813359745732e+05 8.4738916666316939e-26
5.4824609844346449e+05 8.2680994426252970e-26
5.8384459451365354e+05 8.0651441743515404e-26
6.2175455787208630e+05 7.8644050626180429e-26
6.6212607578688476e+05 7.6685106056059747e-26
7.0511898093256506e+05 7.4773348020194934e-26
7.5090348417482956e+05 7.2915801853095375e-26
7.9966084844314179e+05 7.1078666765249734e-26
8.5158410635889147e+05 6.9272672479430939e-26
9.0687882446034381e+05 6.7492821905882134e-26
9.6576391704986896e+05 6.5721504176636694e-26
1.0284725128856412e+06 6.3979607247804639e-26
1.0952528781489749e+06 6.2280806378694802e-26
1.1663693993414554e+06 6.0611224789949756e-26
1.2421036300030665e+06 5.8965668132277009e-26
1.3227554053954845e+06 5.7348838218135403e-26
1.4086440295634903e+06 5.5774729279087955e-26
1.5001095394742414e+06 5.4237146079328402e-26
1.5975140512390137e+06 5.2720255422288186e-26
1.7012431937473910e+06 5.1226740483322882e-26
1.8117076353895408e+06 4.9734652209513425e-26
1.9293447099110968e+06 4.8263965673743599e-26
2.0546201478372507e+06 4.6834362075537919e-26
2.1880299203211279e+06 4.5433620199992370e-26
2.3301022027160921e+06 4.4048249172700194e-26
2.4813994656460560e+06 4.2662893265272545e-26
2.6425207018521344e+06 4.1301431575459126e-26
2.8141037976322081e+06 3.9949656271744220e-26
2.9968280582617284e+06 3.8625035739113894e-26
3.1914168973942767e+06 3.7390050019429743e-26
3.3986407010889612e+06 3.6143152679510320e-26
3.6193198778039049e+06 3.4957909830971875e-26
3.8543281064307177e+06 3.3771014813123693e-26
4.1045957952287667e+06 3.2609823472374555e-26
4.3711137653538818e+06 3.1466424564961819e-26
4.6549371735642813e+06 3.0274640900986125e-26
4.9571896896342952e+06 2.9163791932303320e-26
5.2790679450138463e+06 2.7996415265592846e-26
5.6218462703469098e+06 2.6917292342370494e-26
5.9868817406043652e+06 2.5852544716523502e-26
6.3756195478056855e+06 2.4824096774427886e-26
6.7895987225995511e+06 2.3851870802087642e-26
7.2304582273563277e+06 2.2874581198565215e-26
7.6999434448944852e+06 2.1956103186959576e-26
8.1999130885307565e+06 2.1036566681323047e-26
8.7323465608102791e+06 2.0182696710830301e-26
9.2993517900514845e+06 1.9363090654054762e-26
9.9031735757299978e+06 1.8581791853296694e-26
1.0546202475742094e+07 1.7841069819459191e-26
1.1230984270731628e+07 1.7114525098200993e-26
1.1960230042951608e+07 1.6418254270245607e-26
1.2736826909561900e+07 1.5743799451009278e-26
1.3563849452857710e+07 1.5086880890040870e-26
1.4444571892680023e+07 1.4455933486498056e-26
1.5382481049201194e+07 1.3857258200593107e-26
1.6381290147404276e+07 1.3282479564302981e-26
1.7444953517910019e+07 1.2724792125091794e-26
1.8577682252350781e+07 1.2173694321771233e-26
1.9783960875274062e+07 1.1636679329535812e-26
2.1068565098579526e+07 1.1118626087334104e-26
2.2436580728778575e+07 1.0628221169825363e-26
2.3893423801934104e+07 1.0166198340311248e-26
2.5444862025993098e+07 9.7276053524940287e-27
2.7097037615405388e+07 9.3056573784516043e-27
2.8856491608428646e+07 8.8870637021068493e-27
3.0730189763396952e+07 8.4773504014949918e-27
3.2725550136474214e+07 8.0578271661674538e-27
3.4850472450076759e+07 7.6559088233358835e-27
3.7113369368231893e+07 7.2664378682839804e-27
3.9523199802698210e+07 6.8858880953102879e-27
4.2089504381703891e+07 6.5200998835914834e-27
4.4822443221728854e+07 6.1491217517118724e-27
4.7732836151865743e+07 5.7962287599948657e-27
5.0832205550016418e+07 5.4500821755659695e-27
5.4132821960509047e+07 5.1164270422092575e-27
5.7647752673742659e+07 4.8449860824027534e-27
6.1390913460181132e+07 4.5956874877675150e-27
6.5377123663522750e+07 4.3962393055663458e-27
6.9622164871154562e+07 4.2009098660745288e-27
7.4142843394176349e+07 4.0157570637592572e-27
7.8957056804346934e+07 3.8413925511177457e-27
8.4083864791386515e+07 3.6751180721230854e-27
8.9543564621153295e+07 3.5320528542938067e-27
9.5357771493444547e+07 3.4065814416307616e-27
1.0154950411755081e+08 3.2861781852044317e-27
1.0814327584437518e+08 3.1014581418290296e-27
1.1516519171590205e+08 2.6510075370296258e-27
1.2264305181624871e+08 2.1997837953306547e-27
1.3060646133345652e+08 1.5302335179036434e-27
1.3908694776777846e+08 9.9831757966153673e-28
