# #Parameters: delta_c =0.4, gamma = 0.2, gstar = 107.5#Columns: mPBH [Msun, fPBH]
1.2017858914277953e+21 0.0000000000000000e+00
1.0597021808245655e+21 0.0000000000000000e+00
9.3441662117549415e+20 0.0000000000000000e+00
8.2394321511127961e+20 0.0000000000000000e+00
7.2653076405456011e+20 0.0000000000000000e+00
6.4063510862992376e+20 0.0000000000000000e+00
5.6489465101088719e+20 0.0000000000000000e+00
4.9810877118982593e+20 0.0000000000000000e+00
4.3921879503060940e+20 0.0000000000000000e+00
3.8729121241396989e+20 0.0000000000000000e+00
3.4150287945357525e+20 0.0000000000000000e+00
3.0112797021179314e+20 0.0000000000000000e+00
2.6552647107680256e+20 0.0000000000000000e+00
2.3413403541661123e+20 0.0000000000000000e+00
2.0645303768832419e+20 0.0000000000000000e+00
1.8204468519450729e+20 0.0000000000000000e+00
1.6052206244404163e+20 0.0000000000000000e+00
1.4154399785831414e+20 0.0000000000000000e+00
1.2480965559920196e+20 0.0000000000000000e+00
1.1005376678977567e+20 0.0000000000000000e+00
9.7042424534146138e+19 0.0000000000000000e+00
8.5569376080095625e+19 0.0000000000000000e+00
7.5452753348721541e+19 0.0000000000000000e+00
6.6532190004214391e+19 0.0000000000000000e+00
5.8666279364235928e+19 0.0000000000000000e+00
5.1730332854285435e+19 0.0000000000000000e+00
4.5614403473599545e+19 0.0000000000000000e+00
4.0221542941028295e+19 0.0000000000000000e+00
3.5466264893572714e+19 0.0000000000000000e+00
3.1273189776565776e+19 0.0000000000000000e+00
2.7575849944614162e+19 0.0000000000000000e+00
2.4315636032039653e+19 0.0000000000000000e+00
2.1440867890931577e+19 0.0000000000000000e+00
1.8905975369537516e+19 0.0000000000000000e+00
1.6670775944883139e+19 0.0000000000000000e+00
1.4699837758822416e+19 0.0000000000000000e+00
1.2961917960514945e+19 0.0000000000000000e+00
1.1429467452066566e+19 0.0000000000000000e+00
1.0078194186677236e+19 0.0000000000000000e+00
8.8866780968005591e+18 0.0000000000000000e+00
7.8360315482462505e+18 0.0000000000000000e+00
6.9095999378234952e+18 0.0000000000000000e+00
6.0926976884690442e+18 0.0000000000000000e+00
5.3723754569166899e+18 0.0000000000000000e+00
4.7372148637385185e+18 0.0000000000000000e+00
4.1771474918665784e+18 0.0000000000000000e+00
3.6832952844020193e+18 0.0000000000000000e+00
3.2478298117349519e+18 0.0000000000000000e+00
2.8638481771104635e+18 0.0000000000000000e+00
2.5252635935248456e+18 0.0000000000000000e+00
2.2267088974025761e+18 0.0000000000000000e+00
1.9634514695754714e+18 0.0000000000000000e+00
1.7313182149112737e+18 0.0000000000000000e+00
1.5266294113862991e+18 0.0000000000000000e+00
1.3461403799931208e+18 0.0000000000000000e+00
1.1869900508483589e+18 0.0000000000000000e+00
1.0466556101824908e+18 0.0000000000000000e+00
9.2291250928642662e+17 0.0000000000000000e+00
8.1379920148601446e+17 0.0000000000000000e+00
7.1758604816324915e+17 0.0000000000000000e+00
6.3274790092970906e+17 0.0000000000000000e+00
5.5793992533125408e+17 0.0000000000000000e+00
4.9197628284700832e+17 0.0000000000000000e+00
4.3381133325466483e+17 0.0000000000000000e+00
3.8252305938640698e+17 0.0000000000000000e+00
3.3729845152855565e+17 0.0000000000000000e+00
2.9742061978186771e+17 0.0000000000000000e+00
2.6225743009063715e+17 0.0000000000000000e+00
2.3125148380158995e+17 0.0000000000000000e+00
2.0391128191088842e+17 0.0000000000000000e+00
1.7980343393695418e+17 0.0000000000000000e+00
1.5854578791598643e+17 0.0000000000000000e+00
1.3980137261847213e+17 0.0000000000000000e+00
1.2327305596012102e+17 0.0000000000000000e+00
1.0869883493360830e+17 0.0000000000000000e+00
9.5847682398220944e+16 0.0000000000000000e+00
8.4515884891695344e+16 0.0000000000000000e+00
7.4523813412090192e+16 0.0000000000000000e+00
6.5713075980888840e+16 0.0000000000000000e+00
5.7944006850426640e+16 0.0000000000000000e+00
5.1093452555146648e+16 0.0000000000000000e+00
4.5052819711686856e+16 0.0000000000000000e+00
3.9726353621982888e+16 0.0000000000000000e+00
3.5029620392204808e+16 0.0000000000000000e+00
3.0888168506433476e+16 0.0000000000000000e+00
2.7236348638654984e+16 0.0000000000000000e+00
2.4016272995009576e+16 0.0000000000000000e+00
2.1176897690031532e+16 0.0000000000000000e+00
1.8673213610923348e+16 0.0000000000000000e+00
1.6465532943633592e+16 0.0000000000000000e+00
1.4518860050917458e+16 0.0000000000000000e+00
1.2802336729685494e+16 0.0000000000000000e+00
1.1288753053990446e+16 0.0000000000000000e+00
9.9541160496494100e+15 0.0000000000000000e+00
8.7772693632325330e+15 0.0000000000000000e+00
7.7395578964998990e+15 0.0000000000000000e+00
6.8245320901503450e+15 0.0000000000000000e+00
6.0176871692573480e+15 0.0000000000000000e+00
5.3062332169716200e+15 0.0000000000000000e+00
4.6788924317526090e+15 0.0000000000000000e+00
4.1257203542979765e+15 0.0000000000000000e+00
3.6379482303021700e+15 0.0000000000000000e+00
3.2078440102154415e+15 0.0000000000000000e+00
2.8285897826040165e+15 0.0000000000000000e+00
2.4941736982137385e+15 0.0000000000000000e+00
2.1992946715427272e+15 0.0000000000000000e+00
1.9392783492746620e+15 0.0000000000000000e+00
1.7100030135240550e+15 0.0000000000000000e+00
1.5078342453289585e+15 0.0000000000000000e+00
1.3295673126922048e+15 0.0000000000000000e+00
1.1723763699198308e+15 0.0000000000000000e+00
1.0337696629765064e+15 0.0000000000000000e+00
9.1155003078374688e+14 0.0000000000000000e+00
8.0378007633672812e+14 0.0000000000000000e+00
7.0875145554039925e+14 0.0000000000000000e+00
6.2495779693871600e+14 0.0000000000000000e+00
5.5107082306687525e+14 0.0000000000000000e+00
4.8591929490781619e+14 0.0000000000000000e+00
4.2847044568544550e+14 0.0000000000000000e+00
3.7781360968741244e+14 0.0000000000000000e+00
3.3314578660537350e+14 0.0000000000000000e+00
2.9375891256203881e+14 0.0000000000000000e+00
2.5902863604831088e+14 0.0000000000000000e+00
2.2840442084928531e+14 0.0000000000000000e+00
2.0140081907302162e+14 0.0000000000000000e+00
1.7758977594417659e+14 0.0000000000000000e+00
1.5659384437988862e+14 0.0000000000000000e+00
1.3808020178695919e+14 0.0000000000000000e+00
1.2175537423600048e+14 0.0000000000000000e+00
1.0736058438139247e+14 0.0000000000000000e+00
9.4667649383365047e+13 0.0000000000000000e+00
8.3475363807026844e+13 0.0000000000000000e+00
7.3606310160901938e+13 0.0000000000000000e+00
6.4904046516378586e+13 0.0000000000000000e+00
5.7230626626870945e+13 0.0000000000000000e+00
5.0464413236203602e+13 0.0000000000000000e+00
4.4498149913295094e+13 0.0000000000000000e+00
3.9237260848315141e+13 0.0000000000000000e+00
3.4598351659081742e+13 0.0000000000000000e+00
3.0507887442833199e+13 0.0000000000000000e+00
2.6901027118159582e+13 0.0000000000000000e+00
2.3720595579355926e+13 0.0000000000000000e+00
2.0916177370028023e+13 0.0000000000000000e+00
1.8443317509077125e+13 0.0000000000000000e+00
1.6262816800743891e+13 0.0000000000000000e+00
1.4340110458131557e+13 0.0000000000000000e+00
1.2644720190293705e+13 0.0000000000000000e+00
1.1149771067499461e+13 0.0000000000000000e+00
9.8315655061371680e+12 0.0000000000000000e+00
8.6692076201654121e+12 0.0000000000000000e+00
7.6442719844179336e+12 0.0000000000000000e+00
6.7405115590762500e+12 0.0000000000000000e+00
5.9436001453969912e+12 0.0000000000000000e+00
5.2409052901623369e+12 0.0000000000000000e+00
4.6212880389881904e+12 0.0000000000000000e+00
4.0749263642262456e+12 0.0000000000000000e+00
3.5931594684805073e+12 0.0000000000000000e+00
3.1683504956739614e+12 0.0000000000000000e+00
2.7937654733934043e+12 0.0000000000000000e+00
2.4634665675347871e+12 0.0000000000000000e+00
2.1722179571467070e+12 0.0000000000000000e+00
1.9154028374221006e+12 0.0000000000000000e+00
1.6889502351889692e+12 0.0000000000000000e+00
1.4892704767964451e+12 0.0000000000000000e+00
1.3131982854482126e+12 0.0000000000000000e+00
1.1579426059755500e+12 0.0000000000000000e+00
1.0210423616840198e+12 0.0000000000000000e+00
9.0032744194170618e+11 0.0000000000000000e+00
7.9388430209338208e+11 0.0000000000000000e+00
7.0002563039848279e+11 0.0000000000000000e+00
6.1726360116030078e+11 0.0000000000000000e+00
5.4428629006125714e+11 0.0000000000000000e+00
4.7993687784566559e+11 0.0000000000000000e+00
4.2319531269163818e+11 0.0000000000000000e+00
3.7316214058834009e+11 0.0000000000000000e+00
3.2904424740152283e+11 0.0000000000000000e+00
2.9014228661389014e+11 0.0000000000000000e+00
2.5583959344778036e+11 0.0000000000000000e+00
2.2559240963944354e+11 0.0000000000000000e+00
1.9892126391030289e+11 0.0000000000000000e+00
1.7540337150046478e+11 0.0000000000000000e+00
1.5466593228365549e+11 0.0000000000000000e+00
1.3638022122687030e+11 0.0000000000000000e+00
1.2025637751808656e+11 0.0000000000000000e+00
1.0603880976051137e+11 0.0000000000000000e+00
9.3502144397579147e+10 0.0000000000000000e+00
8.2447653144080139e+10 0.0000000000000000e+00
7.2700102791894302e+10 0.0000000000000000e+00
6.4104977454188354e+10 0.0000000000000000e+00
5.6526029215741066e+10 0.0000000000000000e+00
4.9843118362879211e+10 0.0000000000000000e+00
4.3950308956854187e+10 0.0000000000000000e+00
3.8754189562134697e+10 0.0000000000000000e+00
3.4172392510192940e+10 0.0000000000000000e+00
3.0132288226500786e+10 0.0000000000000000e+00
2.6569833923512756e+10 0.0000000000000000e+00
2.3428558409386711e+10 0.0000000000000000e+00
2.0658666919867447e+10 0.0000000000000000e+00
1.8216251783337849e+10 0.0000000000000000e+00
1.6062596406684715e+10 0.0000000000000000e+00
1.4163561548926115e+10 0.0000000000000000e+00
1.2489044153953384e+10 0.0000000000000000e+00
1.1012500163931108e+10 0.0000000000000000e+00
9.7105237491047897e+09 0.0000000000000000e+00
8.5624762840655527e+09 0.0000000000000000e+00
7.5501591890905018e+09 0.0000000000000000e+00
6.6575254505161934e+09 0.0000000000000000e+00
5.8704252472337551e+09 0.0000000000000000e+00
5.1763816510363474e+09 0.0000000000000000e+00
4.5643928452733650e+09 0.0000000000000000e+00
4.0247577266277423e+09 0.0000000000000000e+00
3.5489221254967504e+09 0.0000000000000000e+00
3.1293432072974296e+09 0.0000000000000000e+00
2.7593699052181501e+09 0.0000000000000000e+00
2.4331374890641508e+09 0.0000000000000000e+00
2.1454745989270928e+09 0.0000000000000000e+00
1.8918212699981163e+09 0.0000000000000000e+00
1.6681566490729189e+09 0.0000000000000000e+00
1.4709352569278181e+09 0.0000000000000000e+00
1.2970307862128894e+09 0.0000000000000000e+00
1.1436865439595473e+09 0.0000000000000000e+00
1.0084717531287968e+09 0.0000000000000000e+00
8.8924302050251353e+08 0.0000000000000000e+00
7.8411036011580086e+08 0.0000000000000000e+00
6.9140723364181054e+08 0.0000000000000000e+00
6.0966413281622994e+08 0.0000000000000000e+00
5.3758528513620198e+08 0.0000000000000000e+00
4.7402811357788020e+08 0.0000000000000000e+00
4.1798512473285675e+08 0.0000000000000000e+00
3.6856793825845033e+08 0.0000000000000000e+00
3.2499320448043346e+08 0.0000000000000000e+00
2.8657018691733485e+08 0.0000000000000000e+00
2.5268981288739690e+08 0.0000000000000000e+00
2.2281501863097394e+08 0.0000000000000000e+00
1.9647223590151078e+08 0.0000000000000000e+00
1.7324388507253367e+08 0.0000000000000000e+00
1.5276175576314318e+08 0.0000000000000000e+00
1.3470117005323374e+08 0.0000000000000000e+00
1.1877583576509187e+08 0.0000000000000000e+00
1.0473330822680116e+08 0.0000000000000000e+00
9.2350988578385368e+07 0.0000000000000000e+00
8.1432595186776966e+07 0.0000000000000000e+00
7.1805052235310048e+07 0.0000000000000000e+00
6.3315746166380756e+07 0.0000000000000000e+00
5.5830106487050146e+07 0.0000000000000000e+00
4.9229472589085832e+07 0.0000000000000000e+00
4.3409212768771946e+07 0.0000000000000000e+00
3.8277065629630066e+07 0.0000000000000000e+00
3.3751677576355554e+07 0.0000000000000000e+00
2.9761313216664992e+07 0.0000000000000000e+00
2.6242718228646886e+07 0.0000000000000000e+00
2.3140116668055013e+07 0.0000000000000000e+00
2.0404326821094196e+07 0.0000000000000000e+00
1.7991981587403912e+07 0.0000000000000000e+00
1.5864841034933111e+07 0.0000000000000000e+00
1.3989186229487162e+07 0.0000000000000000e+00
1.2335284730074722e+07 0.0000000000000000e+00
1.0876919277211791e+07 0.0000000000000000e+00
9.5909722030603513e+06 0.0000000000000000e+00
8.4570589755683430e+06 0.0000000000000000e+00
7.4572050676384401e+06 0.0000000000000000e+00
6.5755610291313212e+06 0.0000000000000000e+00
5.7981512450915109e+06 0.0000000000000000e+00
5.1126523975700215e+06 0.0000000000000000e+00
4.5081981192724016e+06 0.0000000000000000e+00
3.9752067424475970e+06 0.0000000000000000e+00
3.5052294125332800e+06 0.0000000000000000e+00
3.0908161588907274e+06 0.0000000000000000e+00
2.7253977996138725e+06 0.0000000000000000e+00
2.4031818083952046e+06 0.0000000000000000e+00
2.1190604927544426e+06 0.0000000000000000e+00
1.8685300280927594e+06 0.0000000000000000e+00
1.6476190641193346e+06 0.0000000000000000e+00
1.4528257719360120e+06 0.0000000000000000e+00
1.2810623338651694e+06 0.0000000000000000e+00
1.1296059960866079e+06 0.0000000000000000e+00
9.9605590818121505e+05 0.0000000000000000e+00
8.7829506541202695e+05 0.0000000000000000e+00
7.7445675046061131e+05 0.0000000000000000e+00
6.8289494266102719e+05 0.0000000000000000e+00
6.0215822566547047e+05 0.0000000000000000e+00
5.3096677993202081e+05 0.0000000000000000e+00
4.6819209532479796e+05 0.0000000000000000e+00
4.1283908223540679e+05 0.0000000000000000e+00
3.6403029765536019e+05 0.0000000000000000e+00
3.2099203615486762e+05 0.0000000000000000e+00
2.8304206528544350e+05 0.0000000000000000e+00
2.4957881099080472e+05 0.0000000000000000e+00
2.2007182159572546e+05 0.0000000000000000e+00
1.9405335921023047e+05 0.0000000000000000e+00
1.7111098525803332e+05 0.0000000000000000e+00
1.5088102259675454e+05 0.0000000000000000e+00
1.3304279059297609e+05 0.0000000000000000e+00
1.1731352176789462e+05 0.0000000000000000e+00
1.0344387943342500e+05 0.0000000000000000e+00
9.1214005265379601e+04 0.0000000000000000e+00
8.0430034160767638e+04 0.0000000000000000e+00
7.0921021133555696e+04 0.0000000000000000e+00
6.2536231534757921e+04 0.0000000000000000e+00
5.5142751642058603e+04 0.0000000000000000e+00
4.8623381742593636e+04 0.0000000000000000e+00
4.2874778310532012e+04 0.0000000000000000e+00
3.7805815829691252e+04 0.0000000000000000e+00
3.3336142293182114e+04 0.0000000000000000e+00
2.9394905482201324e+04 0.0000000000000000e+00
2.5919629833241586e+04 0.0000000000000000e+00
2.2855226090080803e+04 0.0000000000000000e+00
2.0153118041785798e+04 0.0000000000000000e+00
1.7770472503985467e+04 0.0000000000000000e+00
1.5669520337257005e+04 0.0000000000000000e+00
1.3816957739567351e+04 0.0000000000000000e+00
1.2183418322197935e+04 0.0000000000000000e+00
1.0743007600623687e+04 0.0000000000000000e+00
9.4728925212047925e+03 0.0000000000000000e+00
8.3529395169643321e+03 0.0000000000000000e+00
7.3653953549966491e+03 0.0000000000000000e+00
6.4946057163744099e+03 0.0000000000000000e+00
5.7267670475487075e+03 0.0000000000000000e+00
5.0497077496488791e+03 0.0000000000000000e+00
4.4526952371458501e+03 0.0000000000000000e+00
3.9262658074182486e+03 0.0000000000000000e+00
3.4620746243533499e+03 0.0000000000000000e+00
3.0527634379580804e+03 0.0000000000000000e+00
2.6918439431022721e+03 0.0000000000000000e+00
2.3735949284242856e+03 0.0000000000000000e+00
2.0929715850275206e+03 0.0000000000000000e+00
1.8455255373504815e+03 0.0000000000000000e+00
1.6273343285585036e+03 0.0000000000000000e+00
1.4349392426760191e+03 0.0000000000000000e+00
1.2652904778304157e+03 0.0000000000000000e+00
1.1156988015065301e+03 0.0000000000000000e+00
9.8379292146221565e+02 0.0000000000000000e+00
8.6748189655870681e+02 0.0000000000000000e+00
7.6492199165105842e+02 0.0000000000000000e+00
6.7448745113013968e+02 0.0000000000000000e+00
5.9474472782521809e+02 0.0000000000000000e+00
5.2442975874972035e+02 3.6691283294191125e-299
4.6242792747061367e+02 1.1151121946577059e-241
4.0775639546957945e+02 8.1886069171465899e-196
3.5954852241684705e+02 3.9234921140135553e-159
3.1704012839151773e+02 9.9891019625999943e-130
2.7955738028031004e+02 4.3060741454927073e-106
2.4650611033275376e+02 4.8020704540128777e-87
2.1736239755307085e+02 1.1895749531663342e-71
1.9166426262717056e+02 3.5761217377869531e-59
1.6900434473468590e+02 4.9966555734898492e-49
1.4902344416058864e+02 9.3993250332297630e-41
1.3140482834537551e+02 5.5346966199709782e-34
1.1586921111466421e+02 1.9945899583936713e-28
1.0217032550012155e+02 7.5019603124451054e-24
9.0091019973119316e+01 4.5073709287916641e-20
7.9439816209524835e+01 6.0787691249522697e-17
7.0047873820121808e+01 2.4160873319047496e-14
6.1766313932274045e+01 3.5210911616516861e-12
5.4463859196884314e+01 2.2425896891057896e-10
4.8024752810578306e+01 7.1897883333591450e-09
4.2346923565950483e+01 1.3004243281949403e-07
3.7340367842673281e+01 1.4549380425889788e-06
3.2925722891172526e+01 1.0847426191768122e-05
2.9033008792895423e+01 5.7238507027708775e-05
2.5600519155019999e+01 2.2443198727689533e-04
2.2573842955158113e+01 6.8014872636623636e-04
1.9905002030563058e+01 1.6444033631687212e-03
1.7551690539522681e+01 3.2533199632204090e-03
1.5476604339057982e+01 5.3743345535847862e-03
1.3646849648379350e+01 7.5314747325222857e-03
1.2033421624372114e+01 9.0632176980876208e-03
1.0610744583611845e+01 9.4508731487370316e-03
9.3562665826165450e+00 8.5946676381512977e-03
8.2501019297166938e+00 6.8442462920967366e-03
7.2747159617250388e+00 4.7823754861849510e-03
6.4146470885595894e+00 2.9327081202938426e-03
5.6562616997363495e+00 1.5760213774902213e-03
4.9875380475667663e+00 7.3996951422441472e-04
4.3978756812269868e+00 3.0219198750763219e-04
3.8779274108923616e+00 1.0671450151661778e-04
3.4194511382719921e+00 3.2351910167807728e-05
3.0151792047956341e+00 8.3482163379287778e-06
2.6587031863909867e+00 1.8155166904224668e-06
2.3443723086451493e+00 3.2901760589300324e-07
2.0672038720511527e+00 4.9061028849540470e-08
1.8228042674215466e+00 5.9347394656503916e-09
1.6072993294238482e+00 5.7331708884799601e-10
1.4172729242184205e+00 4.3470201364061735e-11
1.2497127977043692e+00 2.5381541444378074e-12
1.1019628259725298e+00 1.1176352326911738e-13
9.7168091105091026e-01 3.6274936687394873e-15
8.5680185451579272e-01 8.4641664259563705e-17
7.5550462044966382e-01 1.3816064709358718e-18
6.6618346880605384e-01 1.5313816473290858e-20
5.8742250159413145e-01 1.1158172264765408e-22
5.1797321839513633e-01 5.1589549521835234e-25
4.5673472542594173e-01 1.4563524187678567e-27
4.0273628442846371e-01 2.4070984468047117e-30
3.5512192475398768e-01 2.2254072158711395e-33
3.1313687471677881e-01 1.0950030069970224e-36
2.7611559712997019e-01 2.7163971841256815e-40
2.4347123936584025e-01 3.2028353264601447e-44
2.1468633070530771e-01 1.6832680054868530e-48
1.8930457951320279e-01 3.6769024314169696e-53
1.6692364021005898e-01 3.0935016472247244e-58
1.4718873538415336e-01 9.2265767476430361e-64
1.2978703194300928e-01 8.9129904966088150e-70
1.1444268215643115e-01 2.5273635102490156e-76
1.0091245098284549e-01 1.8898354200461450e-83
8.8981860364349505e-02 3.3157284137386989e-91
7.8461789370734544e-02 1.2019262829278500e-99
6.9185476298762663e-02 7.8363157141093243e-109
6.1005875204676582e-02 7.9007440967916718e-119
5.3793324966314247e-02 1.0448067445395612e-129
4.7433493925346723e-02 1.5145059549302688e-141
4.1825567528588924e-02 1.9788164841498417e-154
3.6880650239297451e-02 1.8828108482111466e-168
3.2520356385927547e-02 1.0338878307898004e-183
2.8675567610813493e-02 2.5425374666204172e-200
2.5285337222139489e-02 2.1235907141437139e-218
2.2295924081245252e-02 4.4551689043946302e-238
1.9659940710673802e-02 1.6893294932213174e-259
1.7335602118968962e-02 8.0847237375771950e-283
1.5286063434771220e-02 3.3000404314057682e-308
1.3478835850539645e-02 0.0000000000000000e+00
1.1885271617578618e-02 0.0000000000000000e+00
1.0480109928630396e-02 0.0000000000000000e+00
9.2410764894705552e-03 0.0000000000000000e+00
8.1485304320090893e-03 0.0000000000000000e+00
7.1851529718462946e-03 0.0000000000000000e+00
6.3356728749557707e-03 0.0000000000000000e+00
5.5866243816568000e-03 0.0000000000000000e+00
4.9261337505434426e-03 0.0000000000000000e+00
4.3437310387147441e-03 0.0000000000000000e+00
3.8301841346902879e-03 0.0000000000000000e+00
3.3773524131397326e-03 0.0000000000000000e+00
2.9780576915953197e-03 0.0000000000000000e+00
2.6259704435834088e-03 0.0000000000000000e+00
2.3155094644522044e-03 0.0000000000000000e+00
2.0417533994218527e-03 0.0000000000000000e+00
1.8003627314202844e-03 0.0000000000000000e+00
1.5875109920742249e-03 0.0000000000000000e+00
1.3998241054281003e-03 0.0000000000000000e+00
1.2343269028816672e-03 0.0000000000000000e+00
1.0883959615136829e-03 0.0000000000000000e+00
9.5971801819575255e-04 0.0000000000000000e+00
8.4625330028661962e-04 0.0000000000000000e+00
7.4620319163365358e-04 0.0000000000000000e+00
6.5798172133055299e-04 0.0000000000000000e+00
5.8019042327772316e-04 0.0000000000000000e+00
5.1159616802496841e-04 0.0000000000000000e+00
4.5111161549205297e-04 0.0000000000000000e+00
3.9777797870823369e-04 0.0000000000000000e+00
3.5074982534559783e-04 0.0000000000000000e+00
3.0928167612366835e-04 0.0000000000000000e+00
2.7271618764632464e-04 0.0000000000000000e+00
2.4047373234813423e-04 0.0000000000000000e+00
2.1204321037384321e-04 0.0000000000000000e+00
1.8697394774309025e-04 0.0000000000000000e+00
1.6486855237194745e-04 0.0000000000000000e+00
1.4537661470661280e-04 0.0000000000000000e+00
1.2818915311317412e-04 0.0000000000000000e+00
1.1303371597306381e-04 0.0000000000000000e+00
9.9670062843766459e-05 0.0000000000000000e+00
8.7886356223550798e-05 0.0000000000000000e+00
7.7495803552971696e-05 0.0000000000000000e+00
6.8333696222935082e-05 0.0000000000000000e+00
6.0254798652375715e-05 0.0000000000000000e+00
5.3131046047817520e-05 0.0000000000000000e+00
4.6849514350240132e-05 0.0000000000000000e+00
4.1310630189324419e-05 0.0000000000000000e+00
3.6426592469690658e-05 0.0000000000000000e+00
3.2119980568483889e-05 0.0000000000000000e+00
2.8322527081780153e-05 0.0000000000000000e+00
2.4974035665677055e-05 0.0000000000000000e+00
2.2021426817938717e-05 0.0000000000000000e+00
1.9417896474149357e-05 0.0000000000000000e+00
1.7122174080638237e-05 0.0000000000000000e+00
1.5097868383322020e-05 0.0000000000000000e+00
1.3312890562062194e-05 0.0000000000000000e+00
1.1738945566198374e-05 0.0000000000000000e+00
1.0351083588027526e-05 0.0000000000000000e+00
9.1273045642915732e-06 0.0000000000000000e+00
8.0482094363236337e-06 0.0000000000000000e+00
7.0966926407102707e-06 0.0000000000000000e+00
6.2576709559035038e-06 0.0000000000000000e+00
5.5178444065233057e-06 0.0000000000000000e+00
4.8654854352604017e-06 0.0000000000000000e+00
4.2902530003826251e-06 0.0000000000000000e+00
3.7830286519616338e-06 0.0000000000000000e+00
3.3357719883387534e-06 0.0000000000000000e+00
2.9413932015596932e-06 0.0000000000000000e+00
2.5936406913981740e-06 0.0000000000000000e+00
2.2870019664522838e-06 0.0000000000000000e+00
2.0166162614209414e-06 0.0000000000000000e+00
1.7781974853899734e-06 0.0000000000000000e+00
1.5679662797220711e-06 0.0000000000000000e+00
1.3825901085482065e-06 0.0000000000000000e+00
1.2191304321889969e-06 0.0000000000000000e+00
1.0749961261114494e-06 0.0000000000000000e+00
9.4790240702930174e-07 0.0000000000000000e+00
8.3583461505310653e-07 0.0000000000000000e+00
7.3701627777318095e-07 0.0000000000000000e+00
6.4988095003474090e-07 0.0000000000000000e+00
5.7304738301592210e-07 0.0000000000000000e+00
5.0529762899472969e-07 0.0000000000000000e+00
4.4555773472680044e-07 0.0000000000000000e+00
3.9288071738992586e-07 0.0000000000000000e+00
3.4643155323398807e-07 0.0000000000000000e+00
3.0547394097990652e-07 0.0000000000000000e+00
2.6935863014408706e-07 0.0000000000000000e+00
2.3751312927170949e-07 0.0000000000000000e+00
2.0943263093617324e-07 0.0000000000000000e+00
1.8467200964991793e-07 0.0000000000000000e+00
1.6283876583937322e-07 0.0000000000000000e+00
1.4358680403358036e-07 0.0000000000000000e+00
1.2661094663978798e-07 0.0000000000000000e+00
1.1164209633967658e-07 0.0000000000000000e+00
9.8442970421648925e-08 0.0000000000000000e+00
8.6804339430820505e-08 0.0000000000000000e+00
7.6541710512669105e-08 0.0000000000000000e+00
6.7492402875484488e-08 0.0000000000000000e+00
5.9512969012532446e-08 0.0000000000000000e+00
5.2476920805751104e-08 0.0000000000000000e+00
4.6272724465707004e-08 0.0000000000000000e+00
4.0802032524068814e-08 0.0000000000000000e+00
3.5978124852556859e-08 0.0000000000000000e+00
3.1724533995765965e-08 0.0000000000000000e+00
2.7973833026959010e-08 0.0000000000000000e+00
2.4666566712205210e-08 0.0000000000000000e+00
2.1750309039926816e-08 0.0000000000000000e+00
1.9178832176033671e-08 0.0000000000000000e+00
1.6911373671116445e-08 0.0000000000000000e+00
1.4911990303638827e-08 0.0000000000000000e+00
1.3148988316401996e-08 0.0000000000000000e+00
1.1594421014523197e-08 0.0000000000000000e+00
1.0223645760969225e-08 0.0000000000000000e+00
9.0149333472416052e-09 0.0000000000000000e+00
7.9491235470490574e-09 0.0000000000000000e+00
7.0093213928846436e-09 0.0000000000000000e+00
6.1806293609550214e-09 0.0000000000000000e+00
5.4499112191199207e-09 0.0000000000000000e+00
4.8055837944147059e-09 0.0000000000000000e+00
4.2374333593035172e-09 0.0000000000000000e+00
3.7364537260608118e-09 0.0000000000000000e+00
3.2947034827913925e-09 0.0000000000000000e+00
2.9051801080276668e-09 0.0000000000000000e+00
2.5617089683982470e-09 0.0000000000000000e+00
2.2588454397848692e-09 0.0000000000000000e+00
1.9917886004151729e-09 0.0000000000000000e+00
1.7563051277743195e-09 0.0000000000000000e+00
1.5486621929673677e-09 0.0000000000000000e+00
1.3655682887892130e-09 0.0000000000000000e+00
1.2041210535227375e-09 0.0000000000000000e+00
1.0617612633801521e-09 0.0000000000000000e+00
9.3623226428648149e-10 0.0000000000000000e+00
8.2554419992732393e-10 0.0000000000000000e+00
7.2794246901226592e-10 0.0000000000000000e+00
6.4187991174587963e-10 0.0000000000000000e+00
5.6599228461275009e-10 0.0000000000000000e+00
4.9907663470855842e-10 0.0000000000000000e+00
4.4007223081218845e-10 0.0000000000000000e+00
3.8804374892266414e-10 0.0000000000000000e+00
3.4216644572199431e-10 0.0000000000000000e+00
3.0171308493712065e-10 0.0000000000000000e+00
2.6604240936072233e-10 0.0000000000000000e+00
2.3458897579204735e-10 0.0000000000000000e+00
2.0685419176363296e-10 0.0000000000000000e+00
1.8239841197020301e-10 0.0000000000000000e+00
1.6083396911418526e-10 0.0000000000000000e+00
1.4181902869444107e-10 0.0000000000000000e+00
1.2505217032575734e-10 0.0000000000000000e+00
1.1026760969344582e-10 0.0000000000000000e+00
9.7230985402591625e-11 0.0000000000000000e+00
8.5735643936071552e-11 0.0000000000000000e+00
7.5599363831366848e-11 0.0000000000000000e+00
6.6661467148586937e-11 0.0000000000000000e+00
5.8780272441371792e-11 0.0000000000000000e+00
5.1830848855764099e-11 0.0000000000000000e+00
4.5703035755551316e-11 0.0000000000000000e+00
4.0299696481642912e-11 0.0000000000000000e+00
3.5535178564484641e-11 0.0000000000000000e+00
3.1333955981157549e-11 0.0000000000000000e+00
2.7629431934539024e-11 0.0000000000000000e+00
2.4362883176461397e-11 0.0000000000000000e+00
2.1482529140525687e-11 0.0000000000000000e+00
1.8942711128682022e-11 0.0000000000000000e+00
1.6703168540234228e-11 0.0000000000000000e+00
1.4728400670220336e-11 0.0000000000000000e+00
1.2987103960546211e-11 0.0000000000000000e+00
1.1451675783309149e-11 0.0000000000000000e+00
1.0097776890400175e-11 0.0000000000000000e+00
8.9039455934400693e-12 0.0000000000000000e+00
7.8512575581177191e-12 0.0000000000000000e+00
6.9230258200718549e-12 0.0000000000000000e+00
6.1045362670374601e-12 0.0000000000000000e+00
5.3828143941818881e-12 0.0000000000000000e+00
4.7464196352908523e-12 0.0000000000000000e+00
4.1852640095903887e-12 0.0000000000000000e+00
3.6904522094366484e-12 0.0000000000000000e+00
3.2541405939810163e-12 0.0000000000000000e+00
2.8694128536111329e-12 0.0000000000000000e+00
2.5301703742296316e-12 0.0000000000000000e+00
2.2310355634508118e-12 0.0000000000000000e+00
1.9672666062647263e-12 0.0000000000000000e+00
1.7346822988954382e-12 0.0000000000000000e+00
1.5295957693373461e-12 0.0000000000000000e+00
1.3487560339230361e-12 0.0000000000000000e+00
1.1892964634910643e-12 0.0000000000000000e+00
1.0486893422513976e-12 0.0000000000000000e+00
9.2470579902630927e-13 0.0000000000000000e+00
8.1538047570612212e-13 0.0000000000000000e+00
7.1898037285243238e-13 0.0000000000000000e+00
6.3397737859660825e-13 0.0000000000000000e+00
5.5902404536809391e-13 0.0000000000000000e+00
4.9293223047088136e-13 0.0000000000000000e+00
4.3465426192357180e-13 0.0000000000000000e+00
3.8326633100832543e-13 0.0000000000000000e+00
3.3795384827127839e-13 0.0000000000000000e+00
2.9799853084116922e-13 0.0000000000000000e+00
2.6276701637737322e-13 0.0000000000000000e+00
2.3170082315831259e-13 0.0000000000000000e+00
2.0430749715991551e-13 0.0000000000000000e+00
1.8015280578968169e-13 0.0000000000000000e+00
1.5885385453325573e-13 0.0000000000000000e+00
1.4007301740019909e-13 0.0000000000000000e+00
1.2351258495580903e-13 0.0000000000000000e+00
1.0891004510083655e-13 0.0000000000000000e+00
9.6033921791128271e-14 0.0000000000000000e+00
8.4680105733550016e-14 0.0000000000000000e+00
7.4668618893242471e-14 0.0000000000000000e+00
6.5840761523935206e-14 0.0000000000000000e+00
5.8056596496711521e-14 0.0000000000000000e+00
5.1192731049392078e-14 0.0000000000000000e+00
4.5140360793348163e-14 0.0000000000000000e+00
3.9803544971798119e-14 0.0000000000000000e+00
3.5097685629385123e-14 0.0000000000000000e+00
3.0948186585188444e-14 0.0000000000000000e+00
2.7289270951522199e-14 0.0000000000000000e+00
2.4062938454106472e-14 0.0000000000000000e+00
2.1218046025293987e-14 0.0000000000000000e+00
1.8709497096131422e-14 0.0000000000000000e+00
1.6497526736102926e-14 0.0000000000000000e+00
1.4547071308758330e-14 0.0000000000000000e+00
1.2827212651154552e-14 0.0000000000000000e+00
1.1310687966372766e-14 0.0000000000000000e+00
9.9734576600423648e-15 0.0000000000000000e+00
8.7943242703172914e-15 0.0000000000000000e+00
7.7545964506719747e-15 0.0000000000000000e+00
6.8377926790508036e-15 0.0000000000000000e+00
6.0293799966378916e-15 0.0000000000000000e+00
5.3165436347952523e-15 0.0000000000000000e+00
4.6879838783495849e-15 0.0000000000000000e+00
4.1337369451519596e-15 0.0000000000000000e+00
3.6450170425351473e-15 0.0000000000000000e+00
3.2140770969845201e-15 0.0000000000000000e+00
2.8340859493418492e-15 0.0000000000000000e+00
2.4990200688691120e-15 0.0000000000000000e+00
2.2035680696490030e-15 0.0000000000000000e+00
1.9430465157384674e-15 0.0000000000000000e+00
1.7133256804382595e-15 0.0000000000000000e+00
1.5107640828318379e-15 0.0000000000000000e+00
1.3321507638821457e-15 0.0000000000000000e+00
1.1746543870604554e-15 0.0000000000000000e+00
1.0357783566623738e-15 0.0000000000000000e+00
9.1332124235704420e-16 0.0000000000000000e+00
8.0534188262877468e-16 0.0000000000000000e+00
7.1012861393900665e-16 0.0000000000000000e+00
6.2617213783650379e-16 0.0000000000000000e+00
5.5214159591154627e-16 0.0000000000000000e+00
4.8686347333989769e-16 0.0000000000000000e+00
4.2930299660046388e-16 0.0000000000000000e+00
3.7854773048761925e-16 0.0000000000000000e+00
3.3379311440187721e-16 0.0000000000000000e+00
2.9432970864356733e-16 0.0000000000000000e+00
2.5953194854075769e-16 0.0000000000000000e+00
2.2884822814448367e-16 0.0000000000000000e+00
2.0179215630034488e-16 0.0000000000000000e+00
1.7793484648976237e-16 0.0000000000000000e+00
1.5689811822126407e-16 0.0000000000000000e+00
1.3834850220184452e-16 0.0000000000000000e+00
1.2199195425977854e-16 0.0000000000000000e+00
1.0756919422523025e-16 0.0000000000000000e+00
9.4851595881683271e-17 0.0000000000000000e+00
8.3637562836665321e-17 0.0000000000000000e+00
7.3749332862916963e-17 0.0000000000000000e+00
6.5030160053168968e-17 0.0000000000000000e+00
5.7341830120705864e-17 0.0000000000000000e+00
5.0562469458840853e-17 0.0000000000000000e+00
4.4584613229026548e-17 0.0000000000000000e+00
3.9313501853385516e-17 0.0000000000000000e+00
3.4665578908059788e-17 0.0000000000000000e+00
3.0567166606335640e-17 0.0000000000000000e+00
2.6953297875612352e-17 0.0000000000000000e+00
2.3766686514572556e-17 0.0000000000000000e+00
2.0956819105726292e-17 0.0000000000000000e+00
1.8479154288539383e-17 0.0000000000000000e+00
1.6294416700210806e-17 0.0000000000000000e+00
1.4367974391813739e-17 0.0000000000000000e+00
1.2669289850746518e-17 0.0000000000000000e+00
1.1171435927230010e-17 0.0000000000000000e+00
9.8506689914314106e-18 0.0000000000000000e+00
8.6860525550011970e-18 0.0000000000000000e+00
7.6591253907598193e-18 0.0000000000000000e+00
6.7536088896452375e-18 0.0000000000000000e+00
5.9551490160119080e-18 0.0000000000000000e+00
5.2510887708172383e-18 0.0000000000000000e+00
4.6302675558350422e-18 0.0000000000000000e+00
4.0828442584645737e-18 0.0000000000000000e+00
3.6001412527165697e-18 0.0000000000000000e+00
3.1745068435174309e-18 0.0000000000000000e+00
2.7991939738294416e-18 0.0000000000000000e+00
2.4682532718817989e-18 0.0000000000000000e+00
2.1764387431217074e-18 0.0000000000000000e+00
1.9191246119365175e-18 0.0000000000000000e+00
1.6922319949413483e-18 0.0000000000000000e+00
1.4921642434743062e-18 0.0000000000000000e+00
1.3157499303636681e-18 0.0000000000000000e+00
1.1601925772066032e-18 0.0000000000000000e+00
1.0230263252480340e-18 0.0000000000000000e+00
9.0207684716476555e-19 0.0000000000000000e+00
7.9542688013764519e-19 0.0000000000000000e+00
7.0138583385007731e-19 0.0000000000000000e+00
6.1846299164599496e-19 0.0000000000000000e+00
5.4534388003832051e-19 0.0000000000000000e+00
4.8086943198289275e-19 0.0000000000000000e+00
4.2401761361895440e-19 0.0000000000000000e+00
3.7388722322759118e-19 0.0000000000000000e+00
3.2968360559300510e-19 0.0000000000000000e+00
2.9070605531401660e-19 0.0000000000000000e+00
2.5633670938604028e-19 0.0000000000000000e+00
2.2603075298134341e-19 0.0000000000000000e+00
1.9930778317190726e-19 0.0000000000000000e+00
1.7574419369464632e-19 0.0000000000000000e+00
1.5496646004406922e-19 0.0000000000000000e+00
1.3664521844923776e-19 0.0000000000000000e+00
1.2049004487635582e-19 0.0000000000000000e+00
1.0624485129495747e-19 0.0000000000000000e+00
9.3683826230383477e-20 0.0000000000000000e+00
8.2607855253134881e-20 0.0000000000000000e+00
7.2841364663537933e-20 0.0000000000000000e+00
6.4229538338548748e-20 0.0000000000000000e+00
5.6635863622804492e-20 0.0000000000000000e+00
4.9939967361960395e-20 0.0000000000000000e+00
4.4035707775619729e-20 0.0000000000000000e+00
3.8829491922672618e-20 0.0000000000000000e+00
3.4238792087898477e-20 0.0000000000000000e+00
3.0190837571939327e-20 0.0000000000000000e+00
2.6621461147205125e-20 0.0000000000000000e+00
2.3474081894000062e-20 0.0000000000000000e+00
2.0698808293025183e-20 0.0000000000000000e+00
1.8251647356692433e-20 0.0000000000000000e+00
1.6093807262580878e-20 0.0000000000000000e+00
1.4191082434546827e-20 0.0000000000000000e+00
1.2513311323936419e-20 0.0000000000000000e+00
1.1033898295775463e-20 0.0000000000000000e+00
9.7293920409883782e-21 0.0000000000000000e+00
8.5791138317353144e-21 0.0000000000000000e+00
7.5648297270581824e-21 0.0000000000000000e+00
6.6704615327161191e-21 0.0000000000000000e+00
5.8818319334133538e-21 0.0000000000000000e+00
5.1864397573152792e-21 0.0000000000000000e+00
4.5732618103983149e-21 0.0000000000000000e+00
4.0325781393581651e-21 0.0000000000000000e+00
3.5558179531849343e-21 0.0000000000000000e+00
3.1354237609899671e-21 0.0000000000000000e+00
2.7647315724290597e-21 0.0000000000000000e+00
2.4378652616871979e-21 0.0000000000000000e+00
2.1496434205073940e-21 0.0000000000000000e+00
1.8954972237196773e-21 0.0000000000000000e+00
1.6713980052938011e-21 0.0000000000000000e+00
1.4737933968682178e-21 0.0000000000000000e+00
1.2995510164382125e-21 0.0000000000000000e+00
1.1459088145694829e-21 0.0000000000000000e+00
1.0104312910369452e-21 0.0000000000000000e+00
8.9097088784517818e-22 0.0000000000000000e+00
7.8563394664170193e-22 0.0000000000000000e+00
6.9275069088797139e-22 0.0000000000000000e+00
6.1084875695248889e-22 0.0000000000000000e+00
5.3862985454711411e-22 0.0000000000000000e+00
4.7494918653327244e-22 0.0000000000000000e+00
4.1879730186564724e-22 0.0000000000000000e+00
3.6928409401046300e-22 0.0000000000000000e+00
3.2562469118503793e-22 0.0000000000000000e+00
2.8712701475397718e-22 0.0000000000000000e+00
2.5318080856062182e-22 0.0000000000000000e+00
2.2324796528927906e-22 0.0000000000000000e+00
1.9685399651399518e-22 0.0000000000000000e+00
1.7358051121907798e-22 0.0000000000000000e+00
1.5305858356263736e-22 0.0000000000000000e+00
1.3496290475048461e-22 0.0000000000000000e+00
1.1900662631726318e-22 0.0000000000000000e+00
1.0493681307171078e-22 0.0000000000000000e+00
9.2530433627205544e-23 0.0000000000000000e+00
8.1590824960424035e-23 0.0000000000000000e+00
7.1944574955123316e-23 0.0000000000000000e+00
6.3438773513860290e-23 0.0000000000000000e+00
5.5938588662914452e-23 0.0000000000000000e+00
4.9325129227397200e-23 0.0000000000000000e+00
4.3493560196173061e-23 0.0000000000000000e+00
3.8351440901799152e-23 0.0000000000000000e+00
3.3817259672699992e-23 0.0000000000000000e+00
2.9819141729226972e-23 0.0000000000000000e+00
2.6293709841473161e-23 0.0000000000000000e+00
2.3185079688257861e-23 0.0000000000000000e+00
2.0443973991946588e-23 0.0000000000000000e+00
1.8026941386579019e-23 0.0000000000000000e+00
1.5895667636985357e-23 0.0000000000000000e+00
1.4016368290497523e-23 0.0000000000000000e+00
1.2359253133712547e-23 0.0000000000000000e+00
1.0898053965001899e-23 0.0000000000000000e+00
9.6096081971271623e-24 0.0000000000000000e+00
8.4734916893281698e-24 0.0000000000000000e+00
7.4716949886238425e-24 0.0000000000000000e+00
6.5883378481784809e-24 0.0000000000000000e+00
5.8094174973456396e-24 0.0000000000000000e+00
5.1225866730250581e-24 0.0000000000000000e+00
4.5169578937378076e-24 0.0000000000000000e+00
3.9829308738180309e-24 0.0000000000000000e+00
3.5120403419314431e-24 0.0000000000000000e+00
3.0968218515753870e-24 0.0000000000000000e+00
2.7306934564198740e-24 0.0000000000000000e+00
2.4078513748348230e-24 0.0000000000000000e+00
2.1231779897019979e-24 0.0000000000000000e+00
1.8721607251461913e-24 0.0000000000000000e+00
1.6508205142385925e-24 0.0000000000000000e+00
1.4556487237591041e-24 0.0000000000000000e+00
1.2835515361637075e-24 0.0000000000000000e+00
1.1318009071128482e-24 0.0000000000000000e+00
9.9799132115104069e-25 0.0000000000000000e+00
8.8000166003886478e-25 0.0000000000000000e+00
7.7596157928306887e-25 0.0000000000000000e+00
6.8422185987340324e-25 0.0000000000000000e+00
6.0332826524885902e-25 0.0000000000000000e+00
5.3199848908005805e-25 0.0000000000000000e+00
4.6910182844943338e-25 0.0000000000000000e+00
4.1364126021321550e-25 0.0000000000000000e+00
3.6473763642390184e-25 0.0000000000000000e+00
3.2161574828275340e-25 0.0000000000000000e+00
2.8359203771134876e-25 0.0000000000000000e+00
2.5006376174890749e-25 0.0000000000000000e+00
2.2049943801194375e-25 0.0000000000000000e+00
1.9443041975991329e-25 0.0000000000000000e+00
1.7144346701676585e-25 0.0000000000000000e+00
1.5117419598756100e-25 0.0000000000000000e+00
1.3330130293183226e-25 0.0000000000000000e+00
1.1754147093189249e-25 0.0000000000000000e+00
1.0364487881936276e-25 0.0000000000000000e+00
9.1391241068480613e-26 0.0000000000000000e+00
8.0586315881501747e-26 0.0000000000000000e+00
7.1058826113183286e-26 0.0000000000000000e+00
6.2657744225563728e-26 0.0000000000000000e+00
5.5249898234778048e-26 0.0000000000000000e+00
4.8717860699937547e-26 0.0000000000000000e+00
4.2958087290820026e-26 0.0000000000000000e+00
3.7879275427380971e-26 0.0000000000000000e+00
3.3400916972623395e-26 0.0000000000000000e+00
2.9452022036452576e-26 0.0000000000000000e+00
2.5969993660553059e-26 0.0000000000000000e+00
2.2899635546055734e-26 0.0000000000000000e+00
2.0192277094726544e-26 0.0000000000000000e+00
1.7805001894034338e-26 0.0000000000000000e+00
1.5699967416223676e-26 0.0000000000000000e+00
1.3843805147421658e-26 0.0000000000000000e+00
1.2207091637765729e-26 0.0000000000000000e+00
1.0763882087762770e-26 0.0000000000000000e+00
9.4912990773997572e-27 0.0000000000000000e+00
8.3691699186360445e-27 0.0000000000000000e+00
7.3797068826737999e-27 0.0000000000000000e+00
6.5072252330442094e-27 0.0000000000000000e+00
5.7378945948358989e-27 0.0000000000000000e+00
5.0595197188287246e-27 0.0000000000000000e+00
4.4613471652573651e-27 0.0000000000000000e+00
3.9338948428009298e-27 0.0000000000000000e+00
3.4688017006905588e-27 0.0000000000000000e+00
3.0586951912894864e-27 0.0000000000000000e+00
2.6970744021933966e-27 0.0000000000000000e+00
2.3782070052884881e-27 0.0000000000000000e+00
2.0970383892278245e-27 0.0000000000000000e+00
1.8491115349152638e-27 0.0000000000000000e+00
1.6304963638818802e-27 0.0000000000000000e+00
1.4377274396018843e-27 0.0000000000000000e+00
1.2677490342038793e-27 0.0000000000000000e+00
1.1178666897878142e-27 0.0000000000000000e+00
9.8570450650897565e-28 0.0000000000000000e+00
8.6916748036971099e-28 0.0000000000000000e+00
7.6640829370637805e-28 0.0000000000000000e+00
6.7579803194209698e-28 0.0000000000000000e+00
5.9590036241411162e-28 0.0000000000000000e+00
5.2544876596458410e-28 0.0000000000000000e+00
4.6332646037532625e-28 0.0000000000000000e+00
4.0854869739745056e-28 0.0000000000000000e+00
3.6024715275260429e-28 0.0000000000000000e+00
3.1765616165973394e-28 0.0000000000000000e+00
2.8010058169617423e-28 0.0000000000000000e+00
2.4698509059797738e-28 0.0000000000000000e+00
2.1778474935071627e-28 0.0000000000000000e+00
1.9203668097908545e-28 0.0000000000000000e+00
1.6933273312942260e-28 0.0000000000000000e+00
1.4931300813412350e-28 0.0000000000000000e+00
1.3166015799804654e-28 0.0000000000000000e+00
1.1609435387236718e-28 0.0000000000000000e+00
1.0236885027315856e-28 0.0000000000000000e+00
9.0266073729729002e-29 0.0000000000000000e+00
7.9594173860886870e-29 0.0000000000000000e+00
7.0183982207598615e-29 0.0000000000000000e+00
6.1886330614169323e-29 0.0000000000000000e+00
5.4569686649550322e-29 0.0000000000000000e+00
4.8118068586026481e-29 0.0000000000000000e+00
4.2429206884013292e-29 0.0000000000000000e+00
3.7412923039250822e-29 0.0000000000000000e+00
3.2989700094259874e-29 0.0000000000000000e+00
2.9089422154142463e-29 0.0000000000000000e+00
2.5650262925826040e-29 0.0000000000000000e+00
2.2617705662135788e-29 0.0000000000000000e+00
1.9943678975077606e-29 0.0000000000000000e+00
1.7585794819446456e-29 0.0000000000000000e+00
1.5506676567454452e-29 0.0000000000000000e+00
1.3673366523174857e-29 0.0000000000000000e+00
1.2056803484859811e-29 0.0000000000000000e+00
1.0631362073571819e-29 0.0000000000000000e+00
9.3744465256742506e-30 0.0000000000000000e+00
8.2661325100745919e-30 0.0000000000000000e+00
7.2888512923911061e-30 0.0000000000000000e+00
6.4271112394872658e-30 0.0000000000000000e+00
5.6672522497289877e-30 0.0000000000000000e+00
4.9972292162505845e-30 0.0000000000000000e+00
4.4064210907398059e-30 0.0000000000000000e+00
3.8854625210657852e-30 0.0000000000000000e+00
3.4260953939089467e-30 0.0000000000000000e+00
3.0210379290814302e-30 0.0000000000000000e+00
2.6638692504518089e-30 0.0000000000000000e+00
2.3489276037194060e-30 0.0000000000000000e+00
2.0712206076102261e-30 0.0000000000000000e+00
1.8263461158174270e-30 0.0000000000000000e+00
1.6104224352083607e-30 0.0000000000000000e+00
1.4200267941335202e-30 0.0000000000000000e+00
1.2521410854514248e-30 0.0000000000000000e+00
1.1041040242005827e-30 0.0000000000000000e+00
9.7356896153313844e-31 0.0000000000000000e+00
8.5846668618655486e-31 0.0000000000000000e+00
7.5697262383096225e-31 0.0000000000000000e+00
6.6747791434391184e-31 0.0000000000000000e+00
5.8856390853625943e-31 0.0000000000000000e+00
5.1897968005724154e-31 0.0000000000000000e+00
4.5762219600273653e-31 0.0000000000000000e+00
4.0351883189582486e-31 0.0000000000000000e+00
3.5581195387121747e-31 0.0000000000000000e+00
3.1374532366394712e-31 0.0000000000000000e+00
2.7665211089738394e-31 0.0000000000000000e+00
2.4394432264417307e-31 0.0000000000000000e+00
2.1510348269996568e-31 0.0000000000000000e+00
1.8967241281997363e-31 0.0000000000000000e+00
1.6724798563643259e-31 0.0000000000000000e+00
1.4747473437791773e-31 0.0000000000000000e+00
1.3003921809327744e-31 0.0000000000000000e+00
1.1466505305903457e-31 0.0000000000000000e+00
1.0110853160928789e-31 0.0000000000000000e+00
8.9154758938829903e-32 0.0000000000000000e+00
7.8614246640989781e-32 0.0000000000000000e+00
6.9319908981759160e-32 0.0000000000000000e+00
6.1124414295842189e-32 0.0000000000000000e+00
5.3897849519578814e-32 0.0000000000000000e+00
4.7525660839465340e-32 0.0000000000000000e+00
4.1906837811914509e-32 0.0000000000000000e+00
3.6952312169338925e-32 0.0000000000000000e+00
3.2583545930827950e-32 0.0000000000000000e+00
2.8731286436449481e-32 0.0000000000000000e+00
2.5334468570294435e-32 0.0000000000000000e+00
2.2339246770551252e-32 0.0000000000000000e+00
1.9698141482262183e-32 0.0000000000000000e+00
1.7369286522530468e-32 0.0000000000000000e+00
1.5315765427587508e-32 0.0000000000000000e+00
1.3505026261649279e-32 0.0000000000000000e+00
1.1908365611248822e-32 0.0000000000000000e+00
1.0500473585443831e-32 0.0000000000000000e+00
9.2590326093490466e-33 0.0000000000000000e+00
8.1643636511624449e-33 0.0000000000000000e+00
7.1991142747588712e-33 0.0000000000000000e+00
6.3479835729337864e-33 0.0000000000000000e+00
5.5974796210033692e-33 0.0000000000000000e+00
4.9357056059720866e-33 0.0000000000000000e+00
4.3521712410374884e-33 0.0000000000000000e+00
3.8376264760189825e-33 0.0000000000000000e+00
3.3839148677272865e-33 0.0000000000000000e+00
2.9838442859359553e-33 0.0000000000000000e+00
2.6310729054163022e-33 0.0000000000000000e+00
2.3200086768081313e-33 0.0000000000000000e+00
2.0457206827620687e-33 0.0000000000000000e+00
1.8038609741917827e-33 0.0000000000000000e+00
1.5905956476026795e-33 0.0000000000000000e+00
1.4025440709510039e-33 0.0000000000000000e+00
1.2367252946558988e-33 0.0000000000000000e+00
1.0905107982843211e-33 0.0000000000000000e+00
9.6158282386032092e-34 0.0000000000000000e+00
8.4789763530806770e-34 0.0000000000000000e+00
7.4765312162589612e-34 0.0000000000000000e+00
6.5926023024447987e-34 0.0000000000000000e+00
5.8131777773741171e-34 0.0000000000000000e+00
5.1259023858946379e-34 0.0000000000000000e+00
4.5198815993528814e-34 0.0000000000000000e+00
3.9855089180757327e-34 0.0000000000000000e+00
3.5143135913859715e-34 0.0000000000000000e+00
3.0988263412450068e-34 0.0000000000000000e+00
