# f_hz  Omega_gw
7.061330112843939847e-20 2.274648020982611678e-23
7.468806407853070307e-20 2.375215636912416910e-23
7.899796251774518283e-20 2.616477687172019249e-23
8.355656501410075541e-20 3.256513332635347361e-23
8.837822311413863493e-20 4.114298325437826602e-23
9.347811652494757949e-20 4.956491065749078322e-23
9.887230090343122034e-20 5.888411726691190199e-23
1.045777584032693394e-19 6.536962884332852692e-23
1.106124511387095329e-19 7.103871367768196422e-23
1.169953777335019121e-19 7.576348404805468355e-23
1.237466331330092272e-19 7.992305600370505126e-23
1.308874718677932462e-19 8.314190878077856752e-23
1.384403749678467705e-19 8.546420359205861306e-23
1.464291207381325029e-19 8.706688203236918672e-23
1.548788596182469093e-19 8.814012255515240823e-23
1.638161933618842790e-19 8.871149457837402157e-23
1.732692587853779957e-19 8.891563584029104509e-23
1.832678163489768555e-19 8.888661817739838577e-23
1.938433438497325077e-19 8.873728287893022071e-23
2.050291355209648298e-19 8.850058337537773183e-23
2.168604068502923823e-19 8.823503043169768794e-23
2.293744054462227515e-19 8.794998392312171987e-23
2.426105283023324658e-19 8.765117872641709016e-23
2.566104458282145073e-19 8.734246605709899030e-23
2.714182330376713084e-19 8.702655530853335454e-23
2.870805083071636392e-19 8.670540961436504557e-23
3.036465801413592673e-19 8.638048032371194098e-23
3.211686024078360117e-19 8.605285628493358588e-23
3.397017385296507492e-19 8.572336311163893134e-23
3.593043351526935875e-19 8.539263190773108936e-23
3.800381058345706437e-19 8.506209298793347048e-23
4.019683253333147028e-19 8.473003698201888585e-23
4.251640351075851906e-19 8.439793891689307172e-23
4.496982606753227833e-19 8.406601757796183580e-23
4.756482415151550410e-19 8.373444376987652077e-23
5.030956742343350688e-19 8.340335163976631541e-23
5.321269697687636131e-19 8.307284651283717822e-23
5.628335254248175115e-19 8.274301109945037380e-23
5.953120126194440495e-19 8.241391019758928141e-23
6.296646812243825162e-19 8.208559465412673952e-23
6.659996814726696564e-19 8.175810440965027541e-23
7.044314044408581699e-19 8.143147078024729152e-23
7.450808421788759906e-19 8.110577680690842067e-23
7.880759686212873113e-19 8.078091286683965935e-23
8.335521424791616343e-19 8.045696611952426958e-23
8.816525333809457753e-19 8.013394741775136709e-23
9.325285726039292946e-19 7.981186501922883557e-23
9.863404298153140933e-19 7.949072510614126199e-23
1.043257517323773759e-18 7.917053229332517230e-23
1.103459023429017245e-18 7.885128969117085083e-23
1.167134476548453778e-18 7.853299950842852698e-23
1.234484341896959326e-18 7.821566309534539739e-23
1.305720652598253950e-18 7.789928104449434741e-23
1.381067677214747926e-18 7.758385815005661764e-23
1.460762625797414449e-18 7.726938364720988378e-23
1.545056396678494986e-18 7.695586293465609039e-23
1.634214366358112802e-18 7.664329507068977416e-23
1.728517224971545768e-18 7.633167882246287482e-23
1.828261859967404630e-18 7.602101281011357865e-23
1.933762290778730452e-18 7.571129565743793997e-23
2.045350657429604530e-18 7.540252597346387790e-23
2.163378266189600351e-18 7.509470222592777058e-23
2.288216695568054228e-18 7.478782265240245074e-23
2.420258966130106546e-18 7.448188552301793620e-23
2.559920777817329419e-18 7.417688908771799753e-23
2.707641818668341699e-18 7.387283176260797430e-23
2.863887149059560190e-18 7.356971105522344741e-23
3.029148665824007400e-18 7.326752550620250959e-23
3.203946650857556729e-18 7.296627322684676658e-23
3.388831409087978485e-18 7.266595235526358569e-23
3.584385000963546963e-18 7.236656113261996769e-23
3.791223074915413697e-18 7.206809766291046911e-23
4.009996805562809159e-18 7.177055998994561699e-23
4.241394943763021802e-18 7.147394605334284629e-23
4.486145984960125942e-18 7.117825405621993376e-23
4.745020462658976876e-18 7.088348214535618595e-23
5.018833374244849320e-18 7.058962839875194733e-23
5.308446746785767081e-18 7.029669099523954000e-23
5.614772350895269367e-18 7.000466792567817248e-23
5.938774571199500412e-18 6.971355745808037409e-23
6.281473442445473994e-18 6.942335755733334640e-23
6.643947860808996357e-18 6.913406637816137418e-23
7.027338980512080913e-18 6.884568189088234888e-23
7.432853806443232531e-18 6.855820214473689965e-23
7.861768994091102626e-18 6.827162533289058613e-23
8.315434868754438941e-18 6.798594957027084990e-23
8.795279676681873074e-18 6.770117298214600336e-23
9.302814081525049430e-18 6.741729358730701089e-23
9.839635920261025040e-18 6.713430948623025672e-23
1.040743523355669278e-17 6.685221891424253302e-23
1.100799958641190960e-17 6.657102004118582828e-23
1.164321969583215314e-17 6.629071092684822386e-23
1.231509538324768617e-17 6.601128960762808490e-23
1.302574187041903862e-17 6.573275418900455852e-23
1.377739643864968318e-17 6.545510282008364249e-23
1.457242547227065503e-17 6.517833364380944020e-23
1.541333190857179843e-17 6.490244482180853941e-23
1.630276311763353648e-17 6.462743447681914200e-23
1.724351923686691365e-17 6.435330064043134750e-23
1.823856198650088068e-17 6.408004139891303429e-23
1.929102399377001787e-17 6.380765485821246575e-23
2.040421865515766089e-17 6.353613927738369352e-23
2.158165056774265679e-17 6.326549296407340167e-23
2.282702656249043986e-17 6.299571398704446517e-23
2.414426737422366438e-17 6.272680040967860442e-23
2.553751998501205663e-17 6.245875026879589317e-23
2.701117067984176024e-17 6.219156168809924972e-23
2.856985885566596049e-17 6.192523283016407388e-23
3.021849162731129727e-17 6.165976193774323758e-23
3.196225927622271336e-17 6.139514719403649462e-23
3.380665159068305426e-17 6.113138664950451975e-23
3.575747514895004687e-17 6.086847840268583599e-23
3.782087159972256288e-17 6.060642068838810194e-23
4.000333699748659289e-17 6.034521174596711667e-23
4.231174225361369722e-17 6.008484975506582316e-23
4.475335476759661599e-17 5.982533279237193837e-23
4.733586130652190410e-17 5.956665901284372924e-23
5.006739220481031429e-17 5.930882666323655544e-23
5.295654696041040872e-17 5.905183391411127901e-23
5.601242130802881023e-17 5.879567891608043480e-23
5.924463585462984711e-17 5.854035979831463555e-23
6.266336636735579427e-17 5.828587481283080067e-23
6.627937580922089078e-17 5.803222206471701381e-23
7.010404822343578302e-17 5.777939964049344971e-23
7.414942457303719423e-17 5.752740577428941269e-23
7.842824064865493907e-17 5.727623870702791790e-23
8.295396716375878493e-17 5.702589660288715168e-23
8.774085216361386249e-17 5.677637760916368509e-23
9.280396588145902559e-17 5.652767990217696243e-23
9.815924818312453006e-17 5.627980171044431344e-23
1.038235587494567007e-16 5.603274120144325497e-23
1.098147301545354748e-16 5.578649652167206811e-23
1.161516240067867750e-16 5.554106582980266505e-23
1.228541903297365855e-16 5.529644742982587193e-23
1.299435303693493377e-16 5.505263956689923423e-23
1.374419630256840759e-16 5.480964043306614941e-23
1.453730951180107007e-16 5.456744816139593356e-23
1.537618957045959289e-16 5.432606102401018581e-23
1.626347746911379259e-16 5.408547724008379469e-23
1.720196659753240006e-16 5.384569500180298024e-23
1.819461153892720543e-16 5.360671248222124027e-23
1.924453737167184229e-16 5.336852786962895969e-23
2.035504950777922943e-16 5.313113941173181483e-23
2.152964409911138396e-16 5.289454535819376157e-23
2.277201904408302609e-16 5.265874393180376345e-23
2.408608562951040361e-16 5.242373332660982374e-23
2.547598084425668113e-16 5.218951176726414093e-23
2.694608040344024978e-16 5.195607751124743799e-23
2.850101252420890344e-16 5.172342873463056565e-23
3.014567249644976795e-16 5.149156360005888327e-23
3.188523809430634509e-16 5.126048032939580539e-23
3.372518587702221220e-16 5.103017717370912792e-23
3.567130843043002336e-16 5.080065240102868932e-23
3.772973260336617259e-16 5.057190421256715442e-23
3.990693879642334074e-16 5.034393082234763145e-23
4.220978136376701463e-16 5.011673048102941437e-23
4.464551019224494465e-16 4.989030150622300654e-23
4.722179352572609387e-16 4.966464213276641196e-23
4.994674210652538834e-16 4.943975058322815371e-23
5.282893470991676165e-16 4.921562511515427699e-23
5.587744515212385742e-16 4.899226391619104279e-23
5.910187085681497361e-16 4.876966519565430396e-23
6.251236307003680927e-16 4.854782722567063199e-23
6.611965881871068206e-16 4.832674823234476611e-23
6.993511471330348294e-16 4.810642643127765122e-23
7.397074270109315940e-16 4.788685999034074173e-23
7.823924788258749357e-16 4.766804717601841841e-23
8.275406851015024445e-16 4.744998631602809095e-23
8.752941829476286743e-16 4.723267570071483579e-23
9.258033115410939847e-16 4.701611352430795856e-23
9.792270854286479558e-16 4.680029798430364589e-23
1.035733695141921101e-15 4.658522731353524895e-23
1.095501036700546234e-15 4.637089966389120767e-23
1.158717271670421763e-15 4.615731324578394656e-23
1.225581419540318749e-15 4.594446628545477968e-23
1.296303984281763695e-15 4.573235709116593285e-23
1.371107617064762506e-15 4.552098381861198504e-23
1.450227817215744522e-15 4.531034469395164244e-23
1.533913673624496411e-15 4.510043788958435192e-23
1.622428648934243458e-15 4.489126163855529465e-23
1.716051408983644321e-15 4.468281405053277396e-23
1.815076700112008491e-15 4.447509326495461110e-23
1.919816277089690550e-15 4.426809740359605469e-23
2.030599884595001102e-15 4.406182454704404225e-23
2.147776295327553035e-15 4.385627290205847875e-23
2.271714408026271971e-15 4.365144053740076976e-23
2.402804408848878696e-15 4.344732554198067018e-23
2.541458999769151952e-15 4.324392592500771346e-23
2.688114697859220192e-15 4.304123969802119234e-23
2.843233209547398223e-15 4.283926481933472063e-23
3.007302884177960443e-15 4.263799921802513421e-23
3.180840251449065092e-15 4.243744079092298449e-23
3.364391647569019340e-15 4.223758736414542619e-23
3.558534935250405515e-15 4.203843684201713399e-23
3.763881322957013248e-15 4.183998693689007887e-23
3.981077289130998016e-15 4.164223536580985142e-23
4.210806617458172722e-15 4.144517976831639235e-23
4.453792549578935704e-15 4.124881772435720982e-23
4.710800062022062642e-15 4.105314663076945404e-23
4.982638274529655450e-15 4.085816385241587677e-23
5.270162997355329500e-15 4.066386674668731156e-23
5.574279425554956975e-15 4.047025246672564830e-23
5.895944988752364416e-15 4.027731796141907243e-23
6.236172365351655348e-15 4.008506009652898190e-23
6.596032670685604859e-15 3.989347563915544140e-23
6.976658829137171813e-15 3.970256113194052599e-23
7.379249140850359228e-15 3.951231290916977832e-23
7.805071054259248806e-15 3.932272704198106516e-23
8.255465156312043814e-15 3.913379943227382779e-23
8.731849392952156721e-15 3.894552568980584616e-23
9.235723533143699333e-15 3.875790102970098127e-23
9.768673890494768357e-15 3.857092043827854952e-23
1.033237831734362251e-14 3.838457847530910632e-23
1.092861148703014974e-14 3.819886932032888234e-23
1.155925048098249090e-14 3.801378672909012764e-23
1.222628069820827701e-14 3.782932393898137095e-23
1.293180210579491427e-14 3.764547370918215399e-23
1.367803585009699997e-14 3.746222803606699171e-23
1.446733124942437739e-14 3.727957832350858410e-23
1.530217319024553151e-14 3.709751521885772751e-23
1.618518995019106983e-14 3.691602852374049090e-23
1.711916147248642491e-14 3.673510721799455457e-23
1.810702811786301983e-14 3.655473931278322117e-23
1.915189992150135798e-14 3.637491174691744875e-23
2.025706638414900909e-14 3.619561023728880010e-23
2.142600682823804232e-14 3.601681923858525726e-23
2.266240135160561885e-14 3.583852181093634688e-23
2.397014241330242950e-14 3.566069955828315871e-23
2.535334708796392694e-14 3.548333242528996744e-23
2.681637002732391080e-14 3.530639856047992672e-23
2.836381716967644790e-14 3.512987415621960755e-23
3.000056024044634862e-14 3.495373328819714558e-23
3.173175208952022049e-14 3.477794773214048433e-23
3.356284291362254903e-14 3.460248672628445590e-23
3.549959741480935214e-14 3.442731685181384838e-23
3.754811294909817000e-14 3.425240170030140736e-23
3.971483872237049714e-14 3.407770144145300199e-23
4.200659609397977938e-14 3.390317258423585880e-23
4.443060005198567392e-14 3.372876758189783072e-23
4.699448192762342992e-14 3.355443449193358629e-23
4.970631342051893940e-14 3.338011644443108419e-23
5.257463201028660358e-14 3.320575141718079600e-23
5.560846783451094858e-14 3.303127227183684525e-23
5.881737211773176170e-14 3.285660747516002165e-23
6.221144724093176987e-14 3.268168299568659129e-23
6.580137854619422636e-14 3.250642672514730111e-23
6.959846797665818587e-14 3.233077752065538838e-23
7.361466965767809521e-14 3.215470181742031944e-23
7.786262753120555074e-14 3.197822358153926763e-23
8.235571516187482294e-14 3.180147695062791083e-23
8.710807784011147514e-14 3.162479706893171767e-23
9.213467711481408977e-14 3.144887387539948049e-23
9.745133789580775923e-14 3.127500929795347371e-23
1.030747982743615603e-13 3.110554423697561185e-23
1.090227622186126999e-13 3.094455931559199013e-23
1.153139553097978867e-13 3.079901914300242827e-23
1.219681836947616026e-13 3.068062777768640470e-23
1.290063964403371492e-13 3.060882660143201268e-23
1.364507514859075321e-13 3.061562860883613943e-23
1.443246854017793984e-13 3.075331625798672206e-23
1.526529871729864019e-13 3.110678887313521163e-23
1.614618762408100691e-13 3.181312381345624780e-23
1.707790850477119102e-13 3.309284419005216662e-23
1.806339463455452776e-13 3.529901827640928166e-23
1.910574855419187278e-13 3.899548990640091953e-23
2.020825183754322049e-13 4.507970796707350686e-23
2.137437542272952617e-13 5.497657650402196894e-23
2.260779053945748450e-13 7.094392842273937747e-23
2.391238026690905188e-13 9.655009967893833075e-23
2.529225175858263761e-13 1.374274116110831400e-22
2.675174917257263941e-13 2.024459179522474561e-22
2.829546734799486864e-13 3.055614861469801419e-22
2.992826627061451673e-13 4.686957988153275601e-22
3.165528637321742642e-13 7.262304285576418997e-22
3.348196471889481915e-13 1.132059473644561105e-21
3.541405211818891300e-13 1.770485242838227335e-21
3.745763123398924849e-13 2.773328897728258520e-21
3.961913573117767653e-13 4.346382526110677774e-21
4.190537053130972775e-13 6.810776329421134071e-21
4.432353323609876423e-13 1.066690469606899243e-20
4.688123678714909249e-13 1.669361222780476782e-20
4.958653343327624122e-13 2.610244213411991135e-20
5.244794008086889654e-13 4.077472384035965180e-20
5.547446510710180237e-13 6.363001822016880160e-20
5.867563672041294293e-13 9.919297407520877573e-20
6.206153295753226313e-13 1.544668182117975559e-19
6.564281341149724568e-13 2.402772764541522915e-19
6.943075279054435098e-13 3.733318193977121653e-19
7.343727641352670141e-13 5.793764342619675147e-19
7.767499775360629384e-13 8.980297033828927320e-19
8.215725814841664079e-13 1.390117755616804069e-18
8.689816880171321383e-13 2.148887590095354973e-18
9.191265520874217494e-13 3.316963252210376299e-18
9.721650414518937966e-13 5.111966305597757328e-18
1.028264133676416454e-12 7.865241728163873680e-18
1.087600441820278694e-12 1.207972503975915264e-17
1.150360770455408121e-12 1.851637110966023991e-17
1.216742703770834762e-12 2.832368797185288460e-17
1.286955227613917465e-12 4.322721070981185210e-17
1.361219387426656968e-12 6.581175265253616214e-17
1.439768984148431628e-12 9.993241238421338830e-17
1.522851310276020384e-12 1.513111304371688717e-16
1.610727928398205740e-12 2.284025218663592252e-16
1.703675494655959560e-12 3.436255193027899828e-16
1.801986629720663361e-12 5.151261494716811693e-16
1.905970840032404443e-12 7.692440832480506721e-16
2.015955492198603625e-12 1.143970333125999850e-15
2.132286843620659720e-12 1.693664522504506928e-15
2.255331132593198629e-12 2.495531186092619221e-15
2.385475731307859637e-12 3.658232563553014349e-15
2.523130365391528759e-12 5.333321929122972945e-15
2.668728403818414306e-12 7.730048913454916964e-15
2.822728223256907311e-12 1.113428243743717345e-14
2.985614651146509989e-12 1.593187519104873351e-14
3.157900492047976315e-12 2.263720186415799824e-14
3.340128142071977860e-12 3.192685529048406314e-14
3.532871296468858875e-12 4.467803252444391805e-14
3.736736755755460332e-12 6.201068911522724758e-14
3.952366336065003556e-12 8.533038435039273555e-14
4.180438889734351019e-12 1.163708541415043779e-13
4.421672442489894216e-12 1.572323796186370504e-13
4.676826453960421568e-12 2.104084160022642116e-13
4.946704208633608298e-12 2.788010455735289300e-13
5.232155344783409231e-12 3.657169336716535133e-13
5.534078529329998630e-12 4.748484703795392088e-13
5.853424287053365246e-12 6.102360618214850913e-13
6.191197993067578788e-12 7.762206231319130112e-13
6.548463037976676040e-12 9.773979879320640452e-13
6.926344175676993347e-12 1.218586911382792210e-12
7.326031064345373549e-12 1.504826183431213658e-12
7.748782011761266298e-12 1.841417075668781958e-12
8.195927936753909155e-12 2.234018262595251396e-12
8.668876559245855061e-12 2.688800220739993332e-12
9.169116832084513358e-12 3.212652827149976165e-12
9.698223628613962517e-12 3.813433574512158806e-12
1.025786270074422912e-11 4.500244702384498067e-12
1.084979592312807346e-11 5.283722161521613824e-12
1.147588683995403614e-11 6.176326048629141540e-12
1.213810653181962218e-11 7.192627208613735669e-12
1.283853982115352356e-11 8.349591992251128039e-12
1.357939183572448570e-11 9.666872292497072492e-12
1.436299495089870872e-11 1.116711113472093841e-11
1.519181613250328301e-11 1.287627487951728261e-11
1.606846470341105198e-11 1.482402385095917557e-11
1.699570055829926210e-11 1.704413186609343763e-11
1.797644285244354214e-11 1.957496394816809654e-11
1.901377919190079809e-11 2.246002052411905321e-11
2.011097535401555933e-11 2.574855542146841102e-11
2.127148556885006738e-11 2.949627445641401141e-11
2.249896339390881891e-11 3.376611893830708524e-11
2.379727321639116935e-11 3.862913731223793964e-11
2.517050241918652338e-11 4.416545207923158477e-11
2.662297424891059064e-11 5.046532418081012396e-11
2.815926142649744139e-11 5.763032525398958030e-11
2.978420054319339183e-11 6.577461796841935528e-11
3.150290728727748635e-11 7.502635564841810081e-11
3.332079254944469169e-11 8.552919954898233445e-11
3.524357945755410017e-11 9.744395633470011140e-11
3.727732139437466549e-11 1.109503308689715077e-10
3.942842105504840397e-11 1.262487874155429513e-10
4.170365060427297216e-11 1.435625078607482733e-10
4.411017299665831287e-11 1.631394242313862717e-10
4.665556452738394882e-11 1.852542979882627397e-10
4.934783868414645585e-11 2.102108113017999484e-10
5.219547137549290788e-11 2.383436072056498141e-10
5.520742761496348785e-11 2.700202234606585323e-10
5.839318974504880641e-11 3.056428099810109291e-10
6.176278728982294334e-11 3.456495395095578514e-10
6.532682853022845941e-11 3.905155495360321092e-10
6.909653390142722749e-11 4.407532506967484523e-10
7.308377131735167445e-11 4.969117831084377898e-10
7.730109353367508673e-11 5.595753716843893266e-10
8.176177766681910949e-11 6.293602802719160764e-10
8.647986699342320552e-11 7.069100173054021601e-10
9.147021516186078610e-11 7.928884185790808606e-10
9.674853295499827441e-11 8.879701970588062489e-10
1.023314377514142736e-10 9.928285264600359422e-10
1.082365058407899546e-10 1.108119256451816318e-09
1.144823277581819824e-10 1.234461377375803877e-09
1.210885668113701455e-10 1.372413520134084927e-09
1.280760209855515934e-10 1.522446391114484942e-09
1.354666884202573039e-10 1.684911402620854725e-09
1.432838366646428659e-10 1.860006153818478380e-09
1.515520759291694215e-10 2.047738064478509945e-09
1.602974365643050160e-10 2.247888231804166068e-09
1.695474510101500302e-10 2.459978612610705087e-09
1.793312404749979020e-10 2.683247009665925668e-09
1.896796066157102377e-10 2.916635621303508743e-09
2.006251285085293551e-10 3.158800777842781671e-09
2.122022652156340532e-10 3.408152732218528206e-09
2.244474642703180949e-10 3.662936011204437815e-09
2.373992764223537140e-10 3.921361115818464502e-09
2.510984770047587285e-10 4.181797875014706774e-09
2.655881943040864196e-10 4.443038361818557536e-09
2.809140453383478297e-10 4.704631683477991888e-09
2.971242794700588236e-10 4.967284975381803584e-09
3.142699303065073711e-10 5.233310868733149672e-09
3.324049763654847264e-10 5.507086852811637033e-09
3.515865110122851118e-10 5.795468475346233791e-09
3.718749222029593765e-10 6.108079726456532068e-09
3.933340825997317334e-10 6.457377931776785992e-09
4.160315506570632552e-10 6.858386612034996580e-09
4.400387833114753138e-10 7.327983100421153959e-09
4.654313609446804542e-10 7.883655800501318553e-09
4.922892253283101812e-10 8.541704461496892918e-09
5.206969312992888233e-10 9.314936949051051734e-09
5.507439129582463846e-10 1.021004696511653480e-08
5.825247652289645237e-10 1.122496389272050753e-08
6.161395416653199438e-10 1.234659528267321118e-08
6.516940694432747589e-10 1.354945816073827414e-08
6.893002825295526352e-10 1.479564136054447122e-08
7.290765740759591983e-10 1.603643410724236980e-08
7.711481691486843100e-10 1.721565565417915173e-08
8.156475189661139693e-10 1.827443939458270135e-08
8.627147178862100967e-10 1.915683002319326375e-08
9.124979444563319741e-10 1.981535831603807501e-08
9.651539279139272712e-10 2.021565496344717299e-08
1.020848441606825559e-09 2.033939638473360919e-08
1.079756824886513118e-09 2.018517221159313851e-08
1.142064535117378503e-09 1.976734594002557280e-08
1.207967731539893425e-09 1.911332712188930388e-08
1.277673892825731229e-09 1.825990141273745421e-08
1.351402470269175891e-09 1.724927901047560130e-08
1.429385578671067676e-09 1.612538764016499039e-08
1.511868727090511103e-09 1.493075622761631632e-08
1.599111591764752740e-09 1.370416007205717012e-08
1.691388833630740189e-09 1.247907102440356010e-08
1.788990963021929603e-09 1.128286092573686732e-08
1.892225254262758577e-09 1.013664484527036174e-08
2.001416713040090508e-09 9.055608605754481579e-09
2.116909099597053860e-09 8.049655284277123224e-09
2.239066010970731617e-09 7.124220051952635573e-09
2.368272025680577693e-09 6.281134362670013064e-09
2.504933914471593013e-09 5.519457300215775700e-09
2.649481920923664311e-09 4.836223329335160842e-09
2.802371115959029289e-09 4.227081272390323997e-09
2.964082830511862627e-09 3.686816908777132144e-09
3.135126170870689287e-09 3.209763573723684913e-09
3.316039621463937238e-09 2.790112255219137318e-09
3.507392740134855698e-09 2.422136067847654685e-09
3.709787951242828153e-09 2.100344838914522997e-09
3.923862442236008416e-09 1.819584527798267880e-09
4.150290169666518288e-09 1.575094432867391063e-09
4.389783980963121191e-09 1.362533036396662643e-09
4.643097858641748965e-09 1.177981363132806527e-09
4.911029294018605221e-09 1.017930887105579494e-09
5.194421797899455580e-09 8.792614418506292905e-10
5.494167556148704712e-09 7.592132364026264295e-10
5.811210238499280200e-09 6.553559812051264447e-10
6.146547969445444770e-09 5.655572453814377853e-10
6.501236470572142188e-09 4.879514688111729099e-10
6.876392384213483842e-09 4.209105264301992693e-10
7.273196788903711105e-09 3.630163597928406510e-10
7.692898917688808073e-09 3.130359253681244585e-10
8.136820091003984904e-09 2.698985331770885314e-10
8.606357876499606268e-09 2.326755343670518957e-10
9.102990488910668611e-09 2.005622453401948810e-10
9.628281443822692749e-09 1.728619541688590105e-10
1.018388447998407542e-08 1.489718342110825749e-10
1.077154876566265467e-08 1.283705836481025488e-10
1.139312440543611332e-08 1.106076117881020967e-10
1.205056826475390478e-08 9.529360169674712149e-11
1.274595013060737616e-08 8.209229099771634370e-11
1.348145922770284207e-08 7.071332487363062979e-11
1.425941111065323018e-08 6.090604941639364722e-11
1.508225495388500929e-08 5.245412944679980750e-11
1.595258126221238902e-08 4.517088432608019120e-11
1.687313002635169463e-08 3.889524867951700142e-11
1.784679934905332388e-08 3.348827719397942363e-11
1.887665456900628357e-08 2.883012188572631496e-11
1.996593791124169221e-08 2.481741833513768298e-11
2.111807869441473871e-08 2.136102777666393261e-11
2.233670412710186478e-08 1.838408537249317991e-11
2.362565072710174766e-08 1.582031422799726278e-11
2.498897639968974644e-08 1.361257183417084913e-11
2.643097321285326999e-08 1.171159359972466017e-11
2.795618090972456896e-08 1.007490989156745373e-11
2.956940120075442887e-08 8.665910894725359123e-12
3.127571288061850088e-08 7.453040912263805643e-12
3.308048781745141558e-08 6.409102913853386116e-12
3.498940786474268949e-08 5.510658219931724692e-12
3.700848274914108257e-08 4.737509568551928238e-12
3.914406899047833239e-08 4.072253930196014974e-12
4.140288991358022766e-08 3.499897695466820775e-12
4.379205681486571697e-08 3.007523836705109205e-12
4.631909135036960536e-08 2.584005405351193126e-12
4.899194921567585669e-08 2.219758039862993187e-12
5.181904519230599956e-08 1.906526762815468939e-12
5.480927963942043800e-08 1.637202158363522563e-12
5.797206651422848684e-08 1.405661684856357071e-12
6.131736300932858460e-08 1.206633260619288499e-12
6.485570090027719234e-08 1.035577339064899697e-12
6.859821970208135396e-08 8.885855105744331796e-13
7.255670173899747466e-08 7.622930046467935090e-13
7.674360923804100737e-08 6.538033302327374887e-13
8.117212356299335574e-08 5.606233280481041017e-13
8.585618671241458101e-08 4.806072095380670795e-13
9.081054521231740650e-08 4.119083417508744615e-13
9.605079654167637079e-08 3.529377013105884095e-13
1.015934382369414553e-07 3.023280933148572518e-13
1.074559198301371845e-07 2.589033136818369570e-13
1.136566977840727857e-07 2.216515953004779937e-13
1.202152935975995044e-07 1.897027282625237742e-13
1.271523552638546707e-07 1.623083551965130433e-13
1.344897222749736615e-07 1.388249987922293080e-13
1.422504943779139256e-07 1.186994431485847860e-13
1.504591042978638385e-07 1.014561457364951041e-13
1.591413946581698872e-07 8.668639554298663672e-14
1.683246993389622171e-07 7.403897830108120983e-14
1.780379295305953378e-07 6.321213894722037394e-14
1.883116647528406844e-07 5.394666231765369538e-14
1.991782491263592784e-07 4.601991660112878263e-14
2.106718931995621579e-07 3.924072634461976235e-14
2.228287816514103334e-07 3.344496016736318727e-14
2.356871872092470238e-07 2.849173369897497991e-14
2.492875911402951529e-07 2.426014251575697451e-14
2.636728106961450990e-07 2.064645135592722219e-14
2.788881339114822366e-07 1.756167624449759984e-14
2.949814621814005970e-07 1.492950495437664292e-14
3.120034610662039324e-07 1.268450861017785673e-14
3.300077197984266622e-07 1.077060384475552454e-14
3.490509199942778897e-07 9.139730730283035977e-15
3.691930141006117518e-07 7.750716299372154013e-15
3.904974141392594682e-07 6.568297816684062091e-15
4.130311913428908145e-07 5.562283390629230476e-15
4.368652873109406831e-07 4.706830819534284778e-15
4.620747373503574296e-07 3.979828092714278853e-15
4.887389067042813957e-07 3.362361331361519717e-15
5.169417404124019000e-07 2.838257900192841859e-15
5.467720275895545845e-07 2.393694145519222819e-15
5.783236809546313985e-07 2.016858711220579270e-15
6.116960324897614486e-07 1.697663597617164582e-15
6.469941461606342431e-07 1.427496257964668169e-15
6.843291486824103143e-07 1.199006948919040556e-15
7.238185793726244173e-07 1.005926376380953888e-15
7.655867601924211773e-07 8.429093546452060035e-16
8.097651871411649116e-07 7.054007982380560330e-16
8.564929442366025608e-07 5.895208950076104362e-16
9.059171413838480217e-07 4.919667414844870109e-16
9.581933775117887421e-07 4.099281055846178977e-16
1.013486230434866014e-06 3.410153098930141160e-16
1.071969774982546265e-06 2.831975118083538271e-16
1.133828131027555178e-06 2.347499003187532379e-16
1.199256043138320691e-06 1.942085361998959893e-16
1.268459493680377446e-06 1.603317445298969463e-16
1.341656351297030059e-06 1.320671211014669529e-16
1.419077056810799723e-06 1.085233484878923852e-16
1.500965348704976826e-06 8.894612979254234164e-17
1.587579030469401950e-06 7.269764834970400399e-17
1.679190782226083014e-06 5.923904464437483714e-17
1.776089019190028565e-06 4.811547434979996264e-17
1.878578799667725775e-06 3.894337384716926131e-17
1.986982785452075367e-06 3.139961268385725176e-17
2.101642257637099854e-06 2.521225871325343923e-17
2.222918191050687674e-06 2.015272052306503471e-17
2.351192390687697328e-06 1.602906590575594796e-17
2.486868693721375296e-06 1.268034391790617333e-17
2.630374240877235591e-06 9.971763170525726815e-18
2.782160821171865407e-06 7.790600035082356968e-18
2.942706294250468457e-06 6.042729040848638157e-18
3.112516094800673557e-06 4.649683118085983096e-18
3.292124823779203548e-06 3.546165036920468957e-18
3.482097931460585485e-06 2.677942703442854317e-18
3.683033497606936798e-06 2.000070925735636899e-18
3.895564114362781324e-06 1.475390602495129015e-18
4.120358877803154292e-06 1.073263494649284752e-18
4.358125494404383040e-06 7.685068697616404261e-19
4.609612509069592482e-06 5.404974901621414592e-19
4.875611661723144437e-06 3.724188882823400174e-19
5.156960379892907703e-06 2.506296183329681274e-19
5.454544415128078905e-06 1.641333884154394643e-19
5.769300631551998916e-06 1.041346843098077793e-19
6.102219955329646866e-06 6.366583376702262467e-20
6.454350494334709914e-06 3.727351351344861466e-20
6.826800837838439775e-06 2.075492210385305660e-20
7.220743546607680445e-06 1.093356203189788492e-20
7.637418844400534871e-06 5.460288254730567933e-21
8.078138522480561156e-06 2.652770636101609281e-21
8.544290069442452695e-06 1.365425499797942190e-21
9.037341039350676897e-06 8.575090328054601716e-22
9.558843671942560038e-06 6.858657089553416819e-22
1.011043977944221069e-05 6.146718434457688265e-22
1.069386591536898400e-05 5.439394374903987420e-22
1.131095884161431560e-05 4.509000315592306707e-22
1.196366131099729146e-05 3.475427885496350355e-22
1.265402818350512529e-05 2.534289134330361329e-22
1.338423289547247848e-05 1.813709168122926081e-22
1.415657430206764095e-05 1.335086528018636688e-22
1.497348391462574619e-05 1.040296416961887517e-22
1.583753355561512660e-05 8.449609433990627863e-23
1.675144345533598580e-05 6.850857423184479361e-23
1.771809081584098096e-05 5.365834833368260738e-23
1.874051886904054082e-05 4.066442136456469881e-23
1.982194645750794636e-05 3.108450812405579327e-23
2.096577816814893685e-05 2.541981767155446184e-23
2.217561505063673678e-05 2.266632303349968271e-23
2.345526595435907556e-05 2.115129889338642161e-23
2.480875951956593720e-05 1.965604669481541562e-23
2.624035686047176532e-05 1.788434072924168433e-23
2.775456498023867166e-05 1.611591500216489326e-23
2.935615096007649239e-05 1.462437922302745676e-23
3.105015696712939434e-05 1.344172880052190519e-23
3.284191612839621388e-05 1.249045301831857455e-23
3.473706932066218276e-05 1.173518595124434359e-23
3.674158292929696816e-05 1.117219021211530195e-23
3.886176763183193917e-05 1.077240977420841577e-23
4.110429826544743372e-05 1.048963125445614220e-23
4.347623484092212826e-05 1.028838058046861469e-23
4.598504476919643483e-05 1.014236391213363952e-23
4.863862637052951778e-05 1.002816904851108977e-23
5.144533374025698070e-05 9.928839979845904989e-24
5.441400304943685366e-05 9.835107257650200816e-24
5.755398036318277435e-05 9.743519617274737107e-24
6.087515106426078014e-05 9.654357441127282489e-24
6.438797097458740036e-05 9.568933747845585855e-24
6.810349927259990192e-05 9.487924691822223938e-24
7.203343331013785844e-05 9.411190396896402138e-24
7.619014543843968031e-05 9.338160607579286722e-24
8.058672195919941797e-05 9.268066529292821337e-24
8.523700432330230637e-05 9.200026960137710479e-24
9.015563270694927178e-05 9.133275988623341841e-24
9.535809210235596527e-05 9.067411692484941486e-24
1.008607610681263466e-04 9.002370522241902549e-24
1.066809632927877424e-04 8.938177870361646086e-24
1.128370221338098850e-04 8.874780767213410455e-24
1.193483183038217190e-04 8.812065863614660842e-24
1.262353508856228984e-04 8.749930271376948638e-24
1.335198018680932132e-04 8.688308606923390857e-24
1.412246044061592242e-04 8.627162658074494750e-24
1.493740150197323620e-04 8.566463727120201574e-24
1.579936899589014980e-04 8.506184559855799173e-24
1.671107659758084337e-04 8.446301293010254799e-24
1.767539457574910191e-04 8.386795836449547694e-24
1.869535882886483021e-04 8.327654692761144969e-24
1.977418044288285651e-04 8.268867112261587857e-24
2.091525580049171946e-04 8.210424552498020800e-24
2.212217727372114734e-04 8.152320713693300194e-24
2.339874453356849762e-04 8.094551070650302445e-24
2.474897651225219141e-04 8.037112405820911832e-24
2.617712405574929230e-04 7.980002435618285370e-24
2.768768330645334907e-04 7.923219201240106821e-24
2.928540985808122401e-04 7.866760251776550776e-24
3.097533372739433256e-04 7.810621488102330134e-24
3.276277518986791008e-04 7.754795684781598050e-24
3.465336152916132840e-04 7.699270890999600890e-24
3.665304475312381447e-04 7.644029355766492615e-24
3.876812033210578156e-04 7.589048063528864253e-24
4.100524701857265046e-04 7.534302108517890089e-24
4.337146781041326614e-04 7.479771198356961011e-24
4.587423212394540844e-04 7.425447090578705350e-24
4.852141924641870910e-04 7.371337702433369946e-24
5.132136314185477581e-04 7.317464792761011651e-24
5.428287868831315442e-04 7.263856532485605282e-24
5.741528942918909485e-04 7.210539546669543814e-24
6.072845692590896636e-04 7.157533965793452745e-24
6.423281180442971632e-04 7.104851994508146276e-24
6.793938659329021301e-04 7.052498903355168267e-24
7.185985045658898089e-04 7.000475305837780405e-24
7.600654593124184840e-04 6.948779455669426976e-24
8.039252778417482368e-04 6.897408539339517752e-24
8.503160411178186176e-04 6.846358887790401297e-24
8.993837981104192431e-04 6.795626073934491114e-24
9.512830255914671296e-04 6.745205348144634538e-24
1.006177114464046124e-03 6.695092038850068490e-24
1.064238884155154809e-03 6.645281454828080065e-24
1.125651126691642719e-03 6.595768552916815100e-24
1.190607182172303061e-03 6.546547891600027090e-24
1.259311547447675020e-03 6.497613889929939678e-24
1.331980519923964745e-03 6.448961206236224935e-24
1.408842878517810792e-03 6.400585069481417885e-24
1.490140603905869580e-03 6.352481530130524514e-24
1.576129640336523504e-03 6.304647609285020276e-24
1.667080701402242965e-03 6.257081291423239427e-24
1.763280122309220143e-03 6.209781376254068014e-24
1.865030761327625885e-03 6.162747219562259935e-24
1.972652953260224315e-03 6.115978447615742615e-24
2.086485517931178750e-03 6.069474722851794132e-24
2.206886826870176847e-03 6.023235629508653805e-24
2.334235931549735830e-03 5.977260639314854391e-24
2.468933756727903842e-03 5.931549119619695538e-24
2.611404362653059388e-03 5.886100338618516742e-24
2.762096280104848513e-03 5.840913485203083106e-24
2.921483922473871921e-03 5.795987699517821895e-24
3.090069079326011880e-03 5.751322072794381262e-24
3.268382496153210762e-03 5.706915681485036433e-24
3.456985545284528560e-03 5.662767568930511480e-24
3.656471993217422917e-03 5.618876770930297811e-24
3.867469869933424023e-03 5.575242312435807830e-24
4.090643446083537006e-03 5.531863212632077423e-24
4.326695324267451626e-03 5.488738484227065013e-24
4.576368650990874851e-03 5.445867133176624821e-24
4.840449456264345023e-03 5.403248171109716516e-24
5.119769128209708184e-03 5.360880610362577818e-24
5.415207030464179797e-03 5.318763463221735530e-24
5.727693270622764496e-03 5.276895742400158617e-24
6.058211628434256001e-03 5.235276456037688256e-24
6.407802652970187238e-03 5.193904618375849695e-24
6.777566938516481169e-03 5.152779239402254699e-24
7.168668589501426408e-03 5.111899337249155394e-24
7.582338885368931046e-03 5.071263929106019233e-24
8.019880156933891294e-03 5.030872035091025517e-24
8.482669886424230865e-03 4.990722674270366184e-24
8.972165044116761287e-03 4.950814866975339867e-24
9.489906675220673854e-03 4.911147643070394914e-24
1.003752475144793245e-02 4.871720024138775521e-24
1.061674330254547619e-02 4.832531038054747572e-24
1.122938584394363691e-02 4.793579712829668978e-24
1.187738111760959329e-02 4.754865084144906455e-24
1.256276916417782379e-02 4.716386186779553990e-24
1.328770774547469342e-02 4.678142061245974287e-24
1.405447913765781910e-02 4.640131746830590830e-24
1.486549731635464222e-02 4.602354283922292398e-24
1.572331555642237505e-02 4.564808706367451271e-24
1.663063447025372663e-02 4.527494062462857904e-24
1.759031050993694126e-02 4.490409397284553292e-24
1.860536496003449558e-02 4.453553757573967396e-24
1.967899344929286559e-02 4.416926192510888969e-24
2.081457601122991066e-02 4.380525753642367243e-24
2.201568772527010345e-02 4.344351499135312541e-24
2.328610997193080595e-02 4.308402483491266006e-24
2.462984233749156496e-02 4.272677760712515759e-24
2.605111520562798308e-02 4.237176386532269025e-24
2.755440307564793745e-02 4.201897430259446024e-24
2.914443864926206246e-02 4.166839959314644769e-24
3.082622773023435681e-02 4.132003036569150993e-24
3.260506498382428897e-02 4.097385727017884566e-24
3.448655060563037000e-02 4.062987107388077660e-24
3.647660795231445763e-02 4.028806256773700569e-24
3.858150218971514306e-02 3.994842243213542317e-24
4.080786001705365151e-02 3.961094140046431466e-24
4.316269052933304623e-02 3.927561025494788596e-24
4.565340728360673533e-02 3.894241980884563450e-24
4.828785163859158902e-02 3.861136085722896425e-24
5.107431744109726390e-02 3.828242419336610022e-24
5.402157713699598518e-02 3.795560069407278635e-24
5.713890938893156912e-02 3.763088127583114759e-24
6.043612828772149115e-02 3.730825685173477006e-24
6.392361424940838643e-02 3.698771833444163107e-24
6.761234669523512320e-02 3.666925665800330105e-24
7.151393861743324254e-02 3.635286277038699213e-24
7.564067313963573902e-02 3.603852764007282919e-24
8.000554218702340958e-02 3.572624226971012609e-24
8.462228738794053129e-02 3.541599766167273426e-24
8.950544333575774503e-02 3.510778483904783968e-24
9.467038334716788850e-02 3.480159483136117823e-24
1.001333678609829664e-01 3.449741876553000007e-24
1.059115956297942696e-01 3.419524777779063213e-24
1.120232578656716743e-01 3.389507300568062215e-24
1.184875955103505546e-01 3.359688559852449363e-24
1.253249598102121054e-01 3.330067669898765330e-24
1.325568763867711330e-01 3.300643746938545353e-24
1.402061130043620318e-01 3.271415909065001724e-24
1.482967512483863159e-01 3.242383279327087287e-24
1.568542623397696234e-01 3.213544981935112447e-24
1.659055873243277801e-01 3.184900142081784241e-24
1.754792218894737077e-01 3.156447890786087574e-24
1.856053060753068140e-01 3.128187360390546770e-24
1.963157191625005404e-01 3.100117680805892500e-24
2.076441800357408385e-01 3.072237981314541580e-24
2.196263533386549893e-01 3.044547401365551350e-24
2.322999617544432571e-01 3.017045075870872908e-24
2.457049047657164365e-01 2.989730142062635246e-24
2.598833842673891059e-01 2.962601740689491768e-24
2.748800374281167302e-01 2.935659015732784319e-24
2.907420772185302926e-01 2.908901115904058707e-24
3.075194410487205321e-01 2.882327187900795536e-24
3.252649479828723655e-01 2.855936384797831278e-24
3.440344650260338533e-01 2.829727858054488561e-24
3.638870830064998008e-01 2.803700764886316870e-24
3.848853026075723660e-01 2.777854260407434441e-24
4.070952311343178365e-01 2.752187505608648458e-24
4.305867906348102014e-01 2.726699658437072908e-24
4.554339380311064334e-01 2.701389880319847824e-24
4.817148979529171648e-01 2.676257331770085200e-24
5.095124090070384248e-01 2.651301174915653783e-24
5.389139842578152262e-01 2.626520579873979711e-24
5.700121867387547558e-01 2.601914711545593398e-24
6.029049208625821832e-01 2.577482747527682272e-24
6.376957406472337775e-01 2.553223861642331813e-24
6.744941757280965566e-01 2.529137231820947471e-24
7.134160761829416719e-01 2.505222035771552934e-24
7.545839772550431146e-01 2.481477451047998088e-24
7.981274851227546652e-01 2.457902660504489749e-24
8.441836849300998757e-01 2.434496844075630023e-24
8.928975723628346239e-01 2.411259184348192676e-24
9.444225101287825330e-01 2.388188869250255646e-24
9.989207107794663143e-01 2.365285091893371818e-24
1.056563747393195474e+00 2.342547048233221027e-24
1.117533093727201221e+00 2.319973933887999048e-24
1.182020695539475863e+00 2.297564946633766921e-24
1.250229574878858774e+00 2.275319282680136607e-24
1.322374469245974682e+00 2.253236139654588865e-24
1.398682507637067918e+00 2.231314715385894635e-24
1.479393925599154169e+00 2.209554213070598590e-24
1.564762821547760474e+00 2.187953838181223235e-24
1.655057956728106516e+00 2.166512800389170124e-24
1.750563601338370523e+00 2.145230309096476279e-24
1.851580429478683731e+00 2.124105577076117790e-24
1.958426465743585254e+00 2.103137819101967110e-24
2.071438086437748627e+00 2.082326248704874231e-24
2.190971078567273800e+00 2.061670086136150877e-24
2.317401759940299399e+00 2.041168549895122605e-24
2.451128163903556256e+00 2.020820860785355364e-24
2.592571292444364683e+00 2.000626241573273571e-24
2.742176441603261239e+00 1.980583917689278204e-24
2.900414603370175204e+00 1.960693118016987303e-24
3.067783948477258438e+00 1.940953070351189714e-24
3.244811394756877743e+00 1.921363005323548800e-24
3.432054266002050102e+00 1.901922156044384128e-24
3.630102046552209583e+00 1.882629760143353172e-24
3.839578237127637017e+00 1.863485054897124942e-24
4.061142317755574993e+00 1.844487279765449170e-24
4.295491823967415357e+00 1.825635677480134276e-24
4.543364542803847606e+00 1.806929492213891653e-24
4.805540835540877076e+00 1.788367969478093011e-24
5.082846094449466889e+00 1.769950353214075722e-24
5.376153341323622215e+00 1.751675891987121206e-24
5.686385975956978811e+00 1.733543839454153643e-24
6.014520683221344477e+00 1.715553450931704953e-24
6.361590507898848834e+00 1.697703983254638009e-24
6.728688106948752079e+00 1.679994694834421400e-24
7.116969189446838762e+00 1.662424844019976026e-24
7.527656155027930396e+00 1.644993691094391482e-24
7.962041942285507545e+00 1.627700496021712028e-24
8.421494099245073528e+00 1.610544525465424902e-24
8.907459088724936080e+00 1.593525047619182215e-24
9.421466842139130549e+00 1.576641331654293995e-24
9.965135576079672930e+00 1.559892650650373906e-24
1.054017688684047194e+01 1.543278275850019696e-24
1.114840113892282680e+01 1.526797485122243765e-24
1.179172316448581626e+01 1.510449555345243507e-24
1.247216829168617913e+01 1.494233764391942596e-24
1.319187872088468438e+01 1.478149393433090414e-24
1.395312026879339129e+01 1.462195724561502376e-24
1.475828950179709764e+01 1.446372045497323209e-24
1.560992128090431841e+01 1.430677642207868973e-24
1.651069674208241977e+01 1.415111804090102107e-24
1.746345173710024312e+01 1.399673822951577742e-24
1.847118576145379976e+01 1.384362992737654447e-24
1.953707139747739419e+01 1.369178610298776853e-24
2.066446430237695253e+01 1.354119971468033761e-24
2.185691377262140378e+01 1.339186375569013491e-24
2.311817391795870336e+01 1.324377124379756769e-24
2.445221548023225111e+01 1.309691520873619714e-24
2.586323833420249940e+01 1.295128869688233077e-24
2.735568470973564459e+01 1.280688477260532571e-24
2.893425317698337196e+01 1.266369652868362756e-24
3.060391343857767410e+01 1.252171707221465414e-24
3.236992197541790972e+01 1.238093952358976987e-24
3.423783859530345808e+01 1.224135702847192122e-24
3.621354393650489101e+01 1.210296277541159320e-24
3.830325798139268301e+01 1.196574996007589177e-24
4.051355963839206709e+01 1.182971181027016437e-24
4.285140745392659767e+01 1.169484157250117193e-24
4.532416151955153794e+01 1.156113248638015020e-24
4.793960664323889631e+01 1.142857781609411250e-24
5.070597685777502051e+01 1.129717082987253108e-24
5.363198134342366785e+01 1.116690484091041156e-24
5.672683184645701715e+01 1.103777317474177499e-24
6.000027167988898213e+01 1.090976917780226543e-24
6.346260639770584788e+01 1.078288621960242963e-24
6.712473623915299470e+01 1.065711771503891201e-24
7.099819044524484468e+01 1.053245707580355167e-24
7.509516355550391609e+01 1.040889773652966993e-24
7.942855379922556835e+01 1.028643312973876291e-24
8.401200370212360724e+01 1.016505671762587981e-24
8.885994303618362267e+01 1.004476199678900220e-24
9.398763424796256061e+01 9.925542489674115674e-25
9.941122050834390222e+01 9.807391734529089881e-25
1.051477765350052920e+02 9.690303276256938378e-25
1.112153623476260975e+02 9.574270677115230675e-25
1.176330801250580009e+02 9.459287523105866462e-25
1.244211343434377142e+02 9.345347426058073638e-25
1.316008953846170186e+02 9.232444005262833554e-25
1.391949668151080459e+02 9.120570894871907142e-25
1.472272565474011685e+02 9.009721777484786840e-25
1.557230521076712080e+02 8.899890347539252984e-25
1.647091002468084469e+02 8.791070300810390730e-25
1.742136911454506105e+02 8.683255347349361067e-25
1.842667474780954535e+02 8.576439236790752778e-25
1.948999186166595905e+02 8.470615763998362418e-25
2.061466802701093002e+02 8.365778724434562959e-25
2.180424398738300056e+02 8.261921919261569074e-25
2.306246480604884823e+02 8.159039171586243767e-25
2.439329165634087246e+02 8.057124326628554975e-25
2.580091429235453688e+02 7.956171251455541918e-25
2.728976423927489918e+02 7.856173823421742417e-25
2.886452874485543703e+02 7.757125945494631621e-25
3.053016553596739300e+02 7.659021549400776619e-25
3.229191842668429899e+02 7.561854588903621379e-25
3.415533382703646339e+02 7.465619030518663708e-25
3.612627820440352480e+02 7.370308861444590937e-25
3.821095655252681240e+02 7.275918087666981621e-25
4.041593192628248516e+02 7.182440736316589652e-25
4.274814610370848982e+02 7.089870849164659025e-25
4.521494144035006002e+02 6.998202480787585016e-25
4.782408398470711859e+02 6.907429720629912759e-25
5.058378792757262659e+02 6.817546672624939534e-25
5.350274146222842546e+02 6.728547468211311774e-25
5.659013413690432799e+02 6.640426258399413488e-25
5.985568578562681523e+02 6.553177205928788463e-25
6.330967712853229159e+02 6.466794501048382334e-25
6.696298213797218750e+02 6.381272341761010045e-25
7.082710227232307716e+02 6.296604950801355033e-25
7.491420268527047028e+02 6.212786564681091974e-25
7.923715052454904253e+02 6.129811443965947364e-25
8.380955544074181489e+02 6.047673875537427793e-25
8.864581243363372778e+02 5.966368161482120808e-25
9.376114717104015881e+02 5.885888627298698007e-25
9.917166392277414388e+02 5.806229620448495603e-25
1.048943962606441573e+03 5.727385502986865642e-25
1.109473606841251012e+03 5.649350663559154628e-25
1.173496133405168393e+03 5.572119496236801088e-25
1.241213100181410937e+03 5.495686423733035844e-25
1.312837696014805260e+03 5.420045887607757585e-25
1.388595411880187385e+03 5.345192343428549759e-25
1.468724750780564591e+03 5.271120274483493493e-25
1.553477978610513674e+03 5.197823425011928495e-25
1.643121918348039571e+03 5.125292973676110031e-25
1.737938790075762427e+03 5.053526808386787404e-25
1.838227099475815521e+03 4.982519316350381727e-25
1.944302577595362209e+03 4.912264912252692186e-25
2.056499174841830609e+03 4.842758035640061769e-25
2.175170112336988950e+03 4.773991128436968089e-25
2.300688993939424563e+03 4.705962412568460370e-25
2.433450982436940194e+03 4.638664652813011150e-25
2.573874043611528577e+03 4.572092369499894144e-25
2.722400262093105994e+03 4.506240094126526224e-25
2.879497233145622886e+03 4.441102375779591535e-25
3.045659534765990429e+03 4.376673563996735024e-25
3.221410284731371121e+03 4.312947734686913963e-25
3.407302787496425026e+03 4.249919013236630080e-25
3.603922276124794735e+03 4.187581576528952230e-25
3.811887754739770571e+03 4.125929650811940600e-25
4.031853947294199770e+03 4.064957498945252075e-25
4.264513358794209125e+03 4.004648800197349963e-25
4.510598455467056738e+03 3.945017341888007972e-25
4.770883970736303127e+03 3.886047241421224387e-25
5.046189344263269959e+03 3.827732003364408182e-25
5.337381301735295892e+03 3.770065226095645810e-25
5.645376583520307577e+03 3.713040585257183742e-25
5.971144830780067423e+03 3.656651424604198670e-25
6.315711638127577316e+03 3.600890214584565260e-25
6.680161782438150112e+03 3.545749490543791615e-25
7.065642637980916334e+03 3.491221967971897397e-25
7.473367788621662839e+03 3.437299886997364488e-25
7.904620848467922769e+03 3.383974392857588629e-25
8.360759502986626103e+03 3.331182606796931485e-25
8.843219783315835230e+03 3.279016478587502063e-25
9.353520587225575582e+03 3.227417975115116674e-25
9.893268460964298356e+03 3.176376823751601364e-25
1.046416265704108991e+04 3.125881681078016423e-25
1.106800048387028255e+04 3.075920163208976898e-25
1.170668296411915981e+04 3.026479581254783971e-25
1.238222081957074988e+04 2.977545447703444804e-25
1.309674080134662290e+04 2.929102893530501300e-25
1.385249238541736668e+04 2.881135082500075677e-25
1.465185485447765859e+04 2.833624270958396630e-25
1.549734478848507206e+04 2.786322242091369552e-25
1.639162398744301754e+04 2.739634346705052053e-25
1.733750785136773993e+04 2.693335443022062655e-25
1.833797424382798272e+04 2.647399747329879803e-25
1.939617286695385701e+04 2.601799009156560564e-25
2.051543517743638586e+04 2.556502462425026218e-25
2.169928487473313362e+04 2.511476568611721906e-25
2.295144899449609875e+04 2.466684806179832346e-25
2.427586964215223634e+04 2.422087490634827480e-25
2.567671640357436263e+04 2.377641623085789276e-25
2.715839947191005922e+04 2.333300817689686531e-25
2.872558353190195339e+04 2.289015306640182074e-25
3.038320244540745625e+04 2.243741529719518193e-25
3.213647478434675941e+04 2.199286978882757835e-25
3.399092025998867757e+04 2.154708175682078581e-25
3.595237710029412847e+04 2.109944015451799063e-25
3.802702043001889251e+04 2.064932763109642679e-25
4.022138171145482193e+04 2.019613805679243545e-25
4.254236930699619552e+04 1.973929963661921280e-25
4.499729022828138841e+04 1.927830692657965272e-25
4.759387314037643955e+04 1.881276298887351098e-25
5.034029269341540203e+04 1.834243581226340101e-25
5.324519525831233477e+04 1.786733037122659389e-25
5.631772614756136318e+04 1.738778140567037484e-25
5.956755840681365225e+04 1.687402363804015901e-25
6.300492326788912760e+04 1.638703973774002383e-25
6.664064235908980481e+04 1.590031838854104466e-25
7.048616177420875465e+04 1.541712223283455124e-25
7.455358810751815327e+04 1.494190019702138897e-25
7.885572656815113442e+04 1.448045132424132948e-25
8.340612129389727488e+04 1.403996381565309247e-25
8.821909799131944601e+04 1.362873532339242638e-25
9.330980903641979967e+04 1.325515647989467305e-25
9.869428117786592338e+04 1.292499411119516724e-25
1.043894659929480258e+05 1.263453079695032300e-25
1.104132932550984406e+05 1.235197233361910793e-25
1.167847273810149491e+05 1.187338081721050896e-25
1.235238271350848372e+05 1.089603239739622679e-25
1.306518087790518912e+05 9.429366695950055284e-26
1.381911128657849622e+05 7.606206960235124434e-26
1.461654748873710632e+05 5.756271452669514885e-26
1.546000000000000000e+05 3.912949031724362357e-26
