# MPBH  fPBH
1.201785891427795337e+21 0.000000000000000000e+00
1.074231111014267748e+21 0.000000000000000000e+00
9.602147005569834680e+20 0.000000000000000000e+00
8.582997287196341043e+20 0.000000000000000000e+00
7.672017767410550702e+20 0.000000000000000000e+00
6.857727511025449697e+20 0.000000000000000000e+00
6.129864142813123052e+20 0.000000000000000000e+00
5.479254512363601265e+20 0.000000000000000000e+00
4.897699086276821647e+20 0.000000000000000000e+00
4.377868610700709724e+20 0.000000000000000000e+00
3.913211741868798116e+20 0.000000000000000000e+00
3.497872480519430472e+20 0.000000000000000000e+00
3.126616369635069788e+20 0.000000000000000000e+00
2.794764525383240253e+20 0.000000000000000000e+00
2.498134669861092393e+20 0.000000000000000000e+00
2.232988422488377917e+20 0.000000000000000000e+00
1.995984185770253681e+20 0.000000000000000000e+00
1.784135031656519762e+20 0.000000000000000000e+00
1.594771057745445519e+20 0.000000000000000000e+00
1.425505738913239204e+20 0.000000000000000000e+00
1.274205850303899238e+20 0.000000000000000000e+00
1.138964582623472845e+20 0.000000000000000000e+00
1.018077510914950103e+20 0.000000000000000000e+00
9.100211139519066931e+19 0.000000000000000000e+00
8.134335735341185434e+19 0.000000000000000000e+00
7.270976117016267981e+19 0.000000000000000000e+00
6.499251495672816435e+19 0.000000000000000000e+00
5.809435944253819290e+19 0.000000000000000000e+00
5.192835823149574554e+19 0.000000000000000000e+00
4.641680215590877594e+19 0.000000000000000000e+00
4.149022991976697037e+19 0.000000000000000000e+00
3.708655268867956736e+19 0.000000000000000000e+00
3.315027159381744435e+19 0.000000000000000000e+00
2.963177828818002739e+19 0.000000000000000000e+00
2.648672974020560486e+19 0.000000000000000000e+00
2.367548938534463898e+19 0.000000000000000000e+00
2.116262759251510477e+19 0.000000000000000000e+00
1.891647514989531955e+19 0.000000000000000000e+00
1.690872414270368563e+19 0.000000000000000000e+00
1.511407119288990106e+19 0.000000000000000000e+00
1.350989856454168371e+19 0.000000000000000000e+00
1.207598911602767462e+19 0.000000000000000000e+00
1.079427150646160589e+19 0.000000000000000000e+00
9.648592445364527104e+18 0.000000000000000000e+00
8.624513115222022144e+18 0.000000000000000000e+00
7.709127201281265664e+18 0.000000000000000000e+00
6.890898235245458432e+18 0.000000000000000000e+00
6.159514202932973568e+18 0.000000000000000000e+00
5.505757583544066048e+18 0.000000000000000000e+00
4.921389182659679232e+18 0.000000000000000000e+00
4.399044294937727488e+18 0.000000000000000000e+00
3.932139887861088768e+18 0.000000000000000000e+00
3.514791636788256256e+18 0.000000000000000000e+00
3.141739765712296448e+18 0.000000000000000000e+00
2.808282759110419968e+18 0.000000000000000000e+00
2.510218109464841216e+18 0.000000000000000000e+00
2.243789353704992000e+18 0.000000000000000000e+00
2.005638731079508480e+18 0.000000000000000000e+00
1.792764865812395008e+18 0.000000000000000000e+00
1.602484941224408576e+18 0.000000000000000000e+00
1.432400888605834752e+18 0.000000000000000000e+00
1.280369164724310272e+18 0.000000000000000000e+00
1.144473737078184064e+18 0.000000000000000000e+00
1.023001936432712576e+18 0.000000000000000000e+00
9.144228723123479040e+17 0.000000000000000000e+00
8.173681394228358400e+17 0.000000000000000000e+00
7.306145718491415040e+17 0.000000000000000000e+00
6.530688276829976320e+17 0.000000000000000000e+00
5.837536098024994560e+17 0.000000000000000000e+00
5.217953491463538560e+17 0.000000000000000000e+00
4.664131952569543680e+17 0.000000000000000000e+00
4.169091753418162560e+17 0.000000000000000000e+00
3.726593978295084800e+17 0.000000000000000000e+00
3.331061895598502400e+17 0.000000000000000000e+00
2.977510675145966080e+17 0.000000000000000000e+00
2.661484565124024320e+17 0.000000000000000000e+00
2.379000736931417280e+17 0.000000000000000000e+00
2.126499090200993920e+17 0.000000000000000000e+00
1.900797385400733120e+17 0.000000000000000000e+00
1.699051138556921600e+17 0.000000000000000000e+00
1.518717772658855040e+17 0.000000000000000000e+00
1.357524573950663200e+17 0.000000000000000000e+00
1.213440049268380480e+17 0.000000000000000000e+00
1.084648323443141920e+17 0.000000000000000000e+00
9.695262541048836800e+16 0.000000000000000000e+00
8.666229754679761600e+16 0.000000000000000000e+00
7.746416132922185600e+16 0.000000000000000000e+00
6.924229405756680000e+16 0.000000000000000000e+00
6.189307679945050400e+16 0.000000000000000000e+00
5.532388849678852800e+16 0.000000000000000000e+00
4.945193867680320000e+16 0.000000000000000000e+00
4.420322405639040800e+16 0.000000000000000000e+00
3.951159589009187200e+16 0.000000000000000000e+00
3.531792630759992800e+16 0.000000000000000000e+00
3.156936313427546400e+16 0.000000000000000000e+00
2.821866380329620800e+16 0.000000000000000000e+00
2.522359996483137200e+16 0.000000000000000000e+00
2.254642528862489200e+16 0.000000000000000000e+00
2.015339975278355600e+16 0.000000000000000000e+00
1.801436442345522000e+16 0.000000000000000000e+00
1.610236136641055400e+16 0.000000000000000000e+00
1.439329390033174200e+16 0.000000000000000000e+00
1.286562291003330800e+16 0.000000000000000000e+00
1.150009539229647000e+16 0.000000000000000000e+00
1.027950181322202400e+16 0.000000000000000000e+00
9.188459219113844000e+15 0.000000000000000000e+00
8.213217367472303000e+15 0.000000000000000000e+00
7.341485434796801000e+15 0.000000000000000000e+00
6.562277117221973000e+15 0.000000000000000000e+00
5.865772171814851000e+15 0.000000000000000000e+00
5.243192653559131000e+15 0.000000000000000000e+00
4.686692288260294000e+15 0.000000000000000000e+00
4.189257587155107500e+15 0.000000000000000000e+00
3.744619456988324500e+15 0.000000000000000000e+00
3.347174191591757500e+15 0.000000000000000000e+00
2.991912849234775000e+15 0.000000000000000000e+00
2.674358125699828000e+15 0.000000000000000000e+00
2.390507927503963000e+15 0.000000000000000000e+00
2.136784934128411250e+15 0.000000000000000000e+00
1.909991513596681000e+15 0.000000000000000000e+00
1.707269423209115750e+15 0.000000000000000000e+00
1.526063787548467250e+15 0.000000000000000000e+00
1.364090899776821750e+15 0.000000000000000000e+00
1.219309440428513500e+15 0.000000000000000000e+00
1.089894750973952500e+15 0.000000000000000000e+00
9.742158379279912500e+14 0.000000000000000000e+00
8.708148176891430000e+14 0.000000000000000000e+00
7.783885430561305000e+14 0.000000000000000000e+00
6.957721798635395000e+14 0.000000000000000000e+00
6.219245267554671250e+14 0.000000000000000000e+00
5.559148930845039375e+14 0.000000000000000000e+00
4.969113695602263750e+14 0.000000000000000000e+00
4.441703438239891250e+14 0.000000000000000000e+00
3.970271288163981250e+14 0.000000000000000000e+00
3.548875858282353750e+14 0.000000000000000000e+00
3.172206366614192500e+14 0.000000000000000000e+00
2.835515705319151875e+14 0.000000000000000000e+00
2.534560613625246250e+14 0.000000000000000000e+00
2.265548200664024375e+14 0.000000000000000000e+00
2.025088144248621875e+14 0.000000000000000000e+00
1.810149963163150938e+14 0.000000000000000000e+00
1.618024824472668125e+14 0.000000000000000000e+00
1.446291404517095938e+14 0.000000000000000000e+00
1.292785373340463906e+14 0.000000000000000000e+00
1.155572117972362812e+14 0.000000000000000000e+00
1.032922360797362969e+14 0.000000000000000000e+00
9.232903657344170312e+13 0.000000000000000000e+00
8.252944575620690625e+13 0.000000000000000000e+00
7.376996088775303125e+13 0.000000000000000000e+00
6.594018752357036719e+13 0.000000000000000000e+00
5.894144823066431250e+13 0.000000000000000000e+00
5.268553897099946875e+13 0.000000000000000000e+00
4.709361747953472656e+13 0.000000000000000000e+00
4.209520962724739062e+13 0.000000000000000000e+00
3.762732124649287500e+13 0.000000000000000000e+00
3.363364422516961719e+13 0.000000000000000000e+00
3.006384686421766797e+13 0.000000000000000000e+00
2.687293955493378125e+13 0.000000000000000000e+00
2.402070778183212891e+13 0.000000000000000000e+00
2.147120530527289453e+13 0.000000000000000000e+00
1.919230113651613672e+13 0.000000000000000000e+00
1.715527459579834375e+13 0.000000000000000000e+00
1.533445335000965820e+13 0.000000000000000000e+00
1.370688986821659375e+13 0.000000000000000000e+00
1.225207221744887500e+13 0.000000000000000000e+00
1.095166555395357031e+13 0.000000000000000000e+00
9.789281051970986328e+12 0.000000000000000000e+00
8.750269357877147461e+12 0.000000000000000000e+00
7.821535966626232422e+12 0.000000000000000000e+00
6.991376193711758789e+12 0.000000000000000000e+00
6.249327662822636719e+12 0.000000000000000000e+00
5.586038450118961914e+12 0.000000000000000000e+00
4.993149223369992188e+12 0.000000000000000000e+00
4.463187890571968750e+12 0.000000000000000000e+00
3.989475430318454102e+12 0.000000000000000000e+00
3.566041717117795410e+12 0.000000000000000000e+00
3.187550280817082031e+12 0.000000000000000000e+00
2.849231051887155762e+12 0.000000000000000000e+00
2.546820244967887695e+12 0.000000000000000000e+00
2.276506623035071777e+12 0.000000000000000000e+00
2.034883464964716797e+12 0.000000000000000000e+00
1.818905631149144287e+12 0.000000000000000000e+00
1.625851186069483154e+12 0.000000000000000000e+00
1.453287094159750000e+12 0.000000000000000000e+00
1.299038556632715820e+12 0.000000000000000000e+00
1.161161602824302979e+12 0.000000000000000000e+00
1.037918590629420288e+12 0.000000000000000000e+00
9.277563072649774170e+11 0.000000000000000000e+00
8.292863943673856201e+11 0.000000000000000000e+00
7.412678507249854736e+11 0.000000000000000000e+00
6.625913921301029053e+11 0.000000000000000000e+00
5.922654712402861328e+11 0.000000000000000000e+00
5.294037812592068481e+11 0.000000000000000000e+00
4.732140859480211792e+11 0.000000000000000000e+00
4.229882351935444946e+11 0.000000000000000000e+00
3.780932403009705811e+11 0.000000000000000000e+00
3.379632965344215088e+11 0.000000000000000000e+00
3.020926523666287231e+11 0.000000000000000000e+00
2.700292355699921875e+11 0.000000000000000000e+00
2.413689558196265869e+11 0.000000000000000000e+00
2.157506120049582214e+11 0.000000000000000000e+00
1.928513400675241699e+11 0.000000000000000000e+00
1.723825439947542114e+11 0.000000000000000000e+00
1.540862586886812439e+11 0.000000000000000000e+00
1.377318988713712463e+11 0.000000000000000000e+00
1.231133530540263214e+11 0.000000000000000000e+00
1.100463859454987946e+11 0.000000000000000000e+00
9.836631656317005920e+10 0.000000000000000000e+00
8.792594278378042603e+10 0.000000000000000000e+00
7.859368617764491272e+10 0.000000000000000000e+00
7.025193374587947083e+10 0.000000000000000000e+00
6.279555566181394958e+10 0.000000000000000000e+00
5.613058033590798950e+10 0.000000000000000000e+00
5.017301010621887970e+10 0.000000000000000000e+00
4.484776262874925995e+10 0.000000000000000000e+00
4.008772462617977905e+10 0.000000000000000000e+00
3.583290606952714539e+10 0.000000000000000000e+00
3.202968413300823593e+10 0.000000000000000000e+00
2.863012739379020691e+10 0.000000000000000000e+00
2.559139175961857986e+10 0.000000000000000000e+00
2.287518051129336929e+10 0.000000000000000000e+00
2.044726165498922348e+10 0.000000000000000000e+00
1.827703650168719482e+10 0.000000000000000000e+00
1.633715403658936882e+10 0.000000000000000000e+00
1.460316621847365189e+10 0.000000000000000000e+00
1.305321986477944374e+10 0.000000000000000000e+00
1.166778123929906654e+10 0.000000000000000000e+00
1.042938987149584961e+10 0.000000000000000000e+00
9.322438504871612549e+09 0.000000000000000000e+00
8.332976401106387138e+09 0.000000000000000000e+00
7.448533521042725563e+09 0.000000000000000000e+00
6.657963366694657326e+09 0.000000000000000000e+00
5.951302503642685890e+09 0.000000000000000000e+00
5.319644993397876740e+09 0.000000000000000000e+00
4.755030153224778175e+09 0.000000000000000000e+00
4.250342228877706528e+09 0.000000000000000000e+00
3.799220715841194153e+09 0.000000000000000000e+00
3.395980198866990089e+09 0.000000000000000000e+00
3.035538699557549477e+09 0.000000000000000000e+00
2.713353628971627712e+09 0.000000000000000000e+00
2.425364538072470188e+09 0.000000000000000000e+00
2.167941944511270046e+09 0.000000000000000000e+00
1.937841590817755461e+09 0.000000000000000000e+00
1.732163557520747900e+09 0.000000000000000000e+00
1.548315715907815456e+09 0.000000000000000000e+00
1.383981059824609756e+09 0.000000000000000000e+00
1.237088504801620483e+09 0.000000000000000000e+00
1.105786786494212151e+09 0.000000000000000000e+00
9.884211294819837809e+08 0.000000000000000000e+00
8.835123923879102468e+08 0.000000000000000000e+00
7.897384264863963127e+08 0.000000000000000000e+00
7.059174128656411171e+08 0.000000000000000000e+00
6.309929681451379061e+08 0.000000000000000000e+00
5.640208310379110575e+08 0.000000000000000000e+00
5.041569619703328609e+08 0.000000000000000000e+00
4.506469057808102369e+08 0.000000000000000000e+00
4.028162834370791912e+08 0.000000000000000000e+00
3.600622929406803846e+08 0.000000000000000000e+00
3.218461123058128953e+08 0.000000000000000000e+00
2.876861088684768677e+08 0.000000000000000000e+00
2.571517693438681960e+08 0.000000000000000000e+00
2.298582741334711909e+08 0.000000000000000000e+00
2.054616475026700497e+08 0.000000000000000000e+00
1.836544225073187947e+08 0.000000000000000000e+00
1.641617660349892974e+08 0.000000000000000000e+00
1.467380151254054904e+08 0.000000000000000000e+00
1.311635809178272188e+08 0.000000000000000000e+00
1.172421812063124925e+08 0.000000000000000000e+00
1.047983667251764089e+08 0.000000000000000000e+00
9.367530998880152404e+07 0.000000000000000000e+00
8.373282881888623536e+07 0.000000000000000000e+00
7.484561964994895458e+07 0.000000000000000000e+00
6.690167834770779312e+07 0.000000000000000000e+00
5.980088863815324008e+07 0.000000000000000000e+00
5.345376035749829561e+07 0.000000000000000000e+00
4.778030162136893719e+07 0.000000000000000000e+00
4.270901069935198873e+07 0.000000000000000000e+00
3.817597488965163380e+07 0.000000000000000000e+00
3.412406503710996360e+07 0.000000000000000000e+00
3.050221554322528839e+07 0.000000000000000000e+00
2.726478079424533993e+07 0.000000000000000000e+00
2.437095989649694413e+07 0.000000000000000000e+00
2.178428246898004040e+07 0.000000000000000000e+00
1.947214901274861768e+07 0.000000000000000000e+00
1.740542006442507729e+07 0.000000000000000000e+00
1.555804895601134561e+07 0.000000000000000000e+00
1.390675355272679403e+07 0.000000000000000000e+00
1.243072283183386922e+07 0.000000000000000000e+00
1.111135460450994410e+07 0.000000000000000000e+00
9.932021075314272195e+06 0.000000000000000000e+00
8.877859284631980583e+06 0.000000000000000000e+00
7.935583793073281646e+06 0.000000000000000000e+00
7.093319247118237428e+06 0.000000000000000000e+00
6.340450715857420117e+06 0.000000000000000000e+00
5.667489912645488977e+06 0.000000000000000000e+00
5.065955615679735318e+06 0.000000000000000000e+00
4.528266780462178402e+06 0.000000000000000000e+00
4.047646997058414854e+06 0.000000000000000000e+00
3.618039088042384479e+06 0.000000000000000000e+00
3.234028770818141755e+06 0.000000000000000000e+00
2.890776422246595845e+06 0.000000000000000000e+00
2.583956085617256351e+06 0.000000000000000000e+00
2.309700951279202010e+06 0.000000000000000000e+00
2.064554623832042562e+06 0.000000000000000000e+00
1.845427561704726657e+06 0.000000000000000000e+00
1.649558140136908973e+06 0.000000000000000000e+00
1.474477846845620777e+06 0.000000000000000000e+00
1.317980171743480023e+06 0.000000000000000000e+00
1.178092798630459933e+06 0.000000000000000000e+00
1.053052748395276256e+06 0.000000000000000000e+00
9.412841604600002756e+05 0.000000000000000000e+00
8.413784324508602731e+05 0.000000000000000000e+00
7.520764677985354792e+05 0.000000000000000000e+00
6.722528075371789746e+05 0.000000000000000000e+00
6.009014463176630670e+05 0.000000000000000000e+00
5.371231538764354773e+05 0.000000000000000000e+00
4.801141421744151157e+05 0.000000000000000000e+00
4.291559353795849020e+05 0.000000000000000000e+00
3.836063150262710988e+05 0.000000000000000000e+00
3.428912262343018665e+05 0.000000000000000000e+00
3.064975429833869566e+05 0.000000000000000000e+00
2.739666012645719456e+05 0.000000000000000000e+00
2.448884186080712243e+05 0.000000000000000000e+00
2.188965271370726405e+05 0.000000000000000000e+00
1.956633550292848377e+05 0.000000000000000000e+00
1.748960981794951076e+05 0.000000000000000000e+00
1.563330300343325653e+05 0.000000000000000000e+00
1.397402030926553125e+05 0.000000000000000000e+00
1.249085005010657187e+05 0.000000000000000000e+00
1.116510005862785183e+05 0.000000000000000000e+00
9.980062110993683746e+04 0.000000000000000000e+00
8.920801355678272375e+04 0.000000000000000000e+00
7.973968091822597489e+04 0.000000000000000000e+00
7.127629525001451839e+04 0.000000000000000000e+00
6.371119380045077560e+04 0.000000000000000000e+00
5.694903475609307498e+04 0.000000000000000000e+00
5.090459566349744273e+04 0.000000000000000000e+00
4.550169938370971067e+04 0.000000000000000000e+00
4.067225404346181313e+04 0.000000000000000000e+00
3.635539488373810309e+04 0.000000000000000000e+00
3.249671719054846108e+04 0.000000000000000000e+00
2.904759064066348583e+04 0.000000000000000000e+00
2.596454642110617351e+04 0.000000000000000000e+00
2.320872939836977093e+04 0.000000000000000000e+00
2.074540843312793004e+04 0.000000000000000000e+00
1.854353866901142101e+04 0.000000000000000000e+00
1.657537027904530623e+04 0.000000000000000000e+00
1.481609873883381988e+04 0.000000000000000000e+00
1.324355221894436181e+04 0.000000000000000000e+00
1.183791215674024897e+04 0.000000000000000000e+00
1.058146348607593609e+04 0.000000000000000000e+00
9.458371377034216493e+03 0.000000000000000000e+00
8.454481671993826239e+03 0.000000000000000000e+00
7.557142502950833659e+03 0.000000000000000000e+00
6.755044841966952845e+03 0.000000000000000000e+00
6.038079975224409282e+03 0.000000000000000000e+00
5.397212104455791632e+03 0.000000000000000000e+00
4.824364470164496197e+03 0.000000000000000000e+00
4.312317561462996309e+03 0.000000000000000000e+00
3.854618129684602991e+03 0.000000000000000000e+00
3.445497859079828686e+03 0.000000000000000000e+00
3.079800669617858603e+03 0.000000000000000000e+00
2.752917735700375943e+03 0.000000000000000000e+00
2.460729401839512775e+03 0.000000000000000000e+00
2.199553263271407104e+03 0.000000000000000000e+00
1.966097757173623677e+03 0.000000000000000000e+00
1.757420679603795861e+03 0.000000000000000000e+00
1.570892105354402929e+03 0.000000000000000000e+00
1.404161243408802193e+03 0.000000000000000000e+00
1.255126810282439465e+03 0.000000000000000000e+00
1.121910547869425500e+03 0.000000000000000000e+00
1.002833552043578266e+03 0.000000000000000000e+00
8.963951136872583447e+02 0.000000000000000000e+00
8.012538054844311546e+02 0.000000000000000000e+00
7.162105761179678893e+02 0.000000000000000000e+00
6.401936388097475401e+02 0.000000000000000000e+00
5.722449637562394855e+02 0.000000000000000000e+00
5.115082042258441106e+02 1.068327415892048233e-286
4.572179041523159526e+02 4.134198098601081059e-237
4.086898512093814020e+02 1.477128598637116383e-196
3.653124537876844897e+02 2.478932453245745481e-163
3.265390331995520228e+02 4.650587425262493700e-136
2.918809339713016016e+02 1.260500072749369929e-113
2.609013653932656780e+02 3.903750505724740898e-95
2.332098967134403154e+02 7.358493686776268365e-80
2.084575365986080726e+02 3.271086462964242602e-67
1.863323348500760233e+02 1.028045968248689309e-56
1.665554509431557335e+02 5.568193343311318860e-48
1.488776398428030348e+02 1.072070870931475004e-40
1.330761108066513998e+02 1.322379389150808124e-34
1.189517195874622786e+02 1.688590881727819800e-29
1.063264586487067334e+02 3.301875352767912435e-25
9.504121376288908607e+01 1.361403546136881316e-21
8.495375871933049439e+01 1.537721167427809505e-18
7.593696286905344550e+01 5.896451201769423074e-16
6.787718891670245114e+01 9.153527224832697559e-14
6.067286076714203347e+01 6.648541606872680179e-12
5.423318337750441032e+01 2.545379370507046970e-10
4.847699848118669053e+01 5.666720239902099746e-09
4.333176176266594837e+01 7.955857029662430065e-08
3.873262859261206614e+01 7.532351458664821517e-07
3.462163680097143725e+01 5.083308008555749681e-06
3.094697618862366184e+01 2.560172357260773554e-05
2.766233557138972898e+01 9.995398744603598625e-05
2.472631912727752379e+01 3.121690101228624540e-04
2.210192469128735127e+01 8.004113789146006554e-04
1.975607742279912671e+01 1.721303804955352790e-03
1.765921296842947896e+01 3.159641560995938431e-03
1.578490486701922535e+01 5.021758271647379368e-03
1.410953150099556019e+01 6.990538973671844673e-03
1.261197839674919408e+01 8.601446742231774745e-03
1.127337212216038331e+01 9.421461722385742268e-03
1.007684242762910465e+01 9.235424044711983138e-03
9.007309632905643682e+00 8.132285375924910506e-03
8.051294580193633976e+00 6.447729319467299103e-03
7.196748758390763889e+00 4.608057079481832179e-03
6.432902457551534781e+00 2.968456618686157386e-03
5.750129039884151361e+00 1.721772256349010481e-03
5.139823616710555321e+00 8.973435135677002928e-04
4.594294602374356273e+00 4.189708652418315331e-04
4.106666778365950954e+00 1.745698941191500993e-04
3.670794645998308958e+00 6.460385443811014056e-05
3.281184975629154454e+00 2.111662102860215574e-05
2.932927576330441877e+00 6.057199775505072968e-06
2.621633413504851351e+00 1.513678016473753669e-06
2.343379294556027226e+00 3.268610127187567639e-07
2.094658425493744147e+00 6.044013441004917943e-08
1.872336215347160548e+00 9.475061355543919324e-09
1.673610771395447117e+00 1.245587929224873366e-09
1.495977587343465531e+00 1.356760903219299009e-10
1.337197979413101923e+00 1.208663151309213756e-11
1.195270872554812236e+00 8.682110145008268870e-13
1.068407581205739865e+00 4.952065474122488532e-14
9.550092667597767093e-01 2.205745883432765257e-15
8.536467876498760043e-01 7.535387581028100480e-17
7.630426880959754188e-01 1.936306354276396780e-18
6.820550985257626264e-01 3.664516879945488760e-20
6.096633447675093853e-01 4.992955202033439688e-22
5.449550846500528234e-01 4.778971943089981988e-24
4.871148098943004490e-01 3.129237327437531985e-26
4.354135683874391094e-01 1.362228280591687210e-28
3.891997773112729764e-01 3.822672546717051579e-31
3.478910113438553053e-01 6.688524802979275674e-34
3.109666624425018733e-01 7.039449556132729352e-37
2.779613787004390213e-01 4.287067171848254645e-40
2.484591995881084703e-01 1.448888696668434491e-43
2.220883136663816260e-01 2.597582943452210363e-47
1.985163727040284154e-01 2.353004551598417147e-51
1.774463031439094118e-01 1.021842526027022263e-55
1.586125621305050359e-01 2.010196070620421162e-60
1.417777909140229553e-01 1.685093110748544033e-65
1.267298234544712021e-01 5.634752269588980532e-71
1.132790125256004227e-01 6.999284854265338514e-77
1.012558396199857158e-01 2.990671093532642155e-83
9.050877853328115341e-02 4.045540033778834466e-90
8.090238570269656093e-02 1.584050495403170425e-97
7.231559323255243310e-02 1.629829482883556677e-105
6.464018309415114905e-02 3.969594968055786721e-114
5.777942327056174998e-02 2.044632447585109798e-123
5.164684865784020112e-02 1.971854013348778213e-133
4.616517135858765053e-02 3.121941404000261722e-144
4.126530663443006564e-02 7.040394573606156817e-156
3.688550224165396824e-02 1.939920166834583467e-168
3.297056017715114390e-02 5.533961655498926172e-182
2.947114102644768363e-02 1.366556065237165886e-196
2.634314214663193571e-02 2.407585632052075781e-212
2.354714184750711717e-02 2.455618434529924433e-229
2.104790256607699458e-02 1.156933664637081308e-247
1.881392677294157351e-02 1.972630518527181770e-267
1.681706001376573334e-02 9.350085149544731957e-289
1.503213608300750515e-02 9.265601675691733627e-312
1.343665985808998459e-02 0.000000000000000000e+00
1.201052379682066538e-02 0.000000000000000000e+00
1.073575452512048715e-02 0.000000000000000000e+00
9.596286321347262047e-03 0.000000000000000000e+00
8.577758642468803416e-03 0.000000000000000000e+00
7.667335140341969765e-03 0.000000000000000000e+00
6.853541887184912661e-03 0.000000000000000000e+00
6.126122771425325866e-03 0.000000000000000000e+00
5.475910241498612406e-03 0.000000000000000000e+00
4.894709768601828576e-03 0.000000000000000000e+00
4.375196572303424736e-03 0.000000000000000000e+00
3.910823307459076331e-03 0.000000000000000000e+00
3.495737549024706403e-03 0.000000000000000000e+00
3.124708034841084357e-03 0.000000000000000000e+00
2.793058736839259485e-03 0.000000000000000000e+00
2.496609929775664340e-03 0.000000000000000000e+00
2.231625514796043569e-03 0.000000000000000000e+00
1.994765933954352564e-03 0.000000000000000000e+00
1.783046082276254106e-03 0.000000000000000000e+00
1.593797686938755107e-03 0.000000000000000000e+00
1.424635679437119464e-03 0.000000000000000000e+00
1.273428136932206953e-03 0.000000000000000000e+00
1.138269413953838134e-03 0.000000000000000000e+00
1.017456125843245462e-03 0.000000000000000000e+00
9.094656812573552506e-04 0.000000000000000000e+00
8.129370931836555746e-04 0.000000000000000000e+00
7.266538266295262871e-04 0.000000000000000000e+00
6.495284668183402962e-04 0.000000000000000000e+00
5.805890146677411502e-04 0.000000000000000000e+00
5.189666368343125429e-04 0.000000000000000000e+00
4.638847159401469759e-04 0.000000000000000000e+00
4.146490629831624752e-04 0.000000000000000000e+00
3.706391685795482429e-04 0.000000000000000000e+00
3.313003827791502574e-04 0.000000000000000000e+00
2.961369248972271773e-04 0.000000000000000000e+00
2.647056352664868832e-04 0.000000000000000000e+00
2.366103901637800272e-04 0.000000000000000000e+00
2.114971095235450163e-04 0.000000000000000000e+00
1.890492945210575518e-04 0.000000000000000000e+00
1.689840387862631080e-04 0.000000000000000000e+00
1.510484629781931717e-04 0.000000000000000000e+00
1.350165277853988637e-04 0.000000000000000000e+00
1.206861851871817001e-04 0.000000000000000000e+00
1.078768320733690362e-04 0.000000000000000000e+00
9.642703413100999290e-05 0.000000000000000000e+00
8.619249131249225406e-05 0.000000000000000000e+00
7.704421924416367978e-05 0.000000000000000000e+00
6.886692365605759131e-05 0.000000000000000000e+00
6.155754734588340016e-05 0.000000000000000000e+00
5.502397136491510331e-05 0.000000000000000000e+00
4.918385405700283317e-05 0.000000000000000000e+00
4.396359331931161532e-05 0.000000000000000000e+00
3.929739900630278382e-05 0.000000000000000000e+00
3.512646378662178021e-05 0.000000000000000000e+00
3.139822200331797089e-05 0.000000000000000000e+00
2.806568719693047353e-05 0.000000000000000000e+00
2.508685994234692866e-05 0.000000000000000000e+00
2.242419853648755740e-05 0.000000000000000000e+00
2.004414586598007801e-05 0.000000000000000000e+00
1.791670649200445133e-05 0.000000000000000000e+00
1.601506862237858062e-05 0.000000000000000000e+00
1.431526620665195490e-05 0.000000000000000000e+00
1.279587689564810673e-05 0.000000000000000000e+00
1.143775205888216570e-05 0.000000000000000000e+00
1.022377545730812821e-05 0.000000000000000000e+00
9.138647529982602252e-06 0.000000000000000000e+00
8.168692576044256194e-06 0.000000000000000000e+00
7.301686401953629521e-06 0.000000000000000000e+00
6.526702261855971012e-06 0.000000000000000000e+00
5.833973149479381972e-06 0.000000000000000000e+00
5.214768706052119856e-06 0.000000000000000000e+00
4.661285192930219439e-06 0.000000000000000000e+00
4.166547142275722729e-06 0.000000000000000000e+00
3.724319446305520220e-06 0.000000000000000000e+00
3.329028777183984353e-06 0.000000000000000000e+00
2.975693347226870844e-06 0.000000000000000000e+00
2.659860124195303268e-06 0.000000000000000000e+00
2.377548710413136492e-06 0.000000000000000000e+00
2.125201178425634728e-06 0.000000000000000000e+00
1.899637230985211913e-06 0.000000000000000000e+00
1.698014120253069793e-06 0.000000000000000000e+00
1.517790821084001688e-06 0.000000000000000000e+00
1.356696006876271872e-06 0.000000000000000000e+00
1.212699424390667135e-06 0.000000000000000000e+00
1.083986306780347738e-06 0.000000000000000000e+00
9.689345023625378907e-07 0.000000000000000000e+00
8.660940308896092727e-07 0.000000000000000000e+00
7.741688096704308897e-07 0.000000000000000000e+00
6.920003192389137905e-07 0.000000000000000000e+00
6.185530027108922805e-07 0.000000000000000000e+00
5.529012148194721802e-07 0.000000000000000000e+00
4.942175561497236774e-07 0.000000000000000000e+00
4.417624455507006759e-07 0.000000000000000000e+00
3.948747993076458929e-07 0.000000000000000000e+00
3.529636996052822035e-07 0.000000000000000000e+00
3.155009472812300596e-07 0.000000000000000000e+00
2.820144050129531058e-07 0.000000000000000000e+00
2.520820470434789742e-07 0.000000000000000000e+00
2.253266404555208535e-07 0.000000000000000000e+00
2.014109909628510373e-07 0.000000000000000000e+00
1.800336933024382033e-07 0.000000000000000000e+00
1.609253326701238230e-07 0.000000000000000000e+00
1.438450893271738152e-07 0.000000000000000000e+00
1.285777035860299714e-07 0.000000000000000000e+00
1.149307629254884299e-07 0.000000000000000000e+00
1.027322770451928030e-07 0.000000000000000000e+00
9.182851029826140102e-08 0.000000000000000000e+00
8.208204418450153138e-08 0.000000000000000000e+00
7.337004548612360929e-08 0.000000000000000000e+00
6.558271821953869283e-08 0.000000000000000000e+00
5.862191989340988486e-08 0.000000000000000000e+00
5.239992463388880072e-08 0.000000000000000000e+00
4.683831758887640691e-08 0.000000000000000000e+00
4.186700667767076967e-08 0.000000000000000000e+00
3.742333923121944995e-08 0.000000000000000000e+00
3.345131239014233633e-08 0.000000000000000000e+00
2.990086730928041384e-08 0.000000000000000000e+00
2.672725827374900271e-08 0.000000000000000000e+00
2.389048877555390237e-08 0.000000000000000000e+00
2.135480744373421999e-08 0.000000000000000000e+00
1.908825747531810805e-08 0.000000000000000000e+00
1.706227388863406902e-08 0.000000000000000000e+00
1.525132352322876116e-08 0.000000000000000000e+00
1.363258324936021290e-08 0.000000000000000000e+00
1.218565233159473995e-08 0.000000000000000000e+00
1.089229532146578922e-08 0.000000000000000000e+00
9.736212238914230607e-09 0.000000000000000000e+00
8.702833146138562904e-09 0.000000000000000000e+00
7.779134524903745949e-09 0.000000000000000000e+00
6.953475143137759647e-09 0.000000000000000000e+00
6.215449342268902688e-09 0.000000000000000000e+00
5.555755896306926619e-09 0.000000000000000000e+00
4.966080789917817003e-09 0.000000000000000000e+00
4.438992438163903373e-09 0.000000000000000000e+00
3.967848027378195024e-09 0.000000000000000000e+00
3.546709796802732265e-09 0.000000000000000000e+00
3.170270205900049058e-09 0.000000000000000000e+00
2.833785044233952321e-09 0.000000000000000000e+00
2.533013640912705097e-09 0.000000000000000000e+00
2.264165420064280120e-09 0.000000000000000000e+00
2.023852128789846316e-09 0.000000000000000000e+00
1.809045135532047754e-09 0.000000000000000000e+00
1.617037260696044596e-09 0.000000000000000000e+00
1.445408658480109084e-09 0.000000000000000000e+00
1.291996319930191571e-09 0.000000000000000000e+00
1.154866812869666583e-09 0.000000000000000000e+00
1.032291915150203291e-09 0.000000000000000000e+00
9.227268341329747607e-10 0.000000000000000000e+00
8.247907379039929740e-10 0.000000000000000000e+00
7.372493528612207501e-10 0.000000000000000000e+00
6.589994083536290886e-10 0.000000000000000000e+00
5.890547323304129681e-10 0.000000000000000000e+00
5.265338227658228226e-10 0.000000000000000000e+00
4.706487382243532053e-10 0.000000000000000000e+00
4.206951675556296386e-10 0.000000000000000000e+00
3.760435535690189429e-10 0.000000000000000000e+00
3.361311588208713601e-10 0.000000000000000000e+00
3.004549735208416933e-10 0.000000000000000000e+00
2.685653761766153160e-10 0.000000000000000000e+00
2.400604670832104800e-10 0.000000000000000000e+00
2.145810032426195840e-10 0.000000000000000000e+00
1.918058708793917246e-10 0.000000000000000000e+00
1.714480384929767213e-10 0.000000000000000000e+00
1.532509394437270227e-10 0.000000000000000000e+00
1.369852384828955702e-10 0.000000000000000000e+00
1.224459414756541884e-10 0.000000000000000000e+00
1.094498118914581246e-10 0.000000000000000000e+00
9.783306150214294023e-11 0.000000000000000000e+00
8.744928618400979813e-11 0.000000000000000000e+00
7.816762080909916420e-11 0.000000000000000000e+00
6.987108997205699487e-11 0.000000000000000000e+00
6.245513376703714868e-11 0.000000000000000000e+00
5.582629003524099603e-11 0.000000000000000000e+00
4.990101647566644559e-11 0.000000000000000000e+00
4.460463777429599739e-11 0.000000000000000000e+00
3.987040448256916990e-11 0.000000000000000000e+00
3.563865178431546292e-11 0.000000000000000000e+00
3.185604754922862334e-11 0.000000000000000000e+00
2.847492019620458487e-11 0.000000000000000000e+00
2.545265789571751099e-11 0.000000000000000000e+00
2.275117153946494529e-11 0.000000000000000000e+00
2.033641470917858274e-11 0.000000000000000000e+00
1.817795459483511408e-11 0.000000000000000000e+00
1.624858845461805873e-11 0.000000000000000000e+00
1.452400078293540893e-11 0.000000000000000000e+00
1.298245686583027378e-11 0.000000000000000000e+00
1.160452886171488502e-11 0.000000000000000000e+00
1.037285095526197044e-11 0.000000000000000000e+00
9.271900498697104090e-12 0.000000000000000000e+00
8.287802382249543411e-12 0.000000000000000000e+00
7.408154168271339778e-12 0.000000000000000000e+00
6.621869785218111021e-12 0.000000000000000000e+00
5.919039811588663537e-12 0.000000000000000000e+00
5.290806589005885738e-12 0.000000000000000000e+00
4.729252590506798848e-12 0.000000000000000000e+00
4.227300637163847951e-12 0.000000000000000000e+00
3.778624705484566723e-12 0.000000000000000000e+00
3.377570201507455716e-12 0.000000000000000000e+00
3.019082696821660722e-12 0.000000000000000000e+00
2.698644228380468570e-12 0.000000000000000000e+00
2.412216359306109359e-12 0.000000000000000000e+00
2.156189283088991041e-12 0.000000000000000000e+00
1.927336329749978891e-12 0.000000000000000000e+00
1.722773300613240955e-12 0.000000000000000000e+00
1.539922119192763950e-12 0.000000000000000000e+00
1.376478340089819151e-12 0.000000000000000000e+00
1.230382106420831434e-12 0.000000000000000000e+00
1.099792189757072113e-12 0.000000000000000000e+00
9.830627854050829533e-13 0.000000000000000000e+00
8.787227705825793669e-13 0.000000000000000000e+00
7.854571640835217130e-13 0.000000000000000000e+00
7.020905537717032794e-13 0.000000000000000000e+00
6.275722830418196445e-13 0.000000000000000000e+00
5.609632095554361418e-13 0.000000000000000000e+00
5.014238693740507316e-13 0.000000000000000000e+00
4.482038973238480988e-13 0.000000000000000000e+00
4.006325702585032913e-13 0.000000000000000000e+00
3.581103540381781417e-13 0.000000000000000000e+00
3.201013476927301237e-13 0.000000000000000000e+00
2.861265295439535479e-13 0.000000000000000000e+00
2.557577201688476056e-13 0.000000000000000000e+00
2.286121861199809929e-13 0.000000000000000000e+00
2.043478163945674716e-13 0.000000000000000000e+00
1.826588108619528448e-13 0.000000000000000000e+00
1.632718263114759925e-13 0.000000000000000000e+00
1.459425315498837230e-13 0.000000000000000000e+00
1.304525281327815358e-13 0.000000000000000000e+00
1.166065979225369025e-13 0.000000000000000000e+00
1.042302427840135839e-13 0.000000000000000000e+00
9.316748541134404746e-14 0.000000000000000000e+00
8.327890356985905870e-14 0.000000000000000000e+00
7.443987297905053044e-14 0.000000000000000000e+00
6.653899669186719164e-14 0.000000000000000000e+00
5.947670117607963274e-14 0.000000000000000000e+00
5.316398140432115943e-14 0.000000000000000000e+00
4.752127913738057388e-14 0.000000000000000000e+00
4.247748026390835306e-14 0.000000000000000000e+00
3.796901856017991836e-14 0.000000000000000000e+00
3.393907457472773122e-14 0.000000000000000000e+00
3.033685954150383450e-14 0.000000000000000000e+00
2.711697529685265716e-14 0.000000000000000000e+00
2.423884213341530195e-14 0.000000000000000000e+00
2.166618738030232228e-14 0.000000000000000000e+00
1.936658826418242625e-14 0.000000000000000000e+00
1.731106329004382942e-14 0.000000000000000000e+00
1.547370699185765945e-14 0.000000000000000000e+00
1.383136344996046087e-14 0.000000000000000000e+00
1.236333446055096221e-14 0.000000000000000000e+00
1.105111867940115659e-14 0.000000000000000000e+00
9.878178452252970372e-15 0.000000000000000000e+00
8.829731393296606879e-15 0.000000000000000000e+00
7.892564085029858245e-15 0.000000000000000000e+00
7.054865551583335548e-15 0.000000000000000000e+00
6.306078406803306447e-15 0.000000000000000000e+00
5.636765801132245206e-15 0.000000000000000000e+00
5.038492490441460663e-15 0.000000000000000000e+00
4.503718527943117777e-15 0.000000000000000000e+00
4.025704239396599450e-15 0.000000000000000000e+00
3.598425284027971549e-15 0.000000000000000000e+00
3.216496730686905663e-15 0.000000000000000000e+00
2.875105192385397019e-15 0.000000000000000000e+00
2.569948163919371212e-15 0.000000000000000000e+00
2.297179798055618819e-15 0.000000000000000000e+00
2.053362436908795941e-15 0.000000000000000000e+00
1.835423287666407795e-15 0.000000000000000000e+00
1.640615696651996427e-15 0.000000000000000000e+00
1.466484533670186101e-15 0.000000000000000000e+00
1.310835250377391535e-15 0.000000000000000000e+00
1.171706222725430564e-15 0.000000000000000000e+00
1.047344028914569834e-15 0.000000000000000000e+00
9.361813512874315608e-16 0.000000000000000000e+00
8.368172236649710148e-16 0.000000000000000000e+00
7.479993751844683585e-16 0.000000000000000000e+00
6.686084481219503774e-16 0.000000000000000000e+00
5.976438907984232544e-16 0.000000000000000000e+00
5.342113477805417272e-16 0.000000000000000000e+00
4.775113884561704042e-16 0.000000000000000000e+00
4.268294319330094580e-16 0.000000000000000000e+00
3.815267412852094794e-16 0.000000000000000000e+00
3.410323736498027911e-16 0.000000000000000000e+00
3.048359847213870215e-16 0.000000000000000000e+00
2.724813969610944422e-16 0.000000000000000000e+00
2.435608504610437433e-16 0.000000000000000000e+00
2.177098640087235655e-16 0.000000000000000000e+00
1.946026415861850699e-16 0.000000000000000000e+00
1.739479664127811449e-16 0.000000000000000000e+00
1.554855307847503526e-16 0.000000000000000000e+00
1.389826554571275470e-16 0.000000000000000000e+00
1.242313572229113511e-16 0.000000000000000000e+00
1.110457277326067116e-16 0.000000000000000000e+00
9.925959051979221882e-17 0.000000000000000000e+00
8.872440670460678194e-17 0.000000000000000000e+00
7.930740298102145872e-17 0.000000000000000000e+00
7.088989829523046192e-17 0.000000000000000000e+00
6.336580812652140220e-17 0.000000000000000000e+00
5.664030752033499827e-17 0.000000000000000000e+00
5.062863602390203836e-17 0.000000000000000000e+00
4.525502946325868487e-17 0.000000000000000000e+00
4.045176509897544352e-17 0.000000000000000000e+00
3.615830812686057285e-17 0.000000000000000000e+00
3.232054876710750300e-17 0.000000000000000000e+00
2.889012032703403135e-17 0.000000000000000000e+00
2.582378964307416258e-17 0.000000000000000000e+00
2.308291221984665284e-17 0.000000000000000000e+00
2.063294519950734043e-17 0.000000000000000000e+00
1.844301202340669552e-17 0.000000000000000000e+00
1.648551329955772186e-17 0.000000000000000000e+00
1.473577897173054474e-17 0.000000000000000000e+00
1.317175740651795919e-17 0.000000000000000000e+00
1.177373747997970264e-17 0.000000000000000000e+00
1.052410016137109479e-17 0.000000000000000000e+00
9.407096463200895226e-18 0.000000000000000000e+00
8.408648959156021780e-18 0.000000000000000000e+00
7.516174368457280199e-18 0.000000000000000000e+00
6.718424970701052452e-18 0.000000000000000000e+00
6.005346852564406783e-18 0.000000000000000000e+00
5.367953199876548029e-18 0.000000000000000000e+00
4.798211038178469296e-18 0.000000000000000000e+00
4.288939994377523396e-18 0.000000000000000000e+00
3.833721803606750494e-18 0.000000000000000000e+00
3.426819420816565395e-18 0.000000000000000000e+00
3.063104717676054909e-18 0.000000000000000000e+00
2.737993853558149783e-18 0.000000000000000000e+00
2.447389506098834551e-18 0.000000000000000000e+00
2.187629233271938907e-18 0.000000000000000000e+00
1.955439316193843674e-18 0.000000000000000000e+00
1.747893500946551285e-18 0.000000000000000000e+00
1.562376119448103228e-18 0.000000000000000000e+00
1.396549124589003602e-18 0.000000000000000000e+00
1.248322624182982061e-18 0.000000000000000000e+00
1.115828542376347325e-18 0.000000000000000000e+00
9.973970765743476077e-19 0.000000000000000000e+00
8.915356531752095174e-19 0.000000000000000000e+00
7.969101168939629322e-19 0.000000000000000000e+00
7.123279166078881867e-19 0.000000000000000000e+00
6.367230758176592505e-19 0.000000000000000000e+00
5.691427583089680556e-19 0.000000000000000000e+00
5.087352597038731038e-19 0.000000000000000000e+00
4.547392735610758049e-19 0.000000000000000000e+00
4.064742967476307603e-19 0.000000000000000000e+00
3.633320531622993694e-19 0.000000000000000000e+00
3.247688277251532308e-19 0.000000000000000000e+00
2.902986140197626352e-19 0.000000000000000000e+00
2.594869892288829798e-19 0.000000000000000000e+00
2.319456391703189024e-19 0.000000000000000000e+00
2.073274644328083492e-19 0.000000000000000000e+00
1.853222059353895890e-19 0.000000000000000000e+00
1.656525347797751913e-19 0.000000000000000000e+00
1.480705571167870666e-19 0.000000000000000000e+00
1.323546899781732260e-19 0.000000000000000000e+00
1.183068687004508936e-19 0.000000000000000000e+00
1.057500507463218051e-19 0.000000000000000000e+00
9.452598446473117984e-20 0.000000000000000000e+00
8.449321466956725558e-20 0.000000000000000000e+00
7.552529990164924965e-20 0.000000000000000000e+00
6.750921890641053984e-20 0.000000000000000000e+00
6.034394624435164620e-20 0.000000000000000000e+00
5.393917908292404432e-20 0.000000000000000000e+00
4.821419912377763441e-20 0.000000000000000000e+00
4.309685532242809721e-20 0.000000000000000000e+00
3.852265457970289360e-20 0.000000000000000000e+00
3.443394894510531499e-20 0.000000000000000000e+00
3.077920908853638629e-20 0.000000000000000000e+00
2.751237488404610095e-20 0.000000000000000000e+00
2.459227492113176044e-20 0.000000000000000000e+00
2.198210762776504929e-20 0.000000000000000000e+00
1.964897746582380828e-20 0.000000000000000000e+00
1.756348035366675338e-20 0.000000000000000000e+00
1.569933309100645617e-20 0.000000000000000000e+00
1.403304211576189869e-20 0.000000000000000000e+00
1.254360741830229767e-20 0.000000000000000000e+00
1.121225788154423186e-20 0.000000000000000000e+00
1.002221471144075369e-20 0.000000000000000000e+00
8.958479976415375505e-21 0.000000000000000000e+00
8.007647590729054951e-21 0.000000000000000000e+00
7.157734359636818127e-21 0.000000000000000000e+00
6.398028957023686156e-21 0.000000000000000000e+00
5.718956932203332001e-21 0.000000000000000000e+00
5.111960044583835612e-21 0.000000000000000000e+00
4.569388405475288317e-21 0.000000000000000000e+00
4.084404067714322715e-21 0.000000000000000000e+00
3.650894848065795276e-21 0.000000000000000000e+00
3.263397296314239276e-21 0.000000000000000000e+00
2.917027840238363733e-21 0.000000000000000000e+00
2.607421238699935508e-21 0.000000000000000000e+00
2.330675567178741787e-21 0.000000000000000000e+00
2.083303042416038923e-21 0.000000000000000000e+00
1.862186066417485887e-21 0.000000000000000000e+00
1.664537935843435575e-21 0.000000000000000000e+00
1.487867721613953074e-21 0.000000000000000000e+00
1.329948876112001024e-21 0.000000000000000000e+00
1.188791172344853969e-21 0.000000000000000000e+00
1.062615621418847624e-21 0.000000000000000000e+00
9.498320522150103343e-22 0.000000000000000000e+00
8.490190707062255749e-22 0.000000000000000000e+00
7.589061463464811917e-22 0.000000000000000000e+00
6.783575997691215136e-22 0.000000000000000000e+00
6.063582899938947295e-22 0.000000000000000000e+00
5.420008207609914789e-22 0.000000000000000000e+00
4.844741047550548957e-22 0.000000000000000000e+00
4.330531415960855085e-22 0.000000000000000000e+00
3.870898807709469141e-22 0.000000000000000000e+00
3.460050543520069826e-22 0.000000000000000000e+00
3.092808765723768617e-22 0.000000000000000000e+00
2.764545182512479907e-22 0.000000000000000000e+00
2.471122738286791924e-22 0.000000000000000000e+00
2.208843474979249098e-22 0.000000000000000000e+00
1.974401927255596086e-22 0.000000000000000000e+00
1.764843464241894485e-22 0.000000000000000000e+00
1.577527052765139466e-22 0.000000000000000000e+00
1.410091972816947162e-22 0.000000000000000000e+00
1.260428065761196317e-22 0.000000000000000000e+00
1.126649140328663495e-22 0.000000000000000000e+00
1.007069201237356970e-22 0.000000000000000000e+00
9.001812008528150061e-23 0.000000000000000000e+00
8.046380460977441134e-23 0.000000000000000000e+00
7.192356212444773353e-23 0.000000000000000000e+00
6.428976126292813553e-23 0.000000000000000000e+00
5.746619440362105401e-23 0.000000000000000000e+00
5.136686517980471579e-23 0.000000000000000000e+00
4.591490468061989505e-23 0.000000000000000000e+00
4.104160268396768902e-23 0.000000000000000000e+00
3.668554171211377314e-23 0.000000000000000000e+00
3.279182299664463046e-23 0.000000000000000000e+00
2.931137459769784167e-23 0.000000000000000000e+00
2.620033295783762895e-23 0.000000000000000000e+00
2.341949009636316498e-23 0.000000000000000000e+00
2.093379947713843002e-23 0.000000000000000000e+00
1.871193432247671323e-23 0.000000000000000000e+00
1.672589280656259449e-23 0.000000000000000000e+00
1.495064515273398512e-23 0.000000000000000000e+00
1.336381818704870182e-23 0.000000000000000000e+00
1.194541337260224164e-23 0.000000000000000000e+00
1.067755477103302825e-23 0.000000000000000000e+00
9.544263754815328581e-24 0.000000000000000000e+00
8.531257631063932963e-24 0.000000000000000000e+00
7.625769638948423869e-24 0.000000000000000000e+00
6.816388052163096988e-24 0.000000000000000000e+00
6.092912358689798825e-24 0.000000000000000000e+00
5.446224705310635134e-24 0.000000000000000000e+00
4.868174986701299291e-24 0.000000000000000000e+00
4.351478130903100974e-24 0.000000000000000000e+00
3.889622286679272789e-24 0.000000000000000000e+00
3.476786755651855017e-24 0.000000000000000000e+00
3.107768634932367326e-24 0.000000000000000000e+00
2.777917245735395484e-24 0.000000000000000000e+00
2.483075521586185043e-24 0.000000000000000000e+00
2.219527617450056599e-24 0.000000000000000000e+00
1.983952079506937248e-24 0.000000000000000000e+00
1.773379985378055591e-24 0.000000000000000000e+00
1.585157527252903806e-24 0.000000000000000000e+00
1.416912566356134014e-24 0.000000000000000000e+00
1.266524737246223933e-24 0.000000000000000000e+00
1.132098725175282965e-24 0.000000000000000000e+00
1.011940379727757827e-24 0.000000000000000000e+00
9.045353637024682158e-25 0.000000000000000000e+00
8.085300681533224421e-25 0.000000000000000000e+00
7.227145530630969648e-25 0.000000000000000000e+00
6.460072986551493635e-25 0.000000000000000000e+00
5.774415751654338019e-25 0.000000000000000000e+00
5.161532592954837519e-25 0.000000000000000000e+00
4.613699437991191641e-25 0.000000000000000000e+00
4.124012029523025991e-25 0.000000000000000000e+00
3.686298912235845683e-25 0.000000000000000000e+00
3.295043654836971289e-25 0.000000000000000000e+00
2.945315327317412282e-25 0.000000000000000000e+00
2.632706357196897260e-25 0.000000000000000000e+00
2.353276981564500796e-25 0.000000000000000000e+00
2.103505594850118650e-25 0.000000000000000000e+00
1.880244366570104151e-25 0.000000000000000000e+00
1.680679569702134086e-25 0.000000000000000000e+00
1.502296119714894139e-25 0.000000000000000000e+00
1.342845877343779401e-25 0.000000000000000000e+00
1.200319315636295827e-25 0.000000000000000000e+00
1.072920194191943137e-25 0.000000000000000000e+00
9.590429214201571109e-26 0.000000000000000000e+00
8.572523195155705918e-26 0.000000000000000000e+00
7.662655371321486301e-26 0.000000000000000000e+00
6.849358818046044118e-26 0.000000000000000000e+00
6.122383683588905617e-26 0.000000000000000000e+00
5.472568011814106122e-26 0.000000000000000000e+00
4.891722275461190647e-26 0.000000000000000000e+00
4.372526164788618990e-26 0.000000000000000000e+00
3.908436330833713642e-26 0.000000000000000000e+00
3.493603920588518017e-26 0.000000000000000000e+00
3.122800864801997169e-26 0.000000000000000000e+00
2.791353989425721852e-26 0.000000000000000000e+00
2.495086120317564464e-26 0.000000000000000000e+00
2.230263438956353435e-26 0.000000000000000000e+00
1.993548425700234498e-26 0.000000000000000000e+00
1.781957797537804089e-26 0.000000000000000000e+00
1.592824910230325077e-26 0.000000000000000000e+00
1.423766151003079818e-26 0.000000000000000000e+00
1.272650898238988596e-26 0.000000000000000000e+00
1.137574669581395670e-26 0.000000000000000000e+00
1.016835120034820809e-26 0.000000000000000000e+00
9.089105875719509222e-27 0.000000000000000000e+00
8.124409158606746953e-27 0.000000000000000000e+00
7.262103124222899523e-27 0.000000000000000000e+00
6.491320261852779510e-27 0.000000000000000000e+00
5.802346513283569093e-27 0.000000000000000000e+00
5.186498848017961004e-27 0.000000000000000000e+00
4.636015832371938781e-27 0.000000000000000000e+00
4.143959813317510065e-27 0.000000000000000000e+00
3.704129484304190254e-27 0.000000000000000000e+00
3.310981731144590807e-27 0.000000000000000000e+00
2.959561772995871707e-27 0.000000000000000000e+00
2.645440718016354241e-27 0.000000000000000000e+00
2.364659746721443565e-27 0.000000000000000000e+00
2.113680219588401593e-27 0.000000000000000000e+00
1.889339080124923140e-27 0.000000000000000000e+00
1.688808991353669063e-27 0.000000000000000000e+00
1.509562703317666376e-27 0.000000000000000000e+00
1.349341202536530785e-27 0.000000000000000000e+00
1.206125242006356654e-27 0.000000000000000000e+00
1.078109892939003389e-27 0.000000000000000000e+00
9.636817975216736583e-28 0.000000000000000000e+00
8.613988360156681901e-28 0.000000000000000000e+00
7.699719519423997978e-28 0.000000000000000000e+00
6.882489063024526649e-28 0.000000000000000000e+00
6.151997560840675533e-28 0.000000000000000000e+00
5.499038740492584089e-28 0.000000000000000000e+00
4.915383462100403295e-28 0.000000000000000000e+00
4.393676007695605878e-28 0.000000000000000000e+00
3.927341378235090751e-28 0.000000000000000000e+00
3.510502429897552976e-28 0.000000000000000000e+00
3.137905805340085504e-28 0.000000000000000000e+00
2.804855726442085446e-28 0.000000000000000000e+00
2.507154814133297450e-28 0.000000000000000000e+00
