# k_modes P_scalar P_tensor
4.5674839022276450e-05 2.6931230590411383e-09 9.3458527633470590e-12
4.8640570709134846e-05 2.6873198915503370e-09 9.3455899364075977e-12
5.1798871535298724e-05 2.6815213590080073e-09 9.3453207568365173e-12
5.5162245286453466e-05 2.6757316345679348e-09 9.3450597859396955e-12
5.8744007636715965e-05 2.6699455237864827e-09 9.3447889012879158e-12
6.2558338865695019e-05 2.6641686827296491e-09 9.3445278770884783e-12
6.6620339998544776e-05 2.6583958242870850e-09 9.3442581760735481e-12
7.0946092591270976e-05 2.6526304235301843e-09 9.3439920147823759e-12
7.5552722397981465e-05 2.6468705106195860e-09 9.3437224232481295e-12
8.0458467172140987e-05 2.6411177872273410e-09 9.3434554517469243e-12
8.5682748870257022e-05 2.6353706301506543e-09 9.3431853234827517e-12
9.1246250543852768e-05 2.6296289297882878e-09 9.3429116531355791e-12
9.7170998224144369e-05 2.6238950546037598e-09 9.3426428619969582e-12
1.0348044812360541e-04 2.6181670531436728e-09 9.3423719890404961e-12
1.1019957949965262e-04 2.6124452926639942e-09 9.3421003634973461e-12
1.1735499354810047e-04 2.6067298876138531e-09 9.3418283621146876e-12
1.2497501871790823e-04 2.6010200079792429e-09 9.3415530406759119e-12
1.3308982286416155e-04 2.5953182815084886e-09 9.3412838128691287e-12
1.4173153268330529e-04 2.5896220878941797e-09 9.3410112779661533e-12
1.5093436090347434e-04 2.5839308441642106e-09 9.3407332980981973e-12
1.6073474173347219e-04 2.5782472191712195e-09 9.3404595383038557e-12
1.7117147510664217e-04 2.5725687858920669e-09 9.3401811733881697e-12
1.8228588029069688e-04 2.5668978836824286e-09 9.3399067128112098e-12
1.9412195947165098e-04 2.5612321062442546e-09 9.3396274098092521e-12
2.0672657195948771e-04 2.5555721506273222e-09 9.3393457849631495e-12
2.2014961970524653e-04 2.5499212229590532e-09 9.3390735618827598e-12
2.3444424486399623e-04 2.5442739514924757e-09 9.3387910781725715e-12
2.4966704018585022e-04 2.5386347030330879e-09 9.3385143504517138e-12
2.6587827306796710e-04 2.5330012504556097e-09 9.3382351854463299e-12
2.8314212415456392e-04 2.5273733743505482e-09 9.3379527745258803e-12
3.0152694142956374e-04 2.5217526148087265e-09 9.3376727993300767e-12
3.2110551080783811e-04 2.5161376612994857e-09 9.3373904102860259e-12
3.4195534429631955e-04 2.5105288831831051e-09 9.3371069594304752e-12
3.6415898686582154e-04 2.5049266057395657e-09 9.3368236980578206e-12
3.8780434324847858e-04 2.4993311753455988e-09 9.3365418757540688e-12
4.1298502595460456e-04 2.4937411882575389e-09 9.3362562562664561e-12
4.3980072588677615e-04 2.4881569226903530e-09 9.3359678803857437e-12
4.6835760701841169e-04 2.4825806288128296e-09 9.3356851723694023e-12
4.9876872669938580e-04 2.4770098344250815e-09 9.3353988627669820e-12
5.3115448325268086e-04 2.4714448178243771e-09 9.3351099881944635e-12
5.6564309263411935e-04 2.4658869707305130e-09 9.3348238040596225e-12
6.0237109604228500e-04 2.4603350226908052e-09 9.3345355043089027e-12
6.4148390048827182e-04 2.4547892321220227e-09 9.3342460383719670e-12
6.8313635446538867e-04 2.4492502735637304e-09 9.3339580003031039e-12
7.2749336099790828e-04 2.4437175510308941e-09 9.3336691229218210e-12
7.7473053049594053e-04 2.4381901484671374e-09 9.3333758869990751e-12
8.2503487600108459e-04 2.4326701039317752e-09 9.3330860737459897e-12
8.7860555357536878e-04 2.4271550590385738e-09 9.3327906774329816e-12
9.3565465076468526e-04 2.4216476852745385e-09 9.3324999377888840e-12
9.9640802625826689e-04 2.4161461785770121e-09 9.3322069051662948e-12
1.0611062040684377e-03 2.4106497935411377e-09 9.3319086991651001e-12
1.1300053257707163e-03 2.4051613859403992e-09 9.3316163600934251e-12
1.2033781645742088e-03 2.3996789673183420e-09 9.3313221937825041e-12
1.2815152052370244e-03 2.3942018629131054e-09 9.3310235676396342e-12
1.3647257941021248e-03 2.3887323006445005e-09 9.3307291640176976e-12
1.4533393638066104e-03 2.3832680605554905e-09 9.3304303054832507e-12
1.5477067375131214e-03 2.3778104537444326e-09 9.3301321143931159e-12
1.6482015178268129e-03 2.3723584620154901e-09 9.3298305872567891e-12
1.7552215658966717e-03 2.3669138894428023e-09 9.3295328456114112e-12
1.8691905765569645e-03 2.3614756788336582e-09 9.3292347230084352e-12
1.9905597557448415e-03 2.3560426194563779e-09 9.3289313936268855e-12
2.1198096068350304e-03 2.3506166856231986e-09 9.3286307271496797e-12
2.2574518329637602e-03 2.3451964746291752e-09 9.3283271002457943e-12
2.4040313628732562e-03 2.3397829465662513e-09 9.3280243418136020e-12
2.5601285082971800e-03 2.3343761884804565e-09 9.3277228254449890e-12
2.7263612614281409e-03 2.3289742927831343e-09 9.3274149114205569e-12
2.9033877415630171e-03 2.3235800700612032e-09 9.3271118372012623e-12
3.0919088006124006e-03 2.3181916037707772e-09 9.3268059232545895e-12
3.2926707977894523e-03 2.3128087692726089e-09 9.3264966743781617e-12
3.5064685544632054e-03 2.3074331759883770e-09 9.3261905581098110e-12
3.7341485008746682e-03 2.3020640138518874e-09 9.3258843207342457e-12
3.9766120271736349e-03 2.2967011091011317e-09 9.3255772262716985e-12
4.2348190520430408e-03 2.2913441243632559e-09 9.3252679458655965e-12
4.5097918230391307e-03 2.2859934937109265e-09 9.3249582256099472e-12
4.8026189636930618e-03 2.2806480433601023e-09 9.3246432546312259e-12
5.1144597833965499e-03 2.2753095090736319e-09 9.3243301054990403e-12
5.4465488671344110e-03 2.2699782684254956e-09 9.3240203731445498e-12
5.8002009632349607e-03 2.2646528918056462e-09 9.3237081624821859e-12
6.1768161884889101e-03 2.2593338074002736e-09 9.3233952754416314e-12
6.5778855712439778e-03 2.2540202339895128e-09 9.3230784299080057e-12
7.0049969544204432e-03 2.2487135918961782e-09 9.3227634955806718e-12
7.4598412818178313e-03 2.2434126537410428e-09 9.3224454281980970e-12
7.9442192926003387e-03 2.2381195840907298e-09 9.3221331795965047e-12
8.4600486504646504e-03 2.2328314683001597e-09 9.3218146339898794e-12
9.0093715357146588e-03 2.2275506177440085e-09 9.3214994377709807e-12
9.5943627303003171e-03 2.2222747362690772e-09 9.3211779944360905e-12
1.0217338227829432e-02 2.2170044583479947e-09 9.3208529050346294e-12
1.0880764402639694e-02 2.2117427048637915e-09 9.3205364545631412e-12
1.1587267774231446e-02 2.2064870762413634e-09 9.3202185785321024e-12
1.2339645405718908e-02 2.2012368182479335e-09 9.3198960857867151e-12
1.3140875977467362e-02 2.1959928336470219e-09 9.3195727810425233e-12
1.3994131579757364e-02 2.1907548673447288e-09 9.3192475624725961e-12
1.4902790271163160e-02 2.1855235765684999e-09 9.3189232234400839e-12
1.5870449452364384e-02 2.1802987974761396e-09 9.3185990716754930e-12
1.6900940108338144e-02 2.1750804706056672e-09 9.3182748627024836e-12
1.7998341975316769e-02 2.1698684551130193e-09 9.3179499882463668e-12
1.9166999692557481e-02 2.1646611119144450e-09 9.3176174031338862e-12
2.0411540002869225e-02 2.1594616230071532e-09 9.3172907896702895e-12
2.1736890069993992e-02 2.1542683408892153e-09 9.3169630295152111e-12
2.3148296985361503e-02 2.1490812805967844e-09 9.3166342180388741e-12
2.4651348541444990e-02 2.1438993365326495e-09 9.3162995306540480e-12
2.6251995353960240e-02 2.1387245293458585e-09 9.3159677490318758e-12
2.7956574420490224e-02 2.1335571534014016e-09 9.3156401499502627e-12
2.9771834208804429e-02 2.1283941510004597e-09 9.3153034084961446e-12
3.1704961374198114e-02 2.1232388764014957e-09 9.3149721847147370e-12
3.3763609211626064e-02 2.1180893554935255e-09 9.3146378387546185e-12
3.5955927955273664e-02 2.1129463906022451e-09 9.3143038421852396e-12
3.8290597045521464e-02 2.1078089530704916e-09 9.3139657130457139e-12
4.0776859491049616e-02 2.1026782620093397e-09 9.3136287883024971e-12
4.3424558462122009e-02 2.0975546070835391e-09 9.3132943791170256e-12
4.6244176259923969e-02 2.0924357703958980e-09 9.3129526454931272e-12
4.9246875816233993e-02 2.0873239594726426e-09 9.3126133723294653e-12
5.2444544887727665e-02 2.0822187373859534e-09 9.3122746255468828e-12
5.5849843119880026e-02 2.0771194419350327e-09 9.3119334603098607e-12
5.9476252166793475e-02 2.0720265298952677e-09 9.3115918882397190e-12
6.3338129065376766e-02 2.0669397142579859e-09 9.3112486567125480e-12
6.7450763075184647e-02 2.0618595040714698e-09 9.3109060021919940e-12
7.1830436208948523e-02 2.0567854220535501e-09 9.3105618017033031e-12
7.6494487693439597e-02 2.0517175018705358e-09 9.3102161989708743e-12
8.1461382615866995e-02 2.0466553939496120e-09 9.3098676249666285e-12
8.6750785027582974e-02 2.0416006152165249e-09 9.3095229214871172e-12
9.2383635794515376e-02 2.0365518285097701e-09 9.3091760360775606e-12
9.8382235502537399e-02 2.0315090663474442e-09 9.3088271029129032e-12
1.0477033274600084e-01 2.0264734416083091e-09 9.3084812350400851e-12
1.1157321814896785e-01 2.0214426239640969e-09 9.3081277094897501e-12
1.1881782449137389e-01 2.0164192090849380e-09 9.3077784674294290e-12
1.2653283333652349e-01 2.0114014184342166e-09 9.3074253062089758e-12
1.3474878858205983e-01 2.0063904064755043e-09 9.3070735673279300e-12
1.4349821738395865e-01 2.0013856622892972e-09 9.3067208710401792e-12
1.5281575893228769e-01 1.9963864073185297e-09 9.3063636120501563e-12
1.6273830158855762e-01 1.9913933356509748e-09 9.3060049750067238e-12
1.7330512892759459e-01 1.9864078023196751e-09 9.3056513018595214e-12
1.8455807526211745e-01 1.9814280579548086e-09 9.3052944230713912e-12
1.9654169126574489e-01 1.9764550340301228e-09 9.3049387116035998e-12
2.0930342035013802e-01 1.9714867599224595e-09 9.3045748736110004e-12
2.2289378649455951e-01 1.9665265604963222e-09 9.3042186061702925e-12
2.3736659427147061e-01 1.9615709656052654e-09 9.3038534822957493e-12
2.5277914186007217e-01 1.9566229599970724e-09 9.3034936178556112e-12
2.6919244789111607e-01 1.9516807114940798e-09 9.3031303373064211e-12
2.8667149302106804e-01 1.9467446500405108e-09 9.3027657122498194e-12
3.0528547719202337e-01 1.9418156610414046e-09 9.3024038969944936e-12
3.2510809359587084e-01 1.9368927096778535e-09 9.3020400223712186e-12
3.4621782042733601e-01 1.9319753898953465e-09 9.3016720761011400e-12
3.6869823158096082e-01 1.9270655872418391e-09 9.3013091812434333e-12
3.9263832752207645e-01 1.9221605960538159e-09 9.3009382149793749e-12
4.1813288764169459e-01 1.9172619002931568e-09 9.3005663867003641e-12
4.4528284549029856e-01 1.9123699218580550e-09 9.3001957234729845e-12
4.7419568837609294e-01 1.9074856731942811e-09 9.2998311251509021e-12
5.0498588290973345e-01 1.9026053960278796e-09 9.2994543559773553e-12
5.3777532818027141e-01 1.8977325386983998e-09 9.2990821683210259e-12
5.7269383835645493e-01 1.8928656760672422e-09 9.2987076038686832e-12
6.0987965662401211e-01 1.8880052452250988e-09 9.2983328291493004e-12
6.4948000249360549e-01 1.8831508041379813e-09 9.2979556527460009e-12
6.9165165464626499e-01 1.8783032772462377e-09 9.2975806095002247e-12
7.3656157162379465e-01 1.8734619656873245e-09 9.2972042728115552e-12
7.8438755282148465e-01 1.8686264369957890e-09 9.2968244973466665e-12
8.3531894240000992e-01 1.8637971135288136e-09 9.2964433520448129e-12
8.8955737890332232e-01 1.8589750163005828e-09 9.2960659396876912e-12
9.4731759355028788e-01 1.8541582255359390e-09 9.2956826566770134e-12
1.0088282603605265e+00 1.8493481116775755e-09 9.2953003834357688e-12
1.0743329014801206e+00 1.8445446438517933e-09 9.2949189068733364e-12
1.1440908512913974e+00 1.8397473649123413e-09 9.2945360146450330e-12
1.2183782831237207e+00 1.8349554017532856e-09 9.2941472301584776e-12
1.2974893026300585e+00 1.8301710001246996e-09 9.2937639230420748e-12
1.3817371121580357e+00 1.8253918761975929e-09 9.2933745101007854e-12
1.4714552507252392e+00 1.8206191066233954e-09 9.2929844492074236e-12
1.5669989145078664e+00 1.8158528502361061e-09 9.2925945312729471e-12
1.6687463630705670e+00 1.8110934266573499e-09 9.2922064450531320e-12
1.7771004169047653e+00 1.8063398856301950e-09 9.2918152780769612e-12
1.8924900522042627e+00 1.8015928870823649e-09 9.2914244341364426e-12
2.0153720991918638e+00 1.7968514767804139e-09 9.2910289879134183e-12
2.1462330507207463e+00 1.7921164406534463e-09 9.2906329836377872e-12
2.2855909883108687e+00 1.7873879887779774e-09 9.2902375034355565e-12
2.4339976332456339e+00 1.7826657302081579e-09 9.2898405012425749e-12
2.5920405308491548e+00 1.7779494989579281e-09 9.2894411443135274e-12
2.7603453765917170e+00 1.7732409045881560e-09 9.2890478170503644e-12
2.9395784932325482e+00 1.7685371793296529e-09 9.2886460669495105e-12
3.1304494688069844e+00 1.7638396886552678e-09 9.2882429833054302e-12
3.3337139659018051e+00 1.7591487637496622e-09 9.2878403383968919e-12
3.5501767133408344e+00 1.7544646297300001e-09 9.2874393095663352e-12
3.7806946921248779e+00 1.7497859294980164e-09 9.2870327147980485e-12
4.0261805282392329e+00 1.7451141198959181e-09 9.2866283047552915e-12
4.2876061057609789e+00 1.7404486000983254e-09 9.2862228390160835e-12
4.5660064145704107e+00 1.7357898693012527e-09 9.2858190249061428e-12
4.8624836478998095e+00 1.7311368260401590e-09 9.2854109517522544e-12
5.1782115659418189e+00 1.7264895755985175e-09 9.2849991785838913e-12
5.5144401427930765e+00 1.7218491043363485e-09 9.2845889612178522e-12
5.8725005151304384e+00 1.7172152935095043e-09 9.2841797047117774e-12
6.2538102522117311e+00 1.7125874213276227e-09 9.2837674769699552e-12
6.6598789680650805e+00 1.7079652404714776e-09 9.2833509846489606e-12
7.0923142980856042e+00 1.7033496081212187e-09 9.2829347939369505e-12
7.5528282637009569e+00 1.6987408650140231e-09 9.2825208199901091e-12
8.0432440503035743e+00 1.6941378651719483e-09 9.2821027688702417e-12
8.5655032252836225e+00 1.6895413545000989e-09 9.2816847597546413e-12
9.1216734247389919e+00 1.6849511250586140e-09 9.2812656004385491e-12
9.7139565392942213e+00 1.6803671657695122e-09 9.2808452638433531e-12
1.0344697431436163e+01 1.6757894668195534e-09 9.2804236678779530e-12
1.1016393218878564e+01 1.6712173690130062e-09 9.2799971794412684e-12
1.1731703160708586e+01 1.6666520187431759e-09 9.2795720817218702e-12
1.2493459185454750e+01 1.6620939861310711e-09 9.2791516455439221e-12
1.3304677102757189e+01 1.6575411605974767e-09 9.2787240679299179e-12
1.4168568543027442e+01 1.6529945988263262e-09 9.2782952195802737e-12
1.5088553672367199e+01 1.6484548200944752e-09 9.2778680144203991e-12
1.6068274733084642e+01 1.6439215305583017e-09 9.2774408389186169e-12
1.7111610463415591e+01 1.6393936013245142e-09 9.2770073011768812e-12
1.8222691453537490e+01 1.6348728415326654e-09 9.2765775908407239e-12
1.9405916498671022e+01 1.6303575012794064e-09 9.2761418522343311e-12
2.0665970014011652e+01 1.6258490862957752e-09 9.2757085690733570e-12
2.2007840580437243e+01 1.6213467623435307e-09 9.2752729988283641e-12
2.3436840694414563e+01 1.6168508635037505e-09 9.2748370780581518e-12
2.4958627800295279e+01 1.6123612625729766e-09 9.2744000645292943e-12
2.6579226688268136e+01 1.6078774278818998e-09 9.2739588691745377e-12
2.8305053346642215e+01 1.6034005580863576e-09 9.2735204271641239e-12
3.0142940362892290e+01 1.5989298469894368e-09 9.2730800538567360e-12
3.2100163974029982e+01 1.5944646741164008e-09 9.2726341705353510e-12
3.4184472873393588e+01 1.5900061979591378e-09 9.2721894716243506e-12
3.6404118887903437e+01 1.5855545588600701e-09 9.2717467892009755e-12
3.8767889647234611e+01 1.5811079186336306e-09 9.2712953808595775e-12
4.1285143374245187e+01 1.5766687846316273e-09 9.2708498850354079e-12
4.3965845934395958e+01 1.5722354955185180e-09 9.2704006332331598e-12
4.6820610290841280e+01 1.5678086458800489e-09 9.2699510638993839e-12
4.9860738521394495e+01 1.5633877108681360e-09 9.2694980414122756e-12
5.3098266563714255e+01 1.5589736562426934e-09 9.2690473419285994e-12
5.6546011865858780e+01 1.5545656343784019e-09 9.2685939155545272e-12
6.0217624130857857e+01 1.5501632348330257e-09 9.2681352979461625e-12
6.4127639356201342e+01 1.5457683413600206e-09 9.2676827191917978e-12
6.8291537382187983e+01 1.5413789211112593e-09 9.2672240307398419e-12
7.2725803176969436e+01 1.5369955381030223e-09 9.2667626149782500e-12
7.7447992100918825e+01 1.5326186749148811e-09 9.2663013216693546e-12
8.2476799408706597e+01 1.5282482761939610e-09 9.2658398518486517e-12
8.7832134264244175e+01 1.5238840367066566e-09 9.2653763712615828e-12
9.3535198561522293e+01 1.5195264673164452e-09 9.2649139376038619e-12
9.9608570863397418e+01 1.5151744880352244e-09 9.2644460004308414e-12
1.0607629579064194e+02 1.5108294988962059e-09 9.2639810666073905e-12
1.1296397921515138e+02 1.5064903525645953e-09 9.2635121614471913e-12
1.2029888963418082e+02 1.5021576793674357e-09 9.2630431046084327e-12
1.2811006612695328e+02 1.4978312936657292e-09 9.2625727852514127e-12
1.3642843332104292e+02 1.4935106129507234e-09 9.2620975679735164e-12
1.4528692382368772e+02 1.4891969545151700e-09 9.2616256116750068e-12
1.5472060860273956e+02 1.4848890412669749e-09 9.2611490003343714e-12
1.6476683583343328e+02 1.4805875182783953e-09 9.2606716723644650e-12
1.7546537876067342e+02 1.4762927730308471e-09 9.2601961769176598e-12
1.8685859316222479e+02 1.4720041220659610e-09 9.2597181389434703e-12
1.9899158503621283e+02 1.4677212991411305e-09 9.2592359318377606e-12
2.1191238917680857e+02 1.4634445579159119e-09 9.2587511093463866e-12
2.2567215934508462e+02 1.4591754524359957e-09 9.2582735148243358e-12
2.4032537078793291e+02 1.4549109282256086e-09 9.2577838363327637e-12
2.5593003590682144e+02 1.4506536458318202e-09 9.2572989024687499e-12
2.7254793393022732e+02 1.4464026897533547e-09 9.2568129966441728e-12
2.9024485549902448e+02 1.4421572404488092e-09 9.2563208258883665e-12
3.0909086313314600e+02 1.4379194378440041e-09 9.2558361916015893e-12
3.2916056861071326e+02 1.4336863304933756e-09 9.2553401356891507e-12
3.5053342835778341e+02 1.4294601155459542e-09 9.2548468745336068e-12
3.7329405801816949e+02 1.4252400975380282e-09 9.2543520097730198e-12
3.9753256744872260e+02 1.4210267339566800e-09 9.2538586257992834e-12
4.2334491746632949e+02 1.4168189081978464e-09 9.2533596104475281e-12
4.5083329975899625e+02 1.4126168280443194e-09 9.2528564920549866e-12
4.8010654146509358e+02 1.4084218951671768e-09 9.2523587352847591e-12
5.1128053602250355e+02 1.4042324390788512e-09 9.2518557605112624e-12
5.4447870199340821e+02 1.4000489566263592e-09 9.2513513081919526e-12
5.7983247168121875e+02 1.3958712993184566e-09 9.2508451070440895e-12
6.1748181147409070e+02 1.3916998140094055e-09 9.2503403221313737e-12
6.5757577597507748e+02 1.3875335880837672e-09 9.2498321993881550e-12
7.0027309811273494e+02 1.3833727009617759e-09 9.2493228613536634e-12
7.4574281756844084e+02 1.3792166771779708e-09 9.2488114517256871e-12
7.9416495000838472e+02 1.3750654855003239e-09 9.2483007838197544e-12
8.4573119976973510e+02 1.3709176232625405e-09 9.2477850606633998e-12
9.0064571882252415e+02 1.3667730030136995e-09 9.2472694356280383e-12
9.5912591501199711e+02 1.3626303669962511e-09 9.2467535385836736e-12
1.0214033127812769e+03 1.3584876434994595e-09 9.2462345297267254e-12
1.0877244697819656e+03 1.3543426175446140e-09 9.2457131482995760e-12
1.1583519530015626e+03 1.3501923894255030e-09 9.2451918382437589e-12
1.2335653782722143e+03 1.3460319969604590e-09 9.2446684295477674e-12
1.3136625172762285e+03 1.3418552038792511e-09 9.2441454444445619e-12
1.3989604764310302e+03 1.3376518247087222e-09 9.2436181034448565e-12
1.4897969523207541e+03 1.3334088010744215e-09 9.2430907075386260e-12
1.5865315686448057e+03 1.3291059901831644e-09 9.2425609747582608e-12
1.6895472999763651e+03 1.3247143427021428e-09 9.2420273071317049e-12
1.7992519879675394e+03 1.3201925662244094e-09 9.2414947009779588e-12
1.9160799560038536e+03 1.3154788693886221e-09 9.2409605850472182e-12
2.0404937287005318e+03 1.3104833253029318e-09 9.2404249293078136e-12
2.1729858630481003e+03 1.3050738825491360e-09 9.2398860546980198e-12
2.3140808984568512e+03 1.2990579447542268e-09 9.2393488461689638e-12
2.4643374334204454e+03 1.2921513910714515e-09 9.2388074486168458e-12
2.6243503370202106e+03 1.2839396114928345e-09 9.2382626351014729e-12
2.7947531040255285e+03 1.2738175116844536e-09 9.2377173511932460e-12
2.9762203629142114e+03 1.2609049467441611e-09 9.2371742565684772e-12
3.1694705467421818e+03 1.2439287487302516e-09 9.2366266997835514e-12
3.3752687374364777e+03 1.2210678436397112e-09 9.2360744015999086e-12
3.5944296947722169e+03 1.1897536069303666e-09 9.2355275754262930e-12
3.8278210820253084e+03 1.1464343781789989e-09 9.2349739047083819e-12
4.0763669010713334e+03 1.0863663361429654e-09 9.2344191936593392e-12
4.3410511505302493e+03 1.0035422069767789e-09 9.2338633283259267e-12
4.6229217214395667e+03 8.9105853185040736e-10 9.2333061223016413e-12
4.9230945458791339e+03 7.4249932533539688e-10 9.2327465638676432e-12
5.2427580149718779e+03 5.5543250539282953e-10 9.2321884826437620e-12
5.5831776837516536e+03 3.3881523728568775e-10 9.2316239195785545e-12
5.9457012815247563e+03 1.2707518962999200e-10 9.2310643244166274e-12
6.3317640475612698e+03 4.1796528800507247e-12 9.2304967739414657e-12
6.7428944132403858e+03 1.4078141027002862e-10 9.2299298329196315e-12
7.1807200531454164e+03 8.4500877305581876e-10 9.2293605325071908e-12
7.6469743290649531e+03 2.6223679224984276e-09 9.2287935646815575e-12
8.1435031524120868e+03 6.2343128483709177e-09 9.2282166253219127e-12
8.6722722922301964e+03 1.2742934542358451e-08 9.2276432732177512e-12
9.2353751577178518e+03 2.3534542015251425e-08 9.2270727651616683e-12
9.8350410860840202e+03 4.0324576106479806e-08 9.2264940030921680e-12
1.0473644168545412e+04 6.5174911146265339e-08 9.2259205942714082e-12
1.1153712649408264e+04 1.0053580633175597e-07 9.2253416911351241e-12
1.1877938935445753e+04 1.4936272134547894e-07 9.2247614577909286e-12
1.2649190255198402e+04 2.1527307432207782e-07 9.2241795496005369e-12
1.3470520010397891e+04 3.0279275384198628e-07 9.2235993162603821e-12
1.4345179864454800e+04 4.1768708399380484e-07 9.2230131659133161e-12
1.5276632615868926e+04 5.6732919249027068e-07 9.2224310968103004e-12
1.6268565907528262e+04 7.6121941536165748e-07 9.2218422406635691e-12
1.7324906826172097e+04 1.0115327179826128e-06 9.2212607811931318e-12
1.8449837449817831e+04 1.3339881349064104e-06 9.2206775805707747e-12
1.9647811404704127e+04 1.7486782920439342e-06 9.2200855011051464e-12
2.0923571497299738e+04 2.2815553345713863e-06 9.2194973592281001e-12
2.2282168491183485e+04 2.9655810054145871e-06 9.2189177978254605e-12
2.3728981103133599e+04 3.8428962046020247e-06 9.2183333958199162e-12
2.5269737297591226e+04 4.9676154525079371e-06 9.2177501625750453e-12
2.6910536963803574e+04 6.4088359864901257e-06 9.2171626650489504e-12
2.8657876065425844e+04 8.2542235150541410e-06 9.2165811346678702e-12
3.0518672358190935e+04 1.0616474039182798e-05 9.2160041036073785e-12
3.2500292777463634e+04 1.3637373972412321e-05 9.2154268040287555e-12
3.4610582604107338e+04 1.7498912310301500e-05 9.2148497263991246e-12
3.6857896524131647e+04 2.2430948419768645e-05 9.2142817595255191e-12
3.9251131705086576e+04 2.8725417101313615e-05 9.2137120349269859e-12
4.1799763020153790e+04 3.6750330485868468e-05 9.2131501795826192e-12
4.4513880559387617e+04 4.6978068444383390e-05 9.2125955454495942e-12
4.7404229576613907e+04 5.9993253320867890e-05 9.2120459579761244e-12
5.0482253030137334e+04 7.6535976900060423e-05 9.2115028228724467e-12
5.3760136885676751e+04 9.7535674012010572e-05 9.2109697302484672e-12
5.7250858360884042e+04 1.2415724846948645e-04 9.2104448239452030e-12
6.0968237302447596e+04 1.5786925015007290e-04 9.2099335082403168e-12
6.4926990899183518e+04 2.0044951554939159e-04 9.2094328473399167e-12
6.9142791947724982e+04 2.5417613008298220e-04 9.2089439684901888e-12
7.3632330901484936e+04 3.2178160475140595e-04 9.2084757943519643e-12
7.8413381948545488e+04 4.0671535663029510e-04 9.2080196227183317e-12
8.3504873380077654e+04 5.1309777636243258e-04 9.2075813859102395e-12
8.8926962527881988e+04 6.4592587302408141e-04 9.2071712213136738e-12
9.4701115567729183e+04 8.1146128009701674e-04 9.2067761117215078e-12
1.0085019250444425e+05 1.0168420490641657e-03 9.2064107926424132e-12
1.0739853767519188e+05 1.2708889599283961e-03 9.2060658374415406e-12
1.1437207612926781e+05 1.5836925112460696e-03 9.2057516212576642e-12
1.2179841626596577e+05 1.9672577938651264e-03 9.2054616267569893e-12
1.2970695913686609e+05 2.4352822603305999e-03 9.2052046531220921e-12
1.3812901484527567e+05 3.0032463644709285e-03 9.2049763627832554e-12
1.4709792650364785e+05 3.6885334303124189e-03 9.2047863719752549e-12
1.5664920223973237e+05 4.5098342950045459e-03 9.2046277071458602e-12
1.6682065577407062e+05 5.4874755284601250e-03 9.2044922877284749e-12
1.7765255612538574e+05 6.6417360583712459e-03 9.2043975525109407e-12
1.8918778703655431e+05 7.9932044150788778e-03 9.2043247180026668e-12
2.0147201675233457e+05 9.5606364550699253e-03 9.2042810731309174e-12
2.1455387882099446e+05 1.1359514753782976e-02 9.2042664095347932e-12
2.2848516463565186e+05 1.3401052908782438e-02 9.2042711348602342e-12
2.4332102847759161e+05 1.5687872426646494e-02 9.2042916307314499e-12
2.5912020587333501e+05 1.8214313788150402e-02 9.2043253098131105e-12
2.7594524612994149e+05 2.0961988008009309e-02 9.2043707680767729e-12
2.9386275996915542e+05 2.3899079773774035e-02 9.2044141467742266e-12
3.1294368324078713e+05 2.6978223796608948e-02 9.2044658446590118e-12
3.3326355775937549e+05 3.0134408815395489e-02 9.2045118376913067e-12
3.5490283037597075e+05 3.3288730375898509e-02 9.2045467196136209e-12
3.7794717146907025e+05 3.6350036740773979e-02 9.2045778661408164e-12
4.0248781411561894e+05 3.9218907204321779e-02 9.2045973338284226e-12
4.2862191528486204e+05 4.1793916751871614e-02 9.2046063374670273e-12
4.5645294048502255e+05 4.3980397863855131e-02 9.2046114083841758e-12
4.8609107338563091e+05 4.5698527771809772e-02 9.2046066412335863e-12
5.1765365203720919e+05 4.6889486265813421e-02 9.2045992217381774e-12
5.5126563341531472e+05 4.7523675955210773e-02 9.2045891830343907e-12
5.8706008812808315e+05 4.7601593909608969e-02 9.2045801004578029e-12
6.2517872724583012e+05 4.7152947761065274e-02 9.2045698069802905e-12
6.6577246333844063e+05 4.6232679761670399e-02 9.2045641867076576e-12
7.0900200794170867e+05 4.4912051935009648e-02 9.2045582676784143e-12
7.5503850781800656e+05 4.3270975341515729e-02 9.2045549926310280e-12
8.0406422253025812e+05 4.1388696960730054e-02 9.2045542328272798e-12
8.5627324601174472e+05 3.9338859436503774e-02 9.2045483008788194e-12
9.1187227498845500e+05 3.7185701742675541e-02 9.2045435998044254e-12
9.7108142729618284e+05 3.4983705218803222e-02 9.2045409719770939e-12
1.0341351133321064e+06 3.2778202704062009e-02 9.2045410289669220e-12
1.1012829640909480e+06 3.0606151214273417e-02 9.2045344845007177e-12
1.1727908194598288e+06 2.8496714783965846e-02 9.2045296160751036e-12
1.2489417806845037e+06 2.6471362643045802e-02 9.2045282797016643e-12
1.3300373311737101e+06 2.4544365846340416e-02 9.2045250716174680e-12
1.4163985300789240e+06 2.2723855554990006e-02 9.2045207674223011e-12
1.5083672833749342e+06 2.1013248123105656e-02 9.2045188779175918e-12
1.6063076974734666e+06 1.9412652817594099e-02 9.2045175366272827e-12
1.7106075207288521e+06 1.7919988657869489e-02 9.2045101485157702e-12
1.8216796785426880e+06 1.6531717067475440e-02 9.2045074695135013e-12
1.9399639081450105e+06 1.5243288348650826e-02 9.2045051316282321e-12
2.0659284995241126e+06 1.4049547968648808e-02 9.2045016314891910e-12
2.2000721493973881e+06 1.2945021742348621e-02 9.2044960858072694e-12
2.3429259355631201e+06 1.1924147178958620e-02 9.2044948508783055e-12
2.4950554194497080e+06 1.0981377588358729e-02 9.2044873740494994e-12
2.6570628851863868e+06 1.0111345127350782e-02 9.2044852630698711e-12
2.8295897240599594e+06 9.3088672576475164e-03 9.2044841261353061e-12
3.0133189737976696e+06 8.5690176543954059e-03 9.2044816293052644e-12
3.2089780227292879e+06 7.8871484809427475e-03 9.2044781287720943e-12
3.4173414895342579e+06 7.2588880347174414e-03 9.2044721870798552e-12
3.6392342899748823e+06 6.6801563064039756e-03 9.2044693815796405e-12
3.8755349027568167e+06 6.1471444459248407e-03 9.2044664484538809e-12
4.1271788474464924e+06 5.6563104710153876e-03 9.2044606712782108e-12
4.3951623882146180e+06 5.2043779046554890e-03 9.2044607420044053e-12
4.6805464780689683e+06 4.7882998239584104e-03 9.2044568882042514e-12
4.9844609591917694e+06 4.4052660029039754e-03 9.2044543202162672e-12
5.3081090360109108e+06 4.0526767984800285e-03 9.2044521793129715e-12
5.6527720387139758e+06 3.7281317658131598e-03 9.2044490984028927e-12
6.0198144960639570e+06 3.4294163726575535e-03 9.2044458794871815e-12
6.4106895376000442e+06 3.1544849580392234e-03 9.2044431752848924e-12
6.8269446466109240e+06 2.9014610392136954e-03 9.2044339350703125e-12
7.2702277866567504e+06 2.6686054682113804e-03 9.2044391617518937e-12
7.7422939258948192e+06 2.4543147144761067e-03 9.2044359789425468e-12
8.2450119850389091e+06 2.2571184331386523e-03 9.2044347827659057e-12
8.7803722364594173e+06 2.0756571832835414e-03 9.2044312961024576e-12
9.3504941837174930e+06 1.9086820501196685e-03 9.2044308859825585e-12
9.9576349527284410e+06 1.7550411373667360e-03 9.2044301362340258e-12
1.0604198227775175e+07 1.6136718668117870e-03 9.2044257379795068e-12
1.1292743767749604e+07 1.4836030724937200e-03 9.2044242308691907e-12
1.2025997540297184e+07 1.3639314560588598e-03 9.2044251220095165e-12
1.2806862513985338e+07 1.2538305933253917e-03 9.2044232326791711e-12
1.3638430151223006e+07 1.1525394628892204e-03 9.2044223737338795e-12
1.4523992647431474e+07 1.0593568198295383e-03 9.2044213614653575e-12
1.5467055964921828e+07 9.7363710595519879e-04 9.2044189188519190e-12
1.6471353713080473e+07 8.9478800909057442e-04 9.2044177834749125e-12
1.7540861929814652e+07 8.2226258460324432e-04 9.2044171287188982e-12
1.8679814822778054e+07 7.5555514123720584e-04 9.2044165513906551e-12
1.9892721532696415e+07 6.9420374564824335e-04 9.2043985482654853e-12
2.1184383985159453e+07 6.3778426995257588e-04 9.2044161870430973e-12
2.2559915901554845e+07 5.8589722989940099e-04 9.2044165780881840e-12
2.4024763044408929e+07 5.3818124463659786e-04 9.2043913457107532e-12
2.5584724777285926e+07 4.9430351805768852e-04 9.2043775184553557e-12
2.7245977024601810e+07 4.5395969952061112e-04 9.2044134347266184e-12
2.9015096722251270e+07 4.1686255728714221e-04 9.2044133064392984e-12
3.0899087855848331e+07 3.8275288951813025e-04 9.2044126714604084e-12
3.2905409189666655e+07 3.5139281544954964e-04 9.2044155437461130e-12
3.5042003796059027e+07 3.2256251149061595e-04 9.2044161010117512e-12
3.7317330502263695e+07 2.9605923547421152e-04 9.2044130882210702e-12
3.9740397379096113e+07 2.7169725236728961e-04 9.2044143832802080e-12
4.2320797404108740e+07 2.4930389663847677e-04 9.2043663140933302e-12
4.5068746440410003e+07 2.2872539286776717e-04 9.2044122383120660e-12
4.7995123681501567e+07 2.0981284396649064e-04 9.2044134531486981e-12
5.1111514722255863e+07 1.9243385836125872e-04 9.2044110625368800e-12
5.4430257426552944e+07 1.7646519171020240e-04 9.2043856157739575e-12
5.7964490773167647e+07 1.6179498291976697e-04 9.2044103901956279e-12
6.1728206873289034e+07 1.4831738498994920e-04 9.2043863832460901e-12
6.5736306365610778e+07 1.3593805441533918e-04 9.2044081276803080e-12
7.0004657408302784e+07 1.2456739632394923e-04 9.2043771316915022e-12
7.4550158501414746e+07 1.1412575893778425e-04 9.2044099714055221e-12
7.9390805388426855e+07 1.0453718025654636e-04 9.2044081045181410e-12
8.4545762301812619e+07 9.5733191515187416e-05 9.2043825371809343e-12
9.0035437834676415e+07 8.7650778398291938e-05 9.2043583826803518e-12
9.5881565738843486e+07 8.0232080173457934e-05 9.2043707050528222e-12
1.0210729096928377e+08 7.3423070522516935e-05 9.2043699078093979e-12
1.0873726131552151e+08 6.7174435036278070e-05 9.2043435260547025e-12
1.1579772498280148e+08 6.1441382864015241e-05 9.2043636614709852e-12
1.2331663450933783e+08 5.6181605658996103e-05 9.2043435551129419e-12
1.3132375743105647e+08 5.1357249319104387e-05 9.2043605008965778e-12
1.3985079413195515e+08 4.6932411491993682e-05 9.2043044293100702e-12
1.4893150334665352e+08 4.2875584149083792e-05 9.2043572407082683e-12
1.5860183581200072e+08 3.9156093475173859e-05 9.2043582996962357e-12
1.6890007659687039e+08 3.5746778958690404e-05 9.2043718389375496e-12
1.7986699667362961e+08 3.2622300970707511e-05 9.2043670823308860e-12
1.9154601433135733e+08 2.9759284003472101e-05 9.2043011857149601e-12
2.0398336706985039e+08 2.7136715342410831e-05 9.2042736641136670e-12
2.1722829465494975e+08 2.4734909544349475e-05 9.2042798156837014e-12
2.3133323405990726e+08 2.2535686561615980e-05 9.2042832217658267e-12
2.4635402706456977e+08 2.0522360560443702e-05 9.2042477834677171e-12
2.6235014133427152e+08 1.8679745644162363e-05 9.2042025360659137e-12
2.7938490585369009e+08 1.6994081264597607e-05 9.2042973082668466e-12
2.9752576164775485e+08 1.5451819449503731e-05 9.2041908358679652e-12
3.1684452878221744e+08 1.4041631132983616e-05 9.2041721861302467e-12
3.3741769070094568e+08 1.2752560875305890e-05 9.2042364061986903e-12
3.5932669702563852e+08 1.1574275649783236e-05 9.2041494300859941e-12
3.8265828601675367e+08 1.0497801391991069e-05 9.2040833795548818e-12
4.0750482797227800e+08 9.5147927277293736e-06 9.2041582605781917e-12
4.3396469092386353e+08 8.6171180543755309e-06 9.2040296046650330e-12
4.6214263007812983e+08 7.7979492251491799e-06 9.2040130923044426e-12
4.9215020254493862e+08 7.0505685300572491e-06 9.2039397432807948e-12
5.2410620899456042e+08 6.3690319766784711e-06 9.2039100054888487e-12
5.5813716399226296e+08 5.7477468172743183e-06 9.2038452364408500e-12
5.9437779687238574e+08 5.1816661790932898e-06 9.2037931538501090e-12
6.3297158513488591e+08 4.6660978112664883e-06 9.2037036458120138e-12
6.7407132247605014e+08 4.1967878663516424e-06 9.2036223032894114e-12
7.1783972370226490e+08 3.7698371493453898e-06 9.2036268134671848e-12
7.6445006892167926e+08 3.3815303993986078e-06 9.2034291050549492e-12
8.1408688956414235e+08 3.0286741179530170e-06 9.2033070199081797e-12
8.6694669894538271e+08 2.7082056258321630e-06 9.2031742407334137e-12
9.2323877026774955e+08 2.4173739066557783e-06 9.2031293787781368e-12
9.8318596513763916e+08 2.1535622683937318e-06 9.2028835155112247e-12
1.0470256158797257e+09 1.9145246843101168e-06 9.2027797087407060e-12
1.1150104651410985e+09 1.6980549731721562e-06 9.2024641799695924e-12
1.1874096665052211e+09 1.5022649820505732e-06 9.2022555525822715e-12
1.2645098500771649e+09 1.3253396017111452e-06 9.2019902391343249e-12
1.3466162572587945e+09 1.1656631593421503e-06 9.2017773575200198e-12
1.4340539492065048e+09 1.0217154219405636e-06 9.2013643766659720e-12
1.5271690937558239e+09 8.9216679561364895e-07 9.2010028654372244e-12
1.6263303359078436e+09 7.7577119921142204e-07 9.2006765017406214e-12
1.7319302573032658e+09 6.7137663230925563e-07 9.2001302532135939e-12
1.8443869304621570e+09 5.7797844351879726e-07 9.1997250436527208e-12
1.9641455739426806e+09 4.9461620889733847e-07 9.1991693895803434e-12
2.0916803149716191e+09 4.2043606824102349e-07 9.1984673037925683e-12
2.2274960665249810e+09 3.5466550474439546e-07 9.1977888001910588e-12
2.3721305262900968e+09 2.9658886317862060e-07 9.1970679270387927e-12
2.5261563054231434e+09 2.4555483966177451e-07 9.1962672957918010e-12
2.6901831955298963e+09 2.0096900597843123e-07 9.1953983718929416e-12
2.8648605828447328e+09 1.6228679567430898e-07 9.1945583086021135e-12
3.0508800191656880e+09 1.2899943175487794e-07 9.1934569628742291e-12
3.2489779597239442e+09 1.0064400370975182e-07 9.1923866856887292e-12
3.4599386788270459e+09 7.6781345493161308e-08 9.1912801015570141e-12
3.6845973748189411e+09 5.6997464478259935e-08 9.1901073592723198e-12
3.9238434766494536e+09 4.0897594334335752e-08 9.1889013126524336e-12
4.1786241651439724e+09 2.8099774541655028e-08 9.1876335002894212e-12
4.4499481229141474e+09 1.8231155164121024e-08 9.1862613850048873e-12
4.7388895277555733e+09 1.0924289117035936e-08 9.1849217845370574e-12
5.0465923053424110e+09 5.8141762157521773e-09 9.1836342883465682e-12
5.3742746580554695e+09 2.5380829892798825e-09 9.1823231305640839e-12
5.7232338878734798e+09 7.3721131498687600e-10 9.1811217025755017e-12
6.0948515324214954e+09 6.0549756841295314e-11 9.1799987757393453e-12
6.4905988345101585e+09 1.7179096598008008e-10 9.1788611394809762e-12
6.9120425668198595e+09 7.5878789493065947e-10 9.1779825725554409e-12
7.3608512347898521e+09 1.5452007917483016e-09 9.1771008390752344e-12
7.8388016822696991e+09 2.3032411488725333e-09 9.1762095323270716e-12
8.3477861260849867e+09 2.8658377068787126e-09 9.1755261992028160e-12
8.8898196473672962e+09 3.1354805585168391e-09 9.1748804364377911e-12
9.4670481693068047e+09 3.0875243947591216e-09 9.1743417895023362e-12
1.0081756952911591e+10 2.7648142320819124e-09 9.1737332337655196e-12
1.0736379644408592e+10 2.2626337114897153e-09 9.1730145047124553e-12
1.1433507910105040e+10 1.7041058756977710e-09 9.1724259673352407e-12
1.2175901696855043e+10 1.2094082429279078e-09 9.1716087211936844e-12
1.2966500158752726e+10 8.6590748588472884e-10 9.1708292163786264e-12
1.3808433293310947e+10 7.0684766734578758e-10 9.1700246143278736e-12
1.4705034333193533e+10 7.0702712401538448e-10 9.1692191574333543e-12
1.5659852942560120e+10 7.9843609984675237e-10 9.1684096411019861e-12
1.6676669270268295e+10 9.0143613092709986e-10 9.1676206917530550e-12
1.7759508915569958e+10 9.5871575085789514e-10 9.1668664087813264e-12
1.8912658865551434e+10 9.5567738930208239e-10 9.1660808739112342e-12
2.0140684467414055e+10 9.1644220788371477e-10 9.1653979445466165e-12
2.1448447502788834e+10 8.7857512122176371e-10 9.1645244248385341e-12
2.2841125435641884e+10 8.6460907151617075e-10 9.1637646877205272e-12
2.4324231909973454e+10 8.7068053363518016e-10 9.1629700805753122e-12
2.5903638578461475e+10 8.7881534012524041e-10 9.1621648219963446e-12
2.7585598348469704e+10 8.7766143406614238e-10 9.1613620107459583e-12
2.9376770137451912e+10 8.7031902324623229e-10 9.1606315127558892e-12
3.1284245235759426e+10 8.6465870110889257e-10 9.1597492427003003e-12
3.3315575381222878e+10 8.6235779217302207e-10 9.1589131294812986e-12
3.5478802656656006e+10 8.6008177760451923e-10 9.1581176122092226e-12
3.7782491328647217e+10 8.5651238541826475e-10 9.1572852163806162e-12
4.0235761753687393e+10 8.5297948878336909e-10 9.1565639001524397e-12
4.2848326485871719e+10 8.4986576963988770e-10 9.1557367768165364e-12
4.5630528729124863e+10 8.4664529780742494e-10 9.1548399490533849e-12
4.8593383286183426e+10 8.4336102561129215e-10 9.1540026904077268e-12
5.1748620166453590e+10 8.4014133078317800e-10 9.1531697675951055e-12
5.5108731025388412e+10 8.3691654260502133e-10 9.1523461476555061e-12
5.8687018619239357e+10 8.3369253672341278e-10 9.1514919438666906e-12
6.2497649470974594e+10 8.3048082416191845e-10 9.1506566741122193e-12
6.6555709955869553e+10 8.2728099790300385e-10 9.1499007188554750e-12
7.0877266028814011e+10 8.2408063388191997e-10 9.1490527494255469e-12
7.5479426829797379e+10 8.2088713125297336e-10 9.1482055681904805e-12
8.0380412419387817e+10 8.1769194161964296e-10 9.1472591602838194e-12
8.5599625912371536e+10 8.1451248488665198e-10 9.1464140612347621e-12
9.1157730295130951e+10 8.1134528977403329e-10 9.1456318637660197e-12
9.7076730230883484e+10 8.0817131348253807e-10 9.1446880058942891e-12
1.0338005917664989e+11 8.0501786600907295e-10 9.1439018340039560e-12
1.1009267215685007e+11 8.0185565467435434e-10 9.1429300950408488e-12
1.1724114456081938e+11 7.9871770750140557e-10 9.1421572608400031e-12
1.2485377735538676e+11 7.9557749515847216e-10 9.1412732698732082e-12
1.3296070912905411e+11 7.9244504082932055e-10 9.1403945457767440e-12
1.4159403541136194e+11 7.8931954095193748e-10 9.1395093970069937e-12
1.5078793573982986e+11 7.8619205712489817e-10 9.1385141846666552e-12
1.6057880897753247e+11 7.8308163839977869e-10 9.1376285941133220e-12
1.7100541741703638e+11 7.7998046761292018e-10 9.1367612741403387e-12
1.8210904024120883e+11 7.7689017155861592e-10 9.1359319578006825e-12
1.9393363694845312e+11 7.7380147410368985e-10 9.1350307435292255e-12
2.0652602138937491e+11 7.7071951670160225e-10 9.1341217355162206e-12
2.1993604710389438e+11 7.6764455315575468e-10 9.1332144538715714e-12
2.3421680469255881e+11 7.6457419551670773e-10 9.1322931544938274e-12
2.4942483200345236e+11 7.6150779066204659e-10 9.1313750927857498e-12
2.6562033796683829e+11 7.5844132156811876e-10 9.1304531244699864e-12
2.8286744096370020e+11 7.5536946640791801e-10 9.1295284445291705e-12
3.0123442267188843e+11 7.5228494379219493e-10 9.1285991640510303e-12
3.2079399839485480e+11 7.4918093129428857e-10 9.1276619717675157e-12
3.4162360494321313e+11 7.4605796053600189e-10 9.1267246469437578e-12
3.6380570720885535e+11 7.4292027798349668e-10 9.1256740403724066e-12
3.8742812464535706e+11 7.3981028591203567e-10 9.1247201397876984e-12
4.1258437894721606e+11 7.3674110924904746e-10 9.1237748981564305e-12
4.3937406430439429e+11 7.3371167517975540e-10 9.1228194808777110e-12
4.6790324169800671e+11 7.3071752235136362e-10 9.1219728064237891e-12
4.9828485879819501e+11 7.2771832692434267e-10 9.1209063491091278e-12
5.3063919712654315e+11 7.2473189762915408e-10 9.1199369317274113e-12
5.6509434825339771e+11 7.2174987677386088e-10 9.1189889449217778e-12
6.0178672091534229e+11 7.1876951512542167e-10 9.1180261151654109e-12
6.4086158106052625e+11 7.1578991021940167e-10 9.1170254874484634e-12
6.8247362695989771e+11 7.1281695991905948e-10 9.1160520874728607e-12
7.2678760166122046e+11 7.0985611491532496e-10 9.1151677197157567e-12
7.7397894521059229e+11 7.0688487185790765e-10 9.1140767369501361e-12
8.2423448922362708e+11 7.0392793868754777e-10 9.1130936916804715e-12
8.7775319655612256e+11 7.0097517569032255e-10 9.1120845362734801e-12
9.3474694900258704e+11 6.9803022174045704e-10 9.1110954680272031e-12
9.9544138614114221e+11 6.9508997994361993e-10 9.1100842558766529e-12
1.0600767986458077e+12 6.9216410976279492e-10 9.1091779790933786e-12
1.1289090796028123e+12 6.8922866791319762e-10 9.1080598258957721e-12
1.2022107375972129e+12 6.8630781742871019e-10 9.1070479014199574e-12
1.2802719755806577e+12 6.8340042002416634e-10 9.1061290237226445e-12
1.3634018397915535e+12 6.8048399267679162e-10 9.1050016837381379e-12
1.4519294432762371e+12 6.7758270354998300e-10 9.1039892882012253e-12
1.5462052688551050e+12 6.7468480710654405e-10 9.1029343765081938e-12
1.6466025566921677e+12 6.7179614713161889e-10 9.1019155394773711e-12
1.7535187819614524e+12 6.6891084178110498e-10 9.1008527629619387e-12
1.8673772284603674e+12 6.6604108561763476e-10 9.0999133401208588e-12
1.9886286644000032e+12 6.6316182779420792e-10 9.0987533027061235e-12
2.1177531270068564e+12 6.6029681797568854e-10 9.0976979346853474e-12
2.2552618230012637e+12 6.5743871930139949e-10 9.0966481174481376e-12
2.4016991524765747e+12 6.5458615331712746e-10 9.0955828219815985e-12
2.5576448641916572e+12 6.5173880698095903e-10 9.0944991396286128e-12
2.7237163508095820e+12 6.4890638353413650e-10 9.0935328194296033e-12
2.9005710931693877e+12 6.4606499249175704e-10 9.0923477164657272e-12
3.0889092632678623e+12 6.4324473261870123e-10 9.0913676553512920e-12
3.2894764962565981e+12 6.4041932801420121e-10 9.0902217777099316e-12
3.5030668424287236e+12 6.3760805608214441e-10 9.0891831696015645e-12
3.7305259108822959e+12 6.3479283024073823e-10 9.0879940705425134e-12
3.9727542173061880e+12 6.3199052468188533e-10 9.0868952886050092e-12
4.2307107491424346e+12 6.2920011040328470e-10 9.0858733507034382e-12
4.5054167622395947e+12 6.2640412233252078e-10 9.0846755619681987e-12
4.7979598240281670e+12 6.2362041483926842e-10 9.0835600751546329e-12
5.1094981192250898e+12 6.2084249304584148e-10 9.0824328890426128e-12
5.4412650351136963e+12 6.1807072731159101e-10 9.0812993132372886e-12
5.7945740445523701e+12 6.1530553412103559e-10 9.0801654194255623e-12
6.1708239060438291e+12 6.1254689934040407e-10 9.0790309987772337e-12
6.5715042014522432e+12 6.0979495446841948e-10 9.0778981338605067e-12
6.9982012332921299e+12 6.0705467394886089e-10 9.0768413810273217e-12
7.4526043049365312e+12 6.0430814782314196e-10 9.0755923766089667e-12
7.9365124086079609e+12 6.0157605952407102e-10 9.0744607134391910e-12
8.4518413476300293e+12 5.9884642428359764e-10 9.0732670900325977e-12
9.0006313211369141e+12 5.9613150097775432e-10 9.0721965406488933e-12
9.5850550012687051e+12 5.9341070465601793e-10 9.0709362824963542e-12
1.0207426134830424e+13 5.9070170793233261e-10 9.0697550723355793e-12
1.0870208703468896e+13 5.8799875364465523e-10 9.0685653957360727e-12
1.1576026678632826e+13 5.8530918292899825e-10 9.0674809709850800e-12
1.2327674409936170e+13 5.8261351806326752e-10 9.0661995987079189e-12
1.3128127688052594e+13 5.7992874227219995e-10 9.0649848970500647e-12
1.3980555525939260e+13 5.7725760708428526e-10 9.0638807040605617e-12
1.4888332705032094e+13 5.7457995653417343e-10 9.0625702972970464e-12
1.5855053136083176e+13 5.7191542521205811e-10 9.0613624720254257e-12
1.6884544087536164e+13 5.6926272518186248e-10 9.0602381118964412e-12
1.7980881337770176e+13 5.6660395307682816e-10 9.0589118318765868e-12
1.9148405311200219e+13 5.6395747749876044e-10 9.0576761366903877e-12
2.0391738262117398e+13 5.6131667891835751e-10 9.0564254941152047e-12
2.1715802574300062e+13 5.5868268726331199e-10 9.0551774030282762e-12
2.3125840248844516e+13 5.5606170891857840e-10 9.0540357159017932e-12
2.4627433657368043e+13 5.5343371363674165e-10 9.0526708190232777e-12
2.6226527642746672e+13 5.5081811652416677e-10 9.0513979301353961e-12
2.7929453054884992e+13 5.4820999200849034e-10 9.0501414025000141e-12
2.9742951814696672e+13 5.4560712730593910e-10 9.0488658697020867e-12
3.1674203605524594e+13 5.4301083767687523e-10 9.0475866848732253e-12
3.3730854297672492e+13 5.4042088683463407e-10 9.0463021526464593e-12
3.5921046218581539e+13 5.3783679886853416e-10 9.0450071037359342e-12
3.8253450388492125e+13 5.3526010887787816e-10 9.0437231558153907e-12
4.0737300849212641e+13 5.3269425108224016e-10 9.0425141756503239e-12
4.3382431221903594e+13 5.3012945936291085e-10 9.0412095290203560e-12
4.6199313638610188e+13 5.2757050446159449e-10 9.0398916387350367e-12
4.9199100201674172e+13 5.2501449921969852e-10 9.0385085611209591e-12
5.2393667135163812e+13 5.2246603108648917e-10 9.0371429803763700e-12
5.5795661803118359e+13 5.1993192988220875e-10 9.0359153997843800e-12
5.9418552780753500e+13 5.1739810922588018e-10 9.0345751466582239e-12
6.3276683176860719e+13 5.1486981429057786e-10 9.0332153811019312e-12
6.7385327418505219e+13 5.1234847107255682e-10 9.0318623148593279e-12
7.1760751722834344e+13 5.0983305208291226e-10 9.0304981329397263e-12
7.6420278495405797e+13 5.0732512502692870e-10 9.0291466709759936e-12
8.1382354909990016e+13 5.0481663442944299e-10 9.0276644132732334e-12
8.6666625941355844e+13 5.0232499821473209e-10 9.0263731779045472e-12
9.2294012140178031e+13 4.9983506088766191e-10 9.0249891491103796e-12
9.8286792457978859e+13 4.9735047271205305e-10 9.0235839725189429e-12
1.0466869245001028e+14 4.9487326085479409e-10 9.0221902305398419e-12
1.1146497820527338e+14 4.9240189246535652e-10 9.0207834601232268e-12
1.1870255637554634e+14 4.8993605234700799e-10 9.0193573903698799e-12
1.2641008069943847e+14 4.8747691764087726e-10 9.0179320493549365e-12
1.3461806544320094e+14 4.8502572634693615e-10 9.0165319702626192e-12
1.4335900620740947e+14 4.8257800343382244e-10 9.0150728450107251e-12
1.5266750857779512e+14 4.8013950333375615e-10 9.0136628200405710e-12
1.6258042512955503e+14 4.7770371651127048e-10 9.0121759242613985e-12
1.7313700132754597e+14 4.7527729645400824e-10 9.0107448910691491e-12
1.8437903089998331e+14 4.7285595697626314e-10 9.0092834461916246e-12
1.9635102130077338e+14 4.7043839534055818e-10 9.0077601561786232e-12
2.0910036991554794e+14 4.6802974321304802e-10 9.0062927688257361e-12
2.2267755170900544e+14 4.6562723329367235e-10 9.0048104091152938e-12
2.3713631905645806e+14 4.6323053805471976e-10 9.0033126738970498e-12
2.5253391455072347e+14 4.6084050597849263e-10 9.0018150266621997e-12
2.6893129762686734e+14 4.5845600477863036e-10 9.0002963971750420e-12
2.8639338590201056e+14 4.5607827237806194e-10 8.9987803845675239e-12
3.0498931218566988e+14 4.5370821637877627e-10 8.9972875034489208e-12
3.2479269817814244e+14 4.5134107306485407e-10 8.9957187043853142e-12
3.4588194594051244e+14 4.4898469318303948e-10 8.9942305504067827e-12
3.6834054829021581e+14 4.4663224459507520e-10 8.9926932522053669e-12
3.9225741935102688e+14 4.4428519334509549e-10 8.9911267684678141e-12
4.1772724656612150e+14 4.4194505232849087e-10 8.9895649486218237e-12
4.4485086556784456e+14 4.3960767822348963e-10 8.9879243463970969e-12
4.7373565938829988e+14 4.3727958969271656e-10 8.9863401267557013e-12
5.0449598359124688e+14 4.3496149829593207e-10 8.9848258984072846e-12
5.3725361900841012e+14 4.3264305848156202e-10 8.9831634643502522e-12
5.7213825387259625e+14 4.3033598985590411e-10 8.9816044586896210e-12
6.0928799725639288e+14 4.2802964207885219e-10 8.9799155649197539e-12
6.4884992584916750e+14 4.2573655521227329e-10 8.9783708765518069e-12
6.9098066623706638e+14 4.2344312496940983e-10 8.9766745111137262e-12
7.3584701499127500e+14 4.2116242073890576e-10 8.9751118795149287e-12
7.8362659901947788e+14 4.1888238946467311e-10 8.9734181226957936e-12
8.3450857879490038e+14 4.1661338792098795e-10 8.9718216645432155e-12
8.8869439724693988e+14 4.1434576588667328e-10 8.9701084371682722e-12
9.4639857727838638e+14 4.1208633994943580e-10 8.9684293963072820e-12
1.0078495710665266e+15 4.0983386404085024e-10 8.9667567004235724e-12
1.0732906645105746e+15 4.0758572459622411e-10 8.9650383266696901e-12
1.1429809404061472e+15 4.0534461394248423e-10 8.9633222541750301e-12
1.2171963041600178e+15 4.0311277662963796e-10 8.9616631686206799e-12
1.2962305761059725e+15 4.0088041451957940e-10 8.9598494390585065e-12
1.3803966547462775e+15 3.9866133503989688e-10 8.9581838422562929e-12
1.4700277555240538e+15 3.9644199806961625e-10 8.9563580575467420e-12
1.5654787300308870e+15 3.9423912919125577e-10 8.9547631097486146e-12
1.6671274708724490e+15 3.9203253756770610e-10 8.9529212130432134e-12
1.7753764077540245e+15 3.8983844905258196e-10 8.9512228432866493e-12
1.8906541007089788e+15 3.8764158583498501e-10 8.9492999075891400e-12
2.0134169367777970e+15 3.8546119683240139e-10 8.9476060927372054e-12
2.1441509368548852e+15 3.8328513130726352e-10 8.9458575461918642e-12
2.2833736798564810e+15 3.8110973828289482e-10 8.9439722169527621e-12
2.4316363518274990e+15 3.7894533328136092e-10 8.9421771133263031e-12
2.5895259280997735e+15 3.7678923539100161e-10 8.9404319580436247e-12
2.7576674971409105e+15 3.7463685708903353e-10 8.9386155541848707e-12
2.9367267352939225e+15 3.7248932836871115e-10 8.9367570565989197e-12
3.1274125422051980e+15 3.7034600356096806e-10 8.9348437314904344e-12
3.3304798473745215e+15 3.6820780924983608e-10 8.9328799199536160e-12
3.5467325989383440e+15 3.6608692749387632e-10 8.9311901348143006e-12
3.7770269465189660e+15 3.6396383485810831e-10 8.9292771597697491e-12
4.0222746307406020e+15 3.6184605612007172e-10 8.9273300265781807e-12
4.2834465928315045e+15 3.5973582561088090e-10 8.9254043962388663e-12
4.5615768186026410e+15 3.5763549318031624e-10 8.9235592476305165e-12
4.8577664320213220e+15 3.5553863599620025e-10 8.9216348007695140e-12
5.1731880545863460e+15 3.5344440784180210e-10 8.9196073642202391e-12
5.5090904477635030e+15 3.5135420715841536e-10 8.9175074269295100e-12
5.8668034568609750e+15 3.4927461046419089e-10 8.9155236431161925e-12
6.2477432759175240e+15 3.4720759498092229e-10 8.9136740585184718e-12
6.6534180544472980e+15 3.4513715665512585e-10 8.9115702599687186e-12
7.0854338682384830e+15 3.4307654508583584e-10 8.9095448506237770e-12
7.5455010778443200e+15 3.4102279221990595e-10 8.9075369727890841e-12
8.0354410999399200e+15 3.3897455623460800e-10 8.9054764069813148e-12
8.5571936183528110e+15 3.3693888582634089e-10 8.9035872940311690e-12
9.1128242633158720e+15 3.3489903478453485e-10 8.9014066503654868e-12
9.7045327893449780e+15 3.3287353809582890e-10 8.8994260651862682e-12
1.0334661784117740e+16 3.3085099286501767e-10 8.8973517168745451e-12
1.1005705942832214e+16 3.2883093298051864e-10 8.8951643437107955e-12
1.1720321944762384e+16 3.2682007154118525e-10 8.8930361893814010e-12
1.2481338971112732e+16 3.2481553296101926e-10 8.8909016793393222e-12
1.3291769905811726e+16 3.2281792704703434e-10 8.8887764219402767e-12
1.4154823263588662e+16 3.2082545590091796e-10 8.8866143324167735e-12
1.5073915892557342e+16 3.1883897896558786e-10 8.8844156299803056e-12
1.6052686501596426e+16 3.1685964269528498e-10 8.8822385355640673e-12
1.7095010066081664e+16 3.1489404948780272e-10 8.8802463203141965e-12
1.8205013169002612e+16 3.1292076889199406e-10 8.8778624983615003e-12
1.9387090338199704e+16 3.1095975473580851e-10 8.8756498555014817e-12
2.0645921444401152e+16 3.0901346555067784e-10 8.8736509391078327e-12
2.1986490228938884e+16 3.0705758782136957e-10 8.8711932036850570e-12
2.3414104034495252e+16 3.0512685970434676e-10 8.8692630845473520e-12
2.4934414816994880e+16 3.0319679337576980e-10 8.8671599680549435e-12
2.6553441521828304e+16 3.0126754109396206e-10 8.8648843187763579e-12
2.8277593912995344e+16 2.9933862900783477e-10 8.8624187066171341e-12
3.0113697949508372e+16 2.9742145553642173e-10 8.8601053115541654e-12
3.2069022809521168e+16 2.9551050289172969e-10 8.8577746185337623e-12
3.4151309669172620e+16 2.9360643347933254e-10 8.8554415584668844e-12
3.6368802350081272e+16 2.9169855838170874e-10 8.8528097222214773e-12
3.8730279956824912e+16 2.8981345855077751e-10 8.8506595139500794e-12
4.1245091633617712e+16 2.8792855339310021e-10 8.8483116899254410e-12
4.3923193577787448e+16 2.8605030976746577e-10 8.8459361195785480e-12
4.6775188456589912e+16 2.8416825265271050e-10 8.8432651986950820e-12
4.9812367383412720e+16 2.8230419875627914e-10 8.8409413370774057e-12
5.3046754619553128e+16 2.8044391980058697e-10 8.8385201615401202e-12
5.6491155178545392e+16 2.7858709355369450e-10 8.8359902793634972e-12
6.0159205521504144e+16 2.7674055002364189e-10 8.8335687765953418e-12
6.4065427544187896e+16 2.7489434728168403e-10 8.8309404201300317e-12
6.8225286069518704e+16 2.7305860296874678e-10 8.8284427815780733e-12
7.2655250073172160e+16 2.7122829862379137e-10 8.8259177500349734e-12
7.7372857884631232e+16 2.6940319521653586e-10 8.8233248439329468e-12
8.2396786621836576e+16 2.6758905345122883e-10 8.8208754038692387e-12
8.7746926134326352e+16 2.6577709115560363e-10 8.8182749335206972e-12
9.3444457747608544e+16 2.6396870501442928e-10 8.8155630482831569e-12
9.9511938120516288e+16 2.6217010548699332e-10 8.8129576435121182e-12
1.0597338854753955e+17 2.6037696420762514e-10 8.8103063865033049e-12
1.1285439005968306e+17 2.5860109834684574e-10 8.8079525334829114e-12
1.2018218470035693e+17 2.5681967134985487e-10 8.8052413185588109e-12
1.2798578337725387e+17 2.5504570529577643e-10 8.8025593592310873e-12
1.3629608071720054e+17 2.5326936867186705e-10 8.7996333004074022e-12
1.4514597737869654e+17 2.5150694667467009e-10 8.7968796404672941e-12
1.5457051030637885e+17 2.4975967293546237e-10 8.7943433076258598e-12
1.6460699144309229e+17 2.4801442230341402e-10 8.7917274061162169e-12
1.7529515544873034e+17 2.4627586543509151e-10 8.7891317223972341e-12
1.8667731701066851e+17 2.4452814734387711e-10 8.7859112311013460e-12
1.9879853836858576e+17 2.4281013431279473e-10 8.7835732126722831e-12
2.1170680771690902e+17 2.4106832336776519e-10 8.7800598932415983e-12
2.2545322919117965e+17 2.3936805122370010e-10 8.7779272982625620e-12
2.4009222519050272e+17 2.3764462829489224e-10 8.7745638950706469e-12
2.5568175183707802e+17 2.3595179187093573e-10 8.7722198215263425e-12
2.7228352842582218e+17 2.3424701579435000e-10 8.7690475290755717e-12
2.8996328177247827e+17 2.3251195227026193e-10 8.7645490664835961e-12
3.0879100642759251e+17 2.3086774330351655e-10 8.7632047425401371e-12
3.2884124178655149e+17 2.2919237043372864e-10 8.7604503068444014e-12
3.5019336719276454e+17 2.2750579574643076e-10 8.7570816219906816e-12
3.7293191620231194e+17 2.2583684127856175e-10 8.7540326425042964e-12
3.9714691125423962e+17 2.2415404318576185e-10 8.7501825868614582e-12
4.2293422007146803e+17 2.2248343961189271e-10 8.7464688694367549e-12
4.5039593520331437e+17 2.2086056204194550e-10 8.7443652764519208e-12
4.7964077821224589e+17 2.1921945473353674e-10 8.7415286707025946e-12
5.1078453010504851e+17 2.1758622313477966e-10 8.7383947262324993e-12
5.4395048971249894e+17 2.1596652924580585e-10 8.7358343042690820e-12
5.7926996183227379e+17 2.1426380121827741e-10 8.7294560356261919e-12
6.1688277706766746e+17 2.1264826293972565e-10 8.7263716031997667e-12
6.5693784542016896e+17 2.1103596071949369e-10 8.7231400047608557e-12
6.9959374582758707e+17 2.0950334098371626e-10 8.7228929610272622e-12
7.4501935398171571e+17 2.0784934305338345e-10 8.7172369985619526e-12
7.9339451091108595e+17 2.0630098041966783e-10 8.7160215266338642e-12
8.4491073497573850e+17 2.0470223736302842e-10 8.7122742651950712e-12
8.9977198009282048e+17 2.0311676356450943e-10 8.7088094324341000e-12
9.5819544319483891e+17 2.0155642380661518e-10 8.7059930682939332e-12
1.0204124241173176e+18 1.9996838202929878e-10 8.7019021633889255e-12
1.0866692413201709e+18 1.9840336058383691e-10 8.6983998285545252e-12
1.1572282070681574e+18 1.9677562644096878e-10 8.6918196463700696e-12
1.2323686659311762e+18 1.9531407021368689e-10 8.6921048124689816e-12
1.3123881007158495e+18 1.9368336476309523e-10 8.6848263144569281e-12
1.3976033102068040e+18 1.9216407709664386e-10 8.6821477324693351e-12
1.4883516633803523e+18 1.9063421982343951e-10 8.6786026864985938e-12
1.5849924350560379e+18 1.8909263081388438e-10 8.6741673314685137e-12
1.6879082282739174e+18 1.8764633397249703e-10 8.6740688907668361e-12
1.7975064890288051e+18 1.8607086678161594e-10 8.6673110883570706e-12
1.9142211193583468e+18 1.8454431507392876e-10 8.6631163754429268e-12
2.0385141951711764e+18 1.8311654083298401e-10 8.6625668518334419e-12
2.1708777956160781e+18 1.8157089319055232e-10 8.6564441344927463e-12
2.3118359512346644e+18 1.8007347044204641e-10 8.6522181803383109e-12
2.4619467186103552e+18 1.7859436078444671e-10 8.6484891410806948e-12
2.6218043897272412e+18 1.7711323289989889e-10 8.6445849143801043e-12
2.7920418447857306e+18 1.7569389872212255e-10 8.6428884390665000e-12
2.9733330577898332e+18 1.7420796202929345e-10 8.6379932795096913e-12
3.1663957648257603e+18 1.7274790287395505e-10 8.6339085320978384e-12
3.3719943055956137e+18 1.7133135782148115e-10 8.6317074168119923e-12
3.5909426494558648e+18 1.6980463806546894e-10 8.6240438925480784e-12
3.8241076179407764e+18 1.6835792018929213e-10 8.6197094823665324e-12
4.0724123165288151e+18 1.6694351883140629e-10 8.6162503913788349e-12
4.3368397892384927e+18 1.6552181207410993e-10 8.6123337586154622e-12
4.6184369105222676e+18 1.6412310952308992e-10 8.6092246561943967e-12
4.9183185298666076e+18 1.6271513667020750e-10 8.6053549340430384e-12
5.2376718855067699e+18 1.6131146099711753e-10 8.6013577766255464e-12
5.5777613047303127e+18 1.5991311457515656e-10 8.5972860623250301e-12
5.9399332093779333e+18 1.5854971462833897e-10 8.5948158538628647e-12
6.3256214463585362e+18 1.5715133535558108e-10 8.5900127121017061e-12
6.7363529642821550e+18 1.5572983108048651e-10 8.5836404199021939e-12
7.1737538586846587e+18 1.5433484787223627e-10 8.5783391365912830e-12
7.6395558097774121e+18 1.5292028287981732e-10 8.5724748889543258e-12
8.1356029382091049e+18 1.5166743628965611e-10 8.5733315329592763e-12
8.6638591059818547e+18 1.5017989287135736e-10 8.5623913591099370e-12
9.2264156914260931e+18 1.4881834279390608e-10 8.5572470453071326e-12
9.8254998690155192e+18 1.4746273703144581e-10 8.5520071597243119e-12
1.0463483426802123e+19 1.4611193211697066e-10 8.5466514312147555e-12
1.1142892156379691e+19 1.4476714424382915e-10 8.5412100949328832e-12
1.1866415852550871e+19 1.4342569521557463e-10 8.5353934754845255e-12
1.2636918962286733e+19 1.4209694041612809e-10 8.5301835370711553e-12
1.3457451925138272e+19 1.4085944258168888e-10 8.5296462687155894e-12
1.4331263249996816e+19 1.3950434646991055e-10 8.5221576406961229e-12
1.5261812376015530e+19 1.3830140466077500e-10 8.5231167861822366e-12
1.6252783368608666e+19 1.3696266307272477e-10 8.5155845710164676e-12
1.7308099504751350e+19 1.3561205912442946e-10 8.5077775167774003e-12
1.8431938805323467e+19 1.3437785175141804e-10 8.5070204205488067e-12
1.9628750575990510e+19 1.3308935854233601e-10 8.5012321342706826e-12
2.0903273022107136e+19 1.3180602658869098e-10 8.4953337153232373e-12
2.2260552007381287e+19 1.3052593149100650e-10 8.4891516865347883e-12
2.3705961030564737e+19 1.2959563086170950e-10 8.5060379163849264e-12
2.5245222499258409e+19 1.2830599583677561e-10 8.4980673845906823e-12
2.6884430385055785e+19 1.2705369847370498e-10 8.4924294826963862e-12
2.8630074349716763e+19 1.2556851779445200e-10 8.4691519331852317e-12
3.0489065437887980e+19 1.2433696343921201e-10 8.4640277042506301e-12
3.2468763438087672e+19 1.2331310855759053e-10 8.4738953498690944e-12
3.4577006020277879e+19 1.2179766275752957e-10 8.4498140694164120e-12
3.6822139765380256e+19 1.2085897303337935e-10 8.4619214074731923e-12
3.9213053209582125e+19 1.1928869535751507e-10 8.4313665727936249e-12
4.1759212034255872e+19 1.1851858988991875e-10 8.4563181109609022e-12
4.4470696540809445e+19 1.1703344716168560e-10 8.4286112284735857e-12
4.7358241558831702e+19 1.1603953510503792e-10 8.4396573388091103e-12
5.0433278945529889e+19 1.1455675930510239e-10 8.4114190480773802e-12
5.3707982844715557e+19 1.1338045596374892e-10 8.4055165513609722e-12
5.7195317884520178e+19 1.1228873531042726e-10 8.4039011078367766e-12
6.0909090504656413e+19 1.1140414984691714e-10 8.4209778193791299e-12
6.4864003616430801e+19 1.0996841678157795e-10 8.3923953382709499e-12
6.9075714811908137e+19 1.0870977318231938e-10 8.3810254533642858e-12
7.3560898352678928e+19 1.0796402128130325e-10 8.4042072276407977e-12
7.8337311183644967e+19 1.0673320324592125e-10 8.3934883402070898e-12
8.3423863233172996e+19 1.0564123347585799e-10 8.3890875138452000e-12
8.8840692277936439e+19 1.0457542666889354e-10 8.3875314035042322e-12
9.4609243668837007e+19 1.0347826644229560e-10 8.3834351171515448e-12
1.0075235523364255e+20 1.0239436388462697e-10 8.3821352626961135e-12
1.0729434769247299e+20 1.0114051735707251e-10 8.3620063759596230e-12
1.1426112094409133e+20 1.0017840198259787e-10 8.3693799237231958e-12
1.2168025660419908e+20 9.9076788818320231e-11 8.3633252855403556e-12
1.2958112720168778e+20 9.7870222705960725e-11 8.3466753804922400e-12
1.3799501246515729e+20 9.6774958860260210e-11 8.3394584676692059e-12
1.4695522316008137e+20 9.5667384546523174e-11 8.3302688649742119e-12
1.5649723296689511e+20 9.4625843198228960e-11 8.3261270003832791e-12
1.6665881892211255e+20 9.3532318618504250e-11 8.3169145342215033e-12
1.7748021097848393e+20 9.2411795203991117e-11 8.3040081171590879e-12
1.8900425127630501e+20 9.1347270995334037e-11 8.2956880802574706e-12
2.0127656375643659e+20 9.0319938497410645e-11 8.2899207244402103e-12
2.1434573478653706e+20 8.9559134480744851e-11 8.3128772517198653e-12
2.2826350551561051e+20 8.8603994415940367e-11 8.3132283052006727e-12
2.4308497671840671e+20 8.7292630837827199e-11 8.2803860864267636e-12
2.5886882694065721e+20 8.6322590762022240e-11 8.2784966902343049e-12
2.7567754480878875e+20 8.5203949653926443e-11 8.2610918022763680e-12
2.9357767642383394e+20 8.4086367903954354e-11 8.2414486281507170e-12
3.1264008881897747e+20 8.3066638697347767e-11 8.2322078390801723e-12
3.3294025052377186e+20 8.2165453656741073e-11 8.2380895036496705e-12
3.5455853034578379e+20 8.1170964332916250e-11 8.2281338268663858e-12
3.7758051555255353e+20 8.0164883177084033e-11 8.2176324913346371e-12
4.0209735071355739e+20 7.9242687576370568e-11 8.2112718011201389e-12
4.2820609854365703e+20 7.8580164003987327e-11 8.2399855482904182e-12
4.5601012417662222e+20 7.7587172104229743e-11 8.2302638465346067e-12
4.8561950439007519e+20 7.6321915384889906e-11 8.1875737970645135e-12
5.1715146340198757e+20 7.5510146586468573e-11 8.1999166727191086e-12
5.5073083696405827e+20 7.4783349938615193e-11 8.2132558412250666e-12
5.8649056658932865e+20 7.3403970649120955e-11 8.1578590735743704e-12
6.2457222587069327e+20 7.3142045597337691e-11 8.2224611479100627e-12
6.6512658097401364e+20 7.1610489186424154e-11 8.1504331121498892e-12
7.0831418752484036e+20 7.1222600892273448e-11 8.2014640695037378e-12
7.5430602625183069e+20 7.0099398043530454e-11 8.1723817746399230e-12
8.0328417990339002e+20 6.9459913293792136e-11 8.1927918976808333e-12
8.5544255411746531e+20 6.8015301437140419e-11 8.1223421429749909e-12
9.1098764509842978e+20 6.7433640723098713e-11 8.1535474546351727e-12
9.7013935714030990e+20 6.6543541300127149e-11 8.1467400263619724e-12
1.0331318732329491e+21 6.5241242120517493e-11 8.0816624185924460e-12
1.1002145821978556e+21 6.4837286850894514e-11 8.1361600410959746e-12
1.1716530660242893e+21 6.3880774749535493e-11 8.1194884069434708e-12
1.2477301513144707e+21 6.3235149312260918e-11 8.1323871792363565e-12
1.3287470290006117e+21 6.1718100777244530e-11 8.0386546148895638e-12
1.4150244467667501e+21 6.1305879362614188e-11 8.0953414752355653e-12
1.5069039788962158e+21 6.0092178063641790e-11 8.0310585124594232e-12
1.6047493785720825e+21 5.9786293897469245e-11 8.0948819116793833e-12
1.7089480179843937e+21 5.9074710948450319e-11 8.0942275630584440e-12
1.8199124219455828e+21 5.7904889370504045e-11 8.0521868640557790e-12
1.9380819010857028e+21 5.5721428884615497e-11 7.8272090757268292e-12
2.0639242910933238e+21 5.4990530477662461e-11 7.8238367243078930e-12
2.1979378048877981e+21 5.3913271447072916e-11 7.7839185799203439e-12
2.3406530050556748e+21 5.5206826818126881e-11 8.0772184173332043e-12
2.4926349043601983e+21 5.2001938212089790e-11 7.7009942397960699e-12
2.6544852026398453e+21 5.3054401580269838e-11 7.9915964377559130e-12
2.8268446689518373e+21 5.0519638148611690e-11 7.6874492156797746e-12
3.0103956783915933e+21 4.9574343876315370e-11 7.6539839529309092e-12
3.2058649136314413e+21 5.0671244112208419e-11 7.9466086738042719e-12
3.4140262418740486e+21 4.7584811849279289e-11 7.5543796895041902e-12
3.6357037786104946e+21 4.8776717218065570e-11 7.8727359147700404e-12
3.8717751503124756e+21 4.5938646297814100e-11 7.5006753064955331e-12
4.1231749689757081e+21 4.5166870481449942e-11 7.4779422086052334e-12
4.3908985322703421e+21 4.4609721489740523e-11 7.4863814730286791e-12
4.6760057639473497e+21 4.3679726112745895e-11 7.4403786534359850e-12
4.9796254101010582e+21 4.3027850616385355e-11 7.4315410887518024e-12
5.3029595079009255e+21 4.2594227621250563e-11 7.4686904770199189e-12
5.6472881444843705e+21 4.1640959526969344e-11 7.4139703590315969e-12
6.0139745248512206e+21 4.0460835815234831e-11 7.3168602834998767e-12
6.4044703688236875e+21 3.9613253325057627e-11 7.2613417921434386e-12
6.8203216584385768e+21 3.9234910031205738e-11 7.3030655829197113e-12
7.2631747585257536e+21 3.8253841356828977e-11 7.2240301471211646e-12
7.7347829347042921e+21 3.7610308989966006e-11 7.2074656009866569e-12
8.2370132946019208e+21 3.6949919801845690e-11 7.1776284104207509e-12
8.7718541797763695e+21 3.5885653756992479e-11 7.0888390103964237e-12
9.3414230376058653e+21 3.5765687014559104e-11 7.1619305944017554e-12
9.9479748043119274e+21 3.4640948094953633e-11 7.0761607839752894e-12
1.0593910832303786e+22 3.3695432229447123e-11 6.9954595994694649e-12
1.1281788397187863e+22 3.2544558083706231e-11 6.8509569204511868e-12
1.2014330822080768e+22 3.2220650843833154e-11 6.9147381949776463e-12
1.2794438259308220e+22 3.1597295264097077e-11 6.8917531620277423e-12
1.3625199172174872e+22 3.1012900432538111e-11 6.8751213911377003e-12
1.4509902562261650e+22 2.9543891524346901e-11 6.7001117633840392e-12
1.5452050990658727e+22 2.8986793522501699e-11 6.6200345143216987e-12
1.6455374444685523e+22 2.8904847876545774e-11 6.6985129558549770e-12
1.7523845104996379e+22 2.7808601711561073e-11 6.5764517568763105e-12
1.8661693071535221e+22 2.6798887465904356e-11 6.4904259272251824e-12
1.9873423110598627e+22 2.7349139263653327e-11 6.6832345900237820e-12
2.1163832489309314e+22 2.6551873175567570e-11 6.6282301352282829e-12
2.2538029968107118e+22 2.5443306177847389e-11 6.4619859948734849e-12
2.4001456026449206e+22 2.5297539069344768e-11 6.5452921274972800e-12
2.5559904401793500e+22 2.4457629397037450e-11 6.3959370999295126e-12
2.7219545027138661e+22 2.3253705073501344e-11 6.2131101457020560e-12
2.8986948457930890e+22 2.3512207259493853e-11 6.4183717954480025e-12
3.0869111885044201e+22 2.2897636091275476e-11 6.3233979577192252e-12
3.2873486836820223e+22 2.1831851731907804e-11 6.2414314563976968e-12
3.5008008679840417e+22 2.1177244443326742e-11 6.1675482381641397e-12
3.7281128035225105e+22 2.0871193308235503e-11 6.1522079368092199e-12
3.9701844234837040e+22 2.0606016807593368e-11 6.1561127190291677e-12
4.2279740949843442e+22 2.2620005694701884e-11 6.9263235480221921e-12
4.5025024132690792e+22 2.2562926255294891e-11 7.0618316213060692e-12
4.7948562422705540e+22 2.1135517550399780e-11 6.7744160211902729e-12
5.1061930175287458e+22 1.9194958923177549e-11 6.2924559644016241e-12
5.4377453285049115e+22 2.0791662214494010e-11 6.8502064721993285e-12
5.7908257984316443e+22 1.7973927364402143e-11 6.0625570097081986e-12
6.1668322810184734e+22 1.7389632224110527e-11 6.0835335817427031e-12
6.5672533945868821e+22 1.6679573424934688e-11 5.9425322482706156e-12
6.9936744155445165e+22 1.7851992644829872e-11 6.3969247065261712e-12
7.4477835545309792e+22 1.6104736010078086e-11 5.8930869088218345e-12
7.9313786400826244e+22 1.7360288246266070e-11 6.4781876333631180e-12
8.4463742362771213e+22 1.8018549104222523e-11 6.8781933255290423e-12
8.9948092225367902e+22 1.8328141063340107e-11 7.1581319888841598e-12
