# k  Ps  Pt
4.567483902227645001e-05 2.693003796671847571e-09 9.345423777272697449e-12
4.831052010254249882e-05 2.687827988880937286e-09 9.345187208264840609e-12
5.109829399595419312e-05 2.682657641295741776e-09 9.344951802609568141e-12
5.404693726655934445e-05 2.677492038632155542e-09 9.344715049040332922e-12
5.716573293281929362e-05 2.672331539770662364e-09 9.344478177656433527e-12
6.046449969272159027e-05 2.667176060115683392e-09 9.344240928183126610e-12
6.395362283533714061e-05 2.662025436794226911e-09 9.344002704050285540e-12
6.764408693613799446e-05 2.656880067981650077e-09 9.343764892532916779e-12
7.154751043901004081e-05 2.651739513429948948e-09 9.343525994605570701e-12
7.567618223383046838e-05 2.646603976239264588e-09 9.343286674890447000e-12
8.004310034476664086e-05 2.641473370743895414e-09 9.343046633392272712e-12
8.466201285109523902e-05 2.636347991673739420e-09 9.342806942398533397e-12
8.954746116937048830e-05 2.631227427785501583e-09 9.342566109276152038e-12
9.471482583320341825e-05 2.626111867477494109e-09 9.342324818872747337e-12
1.001803749147780760e-04 2.621001546469826436e-09 9.342083914234121904e-12
1.059613152405460939e-04 2.615896021306100492e-09 9.341841811330347169e-12
1.120758465623402213e-04 2.610795624276190051e-09 9.341599677640725954e-12
1.185432188544481612e-04 2.605700049974820026e-09 9.341356433377622689e-12
1.253837929170326668e-04 2.600609622013473561e-09 9.341113231239706706e-12
1.326191044766913485e-04 2.595523952968346898e-09 9.340868693121255709e-12
1.402719319859588385e-04 2.590443579300671550e-09 9.340624736055216924e-12
1.483663683352022999e-04 2.585367976235933889e-09 9.340379456759908501e-12
1.569278967026730082e-04 2.580297685185303552e-09 9.340134831313302206e-12
1.659834707815100211e-04 2.575232289933591122e-09 9.339889354695263886e-12
1.755615996362686125e-04 2.570171809079939852e-09 9.339643070434648162e-12
1.856924374561213728e-04 2.565116284695531178e-09 9.339396134866770040e-12
1.964078784872957712e-04 2.560065619293919622e-09 9.339148182837728964e-12
2.077416574436196750e-04 2.555020169791757141e-09 9.338900547975440347e-12
2.197294557112876583e-04 2.549979953778230065e-09 9.338653280866338115e-12
2.324090136822079989e-04 2.544944225382573313e-09 9.338403618303545159e-12
2.458202495695799555e-04 2.539913935438585247e-09 9.338155085710487093e-12
2.600053850797637051e-04 2.534888387799226201e-09 9.337905108844644190e-12
2.750090783360835465e-04 2.529868035023648790e-09 9.337655353378198109e-12
2.908785644730418787e-04 2.524852657862281453e-09 9.337405022545560293e-12
3.076638043435672948e-04 2.519842012643488825e-09 9.337153165442751030e-12
3.254176418074612265e-04 2.514836523889393087e-09 9.336901414965855634e-12
3.441959700962248067e-04 2.509836218518480030e-09 9.336649850283275553e-12
3.640579077780190832e-04 2.504840748441503670e-09 9.336397139351036386e-12
3.850659848767425792e-04 2.499850251747256796e-09 9.336143845908076896e-12
4.072863397311659184e-04 2.494864677729874741e-09 9.335889735110948472e-12
4.307889272138871952e-04 2.489884358791309288e-09 9.335636087336937332e-12
4.556477389656262084e-04 2.484908871387477589e-09 9.335381288129306820e-12
4.819410363382121152e-04 2.479938518960110351e-09 9.335126497992306260e-12
5.097515967796166286e-04 2.474973182175941083e-09 9.334871263284119266e-12
5.391669744367151226e-04 2.470012472287180734e-09 9.334614075322636260e-12
5.702797757962133280e-04 2.465057035206207742e-09 9.334357418236510011e-12
6.031879512315195882e-04 2.460106766032803299e-09 9.334100885106195134e-12
6.379951033734243288e-04 2.455161397330806099e-09 9.333843459708774463e-12
6.748108132754033735e-04 2.450220897845630139e-09 9.333585007034298650e-12
7.137509854003992738e-04 2.445285331057614541e-09 9.333325777555325459e-12
7.549382125151706370e-04 2.440355009816078810e-09 9.333066978657559019e-12
7.985021616409826960e-04 2.435429466464722760e-09 9.332806780676797413e-12
8.445799822757140340e-04 2.430509168804688797e-09 9.332547022171883371e-12
8.933167381725406813e-04 2.425593858498531868e-09 9.332286687083098263e-12
9.448658640345500986e-04 2.420683222404094398e-09 9.332024544824877637e-12
9.993896485630626800e-04 2.415777900810103322e-09 9.331763106994564928e-12
1.057059745380409255e-03 2.410877566073057218e-09 9.331501096984890115e-12
1.118057713435669908e-03 2.405982012772841822e-09 9.331237690458809712e-12
1.182575588594698968e-03 2.401091598397249594e-09 9.330974292368708168e-12
1.250816488213926398e-03 2.396206197174957319e-09 9.330710407098912243e-12
1.322995250601296429e-03 2.391325795187764867e-09 9.330445977772072660e-12
1.399339111377490442e-03 2.386450439015138559e-09 9.330181210720476843e-12
1.480088418866787889e-03 2.381579831887637147e-09 9.329914889640185815e-12
1.565497390769797275e-03 2.376714383280874821e-09 9.329648662533517344e-12
1.655834914500213095e-03 2.371854124249065903e-09 9.329382643771967227e-12
1.751385393705266139e-03 2.366998667556928125e-09 9.329115306429298317e-12
1.852449643634903123e-03 2.362148286601257333e-09 9.328847703881004270e-12
1.959345838178529978e-03 2.357302881895342228e-09 9.328579469935344281e-12
2.072410511550812785e-03 2.352462469160931978e-09 9.328310653881400262e-12
2.191999617780063681e-03 2.347626936084773944e-09 9.328040805789086486e-12
2.318489651334765169e-03 2.342796639120881275e-09 9.327771352282048652e-12
2.452278832416179399e-03 2.337971179251765739e-09 9.327500695373502890e-12
2.593788360648647314e-03 2.333150816047852511e-09 9.327229860941951954e-12
2.743463741114502905e-03 2.328335150602370242e-09 9.326957261411360145e-12
2.901776186908231522e-03 2.323525014367237398e-09 9.326686241050028528e-12
3.069224102625469925e-03 2.318719578561754002e-09 9.326413429089369305e-12
3.246334653457211544e-03 2.313919196503625384e-09 9.326140302030379290e-12
3.433665424829085780e-03 2.309123637323536015e-09 9.325865862078667153e-12
3.631806177810652930e-03 2.304333213139119067e-09 9.325591418743535895e-12
3.841380705821151233e-03 2.299547931420365961e-09 9.325316998464413082e-12
4.063048798477020274e-03 2.294767375434532780e-09 9.325040874050034076e-12
4.297508318763904392e-03 2.289992128317090751e-09 9.324765456503370977e-12
4.545497400072496738e-03 2.285221714983950197e-09 9.324488783005384987e-12
4.807796770015027032e-03 2.280456200749998696e-09 9.324211117501782385e-12
5.085232208338358144e-03 2.275695914755757978e-09 9.323933817872992477e-12
5.378677146671693998e-03 2.270940527555975871e-09 9.323655542100174868e-12
5.689055418293578748e-03 2.266190090671624952e-09 9.323376455465079488e-12
6.017344166575063630e-03 2.261444592257232349e-09 9.323096543832346427e-12
6.364576921255513976e-03 2.256704181953895197e-09 9.322816415190527728e-12
6.731846852235894366e-03 2.251968846974130797e-09 9.322536024341531219e-12
7.120310211133188544e-03 2.247238432726969658e-09 9.322254719809658233e-12
7.531189971430887753e-03 2.242513045310924125e-09 9.321972932059206788e-12
7.965779678685436932e-03 2.237792503363691450e-09 9.321689904482701341e-12
8.425447522910115353e-03 2.233077134559217850e-09 9.321407022500137667e-12
8.911640645957103965e-03 2.228366882230585980e-09 9.321124036462692568e-12
9.425889697458379041e-03 2.223661426069008303e-09 9.320839595755220770e-12
9.969813653668691336e-03 2.218961005963351692e-09 9.320554717542756150e-12
1.054512491438133054e-02 2.214265610948218780e-09 9.320269344614180439e-12
1.115363469396307358e-02 2.209575052384219705e-09 9.319982681357828495e-12
1.179725872348051652e-02 2.204889782463483322e-09 9.319696649857192646e-12
1.247802328186935206e-02 2.200209412551945923e-09 9.319409579288846584e-12
1.319807157513432083e-02 2.195533994470924814e-09 9.319121720014627043e-12
1.395967048366277864e-02 2.190863589025825761e-09 9.318833295047049361e-12
1.476521769889420355e-02 2.186198064198301226e-09 9.318543735131080470e-12
1.561724927181349504e-02 2.181537611577172245e-09 9.318253890520364810e-12
1.651844759703237700e-02 2.176882204041295844e-09 9.317963632104907609e-12
1.747164985759492792e-02 2.172231995870155488e-09 9.317673628095347305e-12
1.847985695709311593e-02 2.167586587331908530e-09 9.317382135111034182e-12
1.954624296721299906e-02 2.162946103931320885e-09 9.317089688450972207e-12
2.067416512045453653e-02 2.158310665119981028e-09 9.316796838863220545e-12
2.186717437948450943e-02 2.153680221335940219e-09 9.316503333055756926e-12
2.312902661639718374e-02 2.149054704128469177e-09 9.316208888240608677e-12
2.446369443707798255e-02 2.144434432595420509e-09 9.315914883822086030e-12
2.587537968789559509e-02 2.139819053708833710e-09 9.315619818179754226e-12
2.736852668409682846e-02 2.135208604568078546e-09 9.315323785211603724e-12
2.894783620155020123e-02 2.130602979476320746e-09 9.315026367874110916e-12
3.061828027588738704e-02 2.126002707620926169e-09 9.314729850376126202e-12
3.238511785563409628e-02 2.121407295070112722e-09 9.314432100409149790e-12
3.425391135860957753e-02 2.116816924327088973e-09 9.314133894664644504e-12
3.623054418371850216e-02 2.112231511353441356e-09 9.313834881879931861e-12
3.832123923326639231e-02 2.107650974831530354e-09 9.313534648895259556e-12
4.053257850411112057e-02 2.103075566056901627e-09 9.313234359294024432e-12
4.287152380932787027e-02 2.098505306914258165e-09 9.312934109209262197e-12
4.534543869562469853e-02 2.093939764473016876e-09 9.312631924891215625e-12
4.796211162550918089e-02 2.089379394538031590e-09 9.312329894957119756e-12
5.072978049718947918e-02 2.084823969205282450e-09 9.312026943058550828e-12
5.365715857940412531e-02 2.080273560926628020e-09 9.311723433900387648e-12
5.675346194282914619e-02 2.075727994036356184e-09 9.311418536356348369e-12
6.002843847442369124e-02 2.071187643230967464e-09 9.311113976128635204e-12
6.349239856605726207e-02 2.066652241131564615e-09 9.310808537622338670e-12
6.715624757403408640e-02 2.062121784458654853e-09 9.310502187660454471e-12
7.103152015170470512e-02 2.057596301163052820e-09 9.310195041619893821e-12
7.513041656325146478e-02 2.053075901715068468e-09 9.309887618421004729e-12
7.946584109297320786e-02 2.048560443673476946e-09 9.309579278882482051e-12
8.405144267098921262e-02 2.044050017870643000e-09 9.309270404795219531e-12
8.890165784326266307e-02 2.039544562961928856e-09 9.308960742832131811e-12
9.403175622122296462e-02 2.035044018757664629e-09 9.308649992347187428e-12
9.945788855407239337e-02 2.030548596751612674e-09 9.308339131812244114e-12
1.051971375751215437e-01 2.026058220609946712e-09 9.308027813791996160e-12
1.112675717822276811e-01 2.021572810389659129e-09 9.307715666744545407e-12
1.176883023216507423e-01 2.017092272613442083e-09 9.307402236568491013e-12
1.244795431544103576e-01 2.012616822129636379e-09 9.307088544952329886e-12
1.316626746945616377e-01 2.008146439649703280e-09 9.306774494666611342e-12
1.392603111197372734e-01 2.003680939411791765e-09 9.306459196571852796e-12
1.472963715658669182e-01 1.999220491900003220e-09 9.306143454636338992e-12
1.557961554302095819e-01 1.994765060543082170e-09 9.305827107879056573e-12
1.647864220197715335e-01 1.990314467288042643e-09 9.305509308028095209e-12
1.742954747958618822e-01 1.985869089123683379e-09 9.305191830922877031e-12
1.843532504800058369e-01 1.981428693344825997e-09 9.304873589597573891e-12
1.949914133017449369e-01 1.976993149427038858e-09 9.304553925549227545e-12
2.062434546850345773e-01 1.972562680687841631e-09 9.304233932949326928e-12
2.181447986870777012e-01 1.968137273510806631e-09 9.303913543142223705e-12
2.307329135215396010e-01 1.963716746711941882e-09 9.303591873604030343e-12
2.440474295172456176e-01 1.959301244520768477e-09 9.303269597413260793e-12
2.581302638837214558e-01 1.954890781180806341e-09 9.302946829224788065e-12
2.730257526763713583e-01 1.950485191481950140e-09 9.302622717933506448e-12
2.887807903767460882e-01 1.946084806403671077e-09 9.302298893952180655e-12
3.054449775273356260e-01 1.941689308037959609e-09 9.301973797940404253e-12
3.230707768856752038e-01 1.937298718807820985e-09 9.301647572651884522e-12
3.417136785893710171e-01 1.932913265739965237e-09 9.301321287060116144e-12
3.614323748520301138e-01 1.928532801748970650e-09 9.300994212438347117e-12
3.822889447400709684e-01 1.924157242729089502e-09 9.300665968737095989e-12
4.043490496121397437e-01 1.919786854603053597e-09 9.300337839277247119e-12
4.276821398364209492e-01 1.915421281106521887e-09 9.300008058448381072e-12
4.523616734366331382e-01 1.911060808240632648e-09 9.299678072401300945e-12
4.784653473550656844e-01 1.906705178353255825e-09 9.299346558022989935e-12
5.060753420607211339e-01 1.902354735443352938e-09 9.299015267715707567e-12
5.352785802726406361e-01 1.898009186095290666e-09 9.298682689955919083e-12
5.661670006129551069e-01 1.893668727870642370e-09 9.298349851084485654e-12
5.988378470511603879e-01 1.889333003992301876e-09 9.298014941909965915e-12
6.333939750508718047e-01 1.885002500416920096e-09 9.297680403934156467e-12
6.699441753828726531e-01 1.880676962764228192e-09 9.297344950020949393e-12
7.086035166238978666e-01 1.876356508283181557e-09 9.297009192537194413e-12
7.494937074194190085e-01 1.872040953728627425e-09 9.296672167696693378e-12
7.927434796509176262e-01 1.867730369141724753e-09 9.296334264157848741e-12
8.384889937139480276e-01 1.863424792484327988e-09 9.295995663225302790e-12
8.868742671828994117e-01 1.859124211432861101e-09 9.295656301594688989e-12
9.380516282119951699e-01 1.854828567616169424e-09 9.295315866923990979e-12
9.921821950999328843e-01 1.850537949868219861e-09 9.294974827024152443e-12
1.049436383527971195e+00 1.846252526016721902e-09 9.294634038495648643e-12
1.109994443068333947e+00 1.841971784945008195e-09 9.294290877654620164e-12
1.174047024652010496e+00 1.837696161058560017e-09 9.293947576725877824e-12
1.241795780782464664e+00 1.833425692240637661e-09 9.293604344253903430e-12
1.313454000384864706e+00 1.829159946082099874e-09 9.293258934116607251e-12
1.389247280289490849e+00 1.824899366980151210e-09 9.292913659956672381e-12
1.469414235463306628e+00 1.820643696064944840e-09 9.292567155450588533e-12
1.554207250225665193e+00 1.816393040473797958e-09 9.292220027084041745e-12
1.643893272813164108e+00 1.812147199785123633e-09 9.291871181971086766e-12
1.738754655795097026e+00 1.807906650040192894e-09 9.291523146944344507e-12
1.839090044985380423e+00 1.803670923466351850e-09 9.291173448939521995e-12
1.945215319649392205e+00 1.799440186883507873e-09 9.290822988623957401e-12
2.057464586965759956e+00 1.795214435992936704e-09 9.290471769835421417e-12
2.176191233873880471e+00 1.790993647867641457e-09 9.290119668095744575e-12
2.301769039618632107e+00 1.786777820215617360e-09 9.289766634626570830e-12
2.434593352494833773e+00 1.782566990934406598e-09 9.289412932779742480e-12
2.575082334496117564e+00 1.778361137857088700e-09 9.289058447179185184e-12
2.723678277786657720e+00 1.774160124563102061e-09 9.288702439916012398e-12
2.880848997140320389e+00 1.769964273711357114e-09 9.288346682741640502e-12
3.047089302730958682e+00 1.765773319203187149e-09 9.287989748173677847e-12
3.222922557910514296e+00 1.761587179305596108e-09 9.287631224203269548e-12
3.408902326879255540e+00 1.757406201728839391e-09 9.287273008070131154e-12
3.605614117435288701e+00 1.753230140535366757e-09 9.286913786689130580e-12
3.813677224290015655e+00 1.749058789606244599e-09 9.286552495578767766e-12
4.033746678752687664e+00 1.744892524202969850e-09 9.286191188181785763e-12
4.266515310922124549e+00 1.740731277706077366e-09 9.285829536595789365e-12
4.512715930877860160e+00 1.736574875238957005e-09 9.285466657658501481e-12
4.773123635737618997e+00 1.732423328901866293e-09 9.285102625062043785e-12
5.048558249844274926e+00 1.728276614050909373e-09 9.284737390076314586e-12
5.339886905764581471e+00 1.724134965640203064e-09 9.284372272792194007e-12
5.648026774225198388e+00 1.719998124280396788e-09 9.284005968675579629e-12
5.973947951580658611e+00 1.715866028780669072e-09 9.283638157197388129e-12
6.318676513903471736e+00 1.711738988155793973e-09 9.283270656616556586e-12
6.683297747311527814e+00 1.707616543406419549e-09 9.282901016841209993e-12
7.068959564702554488e+00 1.703499027220404703e-09 9.282531210946389538e-12
7.476876119652322572e+00 1.699386289530151359e-09 9.282160523052219073e-12
7.908331628853995099e+00 1.695278179695127201e-09 9.281788215661224548e-12
8.364684415132543904e+00 1.691175041193095927e-09 9.281416392369116061e-12
8.847371183762613001e+00 1.687076282584051128e-09 9.281041916664916681e-12
9.357911545552637378e+00 1.682982380714857309e-09 9.280667625938065746e-12
9.897912800935014133e+00 1.678893151369185695e-09 9.280292720249617447e-12
1.046907500012359016e+01 1.674808455468992561e-09 9.279916661708277481e-12
1.107319629526935678e+01 1.670728240656273204e-09 9.279539404592839487e-12
1.171217860146378875e+01 1.666652541979738480e-09 9.279161451748701662e-12
1.238803358441226266e+01 1.662581248915131995e-09 9.278782566265630318e-12
1.310288899362807769e+01 1.658514266340554925e-09 9.278402496819377004e-12
1.385899536108540886e+01 1.654451523157705490e-09 9.278021328847171832e-12
1.465873308642019168e+01 1.650393166712690343e-09 9.277640352760413823e-12
1.550461993098475233e+01 1.646338765897536566e-09 9.277257614703007172e-12
1.639931894434923976e+01 1.642288329627474586e-09 9.276873757143219129e-12
1.734564684820433911e+01 1.638241844610177663e-09 9.276489458808804946e-12
1.834658290405979741e+01 1.634199070375431633e-09 9.276103991006022298e-12
1.940527829265611004e+01 1.630159792055944776e-09 9.275716924524493350e-12
2.052506603461851142e+01 1.626124219891930245e-09 9.275330434336202653e-12
2.170947148358508727e+01 1.622091701373748736e-09 9.274941791349274358e-12
2.296222342484433909e+01 1.618062285766578919e-09 9.274552476870143195e-12
2.428726581442313659e+01 1.614035753368717686e-09 9.274162383655870258e-12
2.568877019558246744e+01 1.610011769966688125e-09 9.273771170086074447e-12
2.717114883181098151e+01 1.605990020479135519e-09 9.273378575452476073e-12
2.873906859766214339e+01 1.601970367700204006e-09 9.272985575529883017e-12
3.039746567116651121e+01 1.597952437250534735e-09 9.272591956815397226e-12
3.215156107407434405e+01 1.593935700523119000e-09 9.272197089085425280e-12
3.400687710885291182e+01 1.589919736197829889e-09 9.271800934734590082e-12
3.596925474418560498e+01 1.585904126573136995e-09 9.271403597875872801e-12
3.804487200370747502e+01 1.581888402182293029e-09 9.271005878722608950e-12
4.024026341586789357e+01 1.577871914671084246e-09 9.270607272014160573e-12
4.256234058615409310e+01 1.573853802060774778e-09 9.270206803990584744e-12
4.501841395644125754e+01 1.569833642493508896e-09 9.269806073615378228e-12
4.761621581997289354e+01 1.565810374630516111e-09 9.269404247570891329e-12
5.036392466442790550e+01 1.561783164279198220e-09 9.269001411063992437e-12
5.327019091971204290e+01 1.557750861706825598e-09 9.268597320525559921e-12
5.634416419153394173e+01 1.553712374180382441e-09 9.268192014879857049e-12
5.959552206650328543e+01 1.549666523197059987e-09 9.267786108490445758e-12
6.303450057943580731e+01 1.545611794540903215e-09 9.267379612030834927e-12
6.667192643878496483e+01 1.541546605658655580e-09 9.266971966742889227e-12
7.051925111165115823e+01 1.537468915932300474e-09 9.266562633088699871e-12
7.458858687567780521e+01 1.533376988180074196e-09 9.266152504398435449e-12
7.889274495133349774e+01 1.529268491414194430e-09 9.265740989860057583e-12
8.344527583462945586e+01 1.525141033023675810e-09 9.265329306775508354e-12
8.826051195724936349e+01 1.520991748150590286e-09 9.264916158902193549e-12
9.335361280839546794e+01 1.516817481984068472e-09 9.264501669310358227e-12
9.874061266040517637e+01 1.512615009427962416e-09 9.264086893726403122e-12
1.044384710483894310e+02 1.508380107526849900e-09 9.263670446488176946e-12
1.104651261628149399e+02 1.504108792550989726e-09 9.263253141310489815e-12
1.168395513231211282e+02 1.499796053472377356e-09 9.262834325381159914e-12
1.235818147101673503e+02 1.495437014205424776e-09 9.262415019289430589e-12
1.307131425455577016e+02 1.491024828388835693e-09 9.261994425913212978e-12
1.382559859167498360e+02 1.486553581664986798e-09 9.261572715774068143e-12
1.462340914583278391e+02 1.482015494317169133e-09 9.261150120191821692e-12
1.546725761119602396e+02 1.477402899845450381e-09 9.260726365900210910e-12
1.635980062004051661e+02 1.472705536699969315e-09 9.260301470930622853e-12
1.730384810645060725e+02 1.467914077435212906e-09 9.259875694091117550e-12
1.830237215264868667e+02 1.463017142241106343e-09 9.259448938106742920e-12
1.935851634580499194e+02 1.458000777225947960e-09 9.259020383647024295e-12
2.047560567478488167e+02 1.452851910278696620e-09 9.258591545934305627e-12
2.165715699799147274e+02 1.447554659533286818e-09 9.258161210325025612e-12
2.290689011525802812e+02 1.442091130847405178e-09 9.257729594449881577e-12
2.422873947864763693e+02 1.436441924875719678e-09 9.257296740794789101e-12
2.562686657902825118e+02 1.430585069690494946e-09 9.256863187179648076e-12
2.710567304741896919e+02 1.424496018025571003e-09 9.256428718905656001e-12
2.866981451235366194e+02 1.418148698465646043e-09 9.255992262620551999e-12
3.032421525688815791e+02 1.411512301166713571e-09 9.255555067285774372e-12
3.207408372139472021e+02 1.404553760736129610e-09 9.255117147780192385e-12
3.392492890095012399e+02 1.397236287998424586e-09 9.254677556917377946e-12
3.588257768894036417e+02 1.389518936137966314e-09 9.254237121456924834e-12
3.795319322148314427e+02 1.381357678597727525e-09 9.253795916247001021e-12
4.014329428042190102e+02 1.372696915091616285e-09 9.253353236812891799e-12
4.245977581597493327e+02 1.363485500244098130e-09 9.252908892133366337e-12
4.490993065365093457e+02 1.353661088607901716e-09 9.252464193602348801e-12
4.750147245376888918e+02 1.343152106137133696e-09 9.252017599925822154e-12
5.024255999586435451e+02 1.331887980000161854e-09 9.251570047626525146e-12
5.314182286443508474e+02 1.319785058911224311e-09 9.251121706866463461e-12
5.620838861689081796e+02 1.306746253566795878e-09 9.250671640673340225e-12
5.945191151923813777e+02 1.292680348915958543e-09 9.250220710936945041e-12
6.288260293996725068e+02 1.277467946174773260e-09 9.249768941533996540e-12
6.651126349782771285e+02 1.260994296370325611e-09 9.249315003724035734e-12
7.034931706470107429e+02 1.243126959041824098e-09 9.248860575648563885e-12
7.440884673062147385e+02 1.223728211681375248e-09 9.248405116951566348e-12
7.870263284416782881e+02 1.202635514040174020e-09 9.247947908301337431e-12
8.324419324798948310e+02 1.179687790734985714e-09 9.247489570921989449e-12
8.804782583613563247e+02 1.154710635654257546e-09 9.247030535567522656e-12
9.312865356716891938e+02 1.127506917537121940e-09 9.246569914043493779e-12
9.850267207477492093e+02 1.097888502171938224e-09 9.246108037900137057e-12
1.041868000257571566e+03 1.065643297918544611e-09 9.245644812806416823e-12
1.101989323839559802e+03 1.030562828721957355e-09 9.245180118815457391e-12
1.165579967477789978e+03 9.924296652008294348e-10 9.244714779928386140e-12
1.232840129387066327e+03 9.510410656624045224e-10 9.244247861138906102e-12
1.303981560283702038e+03 9.061936881527552985e-10 9.243780250890713335e-12
1.379228230026299798e+03 8.577030885892157114e-10 9.243311056236770891e-12
1.458817032725225545e+03 8.054382297630938558e-10 9.242840576686606075e-12
1.542998532540659426e+03 7.493092967505987606e-10 9.242368746358255779e-12
1.632037752517159561e+03 6.893075977037742587e-10 9.241895548970464560e-12
1.726215008938172105e+03 6.255186233756285213e-10 9.241421014426136297e-12
1.825826793827236315e+03 5.581965534931503626e-10 9.240945419460380226e-12
1.931186708374197906e+03 4.877877044016885173e-10 9.240468875377015294e-12
2.042626450225081499e+03 4.149635955755222027e-10 9.239990565666323805e-12
2.160496857743840792e+03 3.407747744885378129e-10 9.239510941061446537e-12
2.285169014533543759e+03 2.667407302498576032e-10 9.239030376931560714e-12
2.417035417694346961e+03 1.949011687431926442e-10 9.238547975980339577e-12
2.556511213496120945e+03 1.281155314619775590e-10 9.238064792593272387e-12
2.704035504355983903e+03 7.015092129413054294e-11 9.237580053911266105e-12
2.860072731235377887e+03 2.606172884106967047e-11 9.237094339959783366e-12
3.025114135808810715e+03 2.430383673813215229e-12 9.236607129507133195e-12
3.199679307007508669e+03 7.884714332489520566e-12 9.236118760778571028e-12
3.384317816806862083e+03 5.358236695738251777e-11 9.235628646774829583e-12
3.579610950407502060e+03 1.539176501701813449e-10 9.235137507366146285e-12
3.786173536257027536e+03 3.273258290314831516e-10 9.234645119782167767e-12
4.004655881673724707e+03 5.975158950677399244e-10 9.234151566997392583e-12
4.235745820166025624e+03 9.945554931228730570e-10 9.233656440234770197e-12
4.480170876893268542e+03 1.556672770441090645e-09 9.233160169881258855e-12
4.738700559084976703e+03 2.332691701185275641e-09 9.232662611330659292e-12
5.012148778629538356e+03 3.383785284043337851e-09 9.232163665201287342e-12
5.301376414459190528e+03 4.788179135593626865e-09 9.231663782573509000e-12
5.607294022798095284e+03 6.644132010116853684e-09 9.231162037149941832e-12
5.930864703806282705e+03 9.075223017354241126e-09 9.230659681987558529e-12
6.273107133644219175e+03 1.223736774229843524e-08 9.230155280669037112e-12
6.635098771503382522e+03 1.632732697651236490e-08 9.229650018831551776e-12
7.017979251699917768e+03 2.159117000881474680e-08 9.229143417306618446e-12
7.422953971509725307e+03 2.833862187303560288e-08 9.228635677823773348e-12
7.851297886041152196e+03 3.695741446949008444e-08 9.228126984753064106e-12
8.304359522091541294e+03 4.793520676775682911e-08 9.227616732726314380e-12
8.783565223625151702e+03 6.188750732203103725e-08 9.227105706312239277e-12
9.290423642237197782e+03 7.957135959203824145e-08 9.226593359920993920e-12
9.826530486742098219e+03 1.019535212996985445e-07 9.226079744052022560e-12
1.039357354683767880e+04 1.302197567825319432e-07 9.225564881662900765e-12
1.099333800666187562e+04 1.658930992329057151e-07 9.225049492753269643e-12
1.162771206496995001e+04 2.108159159616729631e-07 9.224532960592082641e-12
1.229869287962535418e+04 2.673700287149167057e-07 9.224015376629930584e-12
1.300839285512002425e+04 3.384548201205534127e-07 9.223496912337426963e-12
1.375904629291724814e+04 4.277498588889364247e-07 9.222977277051440623e-12
1.455301642555551007e+04 5.398382155915776889e-07 9.222457255821076656e-12
1.539280285665664269e+04 6.803832049978038960e-07 9.221936573222237629e-12
1.628104943026295041e+04 8.565762101919139233e-07 9.221415339673733548e-12
1.722055255427593147e+04 1.077199287352086918e-06 9.220893609949931385e-12
1.821427000420274271e+04 1.353460001469082930e-06 9.220371717229024680e-12
1.926533023492457505e+04 1.699086205164081506e-06 9.219849581247786745e-12
2.037704222980432314e+04 2.131261450829908436e-06 9.219326793895315624e-12
2.155290591814016079e+04 2.671634157570363287e-06 9.218804851037289163e-12
2.279662319376073719e+04 3.346458636578531912e-06 9.218282374390868249e-12
2.411210956945321232e+04 4.189402390497844098e-06 9.217761170784192386e-12
2.550350650391229283e+04 5.241202384593608386e-06 9.217239699254887418e-12
2.697519444002132514e+04 6.553854000645900789e-06 9.216720156558030084e-12
2.853180659550990458e+04 8.190491905905886852e-06 9.216200873848383590e-12
3.017824354940746707e+04 1.023027903552214625e-05 9.215683525494298761e-12
3.191968867021115875e+04 1.277187009094819937e-05 9.215167867015564605e-12
3.376162443434211309e+04 1.593543122137870292e-05 9.214654986601194524e-12
3.570984968626357295e+04 1.987274037215464855e-05 9.214144219076204376e-12
3.777049789459819294e+04 2.476876927397180826e-05 9.213636261568841583e-12
3.995005646172247361e+04 3.085356156936489366e-05 9.213132152567098457e-12
4.225538714762513700e+04 3.841021897280147283e-05 9.212631644255011166e-12
4.469374767233326565e+04 4.778642083796308290e-05 9.212136014631781444e-12
4.727281456491052813e+04 5.941082721531482411e-05 9.211646402178036199e-12
5.000070733096706681e+04 7.381181761712445131e-05 9.211161916057955437e-12
5.288601401476009778e+04 9.162808414490509828e-05 9.210684518920413010e-12
5.593781823636688205e+04 1.136545764938352469e-04 9.210214556831423754e-12
5.916572778904319421e+04 1.408479076977717519e-04 9.209752965289484564e-12
6.257990488680353883e+04 1.743771289016616166e-04 9.209300723435820003e-12
6.619109815744777734e+04 2.156690163041540833e-04 9.208858943300922916e-12
7.001067648175287468e+04 2.664279492184704425e-04 9.208428230439686280e-12
7.405066478536996874e+04 3.287128793075216990e-04 9.208010768641080649e-12
7.832378189609969559e+04 4.050403799544757171e-04 9.207606476495253525e-12
8.284348058573841990e+04 4.983113978808053224e-04 9.207216970956539107e-12
8.762398992254676705e+04 6.121301742604067864e-04 9.206843655408929242e-12
9.268036006768619700e+04 7.506394800138476743e-04 9.206487669659305702e-12
9.802850965664257819e+04 9.187548038819540923e-04 9.206150265531650929e-12
1.036852759148156620e+05 1.122272346691982310e-03 9.205832635601200513e-12
1.096684676650388283e+05 1.367786781370804389e-03 9.205535841137092142e-12
1.159969213939184265e+05 1.663107862112373934e-03 9.205261331812236498e-12
1.226905605534994975e+05 2.016921443347567938e-03 9.205009963709489266e-12
1.297704582849478320e+05 2.439332937929437027e-03 9.204782786656621386e-12
1.372589037617296563e+05 2.941190738319047603e-03 9.204579885410274271e-12
1.451794723611371883e+05 3.534969071623680296e-03 9.204402543995408385e-12
1.535570998850929609e+05 4.233614010381063324e-03 9.204250394804629542e-12
1.624181610638801649e+05 5.051371819083052932e-03 9.204123665585490169e-12
1.717905525899653439e+05 6.002659496606410974e-03 9.204021873786418267e-12
1.817037809433038929e+05 7.102375567463852131e-03 9.203944299818472747e-12
1.921890552846434875e+05 8.364250475398165435e-03 9.203889546145932090e-12
2.032793857092544495e+05 9.801289207534574083e-03 9.203856425233885600e-12
2.150096871704299701e+05 1.142404841336850524e-02 9.203842595417250956e-12
2.274168893999256834e+05 1.323986229697558976e-02 9.203845307816893461e-12
2.405400531713837991e+05 1.525157609785635256e-02 9.203862834357037138e-12
2.544204932727889391e+05 1.745499032487510954e-02 9.203891532058082907e-12
2.691019085750732338e+05 1.983986111806801400e-02 9.203928186416261833e-12
2.846305196063876501e+05 2.238760174221237492e-02 9.203969770896561636e-12
3.010552140651231748e+05 2.506845174816908078e-02 9.204013020087608810e-12
3.184277007298254757e+05 2.784450821703899834e-02 9.204055352560160754e-12
3.368026722505102516e+05 3.066543041225011645e-02 9.204093869618726470e-12
3.562379773339239182e+05 3.347433432689827376e-02 9.204127211553689513e-12
3.767948028647894389e+05 3.620441988723876320e-02 9.204153457066850841e-12
3.985378665364294429e+05 3.878518287126486025e-02 9.204172452041704045e-12
4.215356205972022726e+05 4.114474452792251519e-02 9.204183696324572572e-12
4.458604673541737138e+05 4.321445976141908424e-02 9.204188469097642753e-12
4.715889871125220670e+05 4.493314553698250780e-02 9.204187524943035172e-12
4.988021792682304513e+05 4.625247069556054358e-02 9.204182399925292259e-12
5.275857173131396994e+05 4.713953464087932560e-02 9.204174741881806185e-12
5.580302185551164439e+05 4.758088154140356629e-02 9.204165966314994184e-12
5.902315294025433250e+05 4.758234902918107717e-02 9.204157050589954406e-12
6.242910271112077171e+05 4.716776970743947334e-02 9.204149522180994163e-12
6.603159389436128549e+05 4.637669067706415987e-02 9.204143327285772560e-12
6.984196797454806510e+05 4.525920222161049222e-02 9.204138300451313282e-12
7.387222090021852637e+05 4.387141107491598913e-02 9.204134390178307818e-12
7.813504084992841817e+05 4.227037426787228630e-02 9.204131598087999474e-12
8.264384817760227015e+05 4.051032934020706855e-02 9.204128771472464832e-12
8.741283766294798115e+05 3.864041341545620262e-02 9.204126297931725518e-12
9.245702319993969286e+05 3.670352222048459817e-02 9.204123392502155539e-12
9.779228506406927481e+05 3.473644070958148422e-02 9.204120477110611953e-12
1.034354199071638170e+06 3.277027306063153012e-02 9.204117366044054785e-12
1.094041936371759512e+06 3.083092156160107886e-02 9.204114252409066272e-12
1.157173973494132981e+06 2.893932034787013649e-02 9.204111008820394305e-12
1.223949064853013260e+06 2.711153846664482794e-02 9.204108011228226479e-12
1.294577434049217496e+06 2.535900096237864859e-02 9.204104744575611919e-12
1.369281435703139519e+06 2.368897293225663905e-02 9.204101598956844917e-12
1.448296255479127634e+06 2.210532907810154948e-02 9.204098637866483774e-12
1.531870650504901307e+06 2.060939747083775919e-02 9.204095266192734205e-12
1.620267732517201221e+06 1.920071262044518653e-02 9.204092339840507895e-12
1.713765796199006494e+06 1.787755450386707690e-02 9.204089101666044846e-12
1.812659195316318888e+06 1.663732472705000895e-02 9.204086202889671096e-12
1.917259269412589027e+06 1.547680876263979148e-02 9.204082972989143516e-12
2.027895323978453642e+06 1.439239123866088189e-02 9.204079964193822420e-12
2.144915667182365432e+06 1.338022599482740008e-02 9.204076805481127209e-12
2.268688706426167861e+06 1.243636883887346001e-02 9.204073803438083068e-12
2.399604108177767135e+06 1.155687082412845679e-02 9.204070772096757227e-12
2.538074024732217658e+06 1.073784632985297187e-02 9.204067691058232775e-12
2.684534391763594933e+06 9.975520124445606471e-03 9.204064635456807859e-12
2.839446300752342213e+06 9.266258232512545115e-03 9.204061616525588737e-12
3.003297450609151740e+06 8.606588807648772599e-03 9.204058616303211130e-12
3.176603683065074496e+06 7.993213587214604079e-03 9.204055691381406282e-12
3.359910606662001926e+06 7.423013273834687571e-03 9.204052718584339209e-12
3.553795314455824438e+06 6.893048029158428854e-03 9.204049841291434089e-12
3.758868200840414036e+06 6.400555007209475684e-03 9.204046968656752967e-12
3.975774883211800829e+06 5.942943559628383575e-03 9.204044143032540975e-12
4.205198234522731043e+06 5.517788748915330825e-03 9.204041316859219996e-12
4.447860533126444556e+06 5.122824229627767970e-03 9.204038543215695240e-12
4.704525736677691340e+06 4.755934196617040213e-03 9.204035840388550290e-12
4.976001887250198983e+06 4.415145117956265942e-03 9.204033339771291165e-12
5.263143655241904780e+06 4.098618080430310034e-03 9.204030561223086208e-12
5.566855030077365227e+06 3.804639972735723418e-03 9.204028020465131715e-12
5.888092166177663952e+06 3.531616150500797597e-03 9.204025543006895716e-12
6.227866393158274703e+06 3.278062857169965205e-03 9.204023171897555320e-12
6.587247399730967358e+06 3.042599653172703422e-03 9.204020893337026954e-12
6.967366601334187202e+06 2.823942828816446756e-03 9.204018626677845609e-12
7.369420702093216591e+06 2.620898927475290557e-03 9.204016480111143127e-12
7.794675462324647233e+06 2.432358319837867044e-03 9.204014375019955104e-12
8.244469683445909061e+06 2.257289739912903079e-03 9.204012385465414626e-12
8.720219422834955156e+06 2.094734761314900016e-03 9.204010461908825104e-12
9.223422451910238713e+06 1.943802725283750059e-03 9.204008625888951870e-12
9.755662971465077251e+06 1.803666100584309321e-03 9.204006883695598754e-12
1.031861659910245053e+07 1.673555845869418093e-03 9.204005245911132900e-12
1.091405564447069541e+07 1.552757900563636129e-03 9.204003729454360823e-12
1.154385468890900537e+07 1.440608604901122804e-03 9.204002362423339694e-12
1.220999648706745356e+07 1.336490945909496637e-03 9.204001104286437604e-12
1.291457820908259414e+07 1.239833328566740736e-03 9.203999895374131267e-12
1.365981804295907915e+07 1.150103683622520981e-03 9.203998844724902124e-12
1.444806217794428393e+07 1.066808214466796571e-03 9.203998017769306931e-12
1.528179219088081829e+07 9.894883963221785903e-04 9.203997116950176270e-12
1.616363285879026167e+07 9.177192538079125125e-04 9.203996404222409173e-12
1.709636042228542641e+07 8.511031882546541338e-04 9.203995743472747604e-12
1.808291132582442835e+07 7.892762618650179477e-04 9.203995265017984689e-12
1.912639146232498437e+07 7.318935534116866558e-04 9.203994856361356786e-12
2.023008595124094561e+07 6.786387509414332393e-04 9.203994483133231564e-12
2.139746948088707402e+07 6.292179265689226654e-04 9.203994179052751044e-12
2.263221724756965414e+07 5.833547286120690199e-04 9.203993900957168807e-12
2.393821652596447617e+07 5.407953479319710507e-04 9.203993633967612357e-12
2.531957890716580302e+07 5.013024452994344982e-04 9.203993423094085599e-12
2.678065324293675646e+07 4.646568240351163785e-04 9.203992995918185944e-12
2.832603933691184595e+07 4.306527099096980936e-04 9.203993052389677116e-12
2.996060242585355788e+07 3.991028017952604227e-04 9.203992820072064895e-12
3.168948849655618146e+07 3.698296845536882160e-04 9.203992406993222809e-12
3.351814048661448807e+07 3.426708960364574855e-04 9.203992417870242352e-12
3.545231542006496340e+07 3.174753032076734383e-04 9.203992208157600575e-12
3.749810253184248507e+07 2.941015552959017174e-04 9.203991910514956903e-12
3.966194243811680377e+07 2.724198317932095955e-04 9.203991623064223663e-12
4.195064741285717487e+07 2.523085425925522388e-04 9.203991279788996661e-12
4.437142283446400613e+07 2.336551821687746786e-04 9.203991111703810467e-12
4.693188986998543143e+07 2.163552591242092296e-04 9.203990540488335113e-12
4.964010946833182871e+07 2.003115662422876237e-04 9.203990091762640515e-12
5.250460773802933097e+07 1.854339928279688293e-04 9.203989588339891251e-12
5.553440278940140456e+07 1.716387505659887813e-04 9.203989011282456053e-12
5.873903312569043040e+07 1.588480640196226188e-04 9.203988419332645282e-12
6.212858767249441892e+07 1.469897033076775705e-04 9.203987756132380370e-12
6.571373754006562382e+07 1.359965826359478059e-04 9.203986999689512151e-12
6.950576961845871806e+07 1.258064206695574375e-04 9.203986080109324198e-12
7.351662211130192876e+07 1.163613805450259035e-04 9.203985143934888263e-12
7.775892212005141377e+07 1.076077537105745585e-04 9.203984046950886692e-12
8.224602539705993235e+07 9.949568027006382642e-05 9.203983152000276128e-12
8.699205839260908961e+07 9.197885819369382230e-05 9.203981627071605843e-12
9.201196272827549279e+07 8.501430301414622786e-05 9.203980452012829297e-12
9.732154223665189743e+07 7.856210512158242980e-05 9.203978521401059619e-12
1.029375127155044526e+08 7.258521079518634336e-05 9.203976637579053711e-12
1.088775545530156642e+08 6.704922847172229599e-05 9.203975199088728261e-12
1.151603683897770494e+08 6.192221149545375355e-05 9.203972188589977327e-12
1.218057339927818030e+08 5.717452791351373764e-05 9.203969522059360944e-12
1.288345725267524421e+08 5.277865648376757685e-05 9.203966936947539335e-12
1.362690124188629687e+08 4.870904992854009332e-05 9.203964106288393660e-12
1.441324590241981447e+08 4.494199895866111429e-05 9.203959851385114952e-12
1.524496683112852573e+08 4.145549612103082901e-05 9.203956601502291611e-12
1.612468247996734381e+08 3.822911157819348509e-05 9.203952145639237707e-12
1.705516239949192107e+08 3.524388832003502459e-05 9.203947030725009991e-12
1.803933595805189013e+08 3.248222735479150609e-05 9.203941084476574364e-12
1.908030156412681639e+08 2.992780131199567980e-05 9.203934744395358047e-12
2.018133642084113359e+08 2.756545356527059884e-05 9.203928130843266521e-12
2.134590684336524308e+08 2.538112127865674390e-05 9.203920643506334313e-12
2.257767917168679535e+08 2.336175462266113761e-05 9.203912217791067828e-12
2.388053131310554445e+08 2.149524284528981987e-05 9.203901936379411293e-12
2.525856495079298019e+08 1.977035329537725253e-05 9.203891539325851712e-12
2.671611845684933960e+08 1.817666043832982513e-05 9.203879928739476061e-12
2.825778055051362514e+08 1.670449337188763007e-05 9.203866611595355319e-12
2.988840474452505708e+08 1.534488030585881121e-05 9.203851038235883782e-12
3.161312462511522770e+08 1.408949953633017298e-05 9.203834353971665361e-12
3.343737001373880506e+08 1.293063148039977009e-05 9.203815820410998526e-12
3.536688406142008901e+08 1.186111602817249142e-05 9.203795676927263728e-12
3.740774132953631282e+08 1.087431313865280768e-05 9.203772734585866971e-12
3.956636691395610571e+08 9.964064389300069383e-06 9.203746666704097327e-12
4.184955667274477482e+08 9.124660460096894001e-06 9.203717838136718085e-12
4.426449862111321688e+08 8.350806504035648687e-06 9.203685733801245631e-12
4.681879556097182631e+08 7.637593937718459985e-06 9.203648964064703079e-12
4.952048901632736921e+08 6.980473502946550989e-06 9.203609471980832667e-12
5.237808454988129735e+08 6.375227370010558624e-06 9.203565229330861012e-12
5.540057854053056240e+08 5.817946795228728802e-06 9.203515451201600751e-12
5.859748650607037544e+08 5.305010126271952337e-06 9.203459607879998594e-12
6.197887306027094126e+08 4.833061597568952742e-06 9.203397564781949728e-12
6.555538359863297939e+08 4.398992793168668982e-06 9.203329127457149323e-12
6.933827781258383989e+08 3.999924224915419227e-06 9.203252173878311213e-12
7.333946513761676550e+08 3.633189838707079796e-06 9.203166445829245717e-12
7.757154224698063135e+08 3.296320978291987682e-06 9.203071755922361642e-12
8.204783270895067453e+08 2.987032843306373693e-06 9.202966330381441794e-12
8.678242893253751993e+08 2.703210645501992152e-06 9.202848080606531448e-12
9.179023653368691206e+08 2.442898473142457188e-06 9.202718072674783069e-12
9.708702126164144278e+08 2.204286668673119862e-06 9.202572971462991186e-12
1.026894586332083941e+09 1.985702381178482502e-06 9.202411793970912344e-12
1.086151864311825991e+09 1.785599169540415654e-06 9.202233109033655051e-12
1.148828602322139978e+09 1.602548414152300313e-06 9.202035168990624007e-12
1.215122121389214516e+09 1.435230408257975338e-06 9.201815971820686243e-12
1.285241129011691570e+09 1.282426899857620492e-06 9.201573484778760298e-12
1.359406376220633745e+09 1.143013601264489640e-06 9.201305096453544001e-12
1.437851352555425406e+09 1.015953528116289658e-06 9.201009715764515569e-12
1.520823021143400431e+09 9.002905509493250997e-07 9.200683904626204838e-12
1.608582596197525978e+09 7.951435655529388462e-07 9.200325279824363644e-12
1.701406365379841805e+09 6.997009623817343973e-07 9.199931529914478363e-12
1.799586559619576454e+09 6.132153684508663870e-07 9.199498924698756325e-12
1.903432273124494314e+09 5.349989151533360926e-07 9.199026426330084401e-12
2.013270436481677532e+09 4.644183962811190952e-07 9.198509851022376319e-12
2.129446845911515713e+09 4.008911631342623143e-07 9.197947807982668477e-12
2.252327251914997101e+09 3.438806833436037016e-07 9.197337472872468667e-12
2.382298510741873741e+09 2.928927371722826367e-07 9.196676904664856564e-12
2.519769802304515839e+09 2.474714556945024990e-07 9.195964362252675440e-12
2.665173918372027397e+09 2.071955659943649928e-07 9.195198640629409099e-12
2.818968625099859715e+09 1.716747514156697229e-07 9.194378385777224036e-12
2.981638104184730053e+09 1.405460564294552976e-07 9.193503258249165906e-12
3.153694477181852818e+09 1.134703661452795182e-07 9.192574146374513268e-12
3.335679417783251762e+09 9.012894319090680454e-08 9.191592187342391060e-12
3.528165857133297920e+09 7.022008663929784934e-08 9.190561094430575364e-12
3.731759787549805164e+09 5.345584183624420718e-08 9.189485131635728770e-12
3.947102170329654694e+09 3.955892045438401988e-08 9.188370898527212260e-12
4.174870953644701958e+09 2.825983217131481801e-08 9.187226580407864773e-12
4.415783206881267548e+09 1.929437589657214333e-08 9.186061884382368809e-12
4.670597378142095566e+09 1.240161653202277804e-08 9.184888457174901996e-12
4.940115682018457413e+09 7.322512235018170580e-09 9.183719409685112891e-12
5.225186625149133682e+09 3.799377576880042377e-09 9.182568340238367654e-12
5.526707677517757416e+09 1.576376951748544784e-09 9.181449277724671349e-12
5.845628097898238182e+09 4.012311796837989951e-10 9.180376390819710503e-12
6.182951922343182564e+09 2.827038587581810132e-11 9.179361909316607195e-12
6.539741125124327660e+09 2.228844362090017207e-10 9.178416612308799347e-12
6.917118962075668335e+09 7.672773268400937095e-10 9.177546839878180206e-12
7.316273506865663528e+09 1.467232914646049382e-09 9.176756069977322084e-12
7.738461391330718994e+09 2.159360795076293971e-09 9.176040504298307972e-12
8.185011761646264076e+09 2.718000089338964518e-09 9.175392841139031831e-12
8.657330462789442062e+09 3.060723223563387814e-09 9.174798897831649638e-12
9.156904464468072891e+09 3.151190172864751749e-09 9.174240411662249135e-12
9.685306542448736191e+09 2.998126705744248694e-09 9.173698319447500681e-12
1.024420023002272034e+10 2.649495572678022375e-09 9.173150493364517302e-12
1.083534505519791985e+10 2.181562191145534820e-09 9.172580342092493302e-12
1.146060208010412598e+10 1.683582338456995248e-09 9.171974537448852468e-12
1.212193976005209541e+10 1.240082528395614776e-09 9.171328385592127846e-12
1.282144014069077873e+10 9.139259532192588532e-10 9.170644718837227050e-12
1.356130541277421379e+10 7.340664460076816724e-10 9.169934820214074585e-12
1.434386484517253304e+10 6.916078428138581821e-10 9.169210507962605921e-12
1.517158211795541763e+10 7.460990803955762508e-10 9.168486591858115655e-12
1.604706307863255882e+10 8.409792391488366825e-10 9.167773106404624813e-12
1.697306394597138786e+10 9.235396061933826678e-10 9.167075311817392092e-12
1.795249998721776962e+10 9.621738858125287989e-10 9.166385324327081109e-12
1.898845469603912735e+10 9.538328145624289329e-10 9.165699432457345518e-12
2.008418950008369446e+10 9.183847186885142605e-10 9.165009086458951820e-12
2.124315402871682358e+10 8.830386950355378097e-10 9.164309768462867174e-12
2.246899697326143646e+10 8.657172576322626843e-10 9.163603494451950847e-12
2.376557757393076706e+10 8.671580560696259600e-10 9.162893035529900222e-12
2.513697776961962128e+10 8.757078962965378841e-10 9.162181375819380990e-12
2.658751504880170059e+10 8.795358446560411824e-10 9.161470341119658281e-12
2.812175604199361420e+10 8.756319201685728705e-10 9.160757329755184172e-12
2.974453089857466507e+10 8.688534203875033951e-10 9.160041412331616866e-12
3.146094849322737122e+10 8.643211142104557673e-10 9.159322385728456158e-12
3.327641250986867905e+10 8.623608181578036775e-10 9.158600291000646867e-12
3.519663845371076965e+10 8.604248583183952203e-10 9.157876581100848184e-12
3.722767164500826263e+10 8.573742079908361384e-10 9.157150014451438234e-12
3.937590625113892365e+10 8.540908390130193774e-10 9.156421473628546174e-12
4.164810541693881226e+10 8.512205561859741057e-10 9.155690090743705758e-12
4.405142255666228485e+10 8.484395952548103754e-10 9.154955965663991380e-12
4.659342387460404205e+10 8.455195184361413545e-10 9.154219734616540871e-12
4.928211218527792358e+10 8.426080811288135501e-10 9.153480986642916943e-12
5.212595210814968872e+10 8.397409937531683539e-10 9.152739052389261006e-12
5.513389671623693848e+10 8.368634322476145613e-10 9.151995331401803910e-12
5.831541572247689056e+10 8.339891699068972608e-10 9.151248537617919455e-12
6.168052529259764862e+10 8.311241757673830099e-10 9.150498860562568911e-12
6.523981957834821320e+10 8.282624308592968935e-10 9.149746881955200029e-12
6.900450407036723328e+10 8.254064568691520854e-10 9.148992630627359463e-12
7.298643087568556213e+10 8.225556052325180568e-10 9.148235325933619058e-12
7.719813603093254089e+10 8.197099916692760280e-10 9.147475501454886642e-12
8.165287896870820618e+10 8.168696386938980895e-10 9.146712830344074991e-12
8.636468426137982178e+10 8.140345782065661003e-10 9.145947641195244472e-12
9.134838577371229553e+10 8.112048321317124326e-10 9.145179688215408070e-12
9.661967336334564209e+10 8.083803895704447299e-10 9.144408614531943543e-12
1.021951422761329193e+11 8.055613908098780064e-10 9.143635493166867987e-12
1.080923453918553925e+11 8.027477414398137428e-10 9.142858837168731750e-12
1.143298484847936707e+11 7.999396117685834424e-10 9.142080130537626677e-12
1.209272886731230927e+11 7.971369565835573367e-10 9.141298136714340350e-12
1.279054362411568909e+11 7.943398837609154684e-10 9.140513523708362532e-12
1.352862600290538025e+11 7.915484542031931133e-10 9.139726323826981728e-12
1.430929965958677063e+11 7.887626975483782220e-10 9.138936084195150512e-12
1.513502233736642761e+11 7.859826682769967553e-10 9.138142661222208304e-12
1.600839360430284119e+11 7.832084726857606702e-10 9.137346537689547606e-12
1.693216303735400391e+11 7.804401502075267859e-10 9.136547611209353195e-12
1.790923887868909912e+11 7.776777343527119268e-10 9.135745989650040149e-12
1.894269719151437378e+11 7.749211475262746081e-10 9.134941056865292980e-12
2.003579154423954163e+11 7.721703102996915350e-10 9.134133172852970922e-12
2.119196325347212830e+11 7.694249461405158230e-10 9.133322406893720271e-12
2.241485221808623962e+11 7.666844980296817035e-10 9.132508575395506852e-12
2.370830837847594604e+11 7.639479814117236441e-10 9.131691527142404158e-12
2.507640383706712952e+11 7.612138061407384100e-10 9.130872069961589811e-12
2.652344567824880066e+11 7.584792648890254327e-10 9.130049240042400824e-12
2.805398952808102417e+11 7.557405377444996830e-10 9.129223665153169540e-12
2.967285389647180176e+11 7.529925234403190886e-10 9.128394344149390835e-12
3.138513534697199707e+11 7.502302516627337203e-10 9.127562280746563499e-12
3.319622454195004883e+11 7.474515368324888334e-10 9.126727035899571651e-12
3.511182321365662842e+11 7.446615698792080094e-10 9.125888785062989105e-12
3.713796211461131592e+11 7.418750373518801761e-10 9.125047418043002210e-12
3.928102000382210083e+11 7.391107184060024316e-10 9.124203088756545513e-12
4.154774372860913086e+11 7.363798902557083288e-10 9.123355365521446179e-12
4.394526946525886841e+11 7.336804295977806832e-10 9.122505139571326989e-12
4.648114518537449951e+11 7.310017950275468639e-10 9.121651796884442238e-12
4.916335441865578613e+11 7.283337459446446448e-10 9.120795511787703693e-12
5.200034138691773682e+11 7.256702373433326234e-10 9.119936698276621424e-12
5.500103758847468262e+11 7.230088107709435407e-10 9.119074011425685983e-12
5.817488991658597412e+11 7.203492552732373910e-10 9.118208678034225130e-12
6.153189040048299561e+11 7.176920183394608037e-10 9.117340287006828868e-12
6.508260766261617432e+11 7.150377414497564537e-10 9.116468924608941897e-12
6.883822019114842529e+11 7.123869649410216936e-10 9.115594278834565750e-12
7.281055153244777832e+11 7.097401116856366610e-10 9.114716258232027156e-12
7.701210751437923584e+11 7.070975519637611158e-10 9.113835618356947808e-12
8.145611561757276611e+11 7.044594666589177085e-10 9.112951844518632051e-12
8.615656661862644043e+11 7.018259646160930298e-10 9.112064355832861602e-12
9.112825863633963623e+11 6.991971952791814598e-10 9.111173692536756820e-12
9.638684371965521240e+11 6.965732175494007943e-10 9.110279712925404355e-12
1.019488771239665894e+12 6.939541228246772602e-10 9.109382856824051570e-12
1.078318694309342163e+12 6.913398663759361926e-10 9.108482071466292466e-12
1.140543416758874512e+12 6.887305504689350258e-10 9.107578390229888005e-12
1.206358836563794189e+12 6.861261424921011678e-10 9.106671042713379525e-12
1.275972156054478760e+12 6.835267105145315099e-10 9.105760851321398665e-12
1.349602534237502441e+12 6.809321993758505825e-10 9.104846829012488471e-12
1.427481776759493408e+12 6.783426411237227222e-10 9.103929380433685230e-12
1.509855065685469482e+12 6.757579940853829980e-10 9.103007793855533526e-12
1.596981731389329590e+12 6.731784180899080702e-10 9.102084215017729711e-12
1.689136068986454834e+12 6.706037443478074556e-10 9.101156286750395281e-12
1.786608201878944580e+12 6.680340451576292384e-10 9.100224891772364202e-12
1.889704995131870605e+12 6.654693258044414903e-10 9.099290151292067608e-12
1.998751021556281738e+12 6.629095570837578381e-10 9.098351588498109740e-12
2.114089583540239746e+12 6.603547880424191119e-10 9.097409871654057285e-12
2.236083793845102539e+12 6.578049756009212553e-10 9.096464336795178580e-12
2.365117718769354980e+12 6.552601501105802090e-10 9.095515390644389132e-12
2.501597587279058105e+12 6.527202706175610091e-10 9.094562477855226121e-12
2.645953069911731445e+12 6.501853677057131981e-10 9.093605963481666038e-12
2.798638631479593262e+12 6.476554629482511551e-10 9.092646127036099645e-12
2.960134961831096191e+12 6.451305009848235342e-10 9.091682164653327967e-12
3.130950489174867188e+12 6.426105274869595384e-10 9.090714755270080835e-12
3.311622980730729492e+12 6.400955327702049525e-10 9.089743688279430832e-12
3.502721235746558594e+12 6.375854827846368346e-10 9.088768502092259047e-12
3.704846876211360840e+12 6.350804273253581170e-10 9.087789814579675328e-12
3.918636240901847168e+12 6.325803095082360975e-10 9.086806842604048422e-12
4.144762388725864746e+12 6.300852206303033022e-10 9.085820886011489558e-12
4.383937217669133789e+12 6.275950538109804776e-10 9.084830347802939604e-12
4.636913706016446289e+12 6.251099065792277028e-10 9.083836617044835892e-12
4.904488282903577148e+12 6.226296802862714635e-10 9.082838289537823982e-12
5.187503335662284180e+12 6.201544737957340645e-10 9.081836728886211376e-12
5.486849861852671875e+12 6.176841867940123819e-10 9.080830480415900096e-12
5.803470274331668945e+12 6.152189070357451030e-10 9.079820800583659160e-12
6.138361368189310547e+12 6.127585917211970948e-10 9.078807064102678679e-12
6.492577458892582031e+12 6.103032516226817107e-10 9.077789353008222702e-12
6.867233701517125000e+12 6.078528642897540520e-10 9.076767322294032083e-12
7.263509601515935547e+12 6.054074575854999495e-10 9.075741403155747209e-12
7.682652728078650391e+12 6.029670231375257370e-10 9.074711426729900250e-12
8.125982641770907227e+12 6.005315784703095762e-10 9.073677654964438368e-12
8.594895048819335938e+12 5.981010534380031866e-10 9.072638958333061719e-12
9.090866195121486328e+12 5.956755309125768742e-10 9.071596626476406634e-12
9.615457513812833984e+12 5.932549972517001026e-10 9.070550370066453471e-12
1.017032054102352734e+13 5.908393764758688901e-10 9.069499036604366483e-12
1.075720211529995117e+13 5.884287913184268320e-10 9.068444519996484911e-12
1.137794987706141016e+13 5.860231641934415632e-10 9.067385527922273645e-12
1.203451808540394141e+13 5.836224852629490359e-10 9.066321927415468752e-12
1.272897377056459570e+13 5.812267615489410978e-10 9.065253780906132711e-12
1.346350324141650000e+13 5.788360278735150332e-10 9.064181681429868785e-12
1.424041896848001367e+13 5.764502785302480301e-10 9.063105445230180875e-12
1.506216686412083203e+13 5.740694639701560623e-10 9.062024252909224328e-12
1.593133398285353516e+13 5.716936352907346276e-10 9.060938944947333393e-12
1.685065666599481250e+13 5.693227747483200727e-10 9.059849150947124151e-12
1.782302915630526172e+13 5.669568824687526251e-10 9.058754901106228810e-12
1.885151270974260156e+13 5.645959611364236240e-10 9.057656192710612849e-12
1.993934523301057812e+13 5.622400217732127073e-10 9.056553182596615540e-12
2.108995147724727344e+13 5.598889930997701814e-10 9.055444690777812951e-12
2.230695381994202344e+13 5.575429752951357028e-10 9.054332306188190232e-12
2.359418366902616797e+13 5.552019638701135435e-10 9.053215955228904865e-12
2.495569352504213672e+13 5.528658662808259610e-10 9.052094063580955804e-12
2.639576973936200000e+13 5.505347295212988321e-10 9.050967395312010291e-12
2.791894600862421875e+13 5.482085999444114781e-10 9.049836709794443535e-12
2.953001764786981250e+13 5.458874408276731310e-10 9.048701312506615784e-12
3.123405668731667969e+13 5.435712327311933370e-10 9.047560908401042985e-12
3.303642784029576953e+13 5.412599700089670732e-10 9.046415362282918694e-12
3.494280539262353516e+13 5.389537104502778021e-10 9.045265600771140109e-12
3.695919106657928125e+13 5.366523940586273325e-10 9.044110619553273230e-12
3.909193291573188281e+13 5.343560452473621212e-10 9.042950762543054176e-12
4.134774531009597656e+13 5.320646650382719091e-10 9.041786003560395888e-12
4.373373007453759375e+13 5.297782572765610914e-10 9.040616457220883531e-12
4.625739884698139844e+13 5.274968035359990107e-10 9.039441702450505878e-12
4.892669672680189844e+13 5.252203367956923897e-10 9.038262307010734159e-12
5.175002728785472656e+13 5.229488279323302247e-10 9.037077740012285256e-12
5.473627903489038281e+13 5.206822883362431106e-10 9.035888156186858541e-12
5.789485338664796094e+13 5.184207022303895072e-10 9.034693296911792303e-12
6.123569427371790625e+13 5.161640739612171367e-10 9.033493151129449204e-12
6.476931944436155469e+13 5.139124393280751385e-10 9.032288335421548694e-12
6.850685357683975781e+13 5.116657541633125628e-10 9.031078046866648332e-12
7.246006330250431250e+13 5.094240216409177865e-10 9.029862283557558816e-12
7.664139424990332812e+13 5.071872646995854756e-10 9.028641470210866825e-12
8.106401022652787500e+13 5.049554613857009464e-10 9.027415146036800724e-12
8.574183466155959375e+13 5.027286549328045882e-10 9.026184088842316783e-12
9.068959444007892188e+13 5.005068032440576832e-10 9.024947453290158922e-12
9.592286626674404688e+13 4.982899087268563909e-10 9.023705294630465137e-12
1.014581257048962500e+14 4.960779876897941997e-10 9.022457906661775306e-12
1.073127990454901562e+14 4.938710127606296016e-10 9.021204682755457858e-12
1.135053181691291719e+14 4.916689928314971059e-10 9.019945760467549914e-12
1.200551785739371250e+14 4.894719704498507545e-10 9.018681956380225023e-12
1.269830007519408438e+14 4.872799095240061635e-10 9.017412502856076005e-12
1.343105951072062344e+14 4.850927605266246588e-10 9.016136457943202933e-12
1.420610306200873125e+14 4.829106388994906829e-10 9.014855991433434781e-12
1.502587074737666562e+14 4.807334655991984499e-10 9.013569505844819885e-12
1.589294338717441250e+14 4.785612456687797786e-10 9.012277134290454817e-12
1.681005072880912500e+14 4.763939650619495500e-10 9.010978555709039848e-12
1.778008004062850625e+14 4.742316867982574452e-10 9.009674886083834392e-12
1.880608520171605938e+14 4.720743620233109600e-10 9.008365244088180147e-12
1.989129631621736875e+14 4.699219524978680749e-10 9.007048739459564370e-12
2.103912988246263438e+14 4.677745628139648133e-10 9.005727470646733819e-12
2.225319954890257500e+14 4.656321099881495670e-10 9.004399714841330804e-12
2.353732749071796875e+14 4.634946196215625158e-10 9.003065964445645142e-12
2.489555644292188438e+14 4.613620863847363588e-10 9.001726075161455326e-12
2.633216242783427188e+14 4.592345560878095584e-10 9.000380911068426006e-12
2.785166821699936562e+14 4.571119260901154590e-10 8.999028404518163258e-12
2.945885756992926250e+14 4.549943185680050957e-10 8.997670939896624665e-12
3.115879029449658125e+14 4.528816244338874555e-10 8.996306323599789172e-12
3.295681817639316875e+14 4.507739248927264573e-10 8.994936105869562768e-12
3.485860182780176250e+14 4.486711893299920681e-10 8.993559652408951185e-12
3.687012850832825000e+14 4.465733693057099425e-10 8.992175914493723202e-12
3.899773097429380000e+14 4.444805567438829923e-10 8.990786756024987737e-12
4.124810741573310000e+14 4.423926692715906077e-10 8.989390467358612736e-12
4.362834254386135000e+14 4.403097378458029807e-10 8.987987620430051881e-12
4.614592989540373125e+14 4.382317993764200728e-10 8.986578904954605513e-12
4.880879542400020000e+14 4.361587864869014949e-10 8.985162896347418118e-12
5.162532245295955000e+14 4.340907684559610574e-10 8.983741031999984867e-12
5.460437806792366250e+14 4.320276950393423907e-10 8.982312186722745849e-12
5.775534103252487500e+14 4.299695858931065218e-10 8.980876725490287605e-12
6.108813131492771250e+14 4.279164190475815369e-10 8.979434155028806377e-12
6.461324131820610000e+14 4.258682337154755121e-10 8.977985269825799774e-12
6.834176891288456250e+14 4.238249945583561326e-10 8.976529262977543625e-12
7.228545237562750000e+14 4.217866876848567486e-10 8.975065766895529957e-12
7.645670734407993750e+14 4.197533641194865251e-10 8.973595877132379222e-12
8.086866590419526250e+14 4.177250025801752906e-10 8.972119059810296835e-12
8.553521793311608750e+14 4.157015975354918428e-10 8.970635162881320839e-12
9.047105482775341250e+14 4.136831686018425321e-10 8.969144581728284381e-12
9.569171575673700000e+14 4.116696896434095729e-10 8.967646650727798726e-12
1.012136365813557875e+15 4.096611514724846960e-10 8.966141154650665736e-12
1.070542015994894250e+15 4.076575925736451765e-10 8.964628933163887860e-12
1.132317982754444000e+15 4.056589485233835512e-10 8.963108414500388946e-12
1.197658751279873000e+15 4.036652882527691093e-10 8.961581143502596986e-12
1.266770029588347500e+15 4.016765956816280847e-10 8.960046696272447983e-12
1.339869396143433750e+15 3.996928275020607900e-10 8.958504082380875026e-12
1.417186984842997250e+15 3.977140537691790143e-10 8.956954769027144929e-12
1.498966209534475500e+15 3.957402194942670138e-10 8.955397513407464960e-12
1.585464530338652000e+15 3.937713412418502334e-10 8.953832623382474492e-12
1.676954264194285000e+15 3.918074190068415640e-10 8.952260046544942204e-12
1.773723442175460000e+15 3.898484529725083505e-10 8.950679735571847480e-12
1.876076716280837750e+15 3.878944530611304013e-10 8.949091856081362036e-12
1.984336318549326250e+15 3.859453895273310945e-10 8.947495705005196311e-12
2.098843075521913000e+15 3.840012873743552090e-10 8.945891745301425665e-12
2.219957481243240500e+15 3.820621376795775309e-10 8.944279770963077300e-12
2.348060832181248000e+15 3.801279596326705145e-10 8.942660138664574845e-12
2.483556427637540000e+15 3.781987153751554219e-10 8.941031919818526730e-12
2.626870839427926500e+15 3.762744291926253691e-10 8.939395658181655121e-12
2.778455254830152000e+15 3.743550971989267983e-10 8.937751152561642058e-12
2.938786897027068000e+15 3.724407222999200758e-10 8.936098442024762534e-12
3.108370527516738000e+15 3.705313053605254642e-10 8.934437467174624424e-12
3.287740035219577500e+15 3.686268357368644446e-10 8.932767968232597267e-12
3.477460117285654500e+15 3.667273219969938981e-10 8.931090047363840913e-12
3.678128056893259000e+15 3.648327684097565474e-10 8.929403724813056402e-12
3.890375603636057000e+15 3.629431626219487715e-10 8.927708714253151346e-12
4.114870962418401500e+15 3.610585069598485909e-10 8.926004944129244902e-12
4.352320897120796500e+15 3.591787845060267735e-10 8.924291969866751442e-12
4.603472955657722000e+15 3.573040345965000881e-10 8.922570692278208414e-12
4.869117823433331000e+15 3.554342567824528972e-10 8.920841063516403418e-12
5.150091812603821000e+15 3.535693909773802978e-10 8.919101460594361124e-12
5.447279494983877000e+15 3.517095261755523514e-10 8.917354112555907913e-12
5.761616486885469000e+15 3.498545855984544613e-10 8.915597018048918985e-12
6.094092394656617000e+15 3.480045735939938066e-10 8.913830136420995674e-12
6.445753930193837000e+15 3.461595425942138047e-10 8.912054838193971154e-12
6.817708206235751000e+15 3.443194338102018343e-10 8.910269476979323105e-12
7.211126221812954000e+15 3.424843105103129065e-10 8.908475678770418025e-12
7.627246548826530000e+15 3.406541164518619683e-10 8.906671886090469628e-12
8.067379231362341000e+15 3.388288773565726941e-10 8.904858694307832286e-12
8.532909910015966000e+15 3.370085951183817510e-10 8.903036082725206302e-12
9.025304184213060000e+15 3.351932424644874067e-10 8.901203294603730122e-12
9.546112226259442000e+15 3.333828774334400721e-10 8.899361765513308269e-12
1.009697366164574200e+16 3.315774238166993286e-10 8.897509371872655239e-12
1.067962273097181000e+16 3.297769331927160522e-10 8.895647469547230373e-12
1.129589374974142400e+16 3.279813844576355659e-10 8.893775379572367105e-12
1.194772688321720400e+16 3.261907900164017933e-10 8.891893390839023521e-12
1.263717425451319000e+16 3.244051589424613922e-10 8.890001694590425048e-12
1.336640640515973600e+16 3.226244489411490423e-10 8.888098982455307651e-12
1.413771912847438800e+16 3.208486997549467433e-10 8.886186355131322879e-12
1.495354069725659800e+16 3.190779117793861047e-10 8.884263711137151757e-12
1.581643950855902400e+16 3.173120464443871897e-10 8.882329860072024266e-12
1.672913216960058000e+16 3.155511602428754880e-10 8.880386347112560678e-12
1.769449205028178800e+16 3.137951894295161953e-10 8.878431319934303239e-12
1.871555832922598400e+16 3.120441804592089537e-10 8.876465964890258875e-12
1.979554556182255600e+16 3.102981213708496239e-10 8.874489867414957763e-12
2.093785380039968400e+16 3.085570027802874657e-10 8.872502700472413382e-12
2.214607929838516000e+16 3.068208150492141368e-10 8.870504079550031508e-12
2.342402583215064000e+16 3.050896161644613043e-10 8.868495607900813915e-12
2.477571667619190400e+16 3.033633071265719228e-10 8.866474341402014476e-12
2.620540726933510000e+16 3.016419808953853609e-10 8.864442859236258098e-12
2.771759861185420000e+16 2.999255821681409134e-10 8.862399478482419455e-12
2.931705143567369600e+16 2.982141348224903615e-10 8.860344814890318255e-12
3.100880119226319200e+16 2.965076369915494631e-10 8.858278727819517583e-12
3.279817390541721600e+16 2.948060879786212631e-10 8.856201122329461136e-12
3.469080293882514000e+16 2.931094761938665441e-10 8.854111524057123755e-12
3.669264673121411200e+16 2.914178305635369173e-10 8.852010728264029228e-12
3.881000755490878400e+16 2.897310911848432083e-10 8.849896826982385058e-12
4.104955135686018400e+16 2.880493036505512579e-10 8.847771110559779421e-12
4.341832874460090400e+16 2.863724756997759050e-10 8.845633692717292122e-12
4.592379718321140800e+16 2.847005728719120622e-10 8.843483503093650440e-12
4.857384447315906400e+16 2.830336155177083347e-10 8.841320959902368417e-12
5.137681358294020800e+16 2.813716084802455840e-10 8.839146189956777083e-12
5.434152891469832000e+16 2.797145408505836909e-10 8.836958729931759068e-12
5.747732408550040000e+16 2.780624234194429486e-10 8.834758841276297142e-12
6.079407131174809600e+16 2.764152486077102191e-10 8.832546151382489981e-12
6.430221248922632800e+16 2.747730056178792260e-10 8.830320193739737984e-12
6.801279206662696000e+16 2.731356937229532331e-10 8.828080875649892323e-12
7.193749181605827200e+16 2.715033367215974239e-10 8.825828854331979915e-12
7.608866760999870400e+16 2.698759193561363370e-10 8.823563521729563363e-12
8.047938832046424000e+16 2.682534576049613874e-10 8.821285290143064174e-12
8.512347696288292800e+16 2.666359267134403930e-10 8.818993261624472976e-12
9.003555421417078400e+16 2.650233177206904677e-10 8.816686977807815655e-12
9.523108444204473600e+16 2.634156644035237617e-10 8.814367477728724942e-12
1.007264243904729600e+17 2.618129516838998531e-10 8.812034085744863197e-12
1.065388746745203360e+17 2.602151741778380157e-10 8.809686701872034036e-12
1.126867342467339040e+17 2.586223262713713789e-10 8.807324793473010230e-12
1.191893580065300480e+17 2.570344187189535881e-10 8.804948695558854382e-12
1.260672177339324640e+17 2.554514751494470693e-10 8.802559088068868308e-12
1.333419665395273600e+17 2.538734441826447062e-10 8.800154103300747673e-12
1.410365070335252320e+17 2.523003457032603580e-10 8.797734263519658384e-12
1.491750634285177600e+17 2.507321928994434163e-10 8.795299910051186973e-12
1.577832578029810560e+17 2.491689842207661940e-10 8.792850932786281569e-12
1.668881907655532800e+17 2.476107221940492063e-10 8.790387232154652747e-12
1.765185267740937600e+17 2.460573857769926800e-10 8.787907935377277524e-12
1.867045843781076160e+17 2.445089834908454133e-10 8.785413235120519723e-12
1.974784316686118400e+17 2.429655192094444514e-10 8.782903113721767824e-12
2.088739872359915840e+17 2.414269846170268775e-10 8.780377153096210304e-12
2.209271269536640640e+17 2.398933929808888955e-10 8.777835695180120785e-12
2.336757969236967680e+17 2.383647368417827141e-10 8.775278376186634226e-12
2.471601329400181760e+17 2.368410048409783125e-10 8.772704554100868825e-12
2.614225868452942080e+17 2.353222211338808663e-10 8.770115058241558462e-12
2.765080601792269440e+17 2.338083730566628569e-10 8.767509204871450008e-12
2.924640455391336320e+17 2.322994461499470026e-10 8.764886356942467649e-12
3.093407760977174400e+17 2.307954729394173804e-10 8.762247597350523511e-12
3.271913837488526720e+17 2.292964169731277118e-10 8.759591296518340843e-12
3.460720663792265600e+17 2.278023005126463357e-10 8.756918401079180394e-12
3.660422647923953920e+17 2.263131121733442841e-10 8.754228057587020166e-12
3.871648498423467520e+17 2.248288544720315325e-10 8.751520345878833569e-12
4.095063203656680960e+17 2.233495427194042684e-10 8.748795645477614521e-12
4.331370125353957760e+17 2.218751483295829590e-10 8.746052740678991048e-12
4.581313212957507840e+17 2.204057023129736125e-10 8.743292599378344167e-12
4.845679345748412800e+17 2.189411808976183552e-10 8.740514279824008206e-12
5.125300810126069760e+17 2.174815894868619789e-10 8.737717693530902689e-12
5.421057919840997120e+17 2.160269318443437266e-10 8.734902838034310503e-12
5.733881787427795840e+17 2.145772041813534932e-10 8.732069459635425539e-12
6.064757255565340160e+17 2.131323992712867940e-10 8.729216948579768545e-12
6.414725997592117760e+17 2.116925308940431414e-10 8.726345890974077308e-12
6.784889796936879360e+17 2.102575855051133962e-10 8.723455531674250874e-12
7.176414015790755840e+17 2.088275894237635569e-10 8.720546639736147998e-12
7.590531263940286720e+17 2.074024909703429377e-10 8.717616978948288197e-12
8.028545279310548480e+17 2.059823599999532267e-10 8.714669315214638821e-12
8.491835032437291520e+17 2.045671294421628190e-10 8.711700534140573594e-12
8.981859067789050880e+17 2.031568376435619511e-10 8.708712136698302022e-12
9.500160095605204480e+17 2.017514845528586008e-10 8.705703998971812721e-12
1.004836984870966144e+18 2.003510298776487671e-10 8.702674076635490808e-12
1.062821421958628352e+18 1.989555311907431341e-10 8.699624764311728262e-12
1.124151869389238272e+18 1.975649499961558738e-10 8.696554157303902329e-12
1.189021409751497728e+18 1.961792831789161108e-10 8.693461872422741358e-12
1.257634267526107392e+18 1.947985556337724356e-10 8.690348853905648539e-12
1.330206452032231936e+18 1.934227546656513572e-10 8.687214334122305891e-12
1.406966437475413248e+18 1.920518848431122667e-10 8.684058305950786889e-12
1.488155882237661440e+18 1.906859432278597793e-10 8.680880428655318706e-12
1.574030389674605568e+18 1.893249076919681389e-10 8.677679451936734274e-12
1.664860312814701312e+18 1.879688203233699644e-10 8.674457134250923956e-12
1.760931605493600256e+18 1.866176348200043702e-10 8.671211070028543928e-12
1.862546722603895808e+18 1.852713908965758038e-10 8.667942926736056612e-12
1.970025572293654784e+18 1.839300757964206636e-10 8.664651881371425021e-12
2.083706523112141568e+18 1.825936753376720007e-10 8.661337015509381437e-12
2.203947469273237248e+18 1.812621866209686585e-10 8.657997919764881418e-12
2.331126957389905920e+18 1.799356381372684805e-10 8.654635793338295651e-12
2.465645378227535872e+18 1.786140130284711179e-10 8.651249570608007469e-12
2.607926227227813376e+18 1.772973032267273608e-10 8.647838579180544179e-12
2.758417437771156992e+18 1.759855205248247502e-10 8.644403223210658131e-12
2.917592791375844864e+18 1.746786658130803461e-10 8.640943244353696231e-12
3.085953409273158144e+18 1.733767074527248081e-10 8.637456763157175995e-12
3.264029330053861376e+18 1.720796969012193464e-10 8.633946214652173518e-12
3.452381178354007552e+18 1.707876026175547029e-10 8.630409697279975697e-12
3.651601929832023040e+18 1.695004140673655917e-10 8.626846378742180912e-12
3.862318777994868736e+18 1.682181596809454124e-10 8.623257500655251368e-12
4.085195108750049792e+18 1.669408405571577518e-10 8.619642880572812578e-12
4.320932588899191296e+18 1.656684126341332489e-10 8.615999815225930829e-12
4.570273375149363712e+18 1.644009204093211078e-10 8.612330525633294221e-12
4.834002450596159488e+18 1.631383465791566386e-10 8.608633674832472040e-12
5.112950096033585152e+18 1.618806889336637253e-10 8.604908948113330002e-12
5.407994503872332800e+18 1.606279405195036932e-10 8.601155628213361182e-12
5.720064542895107072e+18 1.593801316338371234e-10 8.597375158391448323e-12
6.050142682552118272e+18 1.581372265667367196e-10 8.593565141044392714e-12
6.399268086005367808e+18 1.568992416646124969e-10 8.589726261035266150e-12
6.768539881656591360e+18 1.556661803134604120e-10 8.585858408749118233e-12
7.159120623460725760e+18 1.544380299214760793e-10 8.581960527971923643e-12
7.572239950917955584e+18 1.532147968596090486e-10 8.578032622686616805e-12
8.009198460265684992e+18 1.519964815280253895e-10 8.574074540512092000e-12
8.471371799059910656e+18 1.507830818640486824e-10 8.570085695032493079e-12
8.960214997035812864e+18 1.495745896535839524e-10 8.566065268496948533e-12
9.477267046880761856e+18 1.483710275257412685e-10 8.562014368350511027e-12
1.002415574934351258e+19 1.471723763307292420e-10 8.557931427436831758e-12
1.060260283793209344e+19 1.459786367970622271e-10 8.553816193663878726e-12
1.121442939933230285e+19 1.447898157023354849e-10 8.549668728275997856e-12
1.186156160661577114e+19 1.436059095559081194e-10 8.545488366140441299e-12
1.254603678328192614e+19 1.424269083844299326e-10 8.541274261648521414e-12
1.327000981722922598e+19 1.412528315174573751e-10 8.537027108356281913e-12
1.403575994484678656e+19 1.400836578205347660e-10 8.532745385646324326e-12
1.484569792658221056e+19 1.389194051656262795e-10 8.528429673095763239e-12
1.570237363657971302e+19 1.377600610417114879e-10 8.524078893984332970e-12
1.660848409028095795e+19 1.366056278739253351e-10 8.519692706860166232e-12
1.756688193525876941e+19 1.354561081523106974e-10 8.515270983567812064e-12
1.858058443201937408e+19 1.343115011424432221e-10 8.510813260608653576e-12
1.965278295304492646e+19 1.331718079170284861e-10 8.506319090440260265e-12
2.078685302997849702e+19 1.320370211923397548e-10 8.501787773139800245e-12
2.198636498058776166e+19 1.309071384441491813e-10 8.497218521382226205e-12
2.325509514896127181e+19 1.297821709445123976e-10 8.492611735849949456e-12
2.459703779432010957e+19 1.286621183327705917e-10 8.487966967614507905e-12
2.601641766588280832e+19 1.275469705769372651e-10 8.483283049190386798e-12
2.751770330336105677e+19 1.264367342763291123e-10 8.478560009519668031e-12
2.910562110496855654e+19 1.253314002844166724e-10 8.473796838145274279e-12
3.078517020722925978e+19 1.242309746316544515e-10 8.468993333122495729e-12
3.256163822342522470e+19 1.231354661131563504e-10 8.464149739844926868e-12
3.444061789024083558e+19 1.220448551862947133e-10 8.459264205670973419e-12
3.642802467500734874e+19 1.209591486642390996e-10 8.454336691310785749e-12
3.853011539897389875e+19 1.198783498024948037e-10 8.449366872391314067e-12
4.075350793524523008e+19 1.188024599786135985e-10 8.444354430384412028e-12
4.310520204339573555e+19 1.177314748564087047e-10 8.439298593987383461e-12
4.559260140634460160e+19 1.166653851277916380e-10 8.434197972258276933e-12
4.822353693888625869e+19 1.156042120998113820e-10 8.429053775298902273e-12
5.100629144123618099e+19 1.145479386464999714e-10 8.423864086762510273e-12
5.394962567522462106e+19 1.134965664602246851e-10 8.418628597960132265e-12
5.706280594522602701e+19 1.124500925915169965e-10 8.413346397532539048e-12
6.035563327064669389e+19 1.114085262486254653e-10 8.408017657943673320e-12
6.383847424182788915e+19 1.103718593460771135e-10 8.402641183930012582e-12
6.752229365649936384e+19 1.093400893875324758e-10 8.397216364102760946e-12
7.141868903952033382e+19 1.083132247240192593e-10 8.391743016178063913e-12
7.553992715460216422e+19 1.072912516474836671e-10 8.386219502652687343e-12
7.989898262295266918e+19 1.062741777330695335e-10 8.380645817371145706e-12
8.450957877040871834e+19 1.052620075707792268e-10 8.375021778351169384e-12
8.938623083168496026e+19 1.042547306581819318e-10 8.369345817157486567e-12
9.454429164771737600e+19 1.032523519990318298e-10 8.363617703750023454e-12
1.000000000000000000e+20 1.022548730012955048e-10 8.357836946277565383e-12
