# #Columns: f_hz, Omega_GW
7.0613301128439398e-20 2.2748484535336347e-23
7.5198322316322478e-20 2.3743421270723418e-23
8.0081055393571837e-20 2.7600036280197843e-23
8.5280831212857067e-20 3.5062759716230067e-23
9.0818235806362881e-20 4.6761093943746112e-23
9.6715191886364499e-20 5.4189849173100705e-23
1.0299504563775022e-19 6.1274820049323536e-23
1.0968265914610492e-19 7.0255247637399454e-23
1.1680450882727935e-19 7.5136812140194099e-23
1.2438879024812998e-19 8.0142560928060072e-23
1.3246552975341737e-19 8.2957707762517744e-23
1.4106670334079638e-19 8.5153290038644259e-23
1.5022636325452721e-19 8.7194851601558346e-23
1.5998077279909397e-19 8.7929032629618179e-23
1.7036854990646296e-19 8.8398423047838571e-23
1.8143082002536334e-19 8.8396974771691478e-23
1.9321137893788614e-19 8.8243547275943318e-23
2.0575686614799376e-19 8.7966280118618316e-23
2.1911694952838999e-19 8.7660539750566955e-23
2.3334452195677135e-19 8.7352492680379922e-23
2.4849591071994800e-19 8.7010178228233937e-23
2.6463110051486880e-19 8.6668434796298180e-23
2.8181397092941741e-19 8.6309242612104803e-23
3.0011254934317245e-19 8.5946088471759672e-23
3.1959928024936801e-19 8.5584227422052065e-23
3.4035131206431114e-19 8.5215584067069649e-23
3.6245080255973821e-19 8.4848288509139082e-23
3.8598524412732445e-19 8.4477678986644474e-23
4.1104781016307716e-19 8.4107052042287071e-23
4.3773772394295580e-19 8.3737746553107687e-23
4.6616065145010559e-19 8.3367610102920424e-23
4.9642911970891775e-19 8.2998770501529520e-23
5.2866296228211003e-19 8.2629963431363530e-23
5.6298979369456017e-19 8.2262063426600313e-23
5.9954551466214790e-19 8.1895429464078938e-23
6.3847485012581864e-19 8.1529468449815882e-23
6.7993192222095598e-19 8.1164758819993275e-23
7.2408086045046455e-19 8.0800950214484629e-23
7.7109645147725052e-19 8.0438380985501603e-23
8.2116483110864467e-19 8.0076843493358380e-23
8.7448422121234862e-19 7.9716476947399790e-23
9.3126571448137266e-19 7.9357336747340155e-23
9.9173411015486823e-19 7.8999322522827860e-23
1.0561288040034910e-18 7.8642526860526414e-23
1.1247047361027663e-18 7.8286889385824537e-23
1.1977334001467241e-18 7.7932447181090788e-23
1.2755039182976769e-18 7.7579212583497880e-23
1.3583241858275203e-18 7.7227157208557262e-23
1.4465220900822035e-18 7.6876304558864782e-23
1.5404468085952807e-18 7.6526635870389644e-23
1.6404701914898049e-18 7.6178160334708458e-23
1.7469882336415274e-18 7.5830878387360323e-23
1.8604226424317268e-18 7.5484780535360831e-23
1.9812225072964400e-18 7.5139870082039572e-23
2.1098660776818850e-18 7.4796140570332961e-23
2.2468626564450198e-18 7.4453593741191061e-23
2.3927546161952859e-18 7.4112226286341644e-23
2.5481195465602528e-18 7.3772035149556775e-23
2.7135725408762544e-18 7.3433018860990571e-23
2.8897686313570671e-18 7.3095172816609486e-23
3.0774053823815253e-18 7.2758496936058078e-23
3.2772256521669573e-18 7.2422985830038653e-23
3.4900205337619732e-18 7.2088638983854484e-23
3.7166324870020547e-18 7.1755453018102135e-23
3.9579586738274405e-18 7.1423424458638815e-23
4.2149545101679057e-18 7.1092551919253361e-23
4.4886374484564243e-18 7.0762832037633176e-23
4.7800910057467718e-18 7.0434263923309259e-23
5.0904690533824937e-18 7.0106844374029956e-23
5.4210003852001158e-18 6.9780570132214565e-23
5.7729935823522376e-18 6.9455437860194201e-23
6.1478421940104396e-18 6.9131443202685898e-23
6.5470302544585411e-18 6.8808585262557941e-23
6.9721381584184969e-18 6.8486861421046458e-23
7.4248489178694740e-18 6.8166269534386135e-23
7.9069548251310661e-18 6.7846806863785513e-23
8.4203645485897995e-18 6.7528470344843783e-23
8.9671106891612501e-18 6.7211257102021396e-23
9.5493578274038560e-18 6.6895164506113896e-23
1.0169411093143191e-17 6.6580191249502612e-23
1.0829725291534005e-17 6.6266333984027054e-23
1.1532914621690368e-17 6.5953590586789659e-23
1.2281763026360125e-17 6.5641956169024714e-23
1.3079235213618350e-17 6.5331429491784155e-23
1.3928488394214863e-17 6.5022008153229132e-23
1.4832884781044291e-17 6.4713689570373065e-23
1.5796004900224303e-17 6.4406472034641638e-23
1.6821661766480967e-17 6.4100351197450076e-23
1.7913915978961816e-17 6.3795325552449988e-23
1.9077091797241432e-17 6.3491390808792602e-23
2.0315794261164541e-17 6.3188545792171592e-23
2.1634927422304886e-17 6.2886788072110108e-23
2.3039713759218246e-17 6.2586113834814151e-23
2.4535714853355338e-17 6.2286521485921979e-23
2.6128853407490772e-17 6.1988008038138477e-23
2.7825436693839729e-17 6.1690570040356488e-23
2.9632181524693868e-17 6.1394205179308971e-23
3.1556240844435824e-17 6.1098910445987810e-23
3.3605232048210714e-17 6.0804685053026423e-23
3.5787267139368888e-17 6.0511525122161602e-23
3.8110984845073955e-17 6.0219428645171921e-23
4.0585584817222534e-17 5.9928393867953043e-23
4.3220864054077888e-17 5.9638417052755804e-23
4.6027255686811653e-17 5.9349496829509930e-23
4.9015870284510288e-17 5.9061629063467844e-23
5.2198539841173895e-17 5.8774812844703337e-23
5.5587864618853087e-17 5.8489043868340665e-23
5.9197263032376185e-17 5.8204320188806348e-23
6.3041024773162712e-17 5.7920640119744514e-23
6.7134367382440628e-17 5.7637999706160669e-23
7.1493496497842461e-17 5.7356397714444090e-23
7.6135670011897754e-17 5.7075830386306578e-23
8.1079266396426968e-17 5.6796296160274418e-23
8.6343857463334519e-17 5.6517791800479510e-23
9.1950285849862711e-17 5.6240314499420940e-23
9.7920747535072482e-17 5.5963861932325741e-23
1.0427887971423546e-16 5.5688431125701053e-23
1.1104985437903443e-16 5.5414020612297238e-23
1.1826047797405761e-16 5.5140627618844543e-23
1.2593929752413038e-16 5.4868250401857209e-23
1.3411671365264330e-16 5.4596885766951838e-23
1.4282510093832078e-16 5.4326531103620291e-23
1.5209893608692282e-16 5.4057184038551066e-23
1.6197493442531729e-16 5.3788841309199335e-23
1.7249219525830431e-16 5.3521501527765511e-23
1.8369235666366404e-16 5.3255160307385210e-23
1.9561976033826531e-16 5.2989816032002882e-23
2.0832162714786450e-16 5.2725465989928765e-23
2.2184824407560009e-16 5.2462107913873765e-23
2.3625316330931677e-16 5.2199740198837948e-23
2.5159341425591010e-16 5.1938359213637580e-23
2.6792972932206127e-16 5.1677963322183783e-23
2.8532678435523359e-16 5.1418549342473616e-23
3.0385345469684161e-16 5.1160114179618362e-23
3.2358308786131339e-16 5.0902656497807070e-23
3.4459379392058900e-16 5.0646172809155404e-23
3.6696875474369357e-16 5.0390662509131886e-23
3.9079655331567157e-16 5.0136122925872280e-23
4.1617152443966548e-16 4.9882551441917721e-23
4.4319412821057120e-16 4.9629946256163552e-23
4.7197134773886818e-16 4.9378303189819767e-23
5.0261711269921637e-16 4.9127620317766260e-23
5.3525275038066154e-16 4.8877894349822638e-23
5.7000746602416542e-16 4.8629124025455058e-23
6.0701885434913025e-16 4.8381306504816415e-23
6.4643344429405992e-16 4.8134438747543862e-23
6.8840727912800161e-16 4.7888519207811176e-23
7.3310653422943971e-16 4.7643544382813094e-23
7.8070817497844798e-16 4.7399512034056023e-23
8.3140065736669961e-16 4.7156420011390849e-23
8.8538467409907938e-16 4.6914266329648306e-23
9.4287394914072276e-16 4.6673048400439377e-23
1.0040960838551141e-15 4.6432763546947308e-23
1.0692934580831258e-15 4.6193410236253223e-23
1.1387241897303866e-15 4.5954984767975931e-23
1.2126631566620152e-15 4.5717485599350520e-23
1.2914030849504154e-15 4.5480910577419901e-23
1.3752557077845364e-15 4.5245257425768505e-23
1.4645529996287451e-15 4.5010523337464521e-23
1.5596484905173741e-15 4.4776705847766315e-23
1.6609186656882666e-15 4.4543802348383945e-23
1.7687644560965004e-15 4.4311809725329088e-23
1.8836128257092721e-15 4.4080725952349720e-23
2.0059184618660705e-15 4.3850549106977270e-23
2.1361655753963235e-15 4.3621277121309466e-23
2.2748698176212198e-15 4.3392907559344878e-23
2.4225803218291617e-15 4.3165437901318060e-23
2.5798818773070968e-15 4.2938865334160875e-23
2.7473972445347674e-15 4.2713187019539429e-23
2.9257896207077903e-15 4.2488400943422062e-23
3.1157652653506217e-15 4.2264504658176539e-23
3.3180762964142741e-15 4.2041496752548936e-23
3.5335236679286031e-15 4.1819374719808741e-23
3.7629603409977503e-15 4.1598135725821457e-23
4.0072946606927931e-15 4.1377777245651252e-23
4.2674939522107948e-15 4.1158296807224643e-23
4.5445883505375198e-15 4.0939692045339678e-23
4.8396748787755979e-15 4.0721960655673536e-23
5.1539217912841910e-15 4.0505101219267831e-23
5.4885731988249303e-15 4.0289111659886235e-23
5.8449539940250615e-15 4.0073989445116047e-23
6.2244750966578541e-15 3.9859732021187021e-23
6.6286390395064734e-15 3.9646336762048426e-23
7.0590459169258549e-15 3.9433801576394292e-23
7.5173997196531066e-15 3.9222123981811339e-23
8.0055150809460526e-15 3.9011301542561421e-23
8.5253244607580971e-15 3.8801331417419525e-23
9.0788857963916582e-15 3.8592211939812507e-23
9.6683906499193366e-15 3.8383940333750374e-23
1.0296172884628615e-14 3.8176514602745196e-23
1.0964717904840344e-14 3.7969932511716563e-23
1.1676672495681681e-14 3.7764191674751713e-23
1.2434855301769327e-14 3.7559289860607080e-23
1.3242267986288481e-14 3.7355224042647333e-23
1.4102107114646483e-14 3.7151992066449848e-23
1.5017776809748868e-14 3.6949592152915968e-23
1.5992902229000308e-14 3.6748022057517917e-23
1.7031343916386262e-14 3.6547279774751673e-23
1.8137213086455475e-14 3.6347363099553514e-23
1.9314887900713044e-14 3.6148269917354818e-23
2.0569030800862615e-14 3.5949997717749201e-23
2.1904606967520426e-14 3.5752543989696084e-23
2.3326903977479692e-14 3.5555906682778531e-23
2.4841552737348859e-14 3.5360083086301973e-23
2.6454549776440507e-14 3.5165071377493817e-23
2.8172280987168961e-14 3.4970869172366838e-23
3.0001546906945403e-14 3.4777474284824022e-23
3.1949589641662013e-14 3.4584884029443953e-23
3.4024121537355981e-14 3.4393096357631987e-23
3.6233355713564917e-14 3.4202108944461978e-23
3.8586038579256501e-14 3.4011918264748236e-23
4.1091484460062540e-14 3.3822522306887017e-23
4.3759612473908866e-14 3.3633917777159665e-23
4.6600985801031481e-14 3.3446101666789535e-23
4.9626853503850355e-14 3.3259070533743035e-23
5.2849195062266492e-14 3.3072820769154742e-23
5.6280767800698718e-14 3.2887347697595557e-23
5.9935157394624717e-14 3.2702646079863590e-23
6.3826831656583068e-14 3.2518709256850435e-23
6.7971197814576160e-14 3.2335530137775046e-23
7.2384663509640625e-14 3.2153099549323405e-23
7.7084701754075892e-14 3.1971409856836334e-23
8.2089920107502237e-14 3.1790454868185856e-23
8.7420134344617682e-14 3.1610231135081929e-23
9.3096446906306250e-14 3.1430741457930997e-23
9.9141330444687286e-14 3.1251986941489995e-23
1.0557871679286262e-13 3.1073965288418196e-23
1.1243409171159475e-13 3.0896717375767143e-23
1.1973459578802052e-13 3.0720665557072703e-23
1.2750913188586039e-13 3.0547931432452920e-23
1.3578847957252149e-13 3.0386321247916802e-23
1.4460541697611348e-13 3.0259378550686351e-23
1.5399485055481242e-13 3.0228500302318409e-23
1.6399395329233244e-13 3.0436850900609811e-23
1.7464231186662406e-13 3.1190339558250687e-23
1.8598208337444356e-13 3.3100220800166152e-23
1.9805816223226979e-13 3.7327242472364820e-23
2.1091835791433236e-13 4.5993975795370762e-23
2.2461358423142122e-13 6.2877407613176067e-23
2.3919806089983539e-13 9.4566117328321895e-23
2.5472952819848785e-13 1.5239034002965691e-22
2.7126947556400113e-13 2.5562628483809581e-22
2.8888338502879955e-13 4.3681908949587878e-22
3.0764099046598503e-13 7.5058028160067754e-22
3.2761655366734609e-13 1.2881628056786293e-21
3.4888915834750083e-13 2.2014102404918391e-21
3.7154302323814430e-13 3.7421409173349695e-21
3.9566783551194595e-13 6.3270245593395059e-21
4.2135910585613144e-13 1.0644005700646251e-20
4.4871854660149185e-13 1.7826203197821032e-20
4.7785447440384379e-13 2.9737373567456800e-20
5.0888223907216270e-13 4.9435599242932789e-20
5.4192468024113314e-13 8.1931774098602696e-20
5.7711261369609008e-13 1.3542102666280800e-19
6.1458534927572517e-13 2.2328144275626231e-19
6.5449124240294544e-13 3.6730738201895526e-19
6.9698828142740819e-13 6.0296981888371358e-19
7.4224471310503473e-13 9.8782174703990425e-19
7.9043970869079051e-13 1.6150257637037922e-18
8.4176407328180912e-13 2.6350360477515236e-18
8.9642100121916426e-13 4.2902077955692275e-18
9.5462688053894432e-13 6.9700366653128999e-18
1.0166121496574698e-12 1.1297516502209537e-17
1.0826222096822884e-12 1.8267085090141419e-17
1.1529183959608096e-12 2.9458256103706893e-17
1.2277790127129629e-12 4.7371716419501346e-17
1.3075004348440106e-12 7.5944401620598562e-17
1.3923982812996224e-12 1.2133880326611406e-16
1.4828086646085477e-12 1.9316685702122648e-16
1.5790895215598542e-12 3.0629571664862221e-16
1.6816220302829189e-12 4.8358854048160018e-16
1.7908121193404158e-12 7.5991340342897319e-16
1.9070920748088434e-12 1.1880323886565974e-15
2.0309222517090493e-12 1.8470644480840956e-15
2.1627928965623727e-12 2.8544359981196915e-15
2.3032260882878861e-12 4.3825784616705808e-15
2.4527778051248697e-12 6.6815609637899058e-15
2.6120401257634606e-12 1.0109495675027827e-14
2.7816435733978161e-12 1.5171527675816698e-14
2.9622596119819577e-12 2.2569342204257306e-14
3.1546033045710225e-12 3.3260829444312082e-14
3.3594361442723634e-12 4.8528594655148859e-14
3.5775690690142920e-12 7.0055609278263170e-14
3.8098656720680092e-12 9.9998273040234536e-14
4.0572456210332455e-12 1.4105263391069696e-13
4.3206882988234673e-12 1.9649785065431788e-13
4.6012366810653709e-12 2.7020519487420249e-13
4.9000014652634135e-12 3.6659935349967490e-13
5.2181654680767947e-12 4.9055683653309561e-13
5.5569883081178475e-12 6.4725687128005158e-13
5.9178113928111274e-12 8.4199773615938484e-13
6.3020632290562818e-12 1.0800062253224520e-12
6.7112650787197661e-12 1.3662968648232114e-12
7.1470369813455703e-12 1.7056430218498405e-12
7.6111041679291407e-12 2.1027134633049098e-12
8.1053038911465228e-12 2.5623993370367757e-12
8.6315926990800575e-12 3.0903453808509120e-12
9.1920541812372732e-12 3.6936361536032886e-12
9.7889072175297232e-12 4.3815548274211427e-12
1.0424514762869638e-11 5.1663415676934867e-12
1.1101393202162814e-11 6.0638542067936496e-12
1.1822222312734417e-11 7.0940853957308985e-12
1.2589855873629087e-11 8.2815320986092220e-12
1.3407332963787885e-11 9.6554283197058943e-12
1.4277889993831800e-11 1.1249920483973583e-11
1.5204973519085895e-11 1.3104244006584654e-11
1.6192253884571208e-11 1.5262982499106432e-11
1.7243639755985178e-11 1.7776509911238228e-11
1.8363293594199134e-11 2.0701638923794629e-11
1.9555648134536729e-11 2.4102580494177078e-11
2.0825423936075142e-11 2.8052181673216233e-11
2.2177648070447122e-11 3.2633452971112440e-11
2.3617674024133362e-11 3.7941366644588590e-11
2.5151202893038695e-11 4.4084788415047433e-11
2.6784305953262064e-11 5.1188611857930056e-11
2.8523448697418369e-11 5.9395933331017423e-11
3.0375516431672583e-11 6.8870361720489861e-11
3.2347841534825397e-11 7.9798492210795031e-11
3.4448232487369668e-11 9.2392477207761137e-11
3.6685004785444545e-11 1.0689298308331120e-10
3.9067013862076036e-11 1.2357224945855488e-10
4.1603690146040328e-11 1.4273750508448662e-10
4.4305076397148354e-11 1.6473457895992943e-10
4.7181867465763189e-11 1.8995149431053482e-10
5.0245452633958782e-11 2.1882234996130069e-10
5.3507960705949949e-11 2.5183074497881834e-10
5.6982308026307530e-11 2.8951322059528279e-10
6.0682249616063845e-11 3.3246209480209273e-10
6.4622433629157769e-11 3.8132741399023444e-10
6.8818459344813260e-11 4.3681823110500362e-10
7.3286938925445110e-11 4.9970168872573149e-10
7.8045563184592316e-11 5.7080067447762721e-10
8.3113171625256260e-11 6.5098824918318551e-10
8.8509827025926732e-11 7.4117861277762042e-10
9.4256894869583994e-11 8.4231425098785194e-10
1.0037712793013772e-10 9.5534672766061218e-10
1.0689475635118282e-10 1.0812126079954859e-09
1.1383558357369572e-10 1.2208010632461247e-09
1.2122708849245133e-10 1.3749142799154024e-09
1.2909853424560005e-10 1.5442202134981764e-09
1.3748108406810556e-10 1.7291962171764449e-09
1.4640792466770932e-10 1.9300687679862220e-09
1.5591439761187080e-10 2.1467476413825539e-09
1.6603813924584665e-10 2.3787636837920218e-09
1.7681922969584804e-10 2.6252161673933507e-09
1.8830035154718309e-10 2.8847396319712201e-09
2.0052695882559498e-10 3.1555098725301247e-09
2.1354745695079620e-10 3.4353013783205502e-09
2.2741339437463959e-10 3.7216250274323434e-09
2.4217966666262625e-10 4.0119661035703983e-09
2.5790473382671317e-10 4.3041446920221249e-09
2.7465085176984638e-10 4.5968189958792012e-09
2.9248431875851297e-10 4.8901223288439257e-09
3.1147573789910925e-10 5.1864198422115990e-09
3.3170029665725747e-10 5.4911146865503612e-09
3.5323806452671778e-10 5.8133969303678125e-09
3.7617431002635664e-10 6.1667793699039349e-09
4.0059983828017596e-10 6.5691862484381364e-09
4.2661135051688956e-10 7.0423788258317391e-09
4.5431182691231431e-10 7.6104534454765080e-09
4.8381093429025694e-10 8.2972741198312179e-09
5.1522546029599451e-10 9.1228544805114792e-09
5.4867977576125085e-10 1.0098911198628238e-08
5.8430632709118268e-10 1.1224217392773757e-08
6.2224616062274691e-10 1.2480540820605327e-08
6.6264948103039670e-10 1.3830275165961957e-08
7.0567624598984486e-10 1.5216732922028438e-08
7.5149679945418545e-10 1.6567708057858719e-08
8.0029254604952542e-10 1.7802317491282654e-08
8.5225666926007657e-10 1.8840156977301167e-08
9.0759489624601664e-10 1.9611203827442569e-08
9.6652631232205343e-10 2.0064443267992449e-08
1.0292842283212293e-09 2.0173499566951820e-08
1.0961171042778816e-09 1.9938316788341370e-08
1.1672895330866383e-09 1.9382904817231461e-08
1.2430832880317791e-09 1.8550221579967037e-08
1.3237984383341573e-09 1.7495510448966302e-08
1.4097545371321516e-09 1.6279518699367390e-08
1.5012918865998987e-09 1.4962553468941586e-08
1.5987728852114364e-09 1.3599905111422571e-08
1.7025834624846058e-09 1.2238851626670116e-08
1.8131346068848953e-09 1.0917146090986681e-08
1.9308639929382430e-09 9.6627838947092742e-09
2.0562377139945559e-09 8.4946863140107160e-09
2.1897521275020167e-09 7.4239491772128173e-09
2.3319358200976484e-09 6.4553292981761731e-09
2.4833517002939794e-09 5.5887386429422236e-09
2.6445992270468054e-09 4.8206059731313166e-09
2.8163167830269957e-09 4.1450352594674979e-09
2.9991842019921864e-09 3.5547405693502851e-09
3.1939254602642780e-09 3.0417642951371832e-09
3.4013115429683620e-09 2.5980016137037358e-09
3.6221634963805837e-09 2.2155619753653036e-09
3.8573556784692483e-09 1.8870019739088185e-09
4.1078192204981540e-09 1.6054602418858789e-09
4.3745457133966973e-09 1.3647219435659979e-09
4.6585911334911973e-09 1.1592338799751588e-09
4.9610800231394789e-09 9.8408679205107129e-10
5.2832099428199631e-09 8.3497731319131652e-10
5.6262562123011683e-09 7.0815822602512278e-10
5.9915769596620386e-09 6.0038399195743497e-10
6.3806184981522772e-09 5.0885545495047035e-10
6.7949210521797999e-09 4.3116664943091301e-10
7.2361248550946256e-09 3.6525525873775394e-10
7.7059766429104762e-09 3.0935741553873965e-10
8.2063365696728677e-09 2.6196726554012965e-10
8.7391855718518074e-09 2.2180107279574811e-10
9.3066332109148772e-09 1.8776573594206474e-10
9.9109260251296690e-09 1.5893141426026609e-10
1.0554456423660489e-08 1.3450774770675724e-10
1.1239772158171336e-08 1.1382339032074896e-10
1.1969586409433391e-08 9.6308390385113841e-11
1.2746788528870154e-08 8.1479090931821807e-11
1.3574455477566261e-08 6.8925229901866795e-11
1.4455864008027245e-08 5.8298895275567231e-11
1.5394503636918170e-08 4.9305133897211187e-11
1.6394090460140421e-08 4.1693948249155342e-11
1.7458581864940888e-08 3.5253480627496376e-11
1.8592192197299448e-08 2.9804232365859901e-11
1.9799409446621334e-08 2.5194139009471981e-11
2.1085013013790769e-08 2.1294396206119272e-11
2.2454092632929061e-08 1.7995910275048139e-11
2.3912068521769147e-08 1.5206293139278879e-11
2.5464712840422412e-08 1.2847313775076281e-11
2.7118172543493453e-08 1.0852726887266196e-11
2.8878993716014871e-08 9.1664446463874084e-12
3.0754147489548657e-08 7.7409856413470147e-12
3.2751057641056519e-08 6.5361575379244330e-12
3.4877629983803795e-08 5.5179403264558031e-12
3.7142283666656206e-08 4.6575411552453767e-12
3.9553984505684042e-08 3.9305965271537908e-12
4.2122280480034398e-08 3.3164911960088209e-12
4.4857339532600468e-08 2.7977842975723564e-12
4.7769989825141523e-08 2.3597218217032194e-12
5.0871762607224649e-08 1.9898236109116854e-12
5.4174937868707260e-08 1.6775349573383854e-12
5.7692592956499675e-08 1.4139289827976638e-12
6.1438654348082592e-08 1.1914565629110668e-12
6.5427952786752120e-08 1.0037345944731007e-12
6.9676281996873865e-08 8.4536621044325640e-13
7.4200461211601424e-08 7.1178917920653165e-13
7.9018401760607567e-08 5.9914687604350323e-13
8.4149177981450857e-08 5.0417983213378632e-13
8.9613102735317185e-08 4.2413345442654744e-13
9.5431807826104846e-08 3.5668007604912583e-13
1.0162832964123427e-07 2.9985309495148882e-13
1.0822720035323610e-07 2.5199124395481564e-13
1.1525454504318720e-07 2.1169141602367406e-13
1.2273818513050793e-07 1.7776869665685483e-13
1.3070774851860232e-07 1.4922261102237039e-13
1.3919478689240973e-07 1.2520855354723234e-13
1.4823290063225203e-07 1.0501366417635771e-13
1.5785787183851271e-07 8.8036334432890148e-14
1.6810780599379625e-07 7.3769027528232410e-14
1.7902328282341110e-07 6.1783613309480851e-14
1.9064751695143629e-07 5.1719052538754757e-14
2.0302652898841332e-07 4.3270902104249448e-14
2.1620932772800266e-07 3.6182561679589568e-14
2.3024810417392635e-07 3.0237754947377941e-14
2.4519843816535311e-07 2.5254294895555478e-14
2.6111951841876165e-07 2.1078730899643174e-14
2.7807437685743138e-07 1.7581844772755400e-14
2.9613013815627844e-07 1.4654866465291862e-14
3.1535828548998872e-07 1.2206253347089294e-14
3.3583494353655233e-07 1.0159006033079046e-14
3.5764117985661666e-07 8.4483526936190237e-15
3.8086332584182489e-07 7.0198486119739155e-15
4.0559331850278382e-07 5.8277435300953974e-15
4.3192906444980491e-07 4.8335960906908499e-15
4.5997482750742901e-07 4.0051326839015861e-15
4.8984164149730821e-07 3.3152624596089109e-15
5.2164774982366204e-07 2.7412546721786446e-15
5.5551907360163719e-07 2.2640480295482751e-15
5.9158971018190120e-07 1.8676649754029359e-15
6.3000246404514182e-07 1.5387202905083130e-15
6.7090941216829301e-07 1.2660049231071637e-15
7.1447250610078877e-07 1.0401381279830950e-15
7.6086421313447514e-07 8.5327433525350032e-16
8.1026819910559043e-07 6.9885447239202554e-16
8.6288005553203854e-07 5.7139985382188564e-16
9.1890807396470844e-07 4.6633629214253003e-16
9.7857407061853374e-07 3.7984763027344373e-16
1.0421142645479736e-06 3.0875319104034528e-16
1.1097802128437015e-06 2.5040296001337237e-16
1.1818398065529163e-06 2.0259141109285015e-16
1.2585783312661642e-06 1.6348416453602735e-16
1.3402995965695618e-06 1.3155715683591969e-16
1.4273271388339408e-06 1.0554510966517903e-16
1.5200055021027903e-06 8.4398845659702261e-17
1.6187016021500561e-06 6.7249076906301694e-17
1.7238061791081384e-06 5.3376421033817009e-17
1.8357353444170720e-06 4.2186239800887083e-17
1.9549322282192970e-06 3.3187614992987311e-17
2.0818687337220963e-06 2.5975736168430629e-17
2.2170474054732564e-06 2.0217295375693091e-17
2.3610034189465037e-06 1.5638259514859063e-17
2.5143066993135263e-06 1.2013639872958423e-17
2.6775641777908492e-06 9.1590796172083301e-18
2.8514221944944950e-06 6.9237419975962614e-18
3.0365690573153844e-06 5.1844834004251070e-18
3.2337377669461231e-06 3.8409643732552046e-18
3.4437089188476209e-06 2.8116285538413615e-18
3.6673137936444896e-06 2.0303524328289955e-18
3.9054376481841798e-06 1.4436837089205209e-18
4.1590232202892197e-06 1.0085621952524961e-18
4.4290744610779568e-06 6.9043083110676210e-19
4.7166605096301543e-06 4.6168847670173999e-19
5.0229199257332180e-06 3.0041293469553573e-19
5.3490651974666135e-06 1.8931377899263484e-19
5.6963875414700836e-06 1.1487241721529295e-19
6.0662620149000558e-06 6.6635750881503176e-20
6.4601529593125820e-06 3.6635348521520290e-20
6.8796197980252723e-06 1.8909099624549969e-20
7.3263232099101169e-06 9.1038772047390503e-21
7.8020317040593684e-06 4.1231120888106640e-21
8.3086286213537564e-06 1.8612150919254851e-21
8.8481195906524010e-06 9.8672887578438686e-22
9.4226404691236325e-06 7.1059523322638220e-22
1.0034465798152705e-05 6.1934350033342499e-22
1.0686017808303503e-05 5.4140240010458602e-22
1.1379876008985112e-05 4.3688460271578398e-22
1.2118787400788956e-05 3.2233039214068145e-22
1.2905677350927389e-05 2.2383092952562734e-22
1.3743661174829840e-05 1.5493751702918173e-22
1.4636056469748321e-05 1.1349310901316173e-22
1.5586396249201321e-05 8.8745109461315969e-23
1.6598442930255684e-05 7.0362716108041274e-23
1.7676203229022391e-05 5.3745353882863858e-23
1.8823944023337897e-05 3.9431470627019433e-23
2.0046209245431716e-05 2.9450503934112308e-23
2.1347837871458725e-05 2.4157610307815018e-23
2.2733983079117204e-05 2.1801076623151086e-23
2.4210132649197945e-05 2.0202113162705284e-23
2.5782130691834787e-05 1.8315114816750188e-23
2.7456200783471158e-05 1.6302041984594707e-23
2.9238970606142517e-05 1.4589519333647573e-23
3.1137498186622133e-05 1.3276013327983654e-23
3.3159299839311541e-05 1.2262118579936835e-23
3.5312379923502357e-05 1.1495829042277101e-23
3.7605262532818960e-05 1.0953500786144688e-23
4.0047025242301445e-05 1.0576189049972562e-23
4.2647335046734165e-05 1.0307320350806171e-23
4.5416486632500660e-05 1.0115131937414362e-23
4.8365443134484072e-05 9.9743529169248011e-24
5.1505879539370571e-05 9.8621047935842078e-24
5.4850228907190185e-05 9.7615470202843464e-24
5.8411731594088601e-05 9.6634230652836019e-24
6.2204487671200706e-05 9.5660862438316088e-24
6.6243512747157676e-05 9.4719745289182964e-24
7.0544797415227038e-05 9.3835107563204260e-24
7.5125370560439575e-05 9.3008738621703468e-24
8.0003366777337261e-05 9.2224272960706153e-24
8.5198098165250485e-05 9.1464160644899305e-24
9.0730130785344055e-05 9.0719325700338726e-24
9.6621366082126725e-05 8.9986699319955497e-24
1.0289512759177433e-04 8.9264921332135752e-24
1.0957625328054646e-04 8.8553207204485981e-24
1.1669119387886675e-04 8.7850539837410511e-24
1.2426811760037358e-04 8.7155697087965561e-24
1.3233702166052640e-04 8.6467598157713712e-24
1.4092985103627246e-04 8.5785504405698279e-24
1.5008062493694586e-04 8.5109015678866632e-24
1.5982557148710072e-04 8.4437725119479997e-24
1.7020327115449020e-04 8.3771364797344812e-24
1.8125480949102678e-04 8.3109598003462335e-24
1.9302393979142796e-04 8.2452299560824160e-24
2.0555725631351765e-04 8.1799348276721218e-24
2.1890437874596557e-04 8.1150637108674747e-24
2.3311814865377699e-04 8.0506167595031324e-24
2.4825483867926519e-04 7.9865829919506703e-24
2.6437437532673828e-04 7.9229647507249553e-24
2.8154057621290887e-04 7.8597527061351364e-24
2.9982140272230855e-04 7.7969441437133632e-24
3.1928922906797363e-04 7.7345319898688814e-24
3.4002112882262073e-04 7.6725026043797072e-24
3.6209918005469593e-04 7.6108368682262618e-24
3.8561079027733737e-04 7.5495024020331570e-24
4.1064904249673201e-04 7.4884645390150895e-24
4.3731306372988052e-04 7.4276909720704986e-24
4.6570841745073951e-04 7.3671726052432625e-24
4.9594752151844556e-04 7.3069265526504370e-24
5.2815009324220748e-04 7.2469879957283491e-24
5.6244362334489039e-04 7.1874015906688636e-24
5.9896388070172204e-04 7.1281987279214745e-24
6.3785544985239611e-04 7.0693995030218921e-24
6.7927230341459355e-04 7.0110116776299251e-24
7.2337841166511844e-04 6.9530310397964709e-24
7.7034839170200950e-04 6.8954571721820909e-24
8.2036819875763571e-04 6.8382856170112199e-24
8.7363586239975295e-04 6.7815189714191488e-24
9.3036227053511927e-04 6.7251501460203011e-24
9.9077200431957357e-04 6.6691696578397884e-24
1.0551042272800020e-03 6.6135714992150420e-24
1.1236136321682469e-03 6.5583424047322069e-24
1.1965714492955758e-03 6.5034795502330285e-24
1.2742665203397275e-03 6.4489748655580326e-24
1.3570064418757656e-03 6.3948219158275506e-24
1.4451187831579996e-03 6.3410128085026096e-24
1.5389523829742058e-03 6.2875445862217993e-24
1.6388787307064188e-03 6.2344113310897392e-24
1.7452934370659479e-03 6.1816099074259843e-24
1.8586178003252912e-03 6.1291406617454932e-24
1.9793004742476969e-03 6.0770021842196928e-24
2.1078192443177417e-03 6.0251966719983563e-24
2.2446829193050626e-03 5.9737210619969498e-24
2.3904333456499925e-03 5.9225775883582820e-24
2.5456475526460915e-03 5.8717598461602908e-24
2.7109400369124056e-03 5.8212706722866736e-24
2.8869651951997284e-03 5.7711072663461500e-24
3.0744199151624052e-03 5.7212688496125904e-24
3.2740463343526004e-03 5.6717564880552466e-24
3.4866347783599539e-03 5.6225678215756044e-24
3.7130268897287845e-03 5.5737026640709692e-24
3.9541189600403020e-03 5.5251581432768642e-24
4.2108654783516138e-03 5.4769326449236531e-24
4.4842829100398733e-03 5.4290235443784189e-24
4.7754537210121153e-03 5.3814283599180008e-24
5.0855306632127013e-03 5.3341497505764928e-24
5.4157413383948069e-03 5.2871824536737361e-24
5.7673930582240298e-03 5.2405258541214304e-24
6.1418780199553671e-03 5.1941801923340363e-24
6.5406788181742040e-03 5.1481403557444600e-24
6.9653743144224142e-03 5.1024098119937900e-24
7.4176458879475467e-03 5.0569830611575632e-24
7.8992840923219898e-03 5.0118637536374825e-24
8.4121957442857744e-03 4.9670487152402236e-24
8.9584114728779654e-03 4.9225363792417050e-24
9.5400937587437600e-03 4.8783254088601060e-24
1.0159545495445168e-02 4.8344133058284156e-24
1.0819219106669633e-02 4.7907997664806637e-24
1.1521726255431878e-02 4.7474832694841710e-24
1.2269848183707908e-02 4.7044606965415016e-24
1.3066546723436026e-02 4.6617335831450806e-24
1.3914976022477670e-02 4.6192992103649457e-24
1.4818495031961419e-02 4.5771565879600581e-24
1.5780680804447837e-02 4.5353036687615673e-24
1.6805342655562914e-02 4.4937400596505828e-24
1.7896537245166350e-02 4.4524636424503723e-24
1.9058584637761319e-02 4.4114722469240340e-24
2.0296085405729310e-02 4.3707674177551539e-24
2.1613938843102098e-02 4.3303439643479885e-24
2.3017362361979619e-02 4.2902027848453620e-24
2.4511912148384590e-02 4.2503407474056530e-24
2.6103505159330912e-02 4.2107585310511367e-24
2.7798442548192692e-02 4.1714549792684560e-24
2.9603434611115538e-02 4.1324271454321024e-24
3.1525627353233499e-02 4.0936753040969091e-24
3.3572630779867899e-02 4.0551967419600803e-24
3.5752549024713622e-02 4.0169897735385989e-24
3.8074012434290996e-02 3.9790550701965221e-24
4.0546211735686358e-02 3.9413890222368149e-24
4.3178934422852200e-02 3.9039931395318008e-24
4.5982603505521059e-02 3.8668658046364671e-24
4.8968318774141026e-02 3.8300064832943473e-24
5.2147900744201676e-02 3.7934149079745541e-24
5.5533937453927061e-02 3.7570870473828742e-24
5.9139834300608825e-02 3.7210220693227897e-24
6.2979867112882740e-02 3.6852172405557278e-24
6.7069238669062961e-02 3.6496728834881327e-24
7.1424138885291352e-02 3.6143872970510246e-24
7.6061808911788278e-02 3.5793595437641364e-24
8.1000609390963263e-02 3.5445886561096373e-24
8.6260093147620981e-02 3.5100722005981196e-24
9.1861082599044921e-02 3.4758091991817932e-24
9.7825752191426682e-02 3.4417961354821919e-24
1.0417771618900908e-01 3.4080335701508062e-24
1.1094212216350190e-01 3.3745210145317942e-24
1.1814575055389737e-01 3.3412563736617878e-24
1.2581712069084458e-01 3.3082402933304841e-24
1.3398660370533613e-01 3.2754694117655934e-24
1.4268654276871523e-01 3.2429434570315866e-24
1.5195138114003531e-01 3.2106606308054158e-24
1.6181779852771591e-01 3.1786201290900969e-24
1.7232485630535266e-01 3.1468214714481772e-24
1.8351415215659467e-01 3.1152623139959458e-24
1.9542998476133189e-01 3.0839428266453438e-24
2.0811952917518867e-01 3.0528605568576676e-24
2.2163302359665504e-01 3.0220148457830178e-24
2.3602396826127128e-01 2.9914035312663717e-24
2.5134933725029207e-01 2.9610259994299668e-24
2.6766980405238611e-01 2.9308809097471059e-24
2.8504998177137419e-01 2.9009671244628929e-24
3.0355867893099564e-01 2.8712838621988893e-24
3.2326917188943710e-01 2.8418293834762474e-24
3.4425949494212243e-01 2.8126032874051320e-24
3.6661274926128418e-01 2.7836039836646377e-24
3.9041743189541850e-01 2.7548305209035358e-24
4.1576778613113691e-01 2.7262821096672159e-24
4.4276417460450834e-01 2.6979575792970296e-24
4.7151347663904564e-01 2.6698554756887025e-24
5.0212951138340822e-01 2.6419746181012340e-24
5.3473348842403223e-01 2.6143125523123615e-24
5.6945448765667372e-01 2.5868686879754092e-24
6.0642997031668755e-01 2.5596421150767198e-24
6.4580632319122389e-01 2.5326314887148013e-24
6.8773943816788774e-01 2.5058362649284385e-24
7.3239532941431162e-01 2.4792545874845524e-24
7.7995079063206774e-01 2.4528858450379922e-24
8.3059409498700210e-01 2.4267288429893303e-24
8.8452574048703381e-01 2.4007819955611464e-24
9.4195924375838347e-01 2.3750455529084883e-24
1.0031219853628131e+00 2.3495171728509233e-24
1.0682561100025048e+00 2.3241966977122993e-24
1.1376194851765111e+00 2.2990818816560724e-24
1.2114867220841128e+00 2.2741718634656487e-24
1.2901502628169161e+00 2.2494652388116879e-24
1.3739215381437690e+00 2.2249607472067358e-24
1.4631322004723855e+00 2.2006582305504311e-24
1.5581354368688503e+00 2.1765551802455534e-24
1.6593073673333485e+00 2.1526516928525959e-24
1.7670485338679038e+00 2.1289457213429493e-24
1.8817854862313876e+00 2.1054374169513759e-24
2.0039724706598334e+00 2.0821255736386428e-24
2.1340932282377452e+00 2.0590082241563853e-24
2.2726629100401872e+00 2.0360850083543240e-24
2.4202301166277516e+00 2.0133536046045569e-24
2.5773790699688064e+00 1.9908146299538105e-24
2.7447319263877219e+00 1.9684655709001667e-24
2.9229512396960815e+00 1.9463062546651689e-24
3.1127425842584744e+00 1.9243365312514302e-24
3.3148573483776529e+00 1.9025543404329448e-24
3.5300957090581200e+00 1.8809593917462994e-24
3.7593097999253136e+00 1.8595481560181228e-24
4.0034070848422498e+00 1.8383209156743386e-24
4.2633539505798481e+00 1.8172761670705928e-24
4.5401795327644043e+00 1.7964139313799126e-24
4.8349797902492364e+00 1.7757323924090096e-24
5.1489218440410101e+00 1.7552308251914964e-24
5.4832485979586805e+00 1.7349082677173562e-24
5.8392836593183217e+00 1.7147638209951560e-24
6.2184365791249707e+00 1.6947947547752337e-24
6.6222084325175059e+00 1.6749998306906212e-24
7.0521977615596834e+00 1.6553781616087827e-24
7.5101069039049646e+00 1.6359292890768790e-24
7.9977487323904910e+00 1.6166526423791129e-24
8.5170538322423752e+00 1.5975466020037237e-24
9.0700781443070682e+00 1.5786111377803731e-24
9.6590111045684921e+00 1.5598449694263580e-24
1.0286184312175523e+01 1.5412482911836792e-24
1.0954080760296696e+01 1.5228190860349498e-24
1.1665344666347320e+01 1.5045570627544024e-24
1.2422791940507118e+01 1.4864612518103668e-24
1.3229421333973447e+01 1.4685293193113291e-24
1.4088426311086339e+01 1.4507611133548189e-24
1.5003207692327337e+01 1.4331540444334958e-24
1.5977387118246027e+01 1.4157083709503886e-24
1.7014821387618603e+01 1.3984227677799823e-24
1.8119617726602648e+01 1.3812960987777766e-24
1.9296150049340284e+01 1.3643284687721316e-24
2.0549076274384930e+01 1.3475182778752324e-24
2.1883356765508072e+01 1.3308647984524356e-24
2.3304273969893654e+01 1.3143663369150566e-24
2.4817453331468077e+01 1.2980232219278369e-24
2.6428885562162254e+01 1.2818335482127911e-24
2.8144950359278038e+01 1.2657981867754121e-24
2.9972441662856745e+01 1.2499169545795642e-24
3.1918594553044183e+01 1.2341875393479337e-24
3.3991113893939513e+01 1.2186089019382876e-24
3.6198204837329662e+01 1.2031774697942999e-24
3.8548605307074084e+01 1.1878938200623351e-24
4.1051620592746559e+01 1.1727546647001144e-24
4.3717160189490805e+01 1.1577595090221768e-24
4.6555777029939946e+01 1.1429092055077681e-24
4.9578709263519727e+01 1.1282022869249137e-24
5.2797924748540872e+01 1.1136384285173199e-24
5.6226168433225652e+01 1.0992157133145188e-24
5.9877012813251319e+01 1.0849329661933969e-24
6.3764911665572988e+01 1.0707902561641427e-24
6.7905257271259401e+01 1.0567859299761406e-24
7.2314441353888014e+01 1.0429200900551941e-24
7.7009919974756073e+01 1.0291914810700729e-24
8.2010282641829136e+01 1.0155988101738489e-24
8.7335325906031187e+01 1.0021421750009826e-24
9.3006131736245408e+01 9.8881951176222449e-25
9.9045150983314485e+01 9.7563156362834121e-25
1.0547629226347593e+02 9.6257602684647535e-25
1.1232501661312416e+02 9.4965301247637624e-25
1.1961843828963990e+02 9.3686088255688062e-25
1.2738543211735936e+02 9.2419909230625657e-25
1.3565674780366854e+02 9.1166805920187510e-25
1.4446513167780282e+02 8.9926633594034312e-25
1.5384545633431819e+02 8.8699280696572562e-25
1.6383485869449615e+02 8.7484532853137448e-25
1.7447288703227002e+02 8.6282244292046161e-25
1.8580165754675181e+02 8.5092480955021021e-25
1.9786602110123451e+02 8.3915148368051196e-25
2.1071374078879205e+02 8.2750265180027902e-25
2.2439568102746486e+02 8.1597637544286374e-25
2.3896600893366170e+02 8.0457175079897283e-25
2.5448240877102069e+02 7.9328721989587568e-25
2.7100631032373713e+02 7.8212077501921886e-25
2.8860313209849352e+02 7.7107413990689383e-25
3.0734254031783360e+02 7.6014405558460770e-25
3.2729872473034135e+02 7.4933185600733046e-25
3.4855069232956373e+02 7.3863087975071582e-25
3.7118258014451720e+02 7.2804632690487188e-25
3.9528398834012262e+02 7.1757815126371998e-25
4.2095033494632111e+02 7.0722203323632877e-25
4.4828323362025145e+02 6.9698159078243420e-25
4.7739089593705802e+02 6.8684754315461058e-25
5.0838855980200861e+02 6.7682398199415478e-25
5.4139894568001398e+02 6.6690860436756118e-25
5.7655274244877432e+02 6.5710419917395822e-25
6.1398912479905448e+02 6.4741269667664792e-25
6.5385630423048963e+02 6.3782822534624997e-25
6.9631211582432400e+02 6.2834690138985554e-25
7.4152464311613221e+02 6.1896371113039475e-25
7.8967288354240509e+02 6.0968244863388133e-25
8.4094745709552342e+02 6.0050865428738172e-25
8.9555136099269532e+02 5.9144411450316655e-25
9.5370077334661391e+02 5.8248771589051365e-25
1.0156259090195813e+03 5.7364388563963835e-25
1.0815719310494496e+03 5.6490000902579649e-25
1.1517999212557324e+03 5.5626109911262051e-25
1.2265879138685389e+03 5.4771920140440910e-25
1.3062319962724919e+03 5.3927399582366552e-25
1.3910474812235004e+03 5.3092375743701386e-25
1.4813701551792210e+03 5.2266758894897057e-25
1.5775576076853731e+03 5.1450907671460869e-25
1.6799906470809842e+03 5.0643458925423111e-25
1.7890748081273714e+03 4.9846229726692421e-25
1.9052419575295985e+03 4.9057877864778632e-25
2.0289520037067034e+03 4.8279851414115822e-25
2.1606947175797191e+03 4.7510981524374728e-25
2.3009916715860245e+03 4.6751210943520329e-25
2.4503983045966347e+03 4.6001384708103754e-25
2.6095061209114765e+03 4.5259952062133132e-25
2.7789450320385326e+03 4.4528050628960227e-25
2.9593858505280041e+03 4.3804597264336501e-25
3.1515429457346390e+03 4.3090267385167438e-25
3.3561770720224567e+03 4.2385415504297714e-25
3.5740983806087916e+03 4.1689264352914145e-25
3.8061696269716094e+03 4.1002375430938359e-25
4.0533095865183150e+03 4.0324148106046574e-25
4.3164966920387396e+03 3.9653673629343959e-25
4.5967729073430828e+03 3.8991357498110811e-25
4.8952478524206253e+03 3.8336730944827441e-25
5.2131031964508193e+03 3.7690287870868575e-25
5.5515973360587677e+03 3.7052537828012733e-25
5.9120703773364403e+03 3.6423121550548560e-25
6.2959494413535485e+03 3.5802549380503259e-25
6.7047543141627102e+03 3.5190194882726244e-25
7.1401034636674258e+03 3.4586131839102557e-25
7.6037204471737759e+03 3.3990353384881124e-25
8.0974407349934663e+03 3.3401901289713934e-25
8.6232189771130634e+03 3.2821020159343337e-25
9.1831367416982848e+03 3.2247362550664347e-25
9.7794107560702978e+03 3.1681367503159000e-25
1.0414401682780212e+04 3.1122420443402028e-25
1.1090623465526483e+04 3.0570094366343302e-25
1.1810753281915881e+04 3.0025092313575677e-25
1.2577642142471277e+04 2.9486436187877190e-25
1.3394326177847948e+04 2.8955121129832900e-25
1.4264038658944741e+04 2.8430330713400220e-25
1.5190222797497994e+04 2.7913005104601720e-25
1.6176545377836082e+04 2.7403454294489401e-25
1.7226911273763002e+04 2.6901269330264399e-25
1.8345478908043646e+04 2.6407424311754814e-25
1.9536676715695292e+04 2.5920539611656524e-25
2.0805220676263769e+04 2.5440520358021564e-25
2.2156132984495078e+04 2.4967416200140480e-25
2.3594761933320009e+04 2.4500773022986851e-25
2.5126803087868997e+04 2.4040818899844919e-25
2.6758321834345588e+04 2.3588127918482507e-25
2.8495777393030083e+04 2.3144270212661517e-25
3.0346048390481330e+04 2.2709312877621252e-25
3.2316460092177633e+04 2.2280884805995674e-25
3.4414813403411470e+04 2.1858361791221757e-25
3.6649415753253088e+04 2.1440032160667979e-25
3.9029113983853502e+04 2.1027500190837584e-25
4.1563329375296249e+04 2.0619252103714345e-25
4.4262094944662116e+04 2.0216973193032623e-25
4.7136095166974817e+04 1.9820627857244692e-25
5.0196708275283541e+04 1.9429882775371104e-25
5.3456051307349604e+04 1.9046615716038151e-25
5.6927028077277879e+04 1.8666588340132490e-25
6.0623380262013969e+04 1.8293064515109442e-25
6.4559741804959580e+04 1.7921848408026128e-25
6.8751696852091409e+04 1.7557828888614319e-25
7.3215841449953819e+04 1.7199726626887524e-25
7.7969849249789215e+04 1.6846835539740051e-25
8.3032541477930252e+04 1.6500052180294558e-25
8.8423961449468203e+04 1.6159380107317493e-25
9.4165453920198823e+04 1.5826400048515155e-25
1.0027974959100202e+05 1.5498224908664574e-25
1.0679105509920999e+05 1.5177800708139846e-25
1.1372514885324163e+05 1.4862377656316727e-25
1.2110948308991513e+05 1.4553599790255217e-25
1.2897329255848545e+05 1.4248528873029422e-25
1.3734771026168973e+05 1.3949040820082755e-25
1.4626589071202202e+05 1.3653827963203120e-25
1.5576314119121138e+05 1.3362160580559809e-25
1.6587706153256324e+05 1.3075526107049656e-25
1.7664769297956521e+05 1.2791868454006163e-25
1.8811767671009179e+05 1.2512417197581485e-25
2.0033242265380931e+05 1.2236721425138852e-25
2.1334028927113320e+05 1.1964655840976100e-25
2.2719277500548580e+05 1.1697057779028172e-25
2.4194472216681985e+05 1.1433753634359694e-25
2.5765453405358602e+05 1.1176807580603806e-25
2.7438440617273614e+05 1.0925678922240395e-25
2.9220057247316756e+05 1.0678897956983923e-25
3.1117356756745098e+05 1.0436387455913026e-25
3.3137850597998634e+05 1.0196984284626649e-25
3.5289537952713383e+05 9.9601301254572314e-26
3.7580937400665681e+05 9.7263641225553062e-26
4.0021120645025605e+05 9.4963104731394041e-26
4.2619748427438742e+05 9.2709279765728790e-26
4.5387108775124728e+05 9.0497105887189244e-26
4.8334157731413917e+05 8.8335376494887544e-26
5.1472562730975135e+05 8.6228538432564956e-26
5.4814748791458178e+05 8.4165463433113080e-26
5.8373947704424779e+05 8.2137990476358446e-26
6.2164250420315971e+05 8.0149482557615179e-26
6.6200662834849383e+05 7.8197016961416443e-26
7.0499165197705803e+05 7.6275403212588310e-26
7.5076775378705631e+05 7.4396304483125336e-26
7.9951616241947282e+05 7.2553921384861083e-26
8.5142987394643412e+05 7.0749758831211973e-26
9.0671441594710213e+05 6.8991985422152417e-26
9.6558866119609179e+05 6.7257734888416385e-26
1.0282856941858252e+06 6.5556790977138130e-26
1.0950537339134032e+06 6.3864082235116562e-26
1.1661571165853303e+06 6.2209575456104918e-26
1.2418773421306410e+06 6.0564020988486261e-26
1.3225141886656014e+06 5.8950776258771908e-26
1.4083868993221724e+06 5.7378241303177557e-26
1.4998354461389191e+06 5.5828091391850412e-26
1.5972218760181393e+06 5.4312221202339238e-26
1.7009317440778848e+06 5.2803389372285940e-26
1.8113756400735513e+06 5.1344042331421193e-26
1.9289908139321718e+06 4.9896036560823863e-26
2.0542429068349458e+06 4.8515478918225631e-26
2.1876277947013956e+06 4.7135208746137439e-26
2.3296735513735497e+06 4.5742015497279234e-26
2.4809425392724397e+06 4.4332815019422936e-26
2.6420336358038727e+06 4.2924205370008878e-26
2.8135846043278710e+06 4.1572095272356761e-26
2.9962746190784965e+06 4.0243695533516453e-26
3.1908269540302786e+06 3.8965450889558176e-26
3.3980118463565358e+06 3.7726487125485654e-26
3.6186495458160737e+06 3.6466494755020935e-26
3.8536135621408666e+06 3.5284161609396268e-26
4.1038341232812009e+06 3.4082164578388042e-26
4.3703018581995405e+06 3.2939320198053873e-26
4.6540717187934034e+06 3.1820242941847227e-26
4.9562671564742085e+06 3.0664662389572442e-26
5.2780845699372794e+06 2.9589033202260607e-26
5.6207980417318251e+06 2.8447052913385138e-26
5.9857643823830876e+06 2.7406551817466968e-26
6.3744285020364448e+06 2.6375775255927601e-26
6.7883291308899494e+06 2.5394527261300562e-26
7.2291049110626029e+06 2.4461166916012745e-26
7.6985008840162363e+06 2.3510239459903339e-26
8.1983753992148312e+06 2.2619203022701727e-26
8.7307074713728372e+06 2.1731061385952896e-26
9.2976046154199876e+06 2.0887126842689585e-26
9.9013111902014222e+06 2.0078682347556292e-26
1.0544217283946041e+07 1.9297662773860521e-26
1.1228868176680816e+07 1.8549931376767239e-26
1.1957974417052837e+07 1.7825399606555218e-26
1.2734422553454570e+07 1.7111968205071949e-26
1.3561286561934268e+07 1.6412231250671210e-26
1.4441840016138669e+07 1.5726985414201957e-26
1.5379569047466241e+07 1.5071442175580546e-26
1.6378186146741655e+07 1.4430801057983395e-26
1.7441644862052437e+07 1.3804527510141825e-26
1.8574155450936869e+07 1.3195586298652707e-26
1.9780201548890509e+07 1.2609911062099286e-26
2.1064557920182351e+07 1.2038210081037712e-26
2.2432309361256510e+07 1.1487124675046853e-26
2.3888870831558395e+07 1.0969554049807939e-26
2.5440008891483821e+07 1.0485656208649970e-26
2.7091864532324404e+07 1.0023721476458754e-26
2.8850977488593452e+07 9.5749949327705456e-27
3.0724312128985479e+07 9.1452098836385776e-27
3.2719285028472200e+07 8.7111964351374934e-27
3.4843794330693603e+07 8.3012837354169586e-27
3.7106251016890474e+07 7.9081336188772524e-27
3.9515612205172755e+07 7.5084278575503562e-27
4.2081416611956373e+07 7.1248245268994048e-27
4.4813822315961160e+07 6.7415733788707463e-27
4.7723646974278338e+07 6.3978368416901563e-27
5.0822410649724066e+07 6.1029111246277595e-27
5.4122381419033289e+07 5.8432431714994273e-27
5.7636623942458011e+07 5.6197646318477666e-27
6.1379051187058069e+07 5.3769456611640013e-27
6.5364479508457966e+07 5.1542296904812663e-27
6.9608687309139967e+07 4.8933425632175329e-27
7.4128477505502775e+07 4.6305279268232643e-27
7.8941744050994411e+07 4.3784028542772027e-27
8.4067542778685942e+07 4.1243281073909068e-27
8.9526166843753219e+07 3.9106822458546425e-27
9.5339227064545602e+07 3.7169397633017086e-27
1.0152973748031320e+08 3.5620711201282386e-27
1.0812220646431823e+08 3.3352864419618017e-27
1.1514273375304894e+08 2.8199299013693944e-27
1.2261911377567738e+08 2.3050221568153725e-27
1.3058094569284430e+08 1.5893750525851534e-27
1.3905975058041880e+08 1.0574250925549810e-27
