# #Parameters: delta_c =0.4, gamma = 0.2, gstar = 107.5#Columns: mPBH [Msun, fPBH]
1.2016357800680091e+21 0.0000000000000000e+00
1.0532248544556479e+21 0.0000000000000000e+00
9.2314377820901632e+20 0.0000000000000000e+00
8.0912867906679341e+20 0.0000000000000000e+00
7.0919528977223215e+20 0.0000000000000000e+00
6.2160441478258557e+20 0.0000000000000000e+00
5.4483166209591679e+20 0.0000000000000000e+00
4.7754091342163680e+20 0.0000000000000000e+00
4.1856107098163695e+20 0.0000000000000000e+00
3.6686567625381826e+20 0.0000000000000000e+00
3.2155504595188731e+20 0.0000000000000000e+00
2.8184061434404687e+20 0.0000000000000000e+00
2.4703120941138877e+20 0.0000000000000000e+00
2.1652102400245373e+20 0.0000000000000000e+00
1.8977907263935290e+20 0.0000000000000000e+00
1.6633995048649205e+20 0.0000000000000000e+00
1.4579573365515110e+20 0.0000000000000000e+00
1.2778887988048249e+20 0.0000000000000000e+00
1.1200600601752550e+20 0.0000000000000000e+00
9.8172434062582678e+19 0.0000000000000000e+00
8.6047410781383426e+19 0.0000000000000000e+00
7.5419917748603077e+19 0.0000000000000000e+00
6.6104998878556750e+19 0.0000000000000000e+00
5.7940541533074358e+19 0.0000000000000000e+00
5.0784455186412429e+19 0.0000000000000000e+00
4.4512198545961542e+19 0.0000000000000000e+00
3.9014612091875123e+19 0.0000000000000000e+00
3.4196018314121011e+19 0.0000000000000000e+00
2.9972556584337306e+19 0.0000000000000000e+00
2.6270723683357438e+19 0.0000000000000000e+00
2.3026094584402797e+19 0.0000000000000000e+00
2.0182201229033845e+19 0.0000000000000000e+00
1.7689549782581135e+19 0.0000000000000000e+00
1.5504759265815515e+19 0.0000000000000000e+00
1.3589806571991509e+19 0.0000000000000000e+00
1.1911364729881862e+19 0.0000000000000000e+00
1.0440222896232274e+19 0.0000000000000000e+00
9.1507779834471997e+18 0.0000000000000000e+00
8.0205890750245888e+18 0.0000000000000000e+00
7.0299868739870669e+18 0.0000000000000000e+00
6.1617313873269412e+18 0.0000000000000000e+00
5.4007118889593272e+18 0.0000000000000000e+00
4.7336839394746808e+18 0.0000000000000000e+00
4.1490388859010806e+18 0.0000000000000000e+00
3.6366018299543869e+18 0.0000000000000000e+00
3.1874545487069926e+18 0.0000000000000000e+00
2.7937802858665759e+18 0.0000000000000000e+00
2.4487277124823470e+18 0.0000000000000000e+00
2.1462916895124106e+18 0.0000000000000000e+00
1.8812087570978755e+18 0.0000000000000000e+00
1.6488655316862843e+18 0.0000000000000000e+00
1.4452184167892613e+18 0.0000000000000000e+00
1.2667232300567311e+18 0.0000000000000000e+00
1.1102735219290660e+18 0.0000000000000000e+00
9.7314651239289613e+17 0.0000000000000000e+00
8.5295570494831501e+17 0.0000000000000000e+00
7.4760935310236646e+17 0.0000000000000000e+00
6.5527405655843251e+17 0.0000000000000000e+00
5.7434285354606918e+17 0.0000000000000000e+00
5.0340725398461734e+17 0.0000000000000000e+00
4.4123272675840019e+17 0.0000000000000000e+00
3.8673721449512934e+17 0.0000000000000000e+00
3.3897230192842803e+17 0.0000000000000000e+00
2.9710671010716621e+17 0.0000000000000000e+00
2.6041182919229110e+17 0.0000000000000000e+00
2.2824903806048141e+17 0.0000000000000000e+00
2.0005859003073818e+17 0.0000000000000000e+00
1.7534987128612378e+17 0.0000000000000000e+00
1.5369286245262390e+17 0.0000000000000000e+00
1.3471065473630856e+17 0.0000000000000000e+00
1.1807289037302434e+17 0.0000000000000000e+00
1.0349001323117056e+17 0.0000000000000000e+00
9.0708229507649536e+16 0.0000000000000000e+00
7.9505090815219072e+16 0.0000000000000000e+00
6.9685622791294352e+16 0.0000000000000000e+00
6.1078931852260776e+16 0.0000000000000000e+00
5.3535231038778576e+16 0.0000000000000000e+00
4.6923233191238472e+16 0.0000000000000000e+00
4.1127866087370920e+16 0.0000000000000000e+00
3.6048269777295504e+16 0.0000000000000000e+00
3.1596041262537280e+16 0.0000000000000000e+00
2.7693695970194040e+16 0.0000000000000000e+00
2.4273319246449016e+16 0.0000000000000000e+00
2.1275384400629088e+16 0.0000000000000000e+00
1.8647716729583668e+16 0.0000000000000000e+00
1.6344585492730824e+16 0.0000000000000000e+00
1.4325908034916388e+16 0.0000000000000000e+00
1.2556552205998600e+16 0.0000000000000000e+00
1.1005724936785008e+16 0.0000000000000000e+00
9.6464363303731160e+15 0.0000000000000000e+00
8.4550299421825290e+15 0.0000000000000000e+00
7.4107710738850840e+15 0.0000000000000000e+00
6.4954859160859660e+15 0.0000000000000000e+00
5.6932452595587310e+15 0.0000000000000000e+00
4.9900872704869590e+15 0.0000000000000000e+00
4.3737745050186110e+15 0.0000000000000000e+00
3.8335809343238110e+15 0.0000000000000000e+00
3.3601052736367635e+15 0.0000000000000000e+00
2.9451073665444955e+15 0.0000000000000000e+00
2.5813647770287930e+15 0.0000000000000000e+00
2.2625470934539025e+15 0.0000000000000000e+00
1.9831057569433895e+15 0.0000000000000000e+00
1.7381774967691522e+15 0.0000000000000000e+00
1.5234996921855615e+15 0.0000000000000000e+00
1.3353361877045200e+15 0.0000000000000000e+00
1.1704122707338582e+15 0.0000000000000000e+00
1.0258576799594002e+15 0.0000000000000000e+00
8.9915665261423638e+14 0.0000000000000000e+00
7.8810414128052725e+14 0.0000000000000000e+00
6.9076743824081062e+14 0.0000000000000000e+00
6.0545253950635562e+14 0.0000000000000000e+00
5.3067466313735531e+14 0.0000000000000000e+00
4.6513240876907525e+14 0.0000000000000000e+00
4.0768510862808019e+14 0.0000000000000000e+00
3.5733297586581688e+14 0.0000000000000000e+00
3.1319970472015906e+14 0.0000000000000000e+00
2.7451721968596100e+14 0.0000000000000000e+00
2.4061230827609972e+14 0.0000000000000000e+00
2.1089490473560119e+14 0.0000000000000000e+00
1.8484782080392072e+14 0.0000000000000000e+00
1.6201774480419878e+14 0.0000000000000000e+00
1.4200735241170697e+14 0.0000000000000000e+00
1.2446839180087253e+14 0.0000000000000000e+00
1.0909562282789445e+14 0.0000000000000000e+00
9.5621504769235672e+13 0.0000000000000000e+00
8.3811540163782516e+13 0.0000000000000000e+00
7.3460193725013375e+13 0.0000000000000000e+00
6.4387315297761719e+13 0.0000000000000000e+00
5.6435004606334953e+13 0.0000000000000000e+00
4.9464863229477805e+13 0.0000000000000000e+00
4.3355585976797906e+13 0.0000000000000000e+00
3.8000849748055852e+13 0.0000000000000000e+00
3.3307463133980391e+13 0.0000000000000000e+00
2.9193744555099637e+13 0.0000000000000000e+00
2.5588100712447082e+13 0.0000000000000000e+00
2.2427780610143152e+13 0.0000000000000000e+00
1.9657783465422656e+13 0.0000000000000000e+00
1.7229901499869311e+13 0.0000000000000000e+00
1.5101880953027135e+13 0.0000000000000000e+00
1.3236686717050244e+13 0.0000000000000000e+00
1.1601857794423521e+13 0.0000000000000000e+00
1.0168942361432725e+13 0.0000000000000000e+00
8.9130026054830781e+12 0.0000000000000000e+00
7.8121807186795205e+12 0.0000000000000000e+00
6.8473184944166221e+12 0.0000000000000000e+00
6.0016239066094082e+12 0.0000000000000000e+00
5.2603788688603135e+12 0.0000000000000000e+00
4.6106830875353916e+12 0.0000000000000000e+00
4.0412295508841460e+12 0.0000000000000000e+00
3.5421077469172256e+12 0.0000000000000000e+00
3.1046311853346890e+12 0.0000000000000000e+00
2.7211862217747275e+12 0.0000000000000000e+00
2.3850995533881260e+12 0.0000000000000000e+00
2.0905220796914475e+12 0.0000000000000000e+00
1.8323271074657324e+12 0.0000000000000000e+00
1.6060211281046494e+12 0.0000000000000000e+00
1.4076656146215784e+12 0.0000000000000000e+00
1.2338084773059238e+12 0.0000000000000000e+00
1.0814239851139663e+12 0.0000000000000000e+00
9.4786010721321973e+11 0.0000000000000000e+00
8.3079235823641724e+11 0.0000000000000000e+00
7.2818334398871838e+11 0.0000000000000000e+00
6.3824730355993152e+11 0.0000000000000000e+00
5.5941903074871240e+11 0.0000000000000000e+00
4.9032663392120825e+11 0.0000000000000000e+00
4.2976766022909552e+11 0.0000000000000000e+00
3.7668816866364740e+11 0.0000000000000000e+00
3.3016438774274866e+11 0.0000000000000000e+00
2.8938663860950745e+11 0.0000000000000000e+00
2.5364524374736697e+11 0.0000000000000000e+00
2.2231817607334161e+11 0.0000000000000000e+00
1.9486023345979102e+11 0.0000000000000000e+00
1.7079355028298709e+11 0.0000000000000000e+00
1.4969928086577243e+11 0.0000000000000000e+00
1.3121031007668962e+11 0.0000000000000000e+00
1.1500486422414941e+11 0.0000000000000000e+00
1.0080091105252870e+11 0.0000000000000000e+00
8.8351251380253998e+10 0.0000000000000000e+00
7.7439216956968262e+10 0.0000000000000000e+00
6.7874899667223465e+10 0.0000000000000000e+00
5.9491846455468513e+10 0.0000000000000000e+00
5.2144162452296738e+10 0.0000000000000000e+00
4.5703971886076492e+10 0.0000000000000000e+00
4.0059192590814430e+10 0.0000000000000000e+00
3.5111585378793587e+10 0.0000000000000000e+00
3.0775044330149651e+10 0.0000000000000000e+00
2.6974098244356110e+10 0.0000000000000000e+00
2.3642597173559856e+10 0.0000000000000000e+00
2.0722561178784702e+10 0.0000000000000000e+00
1.8163171273277592e+10 0.0000000000000000e+00
1.5919884991830137e+10 0.0000000000000000e+00
1.3953661193845253e+10 0.0000000000000000e+00
1.2230280608970598e+10 0.0000000000000000e+00
1.0719750300382824e+10 0.0000000000000000e+00
9.3957816812700005e+09 0.0000000000000000e+00
8.2353330001479836e+09 0.0000000000000000e+00
7.2182083326311626e+09 0.0000000000000000e+00
6.3267061006919212e+09 0.0000000000000000e+00
5.5453110023968983e+09 0.0000000000000000e+00
4.8604239906040592e+09 0.0000000000000000e+00
4.2601256012924085e+09 0.0000000000000000e+00
3.7339685125970650e+09 0.0000000000000000e+00
3.2727957243412280e+09 0.0000000000000000e+00
2.8685811937434702e+09 0.0000000000000000e+00
2.5142901537965860e+09 0.0000000000000000e+00
2.2037566833619103e+09 0.0000000000000000e+00
1.9315763982644844e+09 0.0000000000000000e+00
1.6930123958334000e+09 0.0000000000000000e+00
1.4839128159884858e+09 0.0000000000000000e+00
1.3006385841439309e+09 0.0000000000000000e+00
1.1400000783988435e+09 0.0000000000000000e+00
9.9920161879924595e+08 0.0000000000000000e+00
8.7579281258762240e+08 0.0000000000000000e+00
7.6762590867483616e+08 0.0000000000000000e+00
6.7281841915083551e+08 0.0000000000000000e+00
5.8972035731584871e+08 0.0000000000000000e+00
5.1688552205757761e+08 0.0000000000000000e+00
4.5304632882062852e+08 0.0000000000000000e+00
3.9709174913780129e+08 0.0000000000000000e+00
3.4804797479276729e+08 0.0000000000000000e+00
3.0506147010198742e+08 0.0000000000000000e+00
2.6738411736541927e+08 0.0000000000000000e+00
2.3436019696418071e+08 0.0000000000000000e+00
2.0541497551265085e+08 0.0000000000000000e+00
1.8004470345837858e+08 0.0000000000000000e+00
1.5780784805253443e+08 0.0000000000000000e+00
1.3831740911350253e+08 0.0000000000000000e+00
1.2123418385062233e+08 0.0000000000000000e+00
1.0626086353212100e+08 0.0000000000000000e+00
9.3136859258314863e+07 0.0000000000000000e+00
8.1633766790169135e+07 0.0000000000000000e+00
7.1551391505149812e+07 0.0000000000000000e+00
6.2714264300489642e+07 0.0000000000000000e+00
5.4968587808227442e+07 0.0000000000000000e+00
4.8179559775322437e+07 0.0000000000000000e+00
4.2229027026166938e+07 0.0000000000000000e+00
3.7013429178116724e+07 0.0000000000000000e+00
3.2441996323395025e+07 0.0000000000000000e+00
2.8435169310641300e+07 0.0000000000000000e+00
2.4923215133396652e+07 0.0000000000000000e+00
2.1845013328375451e+07 0.0000000000000000e+00
1.9146992262545355e+07 0.0000000000000000e+00
1.6782196796637833e+07 0.0000000000000000e+00
1.4709471099125016e+07 0.0000000000000000e+00
1.2892742388728371e+07 0.0000000000000000e+00
1.1300393140036171e+07 0.0000000000000000e+00
9.9047108263808414e+06 0.0000000000000000e+00
8.6814056235491168e+06 0.0000000000000000e+00
7.6091876806593323e+06 0.0000000000000000e+00
6.6693966012185104e+06 0.0000000000000000e+00
5.8456766860152651e+06 0.0000000000000000e+00
5.1236922859227313e+06 0.0000000000000000e+00
4.4908783107399428e+06 0.0000000000000000e+00
3.9362215520408377e+06 0.0000000000000000e+00
3.4500690142721478e+06 0.0000000000000000e+00
3.0239599183814796e+06 0.0000000000000000e+00
2.6504784542424246e+06 0.0000000000000000e+00
2.3231247192467209e+06 0.0000000000000000e+00
2.0362015969368566e+06 0.0000000000000000e+00
1.7847156069660243e+06 0.0000000000000000e+00
1.5642900008229860e+06 0.0000000000000000e+00
1.3710885908789828e+06 0.0000000000000000e+00
1.2017489871120404e+06 0.0000000000000000e+00
1.0533240795906228e+06 0.0000000000000000e+00
9.2323074830434471e+05 0.0000000000000000e+00
8.0920490771071136e+05 0.0000000000000000e+00
7.0926210361360386e+05 0.0000000000000000e+00
6.2166297661930951e+05 0.0000000000000000e+00
5.4488299111173069e+05 0.0000000000000000e+00
4.7758590292353841e+05 0.0000000000000000e+00
4.1860050394658215e+05 0.0000000000000000e+00
3.6690023895530729e+05 0.0000000000000000e+00
3.2158533990355523e+05 0.0000000000000000e+00
2.8186716676813876e+05 0.0000000000000000e+00
2.4705448241429427e+05 0.0000000000000000e+00
2.1654142261699605e+05 0.0000000000000000e+00
1.8979695187379973e+05 0.0000000000000000e+00
1.6635562150296042e+05 0.0000000000000000e+00
1.4580946918492884e+05 0.0000000000000000e+00
1.2780091897052228e+05 0.0000000000000000e+00
1.1201655819070872e+05 0.0000000000000000e+00
9.8181682964163279e+04 0.0000000000000000e+00
8.6055517375063893e+04 0.0000000000000000e+00
7.5427023117876059e+04 0.0000000000000000e+00
6.6111226682058317e+04 0.0000000000000000e+00
5.7946000156681475e+04 0.0000000000000000e+00
5.0789239629543918e+04 0.0000000000000000e+00
4.4516392074902826e+04 0.0000000000000000e+00
3.9018287688908764e+04 0.0000000000000000e+00
3.4199239947676870e+04 0.0000000000000000e+00
2.9975380322269531e+04 0.0000000000000000e+00
2.6273198668724996e+04 0.0000000000000000e+00
2.3028263890732320e+04 0.0000000000000000e+00
2.0184102609952239e+04 0.0000000000000000e+00
1.7691216328862753e+04 0.0000000000000000e+00
1.5506219981278533e+04 0.0000000000000000e+00
1.3591086878267683e+04 0.0000000000000000e+00
1.1912486908843088e+04 0.0000000000000000e+00
1.0441206477773923e+04 0.0000000000000000e+00
9.1516400853779978e+03 0.0000000000000000e+00
8.0213447009768215e+03 0.0000000000000000e+00
7.0306491745333278e+03 0.0000000000000000e+00
6.1623118888466561e+03 0.0000000000000000e+00
5.4012206942385383e+03 0.0000000000000000e+00
4.7341299035305683e+03 0.0000000000000000e+00
4.1494297700904781e+03 0.0000000000000000e+00
3.6369444370490637e+03 0.0000000000000000e+00
3.1877548412860160e+03 0.0000000000000000e+00
2.7940434900862524e+03 0.0000000000000000e+00
2.4489584090299641e+03 0.0000000000000000e+00
2.1464938933264361e+03 0.0000000000000000e+00
1.8813859872420837e+03 0.0000000000000000e+00
1.6490208725940226e+03 0.0000000000000000e+00
1.4453545719434721e+03 0.0000000000000000e+00
1.2668425690401846e+03 0.0000000000000000e+00
1.1103781216635018e+03 0.0000000000000000e+00
9.7323819328480988e+02 0.0000000000000000e+00
8.5303606257052479e+02 0.0000000000000000e+00
7.4767978596260446e+02 0.0000000000000000e+00
6.5533579043836573e+02 0.0000000000000000e+00
5.7439696283424848e+02 0.0000000000000000e+00
5.0345468037463547e+02 0.0000000000000000e+00
4.4127429563771926e+02 0.0000000000000000e+00
3.8677364930973465e+02 0.0000000000000000e+00
3.3900423677336568e+02 0.0000000000000000e+00
2.9713470076204754e+02 0.0000000000000000e+00
2.6043636279382150e+02 0.0000000000000000e+00
2.2827054158037421e+02 0.0000000000000000e+00
2.0007743770653653e+02 0.0000000000000000e+00
1.7536639113425744e+02 0.0000000000000000e+00
1.5370734197706545e+02 0.0000000000000000e+00
1.3472334593215601e+02 0.0000000000000000e+00
1.1808401411211440e+02 0.0000000000000000e+00
1.0349976310603198e+02 0.0000000000000000e+00
9.0716775200697256e+01 0.0000000000000000e+00
7.9512581051833308e+01 0.0000000000000000e+00
6.9692187928167343e+01 0.0000000000000000e+00
6.1084686146067575e+01 0.0000000000000000e+00
5.3540274634648434e+01 0.0000000000000000e+00
4.6927653865634120e+01 0.0000000000000000e+00
4.1131740775711570e+01 0.0000000000000000e+00
3.6051665912906330e+01 0.0000000000000000e+00
3.1599017950227164e+01 0.0000000000000000e+00
2.7696305014890577e+01 0.0000000000000000e+00
2.4275606054786643e+01 0.0000000000000000e+00
2.1277388771186676e+01 0.0000000000000000e+00
1.8649473545520657e+01 0.0000000000000000e+00
1.6346125328877680e+01 0.0000000000000000e+00
1.4327257689885581e+01 0.0000000000000000e+00
1.2557735168575123e+01 0.0000000000000000e+00
1.1006761794714944e+01 0.0000000000000000e+00
9.6473451286633409e+00 0.0000000000000000e+00
8.4558264971476920e+00 0.0000000000000000e+00
7.4114692484078457e+00 0.0000000000000000e+00
6.4960978608801403e+00 0.0000000000000000e+00
5.6937816246349398e+00 0.0000000000000000e+00
4.9905573905006362e+00 0.0000000000000000e+00
4.3741865617259554e+00 0.0000000000000000e+00
3.8339420989735413e+00 0.0000000000000000e+00
3.3604218317752368e+00 0.0000000000000000e+00
2.9453848274064609e+00 0.0000000000000000e+00
2.5816079694177239e+00 0.0000000000000000e+00
2.2627602497801984e+00 0.0000000000000000e+00
1.9832925868834248e+00 0.0000000000000000e+00
1.7383412518267773e+00 0.0000000000000000e+00
1.5236432222797809e+00 0.0000000000000000e+00
1.3354619907682337e+00 0.0000000000000000e+00
1.1705225361867229e+00 0.0000000000000000e+00
1.0259543268115217e+00 0.0000000000000000e+00
8.9924136286375811e-01 0.0000000000000000e+00
7.8817838918634120e-01 0.0000000000000000e+00
6.9083251597991269e-01 0.0000000000000000e+00
6.0550957966231278e-01 0.0000000000000000e+00
5.3072465841125605e-01 0.0000000000000000e+00
4.6517622925607671e-01 0.0000000000000000e+00
4.0772351696012882e-01 0.0000000000000000e+00
3.5736664048416616e-01 0.0000000000000000e+00
3.1322921150861438e-01 0.0000000000000000e+00
2.7454308216733103e-01 0.0000000000000000e+00
2.4063497654932348e-01 0.0000000000000000e+00
2.1091477330905897e-01 0.0000000000000000e+00
1.8486523546128611e-01 0.0000000000000000e+00
1.6203300862229919e-01 0.0000000000000000e+00
1.4202073103513310e-01 0.0000000000000000e+00
1.2448011806513984e-01 0.0000000000000000e+00
1.0910590081160788e-01 0.0000000000000000e+00
9.5630513345777574e-02 0.0000000000000000e+00
8.3819436114348583e-02 0.0000000000000000e+00
7.3467114467157799e-02 0.0000000000000000e+00
6.4393381276953182e-02 0.0000000000000000e+00
5.6440321392134223e-02 0.0000000000000000e+00
4.9469523352821551e-02 0.0000000000000000e+00
4.3359670540367150e-02 0.0000000000000000e+00
3.8004429837748516e-02 0.0000000000000000e+00
3.3310601056059569e-02 0.0000000000000000e+00
2.9196494920543228e-02 0.0000000000000000e+00
2.5590511387372044e-02 0.0000000000000000e+00
2.2429893548846551e-02 0.0000000000000000e+00
1.9659635440534610e-02 0.0000000000000000e+00
1.7231524742327652e-02 0.0000000000000000e+00
1.5103303713010148e-02 0.0000000000000000e+00
1.3237933755629507e-02 0.0000000000000000e+00
1.1602950814494915e-02 0.0000000000000000e+00
1.0169900385423652e-02 0.0000000000000000e+00
8.9138423064100136e-03 0.0000000000000000e+00
7.8129167103179742e-03 0.0000000000000000e+00
6.8479635856324023e-03 0.0000000000000000e+00
6.0021893242784684e-03 0.0000000000000000e+00
5.2608744532562698e-03 0.0000000000000000e+00
4.6111174635850563e-03 0.0000000000000000e+00
4.0416102782720236e-03 0.0000000000000000e+00
3.5424414516506551e-03 0.0000000000000000e+00
3.1049236750600394e-03 0.0000000000000000e+00
2.7214425868510137e-03 0.0000000000000000e+00
2.3853242554772499e-03 0.0000000000000000e+00
2.0907190294070272e-03 0.0000000000000000e+00
1.8324997324316128e-03 0.0000000000000000e+00
1.6061724326077039e-03 0.0000000000000000e+00
1.4077982318970118e-03 0.0000000000000000e+00
1.2339247153648541e-03 2.7231981523350468e-278
1.0815258669110337e-03 1.8205961663556726e-224
9.4794940585318408e-04 1.1553787699750462e-181
8.3087062783244266e-04 1.5782988151010307e-147
7.2825194670948703e-04 3.1926033926220653e-120
6.3830743333618764e-04 2.6073227164951728e-98
5.5947173405190419e-04 1.1421873097514048e-80
4.9037282797581019e-04 2.0387828403179695e-66
4.2980814897555227e-04 7.2882852627977826e-55
3.7672365674980859e-04 1.8264126419061343e-45
3.3019549278722268e-04 8.6150325959929781e-38
2.8941390195043071e-04 1.6692161939506019e-31
2.5366913986360576e-04 2.4644830553079162e-26
2.2233912084210103e-04 4.5277384911286278e-22
1.9487859139436244e-04 1.5290384438694844e-18
1.7080964087656681e-04 1.2955796925344528e-15
1.4971338415177641e-04 3.5322399589704034e-13
1.3122267150233614e-04 3.7823557857501218e-11
1.1501569892210413e-04 1.8671113888629314e-09
1.0081040758497572e-04 4.8339960162671018e-08
8.8359575020553876e-05 7.2845658154223114e-07
7.7446512565994873e-05 6.9511126950760596e-06
6.7881294214459283e-05 4.4969101701967495e-05
5.9497451228722257e-05 2.0847483274874133e-04
5.2149074994510119e-05 7.2448517705433048e-04
4.5708277692913921e-05 1.9576687951655108e-03
4.0062966598591434e-05 4.2374331190748529e-03
3.5114893268636668e-05 7.5267942350029935e-03
3.0777943671078474e-05 1.1188188578268523e-02
2.6976639495189371e-05 1.4138888500047336e-02
2.3644824561079042e-05 1.5384768091749722e-02
2.0724513467435572e-05 1.4560795314768699e-02
1.8164882439809088e-05 1.2082826172125997e-02
1.5921384816611538e-05 8.8458145707565137e-03
1.3954975779149194e-05 5.7403666013172506e-03
1.2231432833245621e-05 3.3133801097546775e-03
1.0720760216419223e-05 1.7051482770712040e-03
9.3966668651902349e-06 7.8350055067446459e-04
8.2361088572929362e-06 3.2164718517446007e-04
7.2188883656678114e-06 1.1796473183515026e-04
6.3273021446080499e-06 3.8623322525298081e-05
5.5458334304714067e-06 1.1274952616106565e-05
4.8608818949389607e-06 2.9292655499011015e-06
4.2605269510478863e-06 6.7573353726486767e-07
3.7343202926828829e-06 1.3802277671907094e-07
3.2731040569789392e-06 2.4881035055295628e-08
2.8688514450150112e-06 3.9437854795841865e-09
2.5145270270329438e-06 5.4735788749380929e-10
2.2039643009978328e-06 6.6210748152035967e-11
1.9317583735834502e-06 6.9449100593548115e-12
1.6931718958516416e-06 6.2814385050704333e-13
1.4840526165722336e-06 4.8692771062610866e-14
1.3007611183193385e-06 3.2138030708068179e-15
1.1401074786953490e-06 1.7932040145716952e-16
9.9929575436306348e-07 8.3938808454850392e-18
8.7587532171154579e-07 3.2691613007424069e-19
7.6769822731038326e-07 1.0500458065844647e-20
6.7288180589885443e-07 2.7552750321433125e-22
5.8977591533064665e-07 5.8466779340957155e-24
5.1693421824574259e-07 9.9253665956964437e-26
4.5308901066861075e-07 1.3325134228832147e-27
3.9712915946119263e-07 1.3975018967983276e-29
3.4808076466392395e-07 1.1300939592358734e-31
3.0509021018101206e-07 6.9490223275110242e-34
2.6740930783165804e-07 3.2016009168588272e-36
2.3438227622111912e-07 1.0880136363535831e-38
2.0543432781770306e-07 2.6822267872142571e-41
1.8006166561031425e-07 4.7128080384213084e-44
1.5782271525297713e-07 5.7923014035717470e-47
1.3833044010449232e-07 4.8818388387606643e-50
1.2124560541763698e-07 2.7626963273190237e-53
1.0627087445094939e-07 1.0266230688852361e-56
9.3145633754465373e-08 2.4465349623291947e-60
8.1641457571006998e-08 3.6465293817177523e-64
7.1558132417548822e-08 3.3103741253798119e-68
6.2720172660241824e-08 1.7796832655437950e-72
5.4973766441756453e-08 5.4998780934342790e-77
4.8184098809225699e-08 9.4671181568030470e-82
4.2233005455738378e-08 8.7787463418066816e-87
3.7016916242147284e-08 4.2328006661218288e-92
3.2445052709171242e-08 1.0221509412469060e-97
2.8437848210119242e-08 1.1880316374029593e-103
2.4925563168932606e-08 6.3717888957035347e-110
2.1847071364118685e-08 1.5080126092659473e-116
1.9148796115619864e-08 1.5020147965500202e-123
1.6783777860486906e-08 5.9873732559759384e-131
1.4710856889869609e-08 9.0559102255185524e-139
1.2893957024044292e-08 4.9112569446349144e-147
1.1301457758887357e-08 8.9939592067526604e-156
9.9056439569127692e-09 5.2185186118911946e-165
8.6822235055438287e-09 8.9666158939906241e-175
7.6099045481652921e-09 4.2465925472954784e-185
6.6700249302739394e-09 5.1370330525172780e-196
5.8462274117750934e-09 1.4639718529639218e-207
5.1241749929690645e-09 9.0202407336155915e-220
4.4913013998881474e-09 1.0969100020343655e-232
3.9365923865432305e-09 2.3896162771748406e-246
3.4503940479648207e-09 8.4139225066318853e-261
3.0242448080038536e-09 4.2922886331094696e-276
2.6507281578847847e-09 2.8243454665614193e-292
2.3233435826384032e-09 2.1212884028718472e-309
2.0363934290773801e-09 0.0000000000000000e+00
1.7848837464153089e-09 0.0000000000000000e+00
1.5644373738040048e-09 0.0000000000000000e+00
1.3712177622044708e-09 0.0000000000000000e+00
1.2018622048213904e-09 0.0000000000000000e+00
1.0534233140736831e-09 0.0000000000000000e+00
9.2331772659318953e-10 0.0000000000000000e+00
8.0928114353618619e-10 0.0000000000000000e+00
7.0932892374955959e-10 0.0000000000000000e+00
6.2172154397319243e-10 0.0000000000000000e+00
5.4493432496329121e-10 0.0000000000000000e+00
4.7763089666393593e-10 0.0000000000000000e+00
4.1863994062653943e-10 0.0000000000000000e+00
3.6693480491297263e-10 0.0000000000000000e+00
3.2161563670924132e-10 0.0000000000000000e+00
2.8189372169375759e-10 0.0000000000000000e+00
2.4707775760976550e-10 0.0000000000000000e+00
2.1656182315330694e-10 0.0000000000000000e+00
1.8981483279266470e-10 0.0000000000000000e+00
1.6637129399580645e-10 0.0000000000000000e+00
1.4582320600874120e-10 0.0000000000000000e+00
1.2781295919477416e-10 0.0000000000000000e+00
1.1202711135802174e-10 0.0000000000000000e+00
9.8190932737089264e-11 0.0000000000000000e+00
8.6063624732473004e-11 0.0000000000000000e+00
7.5434129156552336e-11 0.0000000000000000e+00
6.6117455072285593e-11 0.0000000000000000e+00
5.7951459294550020e-11 0.0000000000000000e+00
5.0794024523421431e-11 0.0000000000000000e+00
4.4520585998919464e-11 0.0000000000000000e+00
3.9021963632223448e-11 0.0000000000000000e+00
3.4202461884745308e-11 0.0000000000000000e+00
2.9978204326228117e-11 0.0000000000000000e+00
2.6275673887262600e-11 0.0000000000000000e+00
2.3030433401433877e-11 0.0000000000000000e+00
2.0186004170001462e-11 0.0000000000000000e+00
1.7692883032150852e-11 0.0000000000000000e+00
1.5507680834356723e-11 0.0000000000000000e+00
1.3592367305162686e-11 0.0000000000000000e+00
1.1913609193525761e-11 0.0000000000000000e+00
1.0442190151979596e-11 0.0000000000000000e+00
9.1525022685280724e-12 0.0000000000000000e+00
8.0221003981172474e-12 0.0000000000000000e+00
7.0313115374754709e-12 0.0000000000000000e+00
6.1628924450558700e-12 0.0000000000000000e+00
5.4017295474527567e-12 0.0000000000000000e+00
4.7345759096010259e-12 0.0000000000000000e+00
4.1498206911053784e-12 0.0000000000000000e+00
3.6372870764210661e-12 0.0000000000000000e+00
3.1880551621558623e-12 0.0000000000000000e+00
2.7943067191026091e-12 0.0000000000000000e+00
2.4491891273117132e-12 0.0000000000000000e+00
2.1466961161902570e-12 0.0000000000000000e+00
1.8815632340832899e-12 0.0000000000000000e+00
1.6491762281365486e-12 0.0000000000000000e+00
1.4454907399249809e-12 0.0000000000000000e+00
1.2669619192666611e-12 0.0000000000000000e+00
1.1104827312523601e-12 0.0000000000000000e+00
9.7332988281406423e-13 0.0000000000000000e+00
8.5311642776328060e-13 0.0000000000000000e+00
7.4775022545837736e-13 0.0000000000000000e+00
6.5539753013430370e-13 0.0000000000000000e+00
5.7445107722011071e-13 0.0000000000000000e+00
5.0350211123273227e-13 0.0000000000000000e+00
4.4131586843327396e-13 0.0000000000000000e+00
3.8681008755689522e-13 0.0000000000000000e+00
3.3903617462691145e-13 0.0000000000000000e+00
2.9716269405395036e-13 0.0000000000000000e+00
2.6046089870668433e-13 0.0000000000000000e+00
2.2829204712613136e-13 0.0000000000000000e+00
2.0009628715798907e-13 0.0000000000000000e+00
1.7538291253874102e-13 0.0000000000000000e+00
1.5372182286563266e-13 0.0000000000000000e+00
1.3473603832365096e-13 0.0000000000000000e+00
1.1809513889918201e-13 0.0000000000000000e+00
1.0350951389943752e-13 0.0000000000000000e+00
9.0725321698841575e-14 0.0000000000000000e+00
7.9520071994108356e-14 0.0000000000000000e+00
6.9698753683547608e-14 0.0000000000000000e+00
6.1090440981991136e-14 0.0000000000000000e+00
5.3545318705679379e-14 0.0000000000000000e+00
4.6932074956505429e-14 0.0000000000000000e+00
4.1135615829089905e-14 0.0000000000000000e+00
3.6055062368469721e-14 0.0000000000000000e+00
3.1601994918353521e-14 0.0000000000000000e+00
2.7698914305386965e-14 0.0000000000000000e+00
2.4277893078566323e-14 0.0000000000000000e+00
2.1279393330577849e-14 0.0000000000000000e+00
1.8651230526968804e-14 0.0000000000000000e+00
1.6347665310093733e-14 0.0000000000000000e+00
1.4328607472006790e-14 0.0000000000000000e+00
1.2558918242599602e-14 0.0000000000000000e+00
1.1007798750328118e-14 0.0000000000000000e+00
9.6482540125721557e-15 0.0000000000000000e+00
8.4566231271570036e-15 0.0000000000000000e+00
7.4121674887060989e-15 0.0000000000000000e+00
6.4967098633261088e-15 0.0000000000000000e+00
5.6943180402425891e-15 0.0000000000000000e+00
4.9910275548046376e-15 0.0000000000000000e+00
4.3745986572534900e-15 0.0000000000000000e+00
3.8343032976489186e-15 0.0000000000000000e+00
3.3607384197369273e-15 0.0000000000000000e+00
2.9456623144082421e-15 0.0000000000000000e+00
2.5818511847179946e-15 0.0000000000000000e+00
2.2629734261881416e-15 0.0000000000000000e+00
1.9834794344248641e-15 0.0000000000000000e+00
1.7385050223118958e-15 0.0000000000000000e+00
1.5237867658960981e-15 0.0000000000000000e+00
1.3355878056839391e-15 0.0000000000000000e+00
1.1706328120277815e-15 0.0000000000000000e+00
1.0260509827688306e-15 0.0000000000000000e+00
8.9932608109390541e-16 0.0000000000000000e+00
7.8825264408710980e-16 0.0000000000000000e+00
6.9089759985004916e-16 0.0000000000000000e+00
6.0556662519207236e-16 0.0000000000000000e+00
5.3077465839525260e-16 0.0000000000000000e+00
4.6522005387143940e-16 0.0000000000000000e+00
4.0776192891066039e-16 0.0000000000000000e+00
3.5740030827408687e-16 0.0000000000000000e+00
3.1325872107692719e-16 0.0000000000000000e+00
2.7456894708522851e-16 0.0000000000000000e+00
2.4065764695814045e-16 0.0000000000000000e+00
2.1093464375435102e-16 0.0000000000000000e+00
1.8488265175930223e-16 0.0000000000000000e+00
1.6204827387841709e-16 0.0000000000000000e+00
1.4203411091897004e-16 0.0000000000000000e+00
1.2449184543414944e-16 0.0000000000000000e+00
1.0911617976361916e-16 0.0000000000000000e+00
9.5639522771024910e-17 0.0000000000000000e+00
8.3827332808798120e-17 0.0000000000000000e+00
7.3474035861311495e-17 0.0000000000000000e+00
6.4399447827625591e-17 0.0000000000000000e+00
5.6445638678832032e-17 0.0000000000000000e+00
4.9474183915199748e-17 0.0000000000000000e+00
4.3363755488745873e-17 0.0000000000000000e+00
3.8008010264724286e-17 0.0000000000000000e+00
3.3313739273765250e-17 0.0000000000000000e+00
2.9199245545101140e-17 0.0000000000000000e+00
2.5592922289408640e-17 0.0000000000000000e+00
2.2432006686611518e-17 0.0000000000000000e+00
1.9661487590122757e-17 0.0000000000000000e+00
1.7233148137712991e-17 0.0000000000000000e+00
1.5104726607032456e-17 0.0000000000000000e+00
1.3239180911693383e-17 0.0000000000000000e+00
1.1604043937540628e-17 0.0000000000000000e+00
1.0170858499670766e-17 0.0000000000000000e+00
8.9146820864459406e-18 0.0000000000000000e+00
7.8136527712947099e-18 0.0000000000000000e+00
6.8486087376227345e-18 0.0000000000000000e+00
6.0027547952160398e-18 0.0000000000000000e+00
5.2613700843416642e-18 0.0000000000000000e+00
4.6115518805576456e-18 0.0000000000000000e+00
4.0419910415285095e-18 0.0000000000000000e+00
3.5427751878226971e-18 0.0000000000000000e+00
3.1052161923410872e-18 0.0000000000000000e+00
2.7216989760796535e-18 0.0000000000000000e+00
2.3855489787357621e-18 0.0000000000000000e+00
2.0909159976773998e-18 0.0000000000000000e+00
1.8326723736606248e-18 0.0000000000000000e+00
1.6063237513652941e-18 0.0000000000000000e+00
1.4079308616664103e-18 0.0000000000000000e+00
1.2340409643746623e-18 0.0000000000000000e+00
1.0816277583064781e-18 0.0000000000000000e+00
9.4803871290605043e-19 0.0000000000000000e+00
8.3094890480231082e-19 0.0000000000000000e+00
7.2832055589337147e-19 0.0000000000000000e+00
6.3836756877732199e-19 0.0000000000000000e+00
5.5952444232031752e-19 0.0000000000000000e+00
4.9041902638238964e-19 0.0000000000000000e+00
4.2984864153649063e-19 0.0000000000000000e+00
3.7675914817932585e-19 0.0000000000000000e+00
3.3022660076212734e-19 0.0000000000000000e+00
2.8944116785985821e-19 0.0000000000000000e+00
2.5369303823111416e-19 0.0000000000000000e+00
2.2236006758408519e-19 0.0000000000000000e+00
1.9489695105844996e-19 0.0000000000000000e+00
1.7082573298605393e-19 0.0000000000000000e+00
1.4972748876646381e-19 0.0000000000000000e+00
1.3123503409256334e-19 0.0000000000000000e+00
1.1502653464080419e-19 0.0000000000000000e+00
1.0081990501209970e-19 0.0000000000000000e+00
8.8367899445031121e-20 0.0000000000000000e+00
7.7453808862346866e-20 0.0000000000000000e+00
6.7887689364128979e-20 0.0000000000000000e+00
5.9503056530006570e-20 0.0000000000000000e+00
5.2153987999538137e-20 0.0000000000000000e+00
4.5712583905404775e-20 0.0000000000000000e+00
4.0066740961921124e-20 0.0000000000000000e+00
3.5118201470118792e-20 0.0000000000000000e+00
3.0780843285156470e-20 0.0000000000000000e+00
2.6979180985436194e-20 0.0000000000000000e+00
2.3647052158442319e-20 0.0000000000000000e+00
2.0726465940013073e-20 0.0000000000000000e+00
1.8166593767551136e-20 0.0000000000000000e+00
1.5922884782692726e-20 0.0000000000000000e+00
1.3956290488301296e-20 0.0000000000000000e+00
1.2232585166072342e-20 0.0000000000000000e+00
1.0721770227600690e-20 0.0000000000000000e+00
9.3975521325043791e-21 0.0000000000000000e+00
8.2368847875319963e-21 0.0000000000000000e+00
7.2195684627709952e-21 0.0000000000000000e+00
6.3278982446779683e-21 0.0000000000000000e+00
5.5463559077642720e-21 0.0000000000000000e+00
4.8613398424134463e-21 0.0000000000000000e+00
4.2609283386148692e-21 0.0000000000000000e+00
3.7346721059101780e-21 0.0000000000000000e+00
3.2734124186649504e-21 0.0000000000000000e+00
2.8691217217471592e-21 0.0000000000000000e+00
2.5147639225853236e-21 0.0000000000000000e+00
2.2041719381935391e-21 0.0000000000000000e+00
1.9319403660464681e-21 0.0000000000000000e+00
1.6933314108965103e-21 0.0000000000000000e+00
1.4841924303267026e-21 0.0000000000000000e+00
1.3008836640388028e-21 0.0000000000000000e+00
1.1402148891101248e-21 0.0000000000000000e+00
9.9938989879546643e-22 0.0000000000000000e+00
8.7595783860872870e-22 0.0000000000000000e+00
7.6777055275913169e-22 0.0000000000000000e+00
6.7294519861859102e-22 0.0000000000000000e+00
5.8983147857961580e-22 0.0000000000000000e+00
5.1698291902161762e-22 0.0000000000000000e+00
4.5313169653768510e-22 0.0000000000000000e+00
3.9716657330903320e-22 0.0000000000000000e+00
3.4811355762424265e-22 0.0000000000000000e+00
3.0511895296766318e-22 0.0000000000000000e+00
2.6743450067111030e-22 0.0000000000000000e+00
2.3440435755816442e-22 0.0000000000000000e+00
2.0545368194595182e-22 0.0000000000000000e+00
1.8007862936026754e-22 0.0000000000000000e+00
1.5783758385407230e-22 0.0000000000000000e+00
1.3834347232314307e-22 0.0000000000000000e+00
1.2125702806068688e-22 0.0000000000000000e+00
1.0628088631291561e-22 0.0000000000000000e+00
9.3154409077268746e-23 0.0000000000000000e+00
8.1649149076399669e-23 0.0000000000000000e+00
7.1564873965013265e-23 0.0000000000000000e+00
6.2726081576625710e-23 0.0000000000000000e+00
5.4978945563168802e-23 0.0000000000000000e+00
4.8188638270754910e-23 0.0000000000000000e+00
4.2236984260121292e-23 0.0000000000000000e+00
3.7020403634697193e-23 0.0000000000000000e+00
3.2448109382891942e-23 0.0000000000000000e+00
2.8440527361978759e-23 0.0000000000000000e+00
2.4927911425679027e-23 0.0000000000000000e+00
2.1849129593751156e-23 0.0000000000000000e+00
1.9150600138636387e-23 0.0000000000000000e+00
1.6785359073289364e-23 0.0000000000000000e+00
1.4712242811170690e-23 0.0000000000000000e+00
1.2895171773791744e-23 0.0000000000000000e+00
1.1302522478037201e-23 0.0000000000000000e+00
9.9065771753556913e-24 0.0000000000000000e+00
8.6830414645918388e-24 0.0000000000000000e+00
7.6106214832079939e-24 0.0000000000000000e+00
6.6706533185247933e-24 0.0000000000000000e+00
5.8467781894192229e-24 0.0000000000000000e+00
5.1246577454916649e-24 0.0000000000000000e+00
4.4917245288959452e-24 0.0000000000000000e+00
3.9369632559822461e-24 0.0000000000000000e+00
3.4507191122790992e-24 0.0000000000000000e+00
3.0245297244659234e-24 0.0000000000000000e+00
2.6509778850519296e-24 0.0000000000000000e+00
2.3235624666493773e-24 0.0000000000000000e+00
2.0365852792905849e-24 0.0000000000000000e+00
1.7850519017051490e-24 0.0000000000000000e+00
1.5645847606691481e-24 0.0000000000000000e+00
1.3713469456993063e-24 0.0000000000000000e+00
1.2019754331970788e-24 0.0000000000000000e+00
1.0535225579057023e-24 0.0000000000000000e+00
9.2340471307633789e-25 0.0000000000000000e+00
8.0935738654390409e-25 0.0000000000000000e+00
7.0939575018069537e-25 0.0000000000000000e+00
6.2178011684474139e-25 0.0000000000000000e+00
5.4498566365105835e-25 0.0000000000000000e+00
4.7767589464323098e-25 0.0000000000000000e+00
4.1867938102185717e-25 0.0000000000000000e+00
3.6696937412712806e-25 0.0000000000000000e+00
3.2164593636921450e-25 0.0000000000000000e+00
2.8192027912113662e-25 0.0000000000000000e+00
2.4710103499801415e-25 0.0000000000000000e+00
2.1658222561156994e-25 0.0000000000000000e+00
1.8983271539610497e-25 0.0000000000000000e+00
1.6638696796517230e-25 0.0000000000000000e+00
1.4583694412671171e-25 0.0000000000000000e+00
1.2782500055334547e-25 0.0000000000000000e+00
1.1203766551955464e-25 0.0000000000000000e+00
9.8200183381444820e-26 0.0000000000000000e+00
8.6071732853682933e-26 0.0000000000000000e+00
7.5441235864693762e-26 0.0000000000000000e+00
6.6123684049295135e-26 0.0000000000000000e+00
5.7956918946728431e-26 0.0000000000000000e+00
5.0798809868087732e-26 0.0000000000000000e+00
4.4524780318049517e-26 0.0000000000000000e+00
3.9025639921851764e-26 0.0000000000000000e+00
3.4205684125355124e-26 0.0000000000000000e+00
2.9981028596238692e-26 0.0000000000000000e+00
2.6278149338992785e-26 0.0000000000000000e+00
2.3032603116526834e-26 0.0000000000000000e+00
2.0187905909197719e-26 0.0000000000000000e+00
1.7694549892460579e-26 0.0000000000000000e+00
1.5509141825063083e-26 0.0000000000000000e+00
1.3593647852687641e-26 0.0000000000000000e+00
1.1914731583939510e-26 0.0000000000000000e+00
1.0443173918858026e-26 0.0000000000000000e+00
9.1533645329051328e-27 0.0000000000000000e+00
8.0228561664523243e-27 0.0000000000000000e+00
7.0319739628193682e-27 0.0000000000000000e+00
6.1634730559597616e-27 0.0000000000000000e+00
5.4022384486063221e-27 0.0000000000000000e+00
4.7350219576901218e-27 0.0000000000000000e+00
4.1502116489492709e-27 0.0000000000000000e+00
3.6376297480733188e-27 0.0000000000000000e+00
3.1883555113191080e-27 0.0000000000000000e+00
2.7945699729179890e-27 0.0000000000000000e+00
2.4494198673296016e-27 0.0000000000000000e+00
2.1468983581056078e-27 0.0000000000000000e+00
1.8817404976230664e-27 0.0000000000000000e+00
1.6493315983152499e-27 0.0000000000000000e+00
1.4456269207349521e-27 0.0000000000000000e+00
1.2670812807372213e-27 0.0000000000000000e+00
1.1105873506965736e-27 0.0000000000000000e+00
9.7342158098144053e-28 0.0000000000000000e+00
8.5319680052731402e-28 0.0000000000000000e+00
7.4782067159031297e-28 0.0000000000000000e+00
6.5545927564678407e-28 0.0000000000000000e+00
5.7450519670411976e-28 0.0000000000000000e+00
5.0354954655932978e-28 0.0000000000000000e+00
4.4135744514543606e-28 0.0000000000000000e+00
3.8684652923692372e-28 0.0000000000000000e+00
3.3906811548934862e-28 0.0000000000000000e+00
2.9719068998312438e-28 0.0000000000000000e+00
2.6048543693108943e-28 0.0000000000000000e+00
2.2831355469794376e-28 0.0000000000000000e+00
2.0011513838526405e-28 0.0000000000000000e+00
1.7539943549971538e-28 0.0000000000000000e+00
1.5373630511845761e-28 0.0000000000000000e+00
1.3474873191090658e-28 0.0000000000000000e+00
1.1810626473432404e-28 0.0000000000000000e+00
1.0351926561147075e-28 0.0000000000000000e+00
9.0733869002158513e-29 0.0000000000000000e+00
7.9527563642111283e-29 0.0000000000000000e+00
6.9705320057491370e-29 0.0000000000000000e+00
6.1096196360082514e-29 0.0000000000000000e+00
5.3550363251916416e-29 0.0000000000000000e+00
4.6936496463890208e-29 0.0000000000000000e+00
4.1139491247540191e-29 0.0000000000000000e+00
3.6058459144015996e-29 0.0000000000000000e+00
3.1604972166941701e-29 0.0000000000000000e+00
2.7701523841706968e-29 0.0000000000000000e+00
2.4280180317808384e-29 0.0000000000000000e+00
2.1281398078820025e-29 0.0000000000000000e+00
1.8652987673943160e-29 0.0000000000000000e+00
1.6349205436392688e-29 0.0000000000000000e+00
1.4329957381292085e-29 0.0000000000000000e+00
1.2560101428082154e-29 0.0000000000000000e+00
1.1008835803633734e-29 0.0000000000000000e+00
9.6491629821076761e-30 0.0000000000000000e+00
8.4574198322172749e-30 0.0000000000000000e+00
7.4128657947862074e-30 0.0000000000000000e+00
6.4973219234293338e-30 0.0000000000000000e+00
5.6948545063862574e-30 0.0000000000000000e+00
4.9914977634032431e-30 0.0000000000000000e+00
4.3750107916048842e-30 0.0000000000000000e+00
3.8346645303530907e-30 0.0000000000000000e+00
3.3610550375245469e-30 0.0000000000000000e+00
2.9459398275523024e-30 0.0000000000000000e+00
2.5820944229317786e-30 0.0000000000000000e+00
2.2631866226795538e-30 0.0000000000000000e+00
1.9836662995693621e-30 0.0000000000000000e+00
1.7386688082259653e-30 0.0000000000000000e+00
1.5239303230357400e-30 0.0000000000000000e+00
1.3357136324527815e-30 0.0000000000000000e+00
1.1707430982580183e-30 0.0000000000000000e+00
1.0261476478321520e-30 0.0000000000000000e+00
8.9941080730540467e-31 0.0000000000000000e+00
7.8832690598349367e-31 0.0000000000000000e+00
6.9096268985178524e-31 0.0000000000000000e+00
6.0562367609612334e-31 0.0000000000000000e+00
5.3082466308978884e-31 0.0000000000000000e+00
4.6526388261555522e-31 0.0000000000000000e+00
4.0780034448000350e-31 0.0000000000000000e+00
3.5743397923587776e-31 0.0000000000000000e+00
3.1328823342536080e-31 0.0000000000000000e+00
2.7459481443987432e-31 0.0000000000000000e+00
2.4068031950275732e-31 0.0000000000000000e+00
2.1095451607165409e-31 0.0000000000000000e+00
1.8490006969811757e-31 0.0000000000000000e+00
1.6206354057268333e-31 0.0000000000000000e+00
1.4204749206333684e-31 0.0000000000000000e+00
1.2450357390800312e-31 0.0000000000000000e+00
1.0912645968401621e-31 0.0000000000000000e+00
9.5648533045057633e-32 0.0000000000000000e+00
8.3835230247201803e-32 0.0000000000000000e+00
7.3480957907533648e-32 0.0000000000000000e+00
6.4405514949832697e-32 0.0000000000000000e+00
5.6450956466475789e-32 0.0000000000000000e+00
4.9478844916652142e-32 0.0000000000000000e+00
4.3367840821971310e-32 0.0000000000000000e+00
3.8011591029015031e-32 0.0000000000000000e+00
3.3316877787124720e-32 0.0000000000000000e+00
2.9201996428796916e-32 0.0000000000000000e+00
2.5595333418578299e-32 0.0000000000000000e+00
2.2434120023456935e-32 0.0000000000000000e+00
1.9663339914202945e-32 0.0000000000000000e+00
1.7234771686039755e-32 0.0000000000000000e+00
1.5106149635106785e-32 0.0000000000000000e+00
1.3240428185252538e-32 0.0000000000000000e+00
1.1605137163570362e-32 0.0000000000000000e+00
1.0171816704182611e-32 0.0000000000000000e+00
8.9155219455980163e-33 0.0000000000000000e+00
7.8143889016164228e-33 0.0000000000000000e+00
6.8492539503933610e-33 0.0000000000000000e+00
6.0033203194270475e-33 0.0000000000000000e+00
5.2618657621207422e-33 0.0000000000000000e+00
4.6119863384570162e-33 0.0000000000000000e+00
4.0423718406570149e-33 0.0000000000000000e+00
3.5431089554362134e-33 0.0000000000000000e+00
3.1055087371804292e-33 0.0000000000000000e+00
2.7219553894629336e-33 0.0000000000000000e+00
2.3857737231655797e-33 0.0000000000000000e+00
2.0911129845043158e-33 0.0000000000000000e+00
1.8328450311543087e-33 0.0000000000000000e+00
1.6064750843787086e-33 0.0000000000000000e+00
1.4080635039309800e-33 0.0000000000000000e+00
1.2341572243363861e-33 0.0000000000000000e+00
1.0817296593011854e-33 0.0000000000000000e+00
9.4812802837258483e-34 0.0000000000000000e+00
8.3102718914671710e-34 0.0000000000000000e+00
7.2838917154098372e-34 0.0000000000000000e+00
6.3842770988385029e-34 0.0000000000000000e+00
5.5957715555442021e-34 0.0000000000000000e+00
4.9046522914135932e-34 0.0000000000000000e+00
4.2988913791225602e-34 0.0000000000000000e+00
3.7679464295252269e-34 0.0000000000000000e+00
3.3025771166773987e-34 0.0000000000000000e+00
2.8946843633802242e-34 0.0000000000000000e+00
2.5371693885010964e-34 0.0000000000000000e+00
2.2238101629947835e-34 0.0000000000000000e+00
1.9491531245221585e-34 0.0000000000000000e+00
1.7084182661158839e-34 0.0000000000000000e+00
1.4974159470995794e-34 0.0000000000000000e+00
1.3124739784747978e-34 0.0000000000000000e+00
1.1503737138034381e-34 0.0000000000000000e+00
1.0082940333398368e-34 0.0000000000000000e+00
8.8376224653758912e-35 0.0000000000000000e+00
7.7461105846087303e-35 0.0000000000000000e+00
6.7894085116291856e-35 0.0000000000000000e+00
5.9508662359370661e-35 0.0000000000000000e+00
5.2158901467423366e-35 0.0000000000000000e+00
4.5716890523586534e-35 0.0000000000000000e+00
4.0070515680836537e-35 0.0000000000000000e+00
3.5121509983269139e-35 0.0000000000000000e+00
3.0783743172408861e-35 0.0000000000000000e+00
2.6981722715118793e-35 0.0000000000000000e+00
2.3649279965669287e-35 0.0000000000000000e+00
2.0728418596534206e-35 0.0000000000000000e+00
1.8168305256518711e-35 0.0000000000000000e+00
1.5924384890086893e-35 0.0000000000000000e+00
1.3957605321312949e-35 0.0000000000000000e+00
1.2233737607461438e-35 0.0000000000000000e+00
1.0722780333936099e-35 0.0000000000000000e+00
9.3984374832200907e-36 0.0000000000000000e+00
8.2376607908719152e-36 0.0000000000000000e+00
7.2202486239466532e-36 0.0000000000000000e+00
6.3284944009069366e-36 0.0000000000000000e+00
5.5468784342800375e-36 0.0000000000000000e+00
4.8617978330315207e-36 0.0000000000000000e+00
4.2613297639968909e-36 0.0000000000000000e+00
3.7350239522820087e-36 0.0000000000000000e+00
3.2737208094019564e-36 0.0000000000000000e+00
2.8693920239422886e-36 0.0000000000000000e+00
2.5150008404557775e-36 0.0000000000000000e+00
2.2043795949509433e-36 0.0000000000000000e+00
1.9321223756551378e-36 0.0000000000000000e+00
1.6934909409694161e-36 0.0000000000000000e+00
1.4843322572531102e-36 0.0000000000000000e+00
1.3010062213033943e-36 0.0000000000000000e+00
1.1403223096441198e-36 0.0000000000000000e+00
9.9948405209727272e-37 0.0000000000000000e+00
8.7604036327989239e-37 0.0000000000000000e+00
7.6784288502171677e-37 0.0000000000000000e+00
