#f_hz Omega_gw
7.063947426911725508e-20 1.756230945205469953e-23
7.437208944261835419e-20 1.834422543160134316e-23
7.830193734155527660e-20 2.022175621470016140e-23
8.243943981392858276e-20 2.291420539985865118e-23
8.679556940192766545e-20 2.924720105187995432e-23
9.138187844080937305e-20 3.616043102345441026e-23
9.621052969537154843e-20 4.194597534614019322e-23
1.012943286152698594e-19 4.747025248267968907e-23
1.066467572947151985e-19 5.141919354292858333e-23
1.122820102266155626e-19 5.556543499207864823e-23
1.182150319459787973e-19 5.922588092444371985e-23
1.244615566624062177e-19 6.197685674659637455e-23
1.310381499867816161e-19 6.338612146416878591e-23
1.379622528628135355e-19 6.539388133707560797e-23
1.452522278199356077e-19 6.665027854421692509e-23
1.529274076702273746e-19 6.757628062179170330e-23
1.610081467784970914e-19 6.807149209052061390e-23
1.695158750414954561e-19 6.815428077709926756e-23
1.784731547194081870e-19 6.823558033605790049e-23
1.879037402703473302e-19 6.814003380285563775e-23
1.978326413465169575e-19 6.798019901548889540e-23
2.082861891191204531e-19 6.778942346289709446e-23
2.192921061078974470e-19 6.756211429701442205e-23
2.308795797004805945e-19 6.734282677128276635e-23
2.430793395565408085e-19 6.711296091949775879e-23
2.559237391019950065e-19 6.687547111552433013e-23
2.694468413293972983e-19 6.663244234927734376e-23
2.836845091320547021e-19 6.638028218397147539e-23
2.986745004114270974e-19 6.613142369588785648e-23
3.144565682100397233e-19 6.588024419952964925e-23
3.310725661354518310e-19 6.562743609166728859e-23
3.485665593548690786e-19 6.537142536108173167e-23
3.669849414547465217e-19 6.511727431275125626e-23
3.863765574752988039e-19 6.486265483935135891e-23
4.067928334461964624e-19 6.460783083423264885e-23
4.282879127669752239e-19 6.435300994652175982e-23
4.509187997938346436e-19 6.409764444322626408e-23
4.747455110136146966e-19 6.384342265179342394e-23
4.998312342058620113e-19 6.358955998972589820e-23
5.262424960150718281e-19 6.333613957662613918e-23
5.540493383775114667e-19 6.308322728238159011e-23
5.833255042704997442e-19 6.283063237906279857e-23
6.141486332767430808e-19 6.257893084224182097e-23
6.466004674823657213e-19 6.232785163467322337e-23
6.807670682546587099e-19 6.207742233563062171e-23
7.167390444744494531e-19 6.182766393368852436e-23
7.546117928283486761e-19 6.157850834642531885e-23
7.944857507981264715e-19 6.133015427812935201e-23
8.364666630181368991e-19 6.108250683068347425e-23
8.806658617071660053e-19 6.083557435628334507e-23
9.272005619184007222e-19 6.058932605869854319e-23
9.761941723905053708e-19 6.034384781637212876e-23
1.027776622824187273e-18 6.009909713515061732e-23
1.082084708452175367e-18 5.985507691590198193e-23
1.139262452816390369e-18 5.961178913416656598e-23
1.199461489714399310e-18 5.936922191693105834e-23
1.262841465328056652e-18 5.912740432400417456e-23
1.329570461600763117e-18 5.888632041089867866e-23
1.399825441986136086e-18 5.864597015851623165e-23
1.473792720750195006e-18 5.840635330833206540e-23
1.551668457071643965e-18 5.816746484228793773e-23
1.633659175250598112e-18 5.792931397079744826e-23
1.719982312405309115e-18 5.769189412495825796e-23
1.810866795109397115e-18 5.745520425181020541e-23
1.906553646498801251e-18 5.721924322635251120e-23
2.007296625458463782e-18 5.698400827803805436e-23
2.113362899583885296e-18 5.674950167413624109e-23
2.225033753702201068e-18 5.651572014948243167e-23
2.342605335831768412e-18 5.628266240289411696e-23
2.466389442558523834e-18 5.605032641783900877e-23
2.596714345911912694e-18 5.581871232712772673e-23
2.733925663933231728e-18 5.558781788918333901e-23
2.878387277245133768e-18 5.535764166825106224e-23
3.030482294052965017e-18 5.512818221585447827e-23
3.190614066137141392e-18 5.489943781418242547e-23
3.359207258530933007e-18 5.467140758200429906e-23
3.536708975720373638e-18 5.444408973231206362e-23
3.723589947353012692e-18 5.421748280025501732e-23
3.920345776599924666e-18 5.399158531846182231e-23
4.127498254481619991e-18 5.376639572952713668e-23
4.345596743643407224e-18 5.354191275989314454e-23
4.575219635249946283e-18 5.331813482533706974e-23
4.816975882862625843e-18 5.309506045456243421e-23
5.071506617367570809e-18 5.287268817600251372e-23
5.339486847237053508e-18 5.265101649723526304e-23
5.621627248633267268e-18 5.243004399573082151e-23
5.918676050101902807e-18 5.220976917113460238e-23
6.231421016853537513e-18 5.199019055360595382e-23
6.560691539895213923e-18 5.177130667103031834e-23
6.907360835552462279e-18 5.155311606318170630e-23
7.272348261214863541e-18 5.133561725662990577e-23
7.656621753446420367e-18 5.111880878602652240e-23
8.061200394926581316e-18 5.090268918634952607e-23
8.487157117029351846e-18 5.068725699220312647e-23
8.935621545207600054e-18 5.047251073978088395e-23
9.407782994728564060e-18 5.025844896684583777e-23
9.904893624705063663e-18 5.004507021272952456e-23
1.042827175878684403e-17 4.983237301833901367e-23
1.097930538131845391e-17 4.962035592613195142e-23
1.155945581823539945e-17 4.940901748015720380e-23
1.217026161246006629e-17 4.919835622601092239e-23
1.281334260407507200e-17 4.898837071085025061e-23
1.349040422609436694e-17 4.877905948343367846e-23
1.420324202722444606e-17 4.857042109408687087e-23
1.495374643360993195e-17 4.836245409469121252e-23
1.574390776219137876e-17 4.815515703874347597e-23
1.657582149897083421e-17 4.794852848128081916e-23
1.745169385618278452e-17 4.774256697890381932e-23
1.837384762310800656e-17 4.753727108976919070e-23
1.934472832604653839e-17 4.733263937360450181e-23
2.036691071378588220e-17 4.712867039171930145e-23
2.144310558576350850e-17 4.692536270700834545e-23
2.257616698103212383e-17 4.672271488391625544e-23
2.376909974709230709e-17 4.652072548850279403e-23
2.502506750866504299e-17 4.631939308836129728e-23
2.634740105753700302e-17 4.611871625266012262e-23
2.773960718572837109e-17 4.591869355215594956e-23
2.920537798540825051e-17 4.571932355914405629e-23
3.074860064022108938e-17 4.552060484748667851e-23
3.237336773399025185e-17 4.532253599262267779e-23
3.408398810413716247e-17 4.512511557153409296e-23
3.588499826859919485e-17 4.492834216282871268e-23
3.778117445654958584e-17 4.473221434666665992e-23
3.977754527482537821e-17 4.453673070477305796e-23
4.187940504365369341e-17 4.434188982047813821e-23
4.409232783704263252e-17 4.414769027865744283e-23
4.642218226507140404e-17 4.395413066575534050e-23
4.887514703728225645e-17 4.376120956979993168e-23
5.145772734844710408e-17 4.356892558036654365e-23
5.417677213016440160e-17 4.337727728859592126e-23
5.703949221403643398e-17 4.318626328720192055e-23
6.005347945459531274e-17 4.299588217045211899e-23
6.322672686269157988e-17 4.280613253422167659e-23
6.656764980273773201e-17 4.261701297593226313e-23
7.008510831002217472e-17 4.242852209457420446e-23
7.378843058727793962e-17 4.224065849070782256e-23
7.768743774281845345e-17 4.205342076647876398e-23
8.179246983584516294e-17 4.186680752561093515e-23
8.611441329799915854e-17 4.168081737339123853e-23
9.066472980387644808e-17 4.149544891667425703e-23
9.545548666707240113e-17 4.131070076389320366e-23
1.004993888423638952e-16 4.112657152503363754e-23
1.058098126188979877e-16 4.094305981163711965e-23
1.114008410937414627e-16 4.076016423683015351e-23
1.172873015198643572e-16 4.057788341532828768e-23
1.234848046276053754e-16 4.039621596339699525e-23
1.300097860238971364e-16 4.021516049889416216e-23
1.368795497790414407e-16 4.003471564123913048e-23
1.441123143166253197e-16 3.985488001141889333e-23
1.517272607282773270e-16 3.967565223199631155e-23
1.597445836413914266e-16 3.949703092708317135e-23
1.681855447747212846e-16 3.931901472234233553e-23
1.770725293238706205e-16 3.914160224504071707e-23
1.864291053262129343e-16 3.896479212398505602e-23
1.962800861626752333e-16 3.878858298958395623e-23
2.066515963621389678e-16 3.861297347382097825e-23
2.175711408829675198e-16 3.843796221023822946e-23
2.290676780553960085e-16 3.826354783396373543e-23
2.411716963782227063e-16 3.808972898168063025e-23
2.539152953734646018e-16 3.791650429163534968e-23
2.673322707134037296e-16 3.774387240364185120e-23
2.814582038457742418e-16 3.757183195909244620e-23
2.963305563547792897e-16 3.740038160093371996e-23
3.119887693081767187e-16 3.722951997370813826e-23
3.284743678539003012e-16 3.705924572350438866e-23
3.458310713436041103e-16 3.688955749798863101e-23
3.641049092751759077e-16 3.672045394639895493e-23
3.833443433616910487e-16 3.655193371955313818e-23
4.036003960505377709e-16 3.638399546982244480e-23
4.249267858335363873e-16 3.621663785115787395e-23
4.473800697068946597e-16 3.604985951907412612e-23
4.710197931588004688e-16 3.588365913065343532e-23
4.959086480824068880e-16 3.571803534455356235e-23
5.221126390330029977e-16 3.555298682099879647e-23
5.497012582702686457e-16 3.538851222178980597e-23
5.787476700498264393e-16 3.522461021028815697e-23
6.093289046528249612e-16 3.506127945143581485e-23
6.415260626681173153e-16 3.489851861172705580e-23
6.754245300687774405e-16 3.473632635923732521e-23
7.111142046533428302e-16 3.457470136361075393e-23
7.486897344522909073e-16 3.441364229606021119e-23
7.882507687319994751e-16 3.425314782936649932e-23
8.299022222618467680e-16 3.409321663788694667e-23
8.737545535452796663e-16 3.393384739754426980e-23
9.199240577527098420e-16 3.377503878583030564e-23
9.685331751330987838e-16 3.361678948180292583e-23
1.019710815722101785e-15 3.345909816609550536e-23
1.073592701207927548e-15 3.330196352090657817e-23
1.130321724861501150e-15 3.314538422999939050e-23
1.190048330485468931e-15 3.298935897871530737e-23
1.252930911387004888e-15 3.283388645395747912e-23
1.319136230432482403e-15 3.267896534421009600e-23
1.388839862297987245e-15 3.252459433951274473e-23
1.462226659088504265e-15 3.237077213148515857e-23
1.539491240560591054e-15 3.221749741330501221e-23
1.620838510248589001e-15 3.206476887972548368e-23
1.706484198863145833e-15 3.191258522706281758e-23
1.796655436403077792e-15 3.176094515320924380e-23
1.891591354497859850e-15 3.160984735762834605e-23
1.991543720578095943e-15 3.145929054135349849e-23
2.096777605555784616e-15 3.130927340698047179e-23
2.207572086785049164e-15 3.115979465868963244e-23
2.324220988167569940e-15 3.101085300221475093e-23
2.447033659365447760e-15 3.086244714486403138e-23
2.576335796187955438e-15 3.071457579551895369e-23
2.712470304327825054e-15 3.056723766461661758e-23
2.855798208737656405e-15 3.042043146417338767e-23
3.006699611058139559e-15 3.027415590777734094e-23
3.165574697637061254e-15 3.012840971057463099e-23
3.332844800812461514e-15 2.998319158929222212e-23
3.508953516274343371e-15 2.983850026222215528e-23
3.694367879468178874e-15 2.969433444921972024e-23
3.889579604160002429e-15 2.955069287171527517e-23
4.095106386447724886e-15 2.940757425270706433e-23
4.311493277676878368e-15 2.926497731675716266e-23
4.539314129901716650e-15 2.912290079000557582e-23
4.779173117724997077e-15 2.898134340015482947e-23
5.031706340552334116e-15 2.884030387648008437e-23
5.297583509510224415e-15 2.869978094982575098e-23
5.577509723501486367e-15 2.855977335260784043e-23
5.872227339107996375e-15 2.842027981880930372e-23
6.182517939299865934e-15 2.828129908398027853e-23
6.509204406171866423e-15 2.814282988523920598e-23
6.853153103203994830e-15 2.800487096127421768e-23
7.215276172833474648e-15 2.786742105233966216e-23
7.596533955431292820e-15 2.773047890026021910e-23
7.997937536098310925e-15 2.759404324843166340e-23
8.420551426035004115e-15 2.745811284181464093e-23
8.865496385595749385e-15 2.732268642694143941e-23
9.333952396514275804e-15 2.718776275191254414e-23
9.827161791182689257e-15 2.705334056639512171e-23
1.034643254728251767e-14 2.691941862162842719e-23
1.089314175650544620e-14 2.678599567041771511e-23
1.146873927656239858e-14 2.665307046713590865e-23
1.207475157616610971e-14 2.652064176772885410e-23
1.271278578318395977e-14 2.638870832971197954e-23
1.338453394669665429e-14 2.625726891216716212e-23
1.409177752426560919e-14 2.612632227574591070e-23
1.483639210630916998e-14 2.599586718266799938e-23
1.562035239011656076e-14 2.586590239672139399e-23
1.644573741669045019e-14 2.573642668326113542e-23
1.731473608430639495e-14 2.560743880920978623e-23
1.822965295341033974e-14 2.547893754306005210e-23
1.919291435824934461e-14 2.535092165487322127e-23
2.020707484144293341e-14 2.522338991627764528e-23
2.127482392855947504e-14 2.509634110047283552e-23
2.239899326066367749e-14 2.496977398222611605e-23
2.358256410375040686e-14 2.484368733787250896e-23
2.482867525497969733e-14 2.471807994531531039e-23
2.614063136668006101e-14 2.459295058402775675e-23
2.752191171019511099e-14 2.446829803504965992e-23
2.897617940281495226e-14 2.434412108099215619e-23
3.050729112226220317e-14 2.422041850603321595e-23
3.211930733449433283e-14 2.409718909591781697e-23
3.381650306194743547e-14 2.397443163795983999e-23
3.560337922077745245e-14 2.385214492104179535e-23
3.748467455716542016e-14 2.373032773561135530e-23
3.946537821434136532e-14 2.360897887368562987e-23
4.155074296365423312e-14 2.348809712885011479e-23
4.374629913477632427e-14 2.336768129625554412e-23
4.605786928198468573e-14 2.324773017262296541e-23
4.849158362541414085e-14 2.312824255624028674e-23
5.105389630823152673e-14 2.300921724696235603e-23
5.375160251284537232e-14 2.289065304620954163e-23
5.659185648154119634e-14 2.277254875697413876e-23
5.958219048933474281e-14 2.265490318381124478e-23
6.273053481935693604e-14 2.253771513284487758e-23
6.604523879374565095e-14 2.242098341176064935e-23
6.953509291581709925e-14 2.230470682981040976e-23
7.320935218223777543e-14 2.218888419780839916e-23
7.707776062701967626e-14 2.207351432813040812e-23
8.115057716242925325e-14 2.195859603471289284e-23
8.543860278533911381e-14 2.184412813305477664e-23
8.995320922117298954e-14 2.173010944020999431e-23
9.470636908140798266e-14 2.161653877478923782e-23
9.971068761460815263e-14 2.150341495695590370e-23
1.049794361351960155e-13 2.139073680842065354e-23
1.105265872186113549e-13 2.127850315243975353e-23
1.163668517561950518e-13 2.116671281380845937e-23
1.225157179680663733e-13 2.105536461884820050e-23
1.289894924774544700e-13 2.094445739540459639e-23
1.358053435554125180e-13 2.083398997283231329e-23
1.429813466505980598e-13 2.072396118197610343e-23
1.505365323248630698e-13 2.061436985515715469e-23
1.584909367217776605e-13 2.050521482614649201e-23
1.668656547019303643e-13 2.039649493013150232e-23
1.756828957859133975e-13 2.028820900368310585e-23
1.849660430533585064e-13 2.018035588469446007e-23
1.947397151542176049e-13 2.007293441232235239e-23
2.050298315967419447e-13 1.996594342689546169e-23
2.158636814853014365e-13 1.985938176980355329e-23
2.272699958903352082e-13 1.975324828334562855e-23
2.392790240423563429e-13 1.964754181053548932e-23
2.519226135520747789e-13 1.954226119484399613e-23
2.652342948693808780e-13 1.943740527986880122e-23
2.792493702051708786e-13 1.933297290888083409e-23
2.940050071518369156e-13 1.922896292425009009e-23
3.095403372506910296e-13 1.912537416666721514e-23
3.258965597677335184e-13 1.902220547412533660e-23
3.431170509529669144e-13 1.891945568057010499e-23
3.612474790730119483e-13 1.881712361411589895e-23
3.803359255220882847e-13 1.871520809468998171e-23
4.004330123325430440e-13 1.861370793092526111e-23
4.215920364230813111e-13 1.851262191606206070e-23
4.438691109407211249e-13 1.841194882258783913e-23
4.673233140713086017e-13 1.831168739522649183e-23
4.920168457132335691e-13 1.821183634186054009e-23
5.180151924298398365e-13 1.811239432185545990e-23
5.453873011179851031e-13 1.801335993127684431e-23
5.742057618532995659e-13 1.791473168449507175e-23
6.045470003970639291e-13 1.781650799194975183e-23
6.364914808752148788e-13 1.771868713438978644e-23
6.701239191669828540e-13 1.762126723505572201e-23
7.055335075690621989e-13 1.752424623334245184e-23
7.428141513311162830e-13 1.742762186688628378e-23
7.820647176899040268e-13 1.733139167408963761e-23
8.233892980624596599e-13 1.723555303563655506e-23
8.668974840936516940e-13 1.714010327930754608e-23
9.127046582901961488e-13 1.704503987139477034e-23
9.609323000118805642e-13 1.695036069664222290e-23
1.011708307631458437e-12 1.685606436343192990e-23
1.065167337717604917e-12 1.676215034073371002e-23
1.121451162140413821e-12 1.666861857768003182e-23
1.180709044046477382e-12 1.657546838067099433e-23
1.243098133700625716e-12 1.648269784682037144e-23
1.308783885244085635e-12 1.639031143733809518e-23
1.377940495474289052e-12 1.629836278659767171e-23
1.450751365809964465e-12 1.620711018331287214e-23
1.527409588666630833e-12 1.611748164725498945e-23
1.608118459532342068e-12 1.603229475368268746e-23
1.693092016101715598e-12 1.595915445603530868e-23
1.782555605897962875e-12 1.591678919859786273e-23
1.876746483888302907e-12 1.594794603781594748e-23
1.975914441677577078e-12 1.614403846219867892e-23
2.080322469948678186e-12 1.668976925444957541e-23
2.190247455906572450e-12 1.794030591814812477e-23
2.305980917575514360e-12 2.054989105223900703e-23
2.427829776896787786e-12 2.568007720057959207e-23
2.556117173677211177e-12 3.532975758808656965e-23
2.691183322546973427e-12 5.285034821230700366e-23
2.833386415199422600e-12 8.374159029890753875e-23
2.983103570305557895e-12 1.368719473653351967e-22
3.140731833622289105e-12 2.263405253260926497e-22
3.306689230946829096e-12 3.743068245615396718e-22
3.481415876709550050e-12 6.152782455223318095e-22
3.665375141145283883e-12 1.002589470974797187e-21
3.859054879138379543e-12 1.618172223364912230e-21
4.062968724000370480e-12 2.587256226452000073e-21
4.277657449611320748e-12 4.100448386128279653e-21
4.503690404537200363e-12 6.446835033935505437e-21
4.741667021926555331e-12 1.006352543261830801e-20
4.992218409190629901e-12 1.560967973294129620e-20
5.256009021682817305e-12 2.407694253809604546e-20
5.533738424815833271e-12 3.695391353122812216e-20
5.826143149289893568e-12 5.647069132062368430e-20
6.133998644351759900e-12 8.596185658137638480e-20
6.458121334264704688e-12 1.304042961341109447e-19
6.799370783443100750e-12 1.972126169089375752e-19
7.158651975993473728e-12 2.974132235140538340e-19
7.536917715707350468e-12 4.473737026752325538e-19
7.935171152870567001e-12 6.713445199581426557e-19
8.354468444590107889e-12 1.005185725939447028e-18
8.795921555693548004e-12 1.501817135318166299e-18
9.260701207629051041e-12 2.239167135826379122e-18
9.750039983186281698e-12 3.331731071777308649e-18
1.026523559527189204e-11 4.947324596006663477e-18
1.080765432840828782e-11 7.331282363179100735e-18
1.137873466208240606e-11 1.084127965403575315e-17
1.197999108555350866e-11 1.599723719592162262e-17
1.261301811423702681e-11 2.355252560283155724e-17
1.327949451831507988e-11 3.459507835599984262e-17
1.398118777478878910e-11 5.069022952155563228e-17
1.471995875477837592e-11 7.408136457471550974e-17
1.549776665850193338e-11 1.079700609953801013e-16
1.631667421102025688e-11 1.569046248468408814e-16
1.717885313252668627e-11 2.273150874331877322e-16
1.808658989768901723e-11 3.282440872349429219e-16
1.904229179931713440e-11 4.723368069974396756e-16
2.004849333243699654e-11 6.771693285293614616e-16
2.110786291570138663e-11 9.670128487585119956e-16
2.222320996796240971e-11 1.375150505624269395e-15
2.339749235877265070e-11 1.946882375310895763e-15
2.463382425257346124e-11 2.743369892324663303e-15
2.593548436737295993e-11 3.846479865541102732e-15
2.730592466981558201e-11 5.364784545758561889e-15
2.874877952970221153e-11 7.440852052944777362e-15
3.026787535823838832e-11 1.025991275361301628e-14
3.186724075557110733e-11 1.405990385849163686e-14
3.355111719452501605e-11 1.914277005867984841e-14
3.532397026887114009e-11 2.588672937040350334e-14
3.719050153595792086e-11 3.475900423386325953e-14
3.915566098511201535e-11 4.632827904940342757e-14
4.122466016487220117e-11 6.127590540278479637e-14
4.340298600387270285e-11 8.040468260257183755e-14
4.569641536202605078e-11 1.046439341139169875e-13
4.811103035059594266e-11 1.350496658008529477e-13
5.065323446178816260e-11 1.727988905001718081e-13
5.332976955063492191e-11 2.191777747761603360e-13
5.614773371420803711e-11 2.755641352930822818e-13
5.911460011557616578e-11 3.434059332307645761e-13
6.223823680242672793e-11 4.241986439821952874e-13
6.552692757291079378e-11 5.194655528560965930e-13
6.898939394404692955e-11 6.307458518694570032e-13
7.263481828094317223e-11 7.595956640260417375e-13
7.647286814817547061e-11 9.076065881538522015e-13
8.051372194790173993e-11 1.076444956953423850e-12
8.476809591270310103e-11 1.267912941168936661e-12
8.924727252473633324e-11 1.484030111906954670e-12
9.396313043656479715e-11 1.727131662423415801e-12
9.892817597301665266e-11 1.999977636786453299e-12
1.041555762976125898e-10 2.305866614767183123e-12
1.096591943315195648e-10 2.648747546473384723e-12
1.154536255176340319e-10 3.033324736059742190e-12
1.215542365272949400e-10 3.465153025060273680e-12
1.279772060122686490e-10 3.950722599911523419e-12
1.347395675100878849e-10 4.497535127944058839e-12
1.418592546165221746e-10 5.114174829919088982e-12
1.493551485449780259e-10 5.810379494356829913e-12
1.572471281989548989e-10 6.597117358886544451e-12
1.655561228903479938e-10 7.486676297365573988e-12
1.743041678434046648e-10 8.492771878828142844e-12
1.835144626315301918e-10 9.630680581171516441e-12
1.932114327019150660e-10 1.091740359945703344e-11
2.034207941511458665e-10 1.237186528010821830e-11
2.141696219235825447e-10 1.401514831499585346e-11
2.254864216133624215e-10 1.587076574342796623e-11
2.374012050604480003e-10 1.796496804650824973e-11
2.499455699411968826e-10 2.032708251313573646e-11
2.631527835645259797e-10 2.298988197982738416e-11
2.770578710958956071e-10 2.598998090771606758e-11
2.916977084430794307e-10 2.936825829073832741e-11
3.071111200500532289e-10 3.317030866707875517e-11
3.233389818583469086e-10 3.744692396838346267e-11
3.404243297089114243e-10 4.225460976388989051e-11
3.584124734719794662e-10 4.765613933801352220e-11
3.773511172075875271e-10 5.372114801888837203e-11
3.972904856754304721e-10 6.052676832512035926e-11
4.182834575295267527e-10 6.815830420031117227e-11
4.403857055509534305e-10 7.670994015589912121e-11
4.636558442905211693e-10 8.628547867247885855e-11
4.881555855129426352e-10 9.699909703956893749e-11
5.139499018547266389e-10 1.089761122923005410e-10
5.411071991298149318e-10 1.223537401767502828e-10
5.696994977399086328e-10 1.372818304769128172e-10
5.998026236705840083e-10 1.539235561419915567e-10
6.314964095797098142e-10 1.724560279495366313e-10
6.648649065114488685e-10 1.930707989334770893e-10
6.999966067973043789e-10 2.159742148102165805e-10
7.369846787353370398e-10 2.413875576499431411e-10
7.759272136699155253e-10 2.695469204503547572e-10
8.169274861272513971e-10 3.007027406707268551e-10
8.600942276965865427e-10 3.351189104846636608e-10
9.055419153833643079e-10 3.730713718631628986e-10
9.533910751990811607e-10 4.148460955275438403e-10
1.003768601792939524e-09 4.607363361839981151e-10
1.056808094972949215e-09 5.110390532601231411e-10
1.112650214008925652e-09 5.660503894463078436e-10
1.171443050656979702e-09 6.260601115212624682e-10
1.233342521894781539e-09 6.913449417620038885e-10
1.298512783409047127e-09 7.621607502566649559e-10
1.367126664931899197e-09 8.387336396379544610e-10
1.439366128580536863e-09 9.212500436605642103e-10
1.515422751415739856e-09 1.009846083191308188e-09
1.595498233498937281e-09 1.104596582332205086e-09
1.679804932795197114e-09 1.205504352887343995e-09
1.768566428340678218e-09 1.312490600657127239e-09
1.862018113168054188e-09 1.425387598964105420e-09
1.960407818562329969e-09 1.543935097297061240e-09
2.063996471302559758e-09 1.667782269137947711e-09
2.173058785632450102e-09 1.796497323359281594e-09
2.287883991794944658e-09 1.929587150931455904e-09
2.408776603062828725e-09 2.066529493478826250e-09
2.536057223299516396e-09 2.206820001974701844e-09
2.670063397191630860e-09 2.350036098209391665e-09
2.811150505408184094e-09 2.495918629334649517e-09
2.959692707060289457e-09 2.644470791363257418e-09
3.116083931960778484e-09 2.796071595049785535e-09
3.280738925315178616e-09 2.951598203025652836e-09
3.454094347614532039e-09 3.112547852599760120e-09
3.636609932646935997e-09 3.281145993728158143e-09
3.828769706698895836e-09 3.460423150486381477e-09
4.031083272179574167e-09 3.654239521100633205e-09
4.244087159072346863e-09 3.867234366416651023e-09
4.468346247797478824e-09 4.104677921803906974e-09
4.704455267259382225e-09 4.372208003021539739e-09
4.953040372051230783e-09 4.675442610067774197e-09
5.214760802999634563e-09 5.019474037614579075e-09
5.490310635453088049e-09 5.408268692061148937e-09
5.780420619950609926e-09 5.844018163199223508e-09
6.085860120151975029e-09 6.326507891534923596e-09
6.407439153168869463e-09 6.852585458888343136e-09
6.746010537707886534e-09 7.415816251229300594e-09
7.102472155722154695e-09 8.006405613452275458e-09
7.477769333569469250e-09 8.611441512194055316e-09
7.872897348991653556e-09 9.215471657150221110e-09
8.288904070563621350e-09 9.801379601764223835e-09
8.726892736611879012e-09 1.035147517967677829e-08
9.188024880972065541e-09 1.084867691529625331e-08
9.673523413344575353e-09 1.127764742183392385e-08
1.018467586241728789e-08 1.162575221937040416e-08
1.072283779035605911e-08 1.188374550755597297e-08
1.128943638771805653e-08 1.204613417643351241e-08
1.188597425832186933e-08 1.211122131487025346e-08
1.251403340411101268e-08 1.208087067312022098e-08
1.317527942057953589e-08 1.196005767733390399e-08
1.387146591388519625e-08 1.175628039924708158e-08
1.460443915136450702e-08 1.147890016098281301e-08
1.537614295778268753e-08 1.113847208236461537e-08
1.618862387030320135e-08 1.074611476529726292e-08
1.704403656584775933e-08 1.031295663575587178e-08
1.794464957523994021e-08 9.849683909859958833e-09
1.889285129928623553e-08 9.366201818834797428e-09
1.989115634274897308e-08 8.871407995305878917e-09
2.094221218300863290e-08 8.373066750064310516e-09
2.204880619110068361e-08 7.877766743159344112e-09
2.321387302374652351e-08 7.390942412961781706e-09
2.444050240598197546e-08 6.916940495256353336e-09
2.573194732502268979e-08 6.459115645772518720e-09
2.709163265709631782e-08 6.019942356376850446e-09
2.852316425011958744e-08 5.601133328079196268e-09
3.003033848630733714e-08 5.203756985396113985e-09
3.161715235007317165e-08 4.828348928288035747e-09
3.328781402792167377e-08 4.475013910991365710e-09
3.504675406844268124e-08 4.143516459568482339e-09
3.689863713200352545e-08 3.833359460659154338e-09
3.884837436129999613e-08 3.543850944300975608e-09
4.090113640557011570e-08 3.274159833896416140e-09
4.306236713301360042e-08 3.023361714552619861e-09
4.533779806777968284e-08 2.790475766401872738e-09
4.773346358981073980e-08 2.574494014410093733e-09
5.025571693785107767e-08 2.374404009662280216e-09
5.291124705806050114e-08 2.189206002711873690e-09
5.570709634291463284e-08 2.017925588121206353e-09
5.865067930743503575e-08 1.859622697968741857e-09
6.174980225227820534e-08 1.713397702542928347e-09
6.501268396582902967e-08 1.578395254867174962e-09
6.844797752020046820e-08 1.453806399939866718e-09
7.206479321894159961e-08 1.338869365990388842e-09
7.587272275731078834e-08 1.232869372113993841e-09
7.988186465918639417e-08 1.135137714328703152e-09
8.410285105807296028e-08 1.045050337225160689e-09
8.854687589322537477e-08 9.620260511253161698e-10
9.322572459566635977e-08 8.855245209214581424e-10
9.815180534282377245e-08 8.150441218508037581e-10
1.033381819646741538e-07 7.501197339398776229e-10
1.087986085886587430e-07 6.903205278863176167e-10
1.145475661152487471e-07 6.352477841244298495e-10
1.206003006208950400e-07 5.845327709633836354e-10
1.269728637901986917e-07 5.378347017600954233e-10
1.336821554845365935e-07 4.948387836055290848e-10
1.407459685600263927e-07 4.552543662239475751e-10
1.481830360536889674e-07 4.188131953497148396e-10
1.560130808629447866e-07 3.852677697089548955e-10
1.642568680501927743e-07 3.543898010434396340e-10
1.729362599111818169e-07 3.259687752748004472e-10
1.820742739532146457e-07 2.998106124902417612e-10
1.916951439369410605e-07 2.757364161997938139e-10
2.018243841436214618e-07 2.535813143886032357e-10
2.124888570382951290e-07 2.331933783813770205e-10
2.237168445082952939e-07 2.144326219974900540e-10
2.355381228660325253e-07 1.971700741312174249e-10
2.479840418149520728e-07 1.812869181599775249e-10
2.610876075880809650e-07 1.666736943592643192e-10
2.748835704796456051e-07 1.532295690318900619e-10
2.894085170018914403e-07 1.408616531375285574e-10
3.047009669115021922e-07 1.294843801303399316e-10
3.208014753629299185e-07 1.190189335275003833e-10
3.377527404595434353e-07 1.093927158456334675e-10
3.555997164878168192e-07 1.005388660583466456e-10
3.743897331348604470e-07 9.239581039308197562e-11
3.941726210054339482e-07 8.490684911304193794e-11
4.150008437713388913e-07 7.801977684574021168e-11
4.369296373036244018e-07 7.168653007992380666e-11
4.600171561565902589e-07 6.586286080570685110e-11
4.843246277920581145e-07 6.050803922433861204e-11
5.099165149529066227e-07 5.558457257449777614e-11
5.368606866164849832e-07 5.105795292028619115e-11
5.652285979812642494e-07 4.689641871434769155e-11
5.950954799640480474e-07 4.307073832214736925e-11
6.265405387102857680e-07 3.955400913413774962e-11
6.596471656465793117e-07 3.632147282349111587e-11
6.945031586324426551e-07 3.335034461129450349e-11
7.312009547977976245e-07 3.061965720734934062e-11
7.698378756836878159e-07 2.811011529531204990e-11
8.105163853363150109e-07 2.580396343565495891e-11
8.533443620388574620e-07 2.368486290994536878e-11
8.984353844016952914e-07 2.173777926715309236e-11
9.459090325697450258e-07 1.994887851137757696e-11
9.958912053456991693e-07 1.830543142129540488e-11
1.048514454070170665e-06 1.679572582535169068e-11
1.103918334144179982e-06 1.540898552271439657e-11
1.162249775126238084e-06 1.413529592248014798e-11
1.223663470385449411e-06 1.296553545161983078e-11
1.288322287344065917e-06 1.189131249864303159e-11
1.356397699397386844e-06 1.090490733556710217e-11
1.428070240656461942e-06 9.999218672447642051e-12
1.503529984719564454e-06 9.167714436755899398e-12
1.582977048742118907e-06 8.404386468109549431e-12
1.666622124141866643e-06 7.703708795676120357e-12
1.754687035346680622e-06 7.060599223049471343e-12
1.847405328066819402e-06 6.470383958518856055e-12
1.945022888651690662e-06 5.928765043908555091e-12
2.047798596173657103e-06 5.431790367609682081e-12
2.156005008968178290e-06 4.975826052968598904e-12
2.269929087450983444e-06 4.557531037319794242e-12
2.389872955129161961e-06 4.173833667899768286e-12
2.516154699824350928e-06 3.821910155577789846e-12
2.649109217232849411e-06 3.499164740026594620e-12
2.789089099059743838e-06 3.203211431354081230e-12
2.936465568082366542e-06 2.931857203404103068e-12
3.091629462622840384e-06 2.683086524312751088e-12
3.254992273040502567e-06 2.455047118286632927e-12
3.426987232992965105e-06 2.246036861704203173e-12
3.608070468359786818e-06 2.054491723071705727e-12
3.798722206875752049e-06 1.878974664606159244e-12
3.999448051681466077e-06 1.718165429370333968e-12
4.210780322168963558e-06 1.570851143381361760e-12
4.433279465678008285e-06 1.435917668298355621e-12
4.667535543786945770e-06 1.312341645064761760e-12
4.914169797139701907e-06 1.199183173459180785e-12
5.173836292958792441e-06 1.095579077536554936e-12
5.447223659613525949e-06 1.000736709785488837e-12
5.735056912843395708e-06 9.139282514689412226e-13
6.038099378479786477e-06 8.344854697801449269e-13
6.357154716764977841e-06 7.617948951832014082e-13
6.693069053636890635e-06 6.952933857203613983e-13
7.046733224631690959e-06 6.344640473294444843e-13
7.419085137354997879e-06 5.788324817628306610e-13
7.811112258786940884e-06 5.279633361284928542e-13
8.223854234017287040e-06 4.814571298548033973e-13
8.658405643355486397e-06 4.389473369665158522e-13
9.115918905127390906e-06 4.000977033196618095e-13
9.597607331856805840e-06 3.645997799990565937e-13
1.010474834793676353e-05 3.321706555702878712e-13
1.063868687732370469e-05 3.025508713280791818e-13
1.120083891023858153e-05 2.755025048550619013e-13
1.179269525833397422e-05 2.508074084591007201e-13
1.241582550828511254e-05 2.282655900696205413e-13
1.307188218429052712e-05 2.076937251784200673e-13
1.376260513052051099e-05 1.889237893175920026e-13
1.448982612513574927e-05 1.718018014277145088e-13
1.525547373811239207e-05 1.561866691786256512e-13
1.606157844575629808e-05 1.419491280626379504e-13
1.691027801547009067e-05 1.289707666903491728e-13
1.780382317505320935e-05 1.171431313474058524e-13
1.874458358156981994e-05 1.063669034248762311e-13
1.973505410561384902e-05 9.655114384680688372e-14
2.077786144763684104e-05 8.761259908432072130e-14
2.187577110388494079e-05 7.947506379833597504e-14
2.303169470041850533e-05 7.206879553546490960e-14
2.424869771466391924e-05 6.532997728375747890e-14
2.553000760497501750e-05 5.920022401496388382e-14
2.687902236976340856e-05 5.362612966861107984e-14
2.829931955889633053e-05 4.855885130159429296e-14
2.979466576126003503e-05 4.395372739693303747e-14
3.136902659364937873e-05 3.976992756537847040e-14
3.302657721747396461e-05 3.597013109230899943e-14
3.477171341117060933e-05 3.252023198736301542e-14
3.660906322768686113e-05 2.938906838567535132e-14
3.854349926794865269e-05 2.654817431470345067e-14
4.058015160286377481e-05 2.397155200745836986e-14
4.272442137812802125e-05 2.163546308352627073e-14
4.498199513791428762e-05 1.951823705905166016e-14
4.735885990543048119e-05 1.760009576747463432e-14
4.986131906033965420e-05 1.586299238812115479e-14
5.249600905514855825e-05 1.429046388718962148e-14
5.526991701489628462e-05 1.286749577058268985e-14
5.819039926681675567e-05 1.158039813704084916e-14
6.126520084911513467e-05 1.041669210340747726e-14
6.450247605059517074e-05 9.365005747448923499e-15
6.791081003560761956e-05 8.414978784595279195e-15
7.149924161166876983e-05 7.557175258572730068e-15
7.527728720012828083e-05 6.783003584058717088e-15
7.925496607345536087e-05 6.084643334216318356e-15
8.344282692607255740e-05 5.454978214824649305e-15
8.785197584920166679e-05 4.887534712758512383e-15
9.249410578391079128e-05 4.376425947810434457e-15
9.738152753047069011e-05 3.916300295926682895e-15
1.025272023962569428e-04 3.502294386441260666e-15
1.079447765687782988e-04 3.129990109457487916e-15
1.136486173049905651e-04 2.795375298577518654e-15
1.196538510328622922e-04 2.494807782257685212e-15
1.259764034662452781e-04 2.224982522076752514e-15
1.326330418394272429e-04 1.982901579066168595e-15
1.396414193733734848e-04 1.765846670730432835e-15
1.470201220915809978e-04 1.571354101048095622e-15
1.547887181096991151e-04 1.397191863317122626e-15
1.629678095296311822e-04 1.241338732658520222e-15
1.715790870757394327e-04 1.101965179955293988e-15
1.806453876180463597e-04 9.774159528468177210e-16
1.901907547349827832e-04 8.661941824704553014e-16
2.002405024762933419e-04 7.669468860336513833e-16
2.108212824951964854e-04 6.784517464107509112e-16
2.219611547278323377e-04 5.996050596640954306e-16
2.336896618074376058e-04 5.294107505293988551e-16
2.460379074105922522e-04 4.669703642817486603e-16
2.590386387433102604e-04 4.114739510565834221e-16
2.727263333857244537e-04 3.621917656889491099e-16
2.871372907256763605e-04 3.184667127030307348e-16
3.023097282236890957e-04 2.797074718474157773e-16
3.182838827646163851e-04 2.453822451537424288e-16
3.351021173647492036e-04 2.150130713987393602e-16
3.528090335173620523e-04 1.881706584530177702e-16
3.714515894746464142e-04 1.644696881829184588e-16
3.910792247796889627e-04 1.435645524388286720e-16
4.117439913787788249e-04 1.251454821692660937e-16
4.335006916617287253e-04 1.089350349540251694e-16
4.564070237962985187e-04 9.468490919699626900e-17
4.805237347421405627e-04 8.217305594962859255e-17
5.059147813500580000e-04 7.120106182250685039e-17
5.326474999738048952e-04 6.159177872859915881e-17
5.607927850442356258e-04 5.318717828253632173e-17
5.904252770793751767e-04 4.584641060723516763e-17
6.216235606290101967e-04 3.944404904903573231e-17
6.544703726787431041e-04 3.386850390665956726e-17
6.890528220661899707e-04 2.902058975406277027e-17
7.254626204912109980e-04 2.481223228306589951e-17
7.637963257328000705e-04 2.116530182273643566e-17
8.041555977176609304e-04 1.801056182294093901e-17
8.466474681194882277e-04 1.528672162003076268e-17
8.913846242040567719e-04 1.293958374770771496e-17
9.384857076726804085e-04 1.092127691997979353e-17
9.880756292967819363e-04 9.189566603971013147e-18
1.040285900177746314e-03 7.707235821738298104e-18
1.095254980510789464e-03 6.441529482253982494e-18
1.153128646777501574e-03 5.363656147405021214e-18
1.214060378341118296e-03 4.448341688525605476e-18
1.278211764469474069e-03 3.673429795857062735e-18
1.345752932865352646e-03 3.019524762641953075e-18
1.416863000840370068e-03 2.469672387023225738e-18
1.491730550329220702e-03 2.009075219963623094e-18
1.570554128003663272e-03 1.624838736450956085e-18
1.653542771812903335e-03 1.305745332843686635e-18
1.740916565346355355e-03 1.042053339447520873e-18
1.832907221489342648e-03 8.253185056419095753e-19
1.929758696919155799e-03 6.482356568843638834e-19
2.031727839071515926e-03 5.044984427051321714e-19
2.139085067292833837e-03 3.886753008119693319e-19
2.252115089984791166e-03 2.960999296098009862e-19
2.371117659643266935e-03 2.227747269825327119e-19
2.496408367793532916e-03 1.652857890571639131e-19
2.628319481930403191e-03 1.207282070093998600e-19
2.767200826682288638e-03 8.664050870749560573e-20
2.913420711536607744e-03 6.094718001671093528e-20
3.067366907586191720e-03 4.190830258341156597e-20
3.229447675887688572e-03 2.807540448387046903e-20
3.400092850158405004e-03 1.825275064754805912e-20
3.579754976683650284e-03 1.146331082819198777e-20
3.768910514456757024e-03 6.918740197716175093e-21
3.968061098735392415e-03 3.992917396559633666e-21
4.177734871364151628e-03 2.197758901492596199e-21
4.398487881392388298e-03 1.159706819259220996e-21
4.630905559700654144e-03 6.029352506846714257e-22
4.875604271547489751e-03 3.332313609556621176e-22
5.133232951152765650e-03 2.193870806321772403e-22
5.404474822653598277e-03 1.779097731590431426e-22
5.690049211995553032e-03 1.613413216780607289e-22
5.990713454565465071e-03 1.471363527221495145e-22
6.307264903623829334e-03 1.279654039726164872e-22
6.640543044863451115e-03 1.046491996085296495e-22
6.991431722702647934e-03 8.099539436924270699e-23
7.360861484215805266e-03 6.058504716046854970e-23
7.749812046918931434e-03 4.529505123459523939e-23
8.159314896952960666e-03 3.508010427576062131e-23
8.590456024556986439e-03 2.860888824765133558e-23
9.044378804083832990e-03 2.421181189497677395e-23
9.522287026197780863e-03 2.058483045669127876e-23
1.002544809029356360e-02 1.715740063684192445e-23
1.055519636560512883e-02 1.398197554453308617e-23
1.111293672991532644e-02 1.137590195382662096e-23
1.170014829525363106e-02 9.562662905085841026e-24
1.231838833045964358e-02 8.490942915211073789e-24
1.296929639101776499e-02 7.890765831601005559e-24
1.365459866711222527e-02 7.453563915375936056e-24
1.437611256143657423e-02 6.992878303955963441e-24
1.513575150889450403e-02 6.482678994553151684e-24
1.593553005097725350e-02 5.983679043682628901e-24
1.677756917827099084e-02 5.551404289319650680e-24
1.766410195526622526e-02 5.198049562592870954e-24
1.859747944238205469e-02 4.910374140975716425e-24
1.958017693091437111e-02 4.677013846228558476e-24
2.061480050743956169e-02 4.493491726104985364e-24
2.170409396508356237e-02 4.353696839420974792e-24
2.285094607998653521e-02 4.247401298154464974e-24
2.405839827225597638e-02 4.165028495983582078e-24
2.532965267173022117e-02 4.100144666286121394e-24
2.666808060993671944e-02 4.047933455963429597e-24
2.807723156077168367e-02 4.004077899787402299e-24
2.956084255360505453e-02 3.964996093036416235e-24
3.112284808378085882e-02 3.928060756101078752e-24
3.276739054678824703e-02 3.891679046637244283e-24
3.449883122378179234e-02 3.855306920639775581e-24
3.632176184757648918e-02 3.819163596505350047e-24
3.824101677979843683e-02 3.783761873749658699e-24
4.026168583147594904e-02 3.749499578411336541e-24
4.238912776108010039e-02 3.716457225435898266e-24
4.462898448580157607e-02 3.684443426132574212e-24
4.698719604376174613e-02 3.653174316111894140e-24
4.947001634682674648e-02 3.622423064157676685e-24
5.208402976581189697e-02 3.592063373259561374e-24
5.483616859204791527e-02 3.562036280065052009e-24
5.773373142162922800e-02 3.532314126797596252e-24
6.078440251108559178e-02 3.502884172793957628e-24
6.399627215582119610e-02 3.473738236544766607e-24
6.737785814535306173e-02 3.444862003648897074e-24
7.093812835225182800e-02 3.416234608318459408e-24
7.468652451469562359e-02 3.387835733782253250e-24
7.863298727569426050e-02 3.359652340977752680e-24
8.278798254540450929e-02 3.331676649209344647e-24
8.716252925642942184e-02 3.303902705115251019e-24
9.176822858572845909e-02 3.276324581419982175e-24
9.661729472061239554e-02 3.248936924046916440e-24
1.017225872504363415e-01 3.221735409158777692e-24
1.070976452698691878e-01 3.194716758346010155e-24
1.127567232842047601e-01 3.167878146305390073e-24
1.187148290119091759e-01 3.141217389929870282e-24
1.249877631846823545e-01 3.114732743156504585e-24
1.315921614505543846e-01 3.088422895355854817e-24
1.385455384911721544e-01 3.062286812694336512e-24
1.458663344702423870e-01 3.036323584830457607e-24
1.535739639363451758e-01 3.010532391525166632e-24
1.616888673097707785e-01 2.984912314580027163e-24
1.702325650899587928e-01 2.959462119497725098e-24
1.792277149272578918e-01 2.934180004498976227e-24
1.886981717103972667e-01 2.909062980948883884e-24
1.986690508289885027e-01 2.884106765152445917e-24
2.091667947788395654e-01 2.859305745045869452e-24
2.202192432867340344e-01 2.834652847817567079e-24
2.318557071406035786e-01 2.810140361923108816e-24
2.441070459209414567e-01 2.785761975326055456e-24
2.570057498395422746e-01 2.761513719437634401e-24
2.705860259026610093e-01 2.737395777967659404e-24
2.848838886270317339e-01 2.713412488129447538e-24
2.999372555493877157e-01 2.689571091953380215e-24
3.157860477827025836e-01 2.665879921946537235e-24
3.324722958858977173e-01 2.642346687033611748e-24
3.500402513277023342e-01 2.618976659451592136e-24
3.685365038403465854e-01 2.595772982676823291e-24
3.880101049742215591e-01 2.572736432769633845e-24
4.085126981812584601e-01 2.549866485556877202e-24
4.300986557719104764e-01 2.527162064597378376e-24
4.528252231090438840e-01 2.504622064830514400e-24
4.767526704210300337e-01 2.482245494554440556e-24
5.019444526367542458e-01 2.460031299343468419e-24
5.284673776663026956e-01 2.437978048528358775e-24
5.563917835737249851e-01 2.416083914786205501e-24
5.857917251116027124e-01 2.394346683408703786e-24
6.167451701122360630e-01 2.372764029486715205e-24
6.493342062561684447e-01 2.351333720960427203e-24
6.836452587664290093e-01 2.330053678388752286e-24
7.197693196058722043e-01 2.308921947422836317e-24
7.578021887853048089e-01 2.287936681732192987e-24
7.978447284225120839e-01 2.267096149146403551e-24
8.400031302257581212e-01 2.246398818315431526e-24
8.843891971113112538e-01 2.225843373173952097e-24
9.311206397016346115e-01 2.205428736580140544e-24
9.803213884907592268e-01 2.185154080660843173e-24
1.032121922504468881e+00 2.165018747187633319e-24
1.086659615327133510e+00 2.145022214434474729e-24
1.144079099412590228e+00 2.125164017448202753e-24
1.204532649645483788e+00 2.105443702646781178e-24
1.268180587169977613e+00 2.085860807235712526e-24
1.335191704557074033e+00 2.066414838797032590e-24
1.405743713437765718e+00 2.047105275835070051e-24
1.480023715789453576e+00 2.027931573176211291e-24
1.558228700125130484e+00 2.008893162823485150e-24
1.640566063901565785e+00 1.989989457254329312e-24
1.727254163531529052e+00 1.971219864796249629e-24
1.818522893459066703e+00 1.952583771745710668e-24
1.914614295833099611e+00 1.934080572379265414e-24
2.015783202396615348e+00 1.915709642169028620e-24
2.122297910293363454e+00 1.897470365254553941e-24
2.234440893584412002e+00 1.879362115221681856e-24
2.352509552361668810e+00 1.861384269345267457e-24
2.476817001444564070e+00 1.843536202984626529e-24
2.607692900752042853e+00 1.825817289728921424e-24
2.745484329551405089e+00 1.808226907636166386e-24
2.890556706903089079e+00 1.790764429513012975e-24
3.043294760741747762e+00 1.773429235900184523e-24
3.204103548164281445e+00 1.756220700793149332e-24
3.373409529629865400e+00 1.739138207261485691e-24
3.551661699921506710e+00 1.722181131196099522e-24
3.739332778867581641e+00 1.705348858512215022e-24
3.936920464981978451e+00 1.688640767674019776e-24
4.144948755346563374e+00 1.672056246604463598e-24
4.363969335237208647e+00 1.655594678362516678e-24
4.594563041177627483e+00 1.639255450824950084e-24
4.837341401302062138e+00 1.623037953821754301e-24
5.092948257110692545e+00 1.606941574089804424e-24
5.362061470919814887e+00 1.590965707978492075e-24
5.645394723533637915e+00 1.575109743187754668e-24
5.943699406906337579e+00 1.559373079186044392e-24
6.257766616812644678e+00 1.543755108494273010e-24
6.588429250811796756e+00 1.528255230673340199e-24
6.936564217069212113e+00 1.512872844649731334e-24
7.303094759892273302e+00 1.497607350338457886e-24
7.688992908149164585e+00 1.482458151525767589e-24
8.095282053062081928e+00 1.467424650350569289e-24
8.523039662212969603e+00 1.452506254075362143e-24
8.973400136957240036e+00 1.437702367654823511e-24
9.447557820825359443e+00 1.423012401902074930e-24
9.946770166888303066e+00 1.408435764398163138e-24
1.047236107248894399e+01 1.393971869344995131e-24
1.102572439018057615e+01 1.379620127867542097e-24
1.160832762418602826e+01 1.365379955653161936e-24
1.222171582217759322e+01 1.351250769975900704e-24
1.286751567270148833e+01 1.337231985542784870e-24
1.354743981911013329e+01 1.323323027163009234e-24
1.426329140144581054e+01 1.309523309053358692e-24
1.501696883831733409e+01 1.295832260611631772e-24
1.581047086145458813e+01 1.282247413026395923e-24
1.664590181628925336e+01 1.268768957074921173e-24
1.752547724262081275e+01 1.255398357310596513e-24
1.845152975016669572e+01 1.242132831960522194e-24
1.942651520457989633e+01 1.228972851425364871e-24
2.045301924033504548e+01 1.215917811639242662e-24
2.153376411776036647e+01 1.202968678707741017e-24
2.267161594239792066e+01 1.190121900610739855e-24
2.386959226583423543e+01 1.177378292198350853e-24
2.513087008816503598e+01 1.164737286617120818e-24
2.645879428331093663e+01 1.152198271219731621e-24
2.785688646953231640e+01 1.139762944392710326e-24
2.932885434866106422e+01 1.127426337427089070e-24
3.087860153882505188e+01 1.115189717512801435e-24
3.251023792673449719e+01 1.103052188616048135e-24
3.422809056699009744e+01 1.091012832912242742e-24
3.603671515730903963e+01 1.079075203321856686e-24
3.794090812011152991e+01 1.067230395574195665e-24
3.994571932249924373e+01 1.055481277473484900e-24
4.205646546836594979e+01 1.043827047553268666e-24
4.427874419814538243e+01 1.032266885162774556e-24
4.661844893360151332e+01 1.020808926706697301e-24
4.908178450701871753e+01 1.009435695490882685e-24
5.167528361624862043e+01 9.981541526570701311e-25
5.440582414923961352e+01 9.869634717994996008e-25
5.728064742400763976e+01 9.758770714348948053e-25
6.030737739241440920e+01 9.648670266647393448e-25
6.349404085867146819e+01 9.539442717533615616e-25
6.684908876620677631e+01 9.431071205431910407e-25
7.038141860933095018e+01 9.323539036392654008e-25
7.410039802915083840e+01 9.217101338635132156e-25
7.801588965628805283e+01 9.111241287211349937e-25
8.213827726630717052e+01 9.006179146052952434e-25
8.647849331719901045e+01 8.901899947302738178e-25
9.104804794196266471e+01 8.798376514171978947e-25
9.585905947315171716e+01 8.696074886279754447e-25
1.009242865803626330e+02 8.594047185161301131e-25
1.062571621058708615e+02 8.492698961361611868e-25
1.118718286881640722e+02 8.392005389194264261e-25
1.177831762678182912e+02 8.291931479379837638e-25
1.240068815752154450e+02 8.193337099200805071e-25
1.305594497047952416e+02 8.094490771107646214e-25
1.374582578861178774e+02 7.996147143587938777e-25
1.447216015677837504e+02 7.898257752004761773e-25
1.523687429364660773e+02 7.802203521749170076e-25
1.604199619996924469e+02 7.705226949011533764e-25
1.688966103678748141e+02 7.608538610424386730e-25
1.778211678781746912e+02 7.512059272500609982e-25
1.872173022104170172e+02 7.415703958708538186e-25
1.971099316531323495e+02 7.321968306245643827e-25
2.075252911861514633e+02 7.225919851489831278e-25
2.184910020550584022e+02 7.129734036029572362e-25
2.300361450219635344e+02 7.033290337945543042e-25
2.421913374868958044e+02 6.936460411132903430e-25
2.549888146842793617e+02 6.843628987486993444e-25
2.684625151698984382e+02 6.746150895544035582e-25
2.826481708250012161e+02 6.647883380123655143e-25
2.975834016162793887e+02 6.548652574551454160e-25
3.133078153629527947e+02 6.448269282101728628e-25
3.298631127756291903e+02 6.354254197453130999e-25
3.472931980454258110e+02 6.251864025668962230e-25
3.656442952766932990e+02 6.147787878257869716e-25
3.849650710720292750e+02 6.041816249784916570e-25
4.053067635947851386e+02 5.945084477145745187e-25
4.267233184512466551e+02 5.835892495075778685e-25
4.492715317529182926e+02 5.724300837748897983e-25
4.730112007381999319e+02 5.610164956046178295e-25
4.980052823530374440e+02 5.493393176048812626e-25
5.243200602109875490e+02 5.391168798224985498e-25
5.520253203755627283e+02 5.270483120254928773e-25
5.811945364308926401e+02 5.147397227737733312e-25
6.119050643316614924e+02 5.022276506701867864e-25
6.442383475489923512e+02 4.895718669800684539e-25
6.782801330562232351e+02 4.790368037034165460e-25
7.141206987275488700e+02 4.664066139398796663e-25
7.518550927524256622e+02 4.539540463739865139e-25
7.915833857007912684e+02 4.418777738256660409e-25
8.334109359073779615e+02 4.304229744509957828e-25
8.774486688791521374e+02 4.214329793807129636e-25
9.238133714666647620e+02 4.116758394451042387e-25
9.726280015796114640e+02 4.032281429627083948e-25
1.024022014267721261e+03 3.960641611032119243e-25
1.078131705032028549e+03 3.899626528282805395e-25
1.135100571276741675e+03 3.822348011424469856e-25
1.195079692860465229e+03 3.650448809412289862e-25
1.258228132755700699e+03 3.302767631686941249e-25
1.324713358879524321e+03 2.817249271343075481e-25
1.394711688213833440e+03 2.446568138304523960e-25
1.468408754393199160e+03 1.859703807755551142e-25
1.546000000000000000e+03 1.222637846952538992e-25
