#MPBH fPBH
1.201635780068009050e+21 0.000000000000000000e+00
1.084045558600448606e+21 0.000000000000000000e+00
9.779625345833560965e+20 0.000000000000000000e+00
8.822606314475113677e+20 0.000000000000000000e+00
7.959239687374953513e+20 0.000000000000000000e+00
7.180360784901818286e+20 0.000000000000000000e+00
6.477701768818089001e+20 0.000000000000000000e+00
5.843803878766065091e+20 0.000000000000000000e+00
5.271938257156329308e+20 0.000000000000000000e+00
4.756034522010199654e+20 0.000000000000000000e+00
4.290616329553504502e+20 0.000000000000000000e+00
3.870743242555418214e+20 0.000000000000000000e+00
3.491958287341788201e+20 0.000000000000000000e+00
3.150240642798310523e+20 0.000000000000000000e+00
2.841962959154604278e+20 0.000000000000000000e+00
2.563852853486246298e+20 0.000000000000000000e+00
2.312958173207488102e+20 0.000000000000000000e+00
2.086615658824902246e+20 0.000000000000000000e+00
1.882422673305601966e+20 0.000000000000000000e+00
1.698211697965776896e+20 0.000000000000000000e+00
1.532027324152194662e+20 0.000000000000000000e+00
1.382105496482237317e+20 0.000000000000000000e+00
1.246854787308380160e+20 0.000000000000000000e+00
1.124839503634670060e+20 0.000000000000000000e+00
1.014764447164251341e+20 0.000000000000000000e+00
9.154611657051262157e+19 0.000000000000000000e+00
8.258755499920818176e+19 0.000000000000000000e+00
7.450566442644943667e+19 0.000000000000000000e+00
6.721465518236876800e+19 0.000000000000000000e+00
6.063713284168651571e+19 0.000000000000000000e+00
5.470327667804255846e+19 0.000000000000000000e+00
4.935009851351736320e+19 0.000000000000000000e+00
4.452077409599551898e+19 0.000000000000000000e+00
4.016403990690616115e+19 0.000000000000000000e+00
3.623364899642768179e+19 0.000000000000000000e+00
3.268788006981778637e+19 0.000000000000000000e+00
2.948909461379773235e+19 0.000000000000000000e+00
2.660333736186397491e+19 0.000000000000000000e+00
2.399997585744808755e+19 0.000000000000000000e+00
2.165137528886843392e+19 0.000000000000000000e+00
1.953260514443147674e+19 0.000000000000000000e+00
1.762117457381205402e+19 0.000000000000000000e+00
1.589679364655984435e+19 0.000000000000000000e+00
1.434115797347989094e+19 0.000000000000000000e+00
1.293775440463199437e+19 0.000000000000000000e+00
1.167168574142403584e+19 0.000000000000000000e+00
1.052951260210877235e+19 0.000000000000000000e+00
9.499110762079207424e+18 0.000000000000000000e+00
8.569542454622048256e+18 0.000000000000000000e+00
7.730940265980796928e+18 0.000000000000000000e+00
6.974402392268599296e+18 0.000000000000000000e+00
6.291898146377777152e+18 0.000000000000000000e+00
5.676182711837362176e+18 0.000000000000000000e+00
5.120720238726318080e+18 0.000000000000000000e+00
4.619614465302054912e+18 0.000000000000000000e+00
4.167546128889112064e+18 0.000000000000000000e+00
3.759716501641651712e+18 0.000000000000000000e+00
3.391796451809035776e+18 0.000000000000000000e+00
3.059880489787218432e+18 0.000000000000000000e+00
2.760445311152660480e+18 0.000000000000000000e+00
2.490312396610819072e+18 0.000000000000000000e+00
2.246614271855991552e+18 0.000000000000000000e+00
2.026764069189110016e+18 0.000000000000000000e+00
1.828428067788624128e+18 0.000000000000000000e+00
1.649500921148071424e+18 0.000000000000000000e+00
1.488083308718316544e+18 0.000000000000000000e+00
1.342461774525598464e+18 0.000000000000000000e+00
1.211090538751256832e+18 0.000000000000000000e+00
1.092575089202170240e+18 0.000000000000000000e+00
9.856573784945616640e+17 0.000000000000000000e+00
8.892024698185324800e+17 0.000000000000000000e+00
8.021864895274453760e+17 0.000000000000000000e+00
7.236857586683185920e+17 0.000000000000000000e+00
6.528669880838483200e+17 0.000000000000000000e+00
5.889784330066236160e+17 0.000000000000000000e+00
5.313419132510734720e+17 0.000000000000000000e+00
4.793456142971134080e+17 0.000000000000000000e+00
4.324375928486256640e+17 0.000000000000000000e+00
3.901199179279515520e+17 0.000000000000000000e+00
3.519433853138368640e+17 0.000000000000000000e+00
3.175027492163041920e+17 0.000000000000000000e+00
2.864324205724687360e+17 0.000000000000000000e+00
2.584025863004735040e+17 0.000000000000000000e+00
2.331157083172435200e+17 0.000000000000000000e+00
2.103033651569557760e+17 0.000000000000000000e+00
1.897234026638448960e+17 0.000000000000000000e+00
1.711573635138142400e+17 0.000000000000000000e+00
1.544081682790866880e+17 0.000000000000000000e+00
1.392980234202921600e+17 0.000000000000000000e+00
1.256665339992144160e+17 0.000000000000000000e+00
1.133690010785554240e+17 0.000000000000000000e+00
1.022748857355278080e+17 0.000000000000000000e+00
9.226642338470670400e+16 0.000000000000000000e+00
8.323737370110534400e+16 0.000000000000000000e+00
7.509189287384740800e+16 0.000000000000000000e+00
6.774351621935540000e+16 0.000000000000000000e+00
6.111424035443864000e+16 0.000000000000000000e+00
5.513369518650653600e+16 0.000000000000000000e+00
4.973839693154000000e+16 0.000000000000000000e+00
4.487107423057132800e+16 0.000000000000000000e+00
4.048006021136368800e+16 0.000000000000000000e+00
3.651874404199576000e+16 0.000000000000000000e+00
3.294507615456616800e+16 0.000000000000000000e+00
2.972112188694129200e+16 0.000000000000000000e+00
2.681265880443222000e+16 0.000000000000000000e+00
2.418881342695114000e+16 0.000000000000000000e+00
2.182173350548632800e+16 0.000000000000000000e+00
1.968629236909561200e+16 0.000000000000000000e+00
1.775982220404602600e+16 0.000000000000000000e+00
1.602187343384539200e+16 0.000000000000000000e+00
1.445399764597193200e+16 0.000000000000000000e+00
1.303955176105891600e+16 0.000000000000000000e+00
1.176352136578068800e+16 0.000000000000000000e+00
1.061236133410934400e+16 0.000000000000000000e+00
9.573852045129066000e+15 0.000000000000000000e+00
8.636969671153258000e+15 0.000000000000000000e+00
7.791769159246036000e+15 0.000000000000000000e+00
7.029278663991329000e+15 0.000000000000000000e+00
6.341404310908104000e+15 0.000000000000000000e+00
5.720844279570800000e+15 0.000000000000000000e+00
5.161011294422779000e+15 0.000000000000000000e+00
4.655962700519051000e+15 0.000000000000000000e+00
4.200337381948935500e+15 0.000000000000000000e+00
3.789298853324324500e+15 0.000000000000000000e+00
3.418483920247047500e+15 0.000000000000000000e+00
3.083956363783645000e+15 0.000000000000000000e+00
2.782165157305849000e+15 0.000000000000000000e+00
2.509906772166549000e+15 0.000000000000000000e+00
2.264291172084060000e+15 0.000000000000000000e+00
2.042711135263470000e+15 0.000000000000000000e+00
1.842814578607771500e+15 0.000000000000000000e+00
1.662479590238939500e+15 0.000000000000000000e+00
1.499791905297973500e+15 0.000000000000000000e+00
1.353024585928320250e+15 0.000000000000000000e+00
1.220619689744754750e+15 0.000000000000000000e+00
1.101171732197562250e+15 0.000000000000000000e+00
9.934127672842503750e+14 0.000000000000000000e+00
8.961989282397408750e+14 0.000000000000000000e+00
8.084982853338370000e+14 0.000000000000000000e+00
7.293798918858922500e+14 0.000000000000000000e+00
6.580039022195463750e+14 0.000000000000000000e+00
5.936126566591516250e+14 0.000000000000000000e+00
5.355226389346909375e+14 0.000000000000000000e+00
4.831172206226142500e+14 0.000000000000000000e+00
4.358401156044950625e+14 0.000000000000000000e+00
3.931894750622510000e+14 0.000000000000000000e+00
3.547125603280148750e+14 0.000000000000000000e+00
3.200009370406863125e+14 0.000000000000000000e+00
2.886861395948982500e+14 0.000000000000000000e+00
2.604357598603185000e+14 0.000000000000000000e+00
2.349499186528326875e+14 0.000000000000000000e+00
2.119580825021079062e+14 0.000000000000000000e+00
1.912161919253711875e+14 0.000000000000000000e+00
1.725040707238741562e+14 0.000000000000000000e+00
1.556230888016084688e+14 0.000000000000000000e+00
1.403940536969686094e+14 0.000000000000000000e+00
1.266553084458736406e+14 0.000000000000000000e+00
1.142610155850624531e+14 0.000000000000000000e+00
1.030796090801766875e+14 0.000000000000000000e+00
9.299239774577259375e+13 0.000000000000000000e+00
8.389230533249092188e+13 0.000000000000000000e+00
7.568273390735120312e+13 0.000000000000000000e+00
6.827653846189584375e+13 0.000000000000000000e+00
6.159510186359619531e+13 0.000000000000000000e+00
5.556750033108591406e+13 0.000000000000000000e+00
5.012975057469857031e+13 0.000000000000000000e+00
4.522413061067023438e+13 0.000000000000000000e+00
4.079856703941445312e+13 0.000000000000000000e+00
3.680608228379879688e+13 0.000000000000000000e+00
3.320429591983065625e+13 0.000000000000000000e+00
2.995497480635123438e+13 0.000000000000000000e+00
2.702362723834303906e+13 0.000000000000000000e+00
2.437913681576782031e+13 0.000000000000000000e+00
2.199343214143476562e+13 0.000000000000000000e+00
1.984118884172487891e+13 0.000000000000000000e+00
1.789956074710699219e+13 0.000000000000000000e+00
1.614793737891365039e+13 0.000000000000000000e+00
1.456772516808612891e+13 0.000000000000000000e+00
1.314215008351528320e+13 0.000000000000000000e+00
1.185607957486832031e+13 0.000000000000000000e+00
1.069586193981514062e+13 0.000000000000000000e+00
9.649181410530195312e+12 0.000000000000000000e+00
8.704927421205157227e+12 0.000000000000000000e+00
7.853076668841060547e+12 0.000000000000000000e+00
7.084586715389034180e+12 0.000000000000000000e+00
6.391300001821314453e+12 0.000000000000000000e+00
5.765857255236966797e+12 0.000000000000000000e+00
5.201619369814411133e+12 0.000000000000000000e+00
4.692596932373499023e+12 0.000000000000000000e+00
4.233386644457000000e+12 0.000000000000000000e+00
3.819113966049125000e+12 0.000000000000000000e+00
3.445381372091116699e+12 0.000000000000000000e+00
3.108221672534340820e+12 0.000000000000000000e+00
2.804055900420859863e+12 0.000000000000000000e+00
2.529655320971363770e+12 0.000000000000000000e+00
2.282107158405182129e+12 0.000000000000000000e+00
2.058783676680643066e+12 0.000000000000000000e+00
1.857314285946477051e+12 0.000000000000000000e+00
1.675560378612801270e+12 0.000000000000000000e+00
1.511592627925325195e+12 0.000000000000000000e+00
1.363670508066002686e+12 0.000000000000000000e+00
1.230223818385052246e+12 0.000000000000000000e+00
1.109836015643043945e+12 0.000000000000000000e+00
1.001229177334056274e+12 0.000000000000000000e+00
9.032504364747988281e+11 0.000000000000000000e+00
8.148597438643215332e+11 0.000000000000000000e+00
7.351188279100889893e+11 0.000000000000000000e+00
6.631812348284078369e+11 0.000000000000000000e+00
5.982833434954874268e+11 0.000000000000000000e+00
5.397362595712676392e+11 0.000000000000000000e+00
4.869185028517848511e+11 0.000000000000000000e+00
4.392694102259361572e+11 0.000000000000000000e+00
3.962831842087072144e+11 0.000000000000000000e+00
3.575035238757460938e+11 0.000000000000000000e+00
3.225187812063799438e+11 0.000000000000000000e+00
2.909575914194384155e+11 0.000000000000000000e+00
2.624849309176485596e+11 0.000000000000000000e+00
2.367985609955106506e+11 0.000000000000000000e+00
2.136258195604263916e+11 0.000000000000000000e+00
1.927207268110435181e+11 0.000000000000000000e+00
1.738613741494431458e+11 0.000000000000000000e+00
1.568475686103551331e+11 0.000000000000000000e+00
1.414987078028846436e+11 0.000000000000000000e+00
1.276518628071629333e+11 0.000000000000000000e+00
1.151600486757699890e+11 0.000000000000000000e+00
1.038906641812167206e+11 0.000000000000000000e+00
9.372408424732913208e+10 0.000000000000000000e+00
8.455239012312120056e+10 0.000000000000000000e+00
7.627822381989521790e+10 0.000000000000000000e+00
6.881375465135398865e+10 0.000000000000000000e+00
6.207974690650379181e+10 0.000000000000000000e+00
5.600471875864624786e+10 0.000000000000000000e+00
5.052418348223750305e+10 0.000000000000000000e+00
4.557996492309348297e+10 0.000000000000000000e+00
4.111957995562284851e+10 0.000000000000000000e+00
3.709568137184307098e+10 0.000000000000000000e+00
3.346555528841518402e+10 0.000000000000000000e+00
3.019066773665061951e+10 0.000000000000000000e+00
2.723625562251953125e+10 0.000000000000000000e+00
2.457095771468101883e+10 0.000000000000000000e+00
2.216648174345471191e+10 0.000000000000000000e+00
1.999730407697248459e+10 0.000000000000000000e+00
1.804039878655889130e+10 0.000000000000000000e+00
1.627499322535422516e+10 0.000000000000000000e+00
1.468234752563634682e+10 0.000000000000000000e+00
1.324555567419401360e+10 0.000000000000000000e+00
1.194936605415692711e+10 0.000000000000000000e+00
1.078001954832490349e+10 0.000000000000000000e+00
9.725103485455656052e+09 0.000000000000000000e+00
8.773419879142808914e+09 0.000000000000000000e+00
7.914866560634008408e+09 0.000000000000000000e+00
7.140329943807843208e+09 0.000000000000000000e+00
6.441588284004488945e+09 0.000000000000000000e+00
5.811224403797766685e+09 0.000000000000000000e+00
5.242546959288251877e+09 0.000000000000000000e+00
4.729519411155570984e+09 0.000000000000000000e+00
4.266695946493563652e+09 0.000000000000000000e+00
3.849163671235809326e+09 0.000000000000000000e+00
3.472490459541088104e+09 0.000000000000000000e+00
3.132677906557423115e+09 0.000000000000000000e+00
2.826118885155981064e+09 0.000000000000000000e+00
2.549559256097383976e+09 0.000000000000000000e+00
2.300063325182116985e+09 0.000000000000000000e+00
2.074982680710735559e+09 0.000000000000000000e+00
1.871928080462131977e+09 0.000000000000000000e+00
1.688744089768687010e+09 0.000000000000000000e+00
1.523486201470208883e+09 0.000000000000000000e+00
1.374400194873843908e+09 0.000000000000000000e+00
1.239903514614267349e+09 0.000000000000000000e+00
1.118568471749908686e+09 0.000000000000000000e+00
1.009107088773897529e+09 0.000000000000000000e+00
9.103574276688561440e+08 0.000000000000000000e+00
8.212712558771332502e+08 0.000000000000000000e+00
7.409029192601389885e+08 0.000000000000000000e+00
6.683993039326802492e+08 0.000000000000000000e+00
6.029907804167119265e+08 0.000000000000000000e+00
5.439830339861875772e+08 0.000000000000000000e+00
4.907496944817569256e+08 0.000000000000000000e+00
4.427256873604133129e+08 0.000000000000000000e+00
3.994012354011494517e+08 0.000000000000000000e+00
3.603164473944386840e+08 0.000000000000000000e+00
3.250564363741953373e+08 0.000000000000000000e+00
2.932469155720314980e+08 0.000000000000000000e+00
2.645502253446128368e+08 0.000000000000000000e+00
2.386617488997740448e+08 0.000000000000000000e+00
2.153066787741396427e+08 0.000000000000000000e+00
1.942370997382498384e+08 0.000000000000000000e+00
1.752293571640865505e+08 0.000000000000000000e+00
1.580816829200847745e+08 0.000000000000000000e+00
1.426120535923983157e+08 0.000000000000000000e+00
1.286562582973175943e+08 0.000000000000000000e+00
1.160661555745832473e+08 0.000000000000000000e+00
1.047081008584269434e+08 0.000000000000000000e+00
9.446152783386771381e+07 0.000000000000000000e+00
8.521766861928974092e+07 0.000000000000000000e+00
7.687839918997536600e+07 0.000000000000000000e+00
6.935519778671064973e+07 0.000000000000000000e+00
6.256820525291291624e+07 0.000000000000000000e+00
5.644537732571735978e+07 0.000000000000000000e+00
5.092171988254813850e+07 0.000000000000000000e+00
4.593859902527905256e+07 0.000000000000000000e+00
4.144311867849187553e+07 0.000000000000000000e+00
3.738755909500939399e+07 0.000000000000000000e+00
3.372887030840814859e+07 0.000000000000000000e+00
3.042821515548661724e+07 0.000000000000000000e+00
2.745055701784881577e+07 0.000000000000000000e+00
2.476428790645962581e+07 0.000000000000000000e+00
2.234089294127134234e+07 0.000000000000000000e+00
2.015464766435517743e+07 0.000000000000000000e+00
1.818234497350317240e+07 0.000000000000000000e+00
1.640304877768515050e+07 0.000000000000000000e+00
1.479787175940259919e+07 0.000000000000000000e+00
1.334977488487525657e+07 0.000000000000000000e+00
1.204338653385119140e+07 0.000000000000000000e+00
1.086483932909436151e+07 0.000000000000000000e+00
9.801622933486232534e+06 0.000000000000000000e+00
8.842451252176169306e+06 0.000000000000000000e+00
7.977142630123772658e+06 0.000000000000000000e+00
7.196511773324979469e+06 0.000000000000000000e+00
6.492272246459943242e+06 0.000000000000000000e+00
5.856948511970542371e+06 0.000000000000000000e+00
5.283796576857777312e+06 0.000000000000000000e+00
4.766732404861267656e+06 0.000000000000000000e+00
4.300267334112034179e+06 0.000000000000000000e+00
3.879449814714159351e+06 0.000000000000000000e+00
3.499812847796690650e+06 0.000000000000000000e+00
3.157326568098748103e+06 0.000000000000000000e+00
2.848355466749620624e+06 0.000000000000000000e+00
2.569619800161473453e+06 0.000000000000000000e+00
2.318160775388330221e+06 0.000000000000000000e+00
2.091309142391934060e+06 0.000000000000000000e+00
1.886656859820019454e+06 0.000000000000000000e+00
1.702031533527744235e+06 0.000000000000000000e+00
1.535473356505941367e+06 0.000000000000000000e+00
1.385214305432373891e+06 0.000000000000000000e+00
1.249659373016323894e+06 0.000000000000000000e+00
1.127369636917016469e+06 0.000000000000000000e+00
1.017046985511469305e+06 0.000000000000000000e+00
9.175203383751467336e+05 0.000000000000000000e+00
8.277332152050808072e+05 0.000000000000000000e+00
7.467325212289803894e+05 0.000000000000000000e+00
6.736584300568843028e+05 0.000000000000000000e+00
6.077352565813118126e+05 0.000000000000000000e+00
5.482632230413347716e+05 0.000000000000000000e+00
4.946110308468742878e+05 0.000000000000000000e+00
4.462091593128137174e+05 0.000000000000000000e+00
4.025438201686363900e+05 0.000000000000000000e+00
3.631515036704150261e+05 0.000000000000000000e+00
3.276140584218516015e+05 0.000000000000000000e+00
2.955542526764437789e+05 0.000000000000000000e+00
2.666317700037528994e+05 0.000000000000000000e+00
2.405395968135916046e+05 0.000000000000000000e+00
2.170007633915150363e+05 0.000000000000000000e+00
1.957654038515437569e+05 0.000000000000000000e+00
1.766081037973744678e+05 0.000000000000000000e+00
1.593255075373631262e+05 0.000000000000000000e+00
1.437341594537619094e+05 0.000000000000000000e+00
1.296685566122212331e+05 0.000000000000000000e+00
1.169793919399222359e+05 0.000000000000000000e+00
1.055319693235799787e+05 0.000000000000000000e+00
9.520477380351582542e+04 0.000000000000000000e+00
8.588818168631769367e+04 0.000000000000000000e+00
7.748329688389594958e+04 0.000000000000000000e+00
6.990090112659023725e+04 0.000000000000000000e+00
6.306050690681069682e+04 0.000000000000000000e+00
5.688950310014261777e+04 0.000000000000000000e+00
5.132238419465623883e+04 0.000000000000000000e+00
4.630005494664476282e+04 0.000000000000000000e+00
4.176920308167429903e+04 0.000000000000000000e+00
3.768173338214568503e+04 0.000000000000000000e+00
3.399425715416796447e+04 0.000000000000000000e+00
3.066763165442008176e+04 0.000000000000000000e+00
2.766654458798420092e+04 0.000000000000000000e+00
2.495913926658207856e+04 0.000000000000000000e+00
2.251667644824717718e+04 0.000000000000000000e+00
2.031322926884224944e+04 0.000000000000000000e+00
1.832540802711023571e+04 0.000000000000000000e+00
1.653211190183222061e+04 0.000000000000000000e+00
1.491430496556335675e+04 0.000000000000000000e+00
1.345481411731646949e+04 0.000000000000000000e+00
1.213814678924254804e+04 0.000000000000000000e+00
1.095032649225376008e+04 0.000000000000000000e+00
9.878744454896828756e+03 0.000000000000000000e+00
8.912025780618530916e+03 0.000000000000000000e+00
8.039908702673106745e+03 0.000000000000000000e+00
7.253135654959137355e+03 0.000000000000000000e+00
6.543355002495040026e+03 0.000000000000000000e+00
5.903032388399161391e+03 0.000000000000000000e+00
5.325370756317324776e+03 0.000000000000000000e+00
4.804238199331706710e+03 0.000000000000000000e+00
4.334102869464668402e+03 0.000000000000000000e+00
3.909974256837408120e+03 0.000000000000000000e+00
3.527350215159849085e+03 0.000000000000000000e+00
3.182169171224220008e+03 0.000000000000000000e+00
2.870767011103508594e+03 0.000000000000000000e+00
2.589838185400340535e+03 0.000000000000000000e+00
2.336400620675739447e+03 0.000000000000000000e+00
2.107764064591626720e+03 0.000000000000000000e+00
1.901501528748479814e+03 0.000000000000000000e+00
1.715423526082985745e+03 0.000000000000000000e+00
1.547554829354150115e+03 0.000000000000000000e+00
1.396113504007916617e+03 0.000000000000000000e+00
1.259491992853475949e+03 0.000000000000000000e+00
1.136240051763736574e+03 0.000000000000000000e+00
1.025049355261970049e+03 0.000000000000000000e+00
9.247396085818164693e+02 0.000000000000000000e+00
8.342460187797460094e+02 0.000000000000000000e+00
7.526079919050926037e+02 0.000000000000000000e+00
6.789589362475035159e+02 0.000000000000000000e+00
6.125170634229430107e+02 0.000000000000000000e+00
5.525770896511151022e+02 0.000000000000000000e+00
4.985027491331464375e+02 0.000000000000000000e+00
4.497200400584927706e+02 0.000000000000000000e+00
4.057111315472237720e+02 0.000000000000000000e+00
3.660088668495207571e+02 0.000000000000000000e+00
3.301918044535493664e+02 0.000000000000000000e+00
2.978797444629028064e+02 0.000000000000000000e+00
2.687296927557939625e+02 0.000000000000000000e+00
2.424322200854365121e+02 0.000000000000000000e+00
2.187081774732031079e+02 0.000000000000000000e+00
1.973057330283598105e+02 0.000000000000000000e+00
1.779976987400413861e+02 0.000000000000000000e+00
1.605791188652196126e+02 0.000000000000000000e+00
1.448650943133229418e+02 0.000000000000000000e+00
1.306888199331948499e+02 0.000000000000000000e+00
1.178998138681389491e+02 0.000000000000000000e+00
1.063623201835272596e+02 0.000000000000000000e+00
9.595386781081479910e+01 0.000000000000000000e+00
8.656397051106586105e+01 0.000000000000000000e+00
7.809295405803388235e+01 0.000000000000000000e+00
7.045089819130514286e+01 0.000000000000000000e+00
6.355668210826243580e+01 0.000000000000000000e+00
5.733712336274083299e+01 0.000000000000000000e+00
5.172620102972267375e+01 0.000000000000000000e+00
4.666435488994093106e+01 0.000000000000000000e+00
4.209785319519426849e+01 0.000000000000000000e+00
3.797822230316825909e+01 0.000000000000000000e+00
3.426173212731740847e+01 0.000000000000000000e+00
3.090893193982188691e+01 0.000000000000000000e+00
2.788423160015336677e+01 0.000000000000000000e+00
2.515552376396602341e+01 0.000000000000000000e+00
2.269384306203990320e+01 0.000000000000000000e+00
2.047305863144962501e+01 0.000000000000000000e+00
1.846959673515492995e+01 0.000000000000000000e+00
1.666219052561246627e+01 0.000000000000000000e+00
1.503165429613160597e+01 0.000000000000000000e+00
1.356067982364548463e+01 0.000000000000000000e+00
1.223365264106371519e+01 0.000000000000000000e+00
1.103648628892785943e+01 0.000000000000000000e+00
9.956472786945401054e+00 0.000000000000000000e+00
8.982147738146977645e+00 0.000000000000000000e+00
8.103168633743784710e+00 0.000000000000000000e+00
7.310205066882483393e+00 0.000000000000000000e+00
6.594839689913286840e+00 0.000000000000000000e+00
5.949478863826662689e+00 0.000000000000000000e+00
5.367272051397709021e+00 0.000000000000000000e+00
4.842039098393629004e+00 0.000000000000000000e+00
4.368204630929210630e+00 0.000000000000000000e+00
3.940738872596434295e+00 0.000000000000000000e+00
3.555104253137786330e+00 0.000000000000000000e+00
3.207207241912725326e+00 0.000000000000000000e+00
2.893354894866665639e+00 0.000000000000000000e+00
2.610215653746216002e+00 0.000000000000000000e+00
2.354783981443043572e+00 0.000000000000000000e+00
2.124348458067989664e+00 0.000000000000000000e+00
1.916462999094441066e+00 0.000000000000000000e+00
1.728920890049437276e+00 0.000000000000000000e+00
1.559731362129998633e+00 0.000000000000000000e+00
1.407098460093427095e+00 0.000000000000000000e+00
1.269401978103109840e+00 0.000000000000000000e+00
1.145180261163181390e+00 0.000000000000000000e+00
1.033114689578052969e+00 0.000000000000000000e+00
9.320156817389279036e-01 0.000000000000000000e+00
8.408100666558674385e-01 0.000000000000000000e+00
7.585296921944597592e-01 0.000000000000000000e+00
6.843011480928388179e-01 0.000000000000000000e+00
6.173364946683280730e-01 0.000000000000000000e+00
5.569248987986169519e-01 0.000000000000000000e+00
5.024250883928181866e-01 0.000000000000000000e+00
4.532585452564077966e-01 0.000000000000000000e+00
4.089033640918232626e-01 0.000000000000000000e+00
3.688887124478212876e-01 0.000000000000000000e+00
3.327898328096284275e-01 0.000000000000000000e+00
3.002235337768022760e-01 0.000000000000000000e+00
2.708441224675048331e-01 0.000000000000000000e+00
2.443397349713704592e-01 0.000000000000000000e+00
2.204290258986252860e-01 0.000000000000000000e+00
1.988581818847843519e-01 0.000000000000000000e+00
1.793982273491881996e-01 0.000000000000000000e+00
1.618425939078436682e-01 0.000000000000000000e+00
1.460049276397574758e-01 0.000000000000000000e+00
1.317171109308193366e-01 0.000000000000000000e+00
1.188274778969685697e-01 0.000000000000000000e+00
1.071992044433053431e-01 0.000000000000000000e+00
9.670885586952973623e-02 0.000000000000000000e+00
8.724507660446059742e-02 0.000000000000000000e+00
7.870740816112266336e-02 0.000000000000000000e+00
7.100522276491164075e-02 0.000000000000000000e+00
6.405676133527063443e-02 0.000000000000000000e+00
5.778826560898446540e-02 0.000000000000000000e+00
5.213319519255398687e-02 0.000000000000000000e+00
4.703152123261514217e-02 0.000000000000000000e+00
4.242908920667572137e-02 0.000000000000000000e+00
3.827704407017244737e-02 0.000000000000000000e+00
3.453131165774329242e-02 0.000000000000000000e+00
3.115213083377562850e-02 0.000000000000000000e+00
2.810363142597451652e-02 0.000000000000000000e+00
2.535345346170306963e-02 0.000000000000000000e+00
2.287240366526616109e-02 0.000000000000000000e+00
2.063414556983729845e-02 0.000000000000000000e+00
1.861491995455673981e-02 0.000000000000000000e+00
1.679329263922044180e-02 0.000000000000000000e+00
1.514992695939385361e-02 0.000000000000000000e+00
1.366737850675740426e-02 0.000000000000000000e+00
1.232990995584617826e-02 0.000000000000000000e+00
1.112332401155870058e-02 0.000000000000000000e+00
1.003481270416350414e-02 0.000000000000000000e+00
9.052821432065025209e-03 0.000000000000000000e+00
8.166926309133020964e-03 0.000000000000000000e+00
7.367723514634164778e-03 0.000000000000000000e+00
6.646729471207361850e-03 0.000000000000000000e+00
5.996290791268898100e-03 0.000000000000000000e+00
5.409503035923204049e-03 0.000000000000000000e+00
4.880137424000702273e-03 0.000000000000000000e+00
4.402574713236652275e-03 0.000000000000000000e+00
3.971745551735069574e-03 0.000000000000000000e+00
3.583076666546852144e-03 0.000000000000000000e+00
3.232442318150009677e-03 0.000000000000000000e+00
2.916120505519832935e-03 0.000000000000000000e+00
2.630753456903194530e-03 0.000000000000000000e+00
2.373311986904440025e-03 0.000000000000000000e+00
2.141063341532126272e-03 0.000000000000000000e+00
1.931542189879502380e-03 0.000000000000000000e+00
1.742524454514628477e-03 0.000000000000000000e+00
1.572003702787835508e-03 0.000000000000000000e+00
1.418169848449550574e-03 0.000000000000000000e+00
1.279389937494872231e-03 2.657130382016436333e-295
1.154190814275620489e-03 2.034021175065348139e-249
1.041243483880042878e-03 4.310926616907691528e-211
9.393490047857419199e-04 5.036604077452736115e-179
8.474257620358956059e-04 3.806134796875076166e-152
7.644979858427852770e-04 1.414889511074935842e-129
6.896853937429788623e-04 1.378660876824750779e-110
6.221938463553124913e-04 1.401014987302247976e-94
5.613069175518636128e-04 4.647491913635929836e-81
5.063782895590626361e-04 1.293146018242901040e-69
4.568248922623854933e-04 6.593256233898450412e-60
4.121207138881448112e-04 1.177337643579154270e-51
3.717912173623908411e-04 1.260488461287980152e-44
3.354083030762792812e-04 1.264856649620562236e-38
3.025857645874831334e-04 1.725259992475106912e-33
2.729751890196009776e-04 4.360090211724762371e-29
2.462622586421888511e-04 2.643622648999119108e-25
2.221634143724246046e-04 4.772492730162794384e-22
2.004228457813634701e-04 3.073301323236746943e-19
1.808097756535294255e-04 8.213747352293819750e-17
1.631160102753067978e-04 1.034542557708912196e-14
1.471537294483395055e-04 6.833164175030261485e-13
1.327534927687794156e-04 2.589528911635731274e-11
1.197624410089950521e-04 6.074031972487064768e-10
1.080426735092740882e-04 9.401514215898814447e-09
9.746978435546974572e-05 1.013668266854982861e-07
8.793154180404873785e-05 7.970391574791616759e-07
7.932669693654939797e-05 4.751453839687656184e-06
7.156390889728957659e-05 2.219523090680741785e-05
6.456077530564397707e-05 8.354991745585690064e-05
5.824295755068485740e-05 2.595542694786241505e-04
5.254339168312815983e-05 6.790505004584789644e-04
4.740157652818502405e-05 1.522122808890735961e-03
4.276293146258526687e-05 2.966431952343950938e-03
3.857821703854948846e-05 5.089384180559787356e-03
3.480301230460777756e-05 7.768471420151352828e-03
3.139724327498941148e-05 1.064486229687007166e-02
2.832475754227614691e-05 1.319391390533258650e-02
2.555294051780091717e-05 1.488728891488131680e-02
2.305236922616886078e-05 1.537448898903478675e-02
2.079649997891354154e-05 1.459753577675620279e-02
1.876138661192303667e-05 1.278999008052878611e-02
1.692542629572005929e-05 1.037293525360884552e-02
1.526913022035337959e-05 7.806403301510799787e-03
1.377491672071317687e-05 5.462289814673067234e-03
1.242692464628099409e-05 3.559063184717531966e-03
1.121084499423026150e-05 2.161849110260919294e-03
1.011376901865023215e-05 1.225132559371884186e-03
9.124051203566813843e-06 6.480550621825605616e-04
8.231185645212665814e-06 3.200310768807033816e-04
7.425694531335925294e-06 1.475341196852571755e-04
6.699027533753022002e-06 6.347154519308722523e-05
6.043471046190134366e-06 2.546966649518989247e-05
5.452066303969369193e-06 9.525932135896897701e-06
4.918535516376413907e-06 3.317646781229261307e-06
4.437215227599718724e-06 1.074754544859788765e-06
4.002996198866126357e-06 3.234337518897185171e-07
3.611269173617416220e-06 9.028653828477521456e-08
3.257875950022941861e-06 2.334062401565428352e-08
2.939065241460868471e-06 5.577889882917362976e-09
2.651452856424014555e-06 1.229809053142247206e-09
2.391985775159142132e-06 2.496224083342625034e-10
2.157909741710527862e-06 4.653719196625659780e-11
1.946740027356336986e-06 7.948837208244793391e-12
1.756235055089588998e-06 1.240600442870283966e-12
1.584372605167048521e-06 1.764182096544721847e-13
1.429328349146162147e-06 2.278842976991426053e-14
1.289456484548000047e-06 2.665244785650895269e-15
1.163272264582284879e-06 2.812658856974293471e-16
1.049436237486325357e-06 2.668520174350515473e-17
9.467400281781171735e-07 2.267364838290221780e-18
8.540935112948033299e-07 1.718298356439676540e-19
7.705132394577831177e-07 1.156464400722193287e-20
6.951120039299953198e-07 6.880988873590955223e-22
6.270894168510231456e-07 3.602277610874485315e-23
5.657234150802543198e-07 1.650915110943312956e-24
5.103625954607566630e-07 6.588608313574797087e-26
4.604193001424444104e-07 2.277018499732146273e-27
4.153633785647571594e-07 6.774914382098136228e-29
3.747165598821628129e-07 1.724801475478308117e-30
3.380473760953662718e-07 3.733140876071974998e-32
3.049665819970609540e-07 6.822986621151667801e-34
2.751230233147384366e-07 1.045591288448161483e-35
2.481999091906128532e-07 1.333554663802408426e-37
2.239114494309511332e-07 1.404561918779848282e-39
2.019998208289658580e-07 1.211744860504091857e-41
1.822324303586654457e-07 8.490110002382178258e-44
1.643994461883425323e-07 4.788113712443686697e-46
1.483115703052386591e-07 2.153277531555640807e-48
1.337980291077495432e-07 7.646556888467994099e-51
1.207047606351556733e-07 2.122318797278310815e-53
1.088927791922653883e-07 4.554875458434475753e-56
9.823670000934404905e-08 7.474653145885348044e-59
8.862340827656385070e-08 9.269521523937344446e-62
7.995085842467696181e-08 8.581121481214617381e-65
7.212699090622781637e-08 5.854300768570062081e-68
6.506875497888906352e-08 2.904142218620699862e-71
5.870122711769915241e-08 1.032932950410495401e-74
5.295681569812834651e-08 2.595712410163407494e-78
4.777454350762564676e-08 4.538327512073145466e-82
4.309940046947809877e-08 5.432580599225630282e-86
3.888175970811695942e-08 4.378047930860407983e-90
3.507685075736399685e-08 2.333848034891692180e-94
3.164428431971231449e-08 8.079422505031855505e-99
2.854762353192627587e-08 1.781674947552664329e-103
2.575399718592803581e-08 2.452732832289688693e-108
2.323375079929273553e-08 2.063802703113562133e-113
2.096013183144191535e-08 1.038183444564156684e-118
1.890900570409829044e-08 3.050760636083175444e-124
1.705859961153778865e-08 5.111362854974995999e-130
1.538927140117643299e-08 4.760247431751815974e-136
1.388330107114327924e-08 2.399580679928792898e-142
1.252470267158155908e-08 6.367319992551663057e-149
1.129905461299660553e-08 8.638194460497995031e-156
1.019334658036688007e-08 5.811158134185771818e-163
9.195841428004440339e-09 1.877472817507928404e-170
8.295950589169424246e-09 2.817033196108493682e-178
7.484121677908874630e-09 1.895217971200925135e-186
6.751737090005179552e-09 5.510457729817169408e-195
6.091022526679170752e-09 6.662301521616054807e-204
5.494964470022817440e-09 3.216708234096616343e-213
4.957235734157640893e-09 5.944944333734843956e-223
4.472128301842760521e-09 4.022935160501142286e-233
4.034492733588182271e-09 9.514259273031748023e-244
3.639683506099108990e-09 7.489291081373127030e-255
3.283509699814993481e-09 1.864259624742602563e-266
2.962190512090522479e-09 1.390766249577464026e-278
2.672315123787667373e-09 2.939177852956094842e-291
2.410806493261074520e-09 1.658685361427177569e-304
2.174888693408320248e-09 0.000000000000000000e+00
1.962057445065586983e-09 0.000000000000000000e+00
1.770053533960117372e-09 0.000000000000000000e+00
1.596838829038447617e-09 0.000000000000000000e+00
1.440574647604015680e-09 0.000000000000000000e+00
1.299602237609104326e-09 0.000000000000000000e+00
1.172425169919311059e-09 0.000000000000000000e+00
1.057693453644063288e-09 0.000000000000000000e+00
9.541892059162121972e-10 0.000000000000000000e+00
8.608137240049724434e-10 0.000000000000000000e+00
7.765758225317592610e-10 0.000000000000000000e+00
7.005813119882309846e-10 0.000000000000000000e+00
6.320235068702238864e-10 0.000000000000000000e+00
5.701746626710470377e-10 0.000000000000000000e+00
5.143782508374356841e-10 0.000000000000000000e+00
4.640419896862865370e-10 0.000000000000000000e+00
4.186315573052136906e-10 0.000000000000000000e+00
3.776649196988985162e-10 0.000000000000000000e+00
3.407072139742790900e-10 0.000000000000000000e+00
3.073661322493640491e-10 0.000000000000000000e+00
2.772877572855433135e-10 0.000000000000000000e+00
2.501528056385445495e-10 0.000000000000000000e+00
2.256732384488037495e-10 0.000000000000000000e+00
2.035892038946782438e-10 0.000000000000000000e+00
1.836662788524298170e-10 0.000000000000000000e+00
1.656929804831378814e-10 0.000000000000000000e+00
1.494785213318558691e-10 0.000000000000000000e+00
1.348507841092977704e-10 0.000000000000000000e+00
1.216544946582725651e-10 0.000000000000000000e+00
1.097495737107785949e-10 0.000000000000000000e+00
9.900964993962565814e-11 0.000000000000000000e+00
8.932071852051722579e-11 0.000000000000000000e+00
8.057993096517662690e-11 0.000000000000000000e+00
7.269450337954059715e-11 0.000000000000000000e+00
6.558073155810698906e-11 0.000000000000000000e+00
5.916310245964116971e-11 0.000000000000000000e+00
5.337349263249105880e-11 0.000000000000000000e+00
4.815044508076342197e-11 0.000000000000000000e+00
4.343851689526288608e-11 0.000000000000000000e+00
3.918769072425201529e-11 0.000000000000000000e+00
3.535284383678159367e-11 0.000000000000000000e+00
3.189326914265887646e-11 0.000000000000000000e+00
2.877224308466535136e-11 0.000000000000000000e+00
2.595663581616951008e-11 0.000000000000000000e+00
2.341655952616145717e-11 0.000000000000000000e+00
2.112505117865395021e-11 0.000000000000000000e+00
1.905778629871573587e-11 0.000000000000000000e+00
1.719282076696326007e-11 0.000000000000000000e+00
1.551035788164139491e-11 0.000000000000000000e+00
1.399253821565238637e-11 0.000000000000000000e+00
1.262325003784972289e-11 0.000000000000000000e+00
1.138795828621173900e-11 0.000000000000000000e+00
1.027355027743611530e-11 0.000000000000000000e+00
9.268196515155990952e-12 0.000000000000000000e+00
8.361225119247371946e-12 0.000000000000000000e+00
7.543008543292262113e-12 0.000000000000000000e+00
6.804861377695041003e-12 0.000000000000000000e+00
6.138948153628084800e-12 0.000000000000000000e+00
5.538200169141373828e-12 0.000000000000000000e+00
4.996240454539556682e-12 0.000000000000000000e+00
4.507316080532301854e-12 0.000000000000000000e+00
4.066237090603961911e-12 0.000000000000000000e+00
3.668321409367630469e-12 0.000000000000000000e+00
3.309345142101933964e-12 0.000000000000000000e+00
2.985497737899037964e-12 0.000000000000000000e+00
2.693341540477413988e-12 0.000000000000000000e+00
2.429775297289623054e-12 0.000000000000000000e+00
2.192001239572639013e-12 0.000000000000000000e+00
1.977495383893211183e-12 0.000000000000000000e+00
1.783980739938525275e-12 0.000000000000000000e+00
1.609403140150881201e-12 0.000000000000000000e+00
1.451909434637019351e-12 0.000000000000000000e+00
1.309827819890046166e-12 0.000000000000000000e+00
1.181650092512021797e-12 0.000000000000000000e+00
1.066015639560077404e-12 0.000000000000000000e+00
9.616969955724023941e-13 0.000000000000000000e+00
8.675868129614603748e-13 0.000000000000000000e+00
7.826861074642459508e-13 0.000000000000000000e+00
7.060936538747804198e-13 0.000000000000000000e+00
6.369964194937667023e-13 0.000000000000000000e+00
5.746609337460934606e-13 0.000000000000000000e+00
5.184255023542858465e-13 0.000000000000000000e+00
4.676931834208240604e-13 0.000000000000000000e+00
4.219254508602900506e-13 0.000000000000000000e+00
3.806364779182126908e-13 0.000000000000000000e+00
3.433879800959302309e-13 0.000000000000000000e+00
3.097845627388904850e-13 0.000000000000000000e+00
2.794695239027179554e-13 0.000000000000000000e+00
2.521210679443800047e-13 0.000000000000000000e+00
2.274488896454423798e-13 0.000000000000000000e+00
2.051910926077713210e-13 0.000000000000000000e+00
1.851114092102345850e-13 0.000000000000000000e+00
1.669966926161839586e-13 0.000000000000000000e+00
1.506546542091925602e-13 0.000000000000000000e+00
1.359118224398380801e-13 0.000000000000000000e+00
1.226117014165982620e-13 0.000000000000000000e+00
1.106131096941749376e-13 0.000000000000000000e+00
9.978868162544935404e-14 0.000000000000000000e+00
9.002351536880878924e-14 0.000000000000000000e+00
8.121395319938953215e-14 0.000000000000000000e+00
7.326648117718370886e-14 0.000000000000000000e+00
6.609673649191313552e-14 0.000000000000000000e+00
5.962861194761327891e-14 0.000000000000000000e+00
5.379344808096559221e-14 0.000000000000000000e+00
4.852930433768738635e-14 0.000000000000000000e+00
4.378030157046610160e-14 0.000000000000000000e+00
3.949602887903863491e-14 0.000000000000000000e+00
3.563100849598022377e-14 0.000000000000000000e+00
3.214421303794368693e-14 0.000000000000000000e+00
2.899862999794951387e-14 0.000000000000000000e+00
2.616086885578245027e-14 0.000000000000000000e+00
2.360080663596318893e-14 0.000000000000000000e+00
2.129126815086680085e-14 0.000000000000000000e+00
1.920773753475596632e-14 0.000000000000000000e+00
1.732809800664968609e-14 0.000000000000000000e+00
1.563239709959269799e-14 0.000000000000000000e+00
1.410263486422895716e-14 0.000000000000000000e+00
1.272257279844484499e-14 0.000000000000000000e+00
1.147756147486242898e-14 0.000000000000000000e+00
1.035438503644098058e-14 0.000000000000000000e+00
9.341120909496845239e-15 0.000000000000000000e+00
8.427013244992394443e-15 0.000000000000000000e+00
7.602358744663890992e-15 0.000000000000000000e+00
6.858403660028974575e-15 0.000000000000000000e+00
6.187250870910909076e-15 0.000000000000000000e+00
5.581776057116196365e-15 0.000000000000000000e+00
5.035552073421695193e-15 0.000000000000000000e+00
4.542780725108778297e-15 0.000000000000000000e+00
4.098231219838675690e-15 0.000000000000000000e+00
3.697184642531525455e-15 0.000000000000000000e+00
3.335383863848716150e-15 0.000000000000000000e+00
3.008988350553426070e-15 0.000000000000000000e+00
2.714533398059500518e-15 0.000000000000000000e+00
2.448893352420356237e-15 0.000000000000000000e+00
2.209248431356805695e-15 0.000000000000000000e+00
1.993054792128291737e-15 0.000000000000000000e+00
1.798017528515759023e-15 0.000000000000000000e+00
1.622066310278274255e-15 0.000000000000000000e+00
1.463333406494493074e-15 0.000000000000000000e+00
1.320133859506285004e-15 0.000000000000000000e+00
1.190947599009466404e-15 0.000000000000000000e+00
1.074403306431999737e-15 0.000000000000000000e+00
9.692638583193083644e-16 0.000000000000000000e+00
8.744131942072469141e-16 0.000000000000000000e+00
7.888444695849130264e-16 0.000000000000000000e+00
7.116493681901315636e-16 0.000000000000000000e+00
6.420084601872087572e-16 0.000000000000000000e+00
5.791825038785627513e-16 0.000000000000000000e+00
5.225045986173199762e-16 0.000000000000000000e+00
4.713731056238693045e-16 0.000000000000000000e+00
4.252452615603113772e-16 0.000000000000000000e+00
3.836314170706974826e-16 0.000000000000000000e+00
3.460898391287503616e-16 0.000000000000000000e+00
3.122220220198779082e-16 0.000000000000000000e+00
2.816684571832118816e-16 0.000000000000000000e+00
2.541048170103724735e-16 0.000000000000000000e+00
2.292385120918126762e-16 0.000000000000000000e+00
2.068055853656764066e-16 0.000000000000000000e+00
1.865679102004935341e-16 0.000000000000000000e+00
1.683106626691545777e-16 0.000000000000000000e+00
1.518400411822512308e-16 0.000000000000000000e+00
1.369812092745884724e-16 0.000000000000000000e+00
1.235764397074065633e-16 0.000000000000000000e+00
1.114834401859179601e-16 0.000000000000000000e+00
1.005738429195272845e-16 0.000000000000000000e+00
9.073184199135680931e-17 0.000000000000000000e+00
8.185296407269238868e-17 0.000000000000000000e+00
7.384295943340053635e-17 0.000000000000000000e+00
6.661680147636808135e-17 0.000000000000000000e+00
6.009778417594766201e-17 0.000000000000000000e+00
5.421670783968952469e-17 0.000000000000000000e+00
4.891114455016258867e-17 0.000000000000000000e+00
4.412477548951447625e-17 0.000000000000000000e+00
3.980679311242136442e-17 0.000000000000000000e+00
3.591136182147011971e-17 0.000000000000000000e+00
3.239713142001751993e-17 0.000000000000000000e+00
2.922679817779517506e-17 0.000000000000000000e+00
2.636670884996241554e-17 0.000000000000000000e+00
2.378650344624002251e-17 0.000000000000000000e+00
2.145879295810503072e-17 0.000000000000000000e+00
1.935886862310629278e-17 0.000000000000000000e+00
1.746443964012147920e-17 0.000000000000000000e+00
1.575539655139752463e-17 0.000000000000000000e+00
1.421359777965702731e-17 0.000000000000000000e+00
1.282267705435535829e-17 0.000000000000000000e+00
1.156786968290436981e-17 0.000000000000000000e+00
1.043585582272822814e-17 0.000000000000000000e+00
9.414619090472598244e-18 0.000000000000000000e+00
8.493319007498317874e-18 0.000000000000000000e+00
7.662175927662755491e-18 0.000000000000000000e+00
6.912367225889372104e-18 0.000000000000000000e+00
6.235933645564888924e-18 0.000000000000000000e+00
5.625694810634842748e-18 0.000000000000000000e+00
5.075173005555023537e-18 0.000000000000000000e+00
4.578524414019575813e-18 0.000000000000000000e+00
4.130477086560081025e-18 0.000000000000000000e+00
3.726274978540482592e-18 0.000000000000000000e+00
3.361627464506856352e-18 0.000000000000000000e+00
3.032663792985351612e-18 0.000000000000000000e+00
2.735891998262658150e-18 0.000000000000000000e+00
2.468161832996763310e-18 0.000000000000000000e+00
2.226631328184870906e-18 0.000000000000000000e+00
2.008736625521240980e-18 0.000000000000000000e+00
1.812164761914062776e-18 0.000000000000000000e+00
1.634829117267133385e-18 0.000000000000000000e+00
1.474847264904038916e-18 0.000000000000000000e+00
1.330520989515443575e-18 0.000000000000000000e+00
1.200318260519206745e-18 0.000000000000000000e+00
1.082856969479739476e-18 0.000000000000000000e+00
9.768902589581851484e-19 0.000000000000000000e+00
8.812932870588548312e-19 0.000000000000000000e+00
7.950512871766140081e-19 0.000000000000000000e+00
7.172487961989515599e-19 0.000000000000000000e+00
6.470599368196149983e-19 0.000000000000000000e+00
5.837396508099099150e-19 0.000000000000000000e+00
5.266157901886439725e-19 0.000000000000000000e+00
4.750819823378994927e-19 0.000000000000000000e+00
4.285911933276076159e-19 0.000000000000000000e+00
3.866499211231588811e-19 0.000000000000000000e+00
3.488129570368263974e-19 0.000000000000000000e+00
3.146786598154235693e-19 0.000000000000000000e+00
2.838846921984467887e-19 0.000000000000000000e+00
2.561041746900756481e-19 0.000000000000000000e+00
2.310422157170604111e-19 0.000000000000000000e+00
2.084327813400427769e-19 0.000000000000000000e+00
1.880358712900713680e-19 0.000000000000000000e+00
1.696349713538226122e-19 0.000000000000000000e+00
1.530347550644827095e-19 0.000000000000000000e+00
1.380590103015835409e-19 0.000000000000000000e+00
1.245487687906025831e-19 0.000000000000000000e+00
1.123606186468279424e-19 0.000000000000000000e+00
1.013651820510865088e-19 0.000000000000000000e+00
9.144574189775503312e-20 0.000000000000000000e+00
8.249700283689467811e-20 0.000000000000000000e+00
7.442397355887915514e-20 0.000000000000000000e+00
6.714095845692358291e-20 0.000000000000000000e+00
6.057064796396639914e-20 0.000000000000000000e+00
5.464329790776793873e-20 0.000000000000000000e+00
4.929598917306264199e-20 0.000000000000000000e+00
4.447195981202395669e-20 0.000000000000000000e+00
4.012000251336814585e-20 0.000000000000000000e+00
3.619392103420408090e-20 0.000000000000000000e+00
3.265203982461624250e-20 0.000000000000000000e+00
2.945676163963511484e-20 0.000000000000000000e+00
2.657416844261315259e-20 0.000000000000000000e+00
2.397366136358280106e-20 0.000000000000000000e+00
2.162763589072915764e-20 0.000000000000000000e+00
1.951118884712783541e-20 0.000000000000000000e+00
1.760185404228437227e-20 0.000000000000000000e+00
1.587936379240600278e-20 0.000000000000000000e+00
1.432543377793254169e-20 0.000000000000000000e+00
1.292356895457436825e-20 0.000000000000000000e+00
1.165888845759913399e-20 0.000000000000000000e+00
1.051796764071315113e-20 0.000000000000000000e+00
9.488695572774029810e-21 0.000000000000000000e+00
8.560146479655676492e-21 0.000000000000000000e+00
7.722463766612241425e-21 0.000000000000000000e+00
6.966755390036007413e-21 0.000000000000000000e+00
6.284999467972617562e-21 0.000000000000000000e+00
5.669959127445593773e-21 0.000000000000000000e+00
5.115105684690598438e-21 0.000000000000000000e+00
4.614549342852408833e-21 0.000000000000000000e+00
4.162976671499139267e-21 0.000000000000000000e+00
3.755594204294124498e-21 0.000000000000000000e+00
3.388077556112907589e-21 0.000000000000000000e+00
3.056525519479956938e-21 0.000000000000000000e+00
2.757418653057800540e-21 0.000000000000000000e+00
2.487581922602349316e-21 0.000000000000000000e+00
2.244150997816647520e-21 0.000000000000000000e+00
2.024541847342648293e-21 0.000000000000000000e+00
1.826423309139763005e-21 0.000000000000000000e+00
1.647692345084169044e-21 0.000000000000000000e+00
1.486451717114619944e-21 0.000000000000000000e+00
1.340989847956170629e-21 0.000000000000000000e+00
1.209762652642474319e-21 0.000000000000000000e+00
1.091377147977028954e-21 0.000000000000000000e+00
9.845766659474536923e-22 0.000000000000000000e+00
8.882275141320722977e-22 0.000000000000000000e+00
8.013069414986109757e-22 0.000000000000000000e+00
7.228922818510937611e-22 0.000000000000000000e+00
6.521511596824062551e-22 0.000000000000000000e+00
5.883326544669261092e-22 0.000000000000000000e+00
5.307593296018359721e-22 0.000000000000000000e+00
4.788200413839707192e-22 0.000000000000000000e+00
4.319634516889977970e-22 0.000000000000000000e+00
3.896921754898783285e-22 0.000000000000000000e+00
3.515575010900904078e-22 0.000000000000000000e+00
3.171546270266775126e-22 0.000000000000000000e+00
2.861183650826328641e-22 0.000000000000000000e+00
2.581192637958039642e-22 0.000000000000000000e+00
2.328601113152800133e-22 0.000000000000000000e+00
2.100727804828226225e-22 0.000000000000000000e+00
1.895153826497767642e-22 0.000000000000000000e+00
1.709697000170287612e-22 0.000000000000000000e+00
1.542388692422442036e-22 0.000000000000000000e+00
1.391452917257071759e-22 0.000000000000000000e+00
1.255287483923603709e-22 0.000000000000000000e+00
1.132446989583734849e-22 0.000000000000000000e+00
1.021627476288381284e-22 0.000000000000000000e+00
9.216525893993675842e-23 0.000000000000000000e+00
8.314610905264858211e-23 0.000000000000000000e+00
7.500955924292616375e-23 0.000000000000000000e+00
6.766923963038910583e-23 0.000000000000000000e+00
6.104723235774597745e-23 0.000000000000000000e+00
5.507324448887405127e-23 0.000000000000000000e+00
4.968386184580892626e-23 0.000000000000000000e+00
4.482187586409868360e-23 0.000000000000000000e+00
4.043567632104547075e-23 0.000000000000000000e+00
3.647870349063170925e-23 0.000000000000000000e+00
3.290895390971467664e-23 0.000000000000000000e+00
2.968853450917841757e-23 0.000000000000000000e+00
2.678326037712495317e-23 0.000000000000000000e+00
2.416229188433331288e-23 0.000000000000000000e+00
2.179780732006569162e-23 0.000000000000000000e+00
1.966470756322541977e-23 0.000000000000000000e+00
1.774034965393956867e-23 0.000000000000000000e+00
1.600430643741635622e-23 0.000000000000000000e+00
1.443814972868061160e-23 0.000000000000000000e+00
1.302525469647609642e-23 0.000000000000000000e+00
1.175062338985565873e-23 0.000000000000000000e+00
1.060072553418680125e-23 0.000000000000000000e+00
9.563354906615062817e-24 0.000000000000000000e+00
8.627499766401064760e-24 0.000000000000000000e+00
7.783225964746314063e-24 0.000000000000000000e+00
7.021571493309974334e-24 0.000000000000000000e+00
6.334451352045648187e-24 0.000000000000000000e+00
5.714571726523553809e-24 0.000000000000000000e+00
5.155352563728560302e-24 0.000000000000000000e+00
4.650857724470474716e-24 0.000000000000000000e+00
4.195731970971599791e-24 0.000000000000000000e+00
3.785144120752016693e-24 0.000000000000000000e+00
3.414735763387144613e-24 0.000000000000000000e+00
3.080574995764901749e-24 0.000000000000000000e+00
2.779114684738786222e-24 0.000000000000000000e+00
2.507154814133297456e-24 0.000000000000000000e+00
