# k_modes P_scalar P_tensor
4.5677691840989835e-05 2.7447417951855019e-09 9.8352518996674322e-12
4.8789911055687465e-05 2.7384435117205808e-09 9.8349495023112209e-12
5.2114179260821203e-05 2.7321530170280829e-09 9.8346482947889057e-12
5.5664944273605510e-05 2.7258700623632510e-09 9.8343473283838017e-12
5.9457638303690594e-05 2.7195941510015997e-09 9.8340449169157987e-12
6.3508745024088269e-05 2.7133245340708586e-09 9.8337382412509376e-12
6.7835871211929750e-05 2.7070630015497370e-09 9.8334338325937771e-12
7.2457823270419611e-05 2.7008093604691119e-09 9.8331309792225505e-12
7.7394688964561452e-05 2.6945625497610294e-09 9.8328258392887472e-12
8.2667924725894436e-05 2.6883226328484304e-09 9.8325186122820292e-12
8.8300448905678626e-05 2.6820894094207534e-09 9.8322086087349547e-12
9.4316741381825000e-05 2.6758649270638212e-09 9.8319032304867851e-12
1.0074294995247751e-04 2.6696469008335793e-09 9.8315942066576174e-12
1.0760700397865022e-04 2.6634362253535520e-09 9.8312847551209443e-12
1.1493873576983223e-04 2.6572321377806698e-09 9.8309720604202741e-12
1.2277001024011815e-04 2.6510364138218109e-09 9.8306627013735766e-12
1.3113486339837358e-04 2.6448478605167931e-09 9.8303522465845289e-12
1.4006965027433692e-04 2.6386663585181302e-09 9.8300402863450872e-12
1.4961320292356648e-04 2.6324916421190814e-09 9.8297257786125925e-12
1.5980699919795129e-04 2.6263242751941035e-09 9.8294108288216987e-12
1.7069534301528776e-04 2.6201649818908766e-09 9.8290981959316603e-12
1.8232555691140387e-04 2.6140123702744666e-09 9.8287825955556231e-12
1.9474818771169570e-04 2.6078669065825390e-09 9.8284658308250305e-12
2.0801722621595711e-04 2.6017293130804114e-09 9.8281505687266390e-12
2.2219034185128926e-04 2.5955981596335980e-09 9.8278314526189170e-12
2.3732913331292967e-04 2.5894744771225123e-09 9.8275123503271032e-12
2.5349939628233021e-04 2.5833594498994950e-09 9.8271977520876741e-12
2.7077140938602524e-04 2.5772499206425233e-09 9.8268757039892394e-12
2.8922023963812100e-04 2.5711492523856608e-09 9.8265589718602259e-12
3.0892606869390257e-04 2.5650535404554171e-09 9.8262326369959515e-12
3.2997454133251795e-04 2.5589671377603274e-09 9.8259133530545385e-12
3.5245713768329383e-04 2.5528875250900823e-09 9.8255914935795142e-12
3.7647157081344883e-04 2.5468144121864024e-09 9.8252659161840188e-12
4.0212221140517899e-04 2.5407485341252343e-09 9.8249394314455388e-12
4.2952054136783415e-04 2.5346910651276213e-09 9.8246165661802189e-12
4.5878563835666085e-04 2.5286412195471584e-09 9.8242943373113035e-12
4.9004469330390791e-04 2.5225968656554512e-09 9.8239644525520467e-12
5.2343356321156930e-04 2.5165612844680055e-09 9.8236396154678401e-12
5.5909736160829218e-04 2.5105315686277894e-09 9.8233085513471945e-12
5.9719108923668017e-04 2.5045100255487976e-09 9.8229802361288867e-12
6.3788030771204894e-04 2.4984957402551849e-09 9.8226510828276030e-12
6.8134185908048299e-04 2.4924885812276467e-09 9.8223206081867552e-12
7.2776463440349653e-04 2.4864893118712738e-09 9.8219917928927487e-12
7.7735039470970112e-04 2.4804965011979039e-09 9.8216589841623793e-12
8.3031464788147207e-04 2.4745109297268321e-09 9.8213252636716725e-12
8.8688758528770735e-04 2.4685326899453628e-09 9.8209910144101744e-12
9.4731508223343350e-04 2.4625619669263872e-09 9.8206569566566222e-12
1.0118597665743820e-03 2.4565987088027605e-09 9.8203228475637402e-12
1.0808021601409134e-03 2.4506421862688589e-09 9.8199858301366224e-12
1.1544418979321032e-03 2.4446927886864525e-09 9.8196474157533831e-12
1.2330990303788033e-03 2.4387501631690203e-09 9.8193062192247582e-12
1.3171154143355379e-03 2.4328162758279126e-09 9.8189700978615682e-12
1.4068561988467006e-03 2.4268903527344451e-09 9.8186359784426206e-12
1.5027114121444550e-03 2.4209695868884867e-09 9.8182925257903731e-12
1.6050976567756820e-03 2.4150573856178886e-09 9.8179535006401063e-12
1.7144599202252718e-03 2.4091513226120016e-09 9.8176090715366078e-12
1.8312735089050303e-03 2.4032536722853064e-09 9.8172684654402144e-12
1.9560461139136441e-03 2.3973635267502368e-09 9.8169280059354170e-12
2.0893200175458281e-03 2.3914791069332354e-09 9.8165804129309251e-12
2.2316744501405033e-03 2.3856027021852112e-09 9.8162350092006743e-12
2.3837281075112663e-03 2.3797342636031210e-09 9.8158916771696518e-12
2.5461418399003052e-03 2.3738716930027406e-09 9.8155417134613513e-12
2.7196215241424150e-03 2.3680180691851491e-09 9.8151978495561368e-12
2.9049211315220046e-03 2.3621709086037299e-09 9.8148498233655721e-12
3.1028460046564920e-03 2.3563310488160487e-09 9.8145010920729328e-12
3.3142563576479757e-03 2.3504977459592333e-09 9.8141485446778506e-12
3.5400710147154269e-03 2.3446723317705215e-09 9.8137977019715667e-12
3.7812714035561070e-03 2.3388542117031512e-09 9.8134461381172017e-12
4.0389058207920018e-03 2.3330429704322236e-09 9.8130920576526171e-12
4.3140939880396134e-03 2.3272391513641884e-09 9.8127377745306679e-12
4.6080319184045619e-03 2.3214434012586559e-09 9.8123860028595154e-12
4.9219971145515636e-03 2.3156531442658170e-09 9.8120258601439269e-12
5.2573541209414466e-03 2.3098719919817605e-09 9.8116726071319874e-12
5.6155604543661353e-03 2.3040972091458633e-09 9.8113146644856846e-12
5.9981729385567553e-03 2.2983305231999223e-09 9.8109593908072810e-12
6.4068544703959791e-03 2.2925704038451385e-09 9.8106002612148925e-12
6.8433812471418356e-03 2.2868172079700102e-09 9.8102387246103584e-12
7.3096504860735703e-03 2.2810716966647842e-09 9.8098781182771780e-12
7.8076886701104343e-03 2.2753333660041942e-09 9.8095162360271955e-12
8.3396603552403220e-03 2.2696022073405769e-09 9.8091530523339048e-12
8.9078775780365906e-03 2.2638793290876251e-09 9.8087933270601048e-12
9.5148099041499293e-03 2.2581620585761828e-09 9.8084255434695386e-12
1.0163095161447401e-02 2.2524530260540119e-09 9.8080610441676237e-12
1.0855550904446964e-02 2.2467512374466796e-09 9.8076955514017357e-12
1.1595186659873436e-02 2.2410563161909092e-09 9.8073273857293182e-12
1.2385217006557486e-02 2.2353695668943953e-09 9.8069622619408794e-12
1.3229075546524659e-02 2.2296878954375713e-09 9.8065866114154933e-12
1.4130429827995474e-02 2.2240159342151368e-09 9.8062207905335195e-12
1.5093197285154094e-02 2.2183507109889184e-09 9.8058516857687413e-12
1.6121562263962552e-02 2.2126922640451976e-09 9.8054795191741767e-12
1.7219994208017675e-02 2.2070413235554753e-09 9.8051074850853836e-12
1.8393267083489075e-02 2.2013977740534349e-09 9.8047350500980218e-12
1.9646480127562638e-02 2.1957613363798114e-09 9.8043609996646023e-12
2.0985080010565194e-02 2.1901312300752057e-09 9.8039818151267607e-12
2.2414884508091093e-02 2.1845092914284382e-09 9.8036057106926294e-12
2.3942107786013134e-02 2.1788948864614146e-09 9.8032298460544692e-12
2.5573387408271264e-02 2.1732868927100733e-09 9.8028491994178195e-12
2.7315813184818637e-02 2.1676863601761116e-09 9.8024684444532364e-12
2.9176957985103742e-02 2.1620938956532378e-09 9.8020903607344239e-12
3.1164910651008394e-02 2.1565086718847518e-09 9.8017111888945350e-12
3.3288311152286906e-02 2.1509298217470371e-09 9.8013270136049898e-12
3.5556388137298105e-02 2.1453592842632209e-09 9.8009466137051806e-12
3.7978999042230996e-02 2.1397943372614805e-09 9.8005576147374648e-12
4.0566672933146558e-02 2.1342377772156516e-09 9.8001727271997396e-12
4.3330656267032926e-02 2.1286888280280035e-09 9.7997884307193845e-12
4.6282961770760370e-02 2.1231465174552027e-09 9.7994002953758784e-12
4.9436420650370766e-02 2.1176114711498342e-09 9.7990111281801360e-12
5.2804738357612971e-02 2.1120847331384136e-09 9.7986257910275035e-12
5.6402554156093687e-02 2.1065639069017268e-09 9.7982331995488043e-12
6.0245504745928366e-02 2.1010504217721374e-09 9.7978399196171502e-12
6.4350292223416108e-02 2.0955453196799271e-09 9.7974508584329251e-12
6.8734756671100933e-02 2.0900467095030289e-09 9.7970571720411631e-12
7.3417953693709834e-02 2.0845553512550127e-09 9.7966624001335882e-12
7.8420237236949256e-02 2.0790707395311424e-09 9.7962641627660800e-12
8.3763348049106595e-02 2.0735948554490010e-09 9.7958717992092066e-12
8.9470508169922941e-02 2.0681249856544813e-09 9.7954725042557246e-12
9.5566521857403663e-02 2.0626633056295388e-09 9.7950765352670093e-12
1.0207788339120896e-01 2.0572076936972649e-09 9.7946738944085912e-12
1.0903289222115821e-01 2.0517596662243758e-09 9.7942716634476786e-12
1.1646177596130031e-01 2.0463188420059463e-09 9.7938681000321189e-12
1.2439682176410319e-01 2.0408861803560184e-09 9.7934678085959392e-12
1.3287251664573790e-01 2.0354604477054445e-09 9.7930648668304883e-12
1.4192569737233074e-01 2.0300421582805370e-09 9.7926616888114203e-12
1.5159571055861798e-01 2.0246301331452503e-09 9.7922526229611160e-12
1.6192458367481369e-01 2.0192269136764567e-09 9.7918499620708117e-12
1.7295720770491962e-01 2.0138298288172303e-09 9.7914407691447630e-12
1.8474153225033510e-01 2.0084400254184423e-09 9.7910305678929810e-12
1.9732877392672463e-01 2.0030575295859629e-09 9.7906194995914276e-12
2.1077363895986484e-01 1.9976829983878000e-09 9.7902107609592365e-12
2.2513456094791465e-01 1.9923147478339345e-09 9.7897961281445387e-12
2.4047395482345779e-01 1.9869540840015466e-09 9.7893819908142106e-12
2.5685848811908063e-01 1.9816011969041486e-09 9.7889692541365788e-12
2.7435937071545213e-01 1.9762550105873320e-09 9.7885526530221761e-12
2.9305266433119359e-01 1.9709164404492272e-09 9.7881366940384266e-12
3.1301961309963922e-01 1.9655845889943454e-09 9.7877169190109479e-12
3.3434699666922035e-01 1.9602605889102515e-09 9.7872989289656815e-12
3.5712750736211490e-01 1.9549444603484729e-09 9.7868828850305864e-12
3.8146015303034575e-01 1.9496348138543979e-09 9.7864618081909093e-12
4.0745068736021778e-01 1.9443317970934356e-09 9.7860364185722668e-12
4.3521206949525582e-01 1.9390366145628792e-09 9.7856127711850470e-12
4.6486495497525315e-01 1.9337493429027495e-09 9.7851912502019102e-12
4.9653822012511900e-01 1.9284676568454206e-09 9.7847600916272153e-12
5.3036952217261912e-01 1.9231937814903116e-09 9.7843305564081873e-12
5.6650589752936176e-01 1.9179285883283647e-09 9.7839070892669301e-12
6.0510440083526473e-01 1.9126698851186441e-09 9.7834785347470841e-12
6.4633278754388712e-01 1.9074177181284925e-09 9.7830450976743567e-12
6.9037024301527061e-01 1.9021734924696547e-09 9.7826139642554133e-12
7.3740816128502706e-01 1.8969357183381795e-09 9.7821774883655003e-12
7.8765097689434693e-01 1.8917071030457276e-09 9.7817496068283996e-12
8.4131705339618512e-01 1.8864841570646940e-09 9.7813123293642386e-12
8.9863963239924149e-01 1.8812690094910775e-09 9.7808766372211803e-12
9.5986784727440744e-01 1.8760615340492586e-09 9.7804418903123844e-12
1.0252678059294360e+00 1.8708601639887040e-09 9.7799999143039520e-12
1.0951237473577460e+00 1.8656664906027724e-09 9.7795590040383990e-12
1.1697392769879007e+00 1.8604799631672260e-09 9.7791162599022335e-12
1.2494386862028251e+00 1.8553013811862503e-09 9.7786759082053608e-12
1.3345683617635669e+00 1.8501293117050890e-09 9.7782304227961738e-12
1.4254982912632235e+00 1.8449648002552782e-09 9.7777851910241841e-12
1.5226236711539582e+00 1.8398078784301635e-09 9.7773405464968775e-12
1.6263666243358963e+00 1.8346583443689362e-09 9.7768953194635907e-12
1.7371780347727732e+00 1.8295154511339258e-09 9.7764455747712990e-12
1.8555395071079159e+00 1.8243796686897730e-09 9.7759937404560870e-12
1.9819654597973608e+00 1.8192514151539783e-09 9.7755421229088149e-12
2.1170053608571844e+00 1.8141306605948858e-09 9.7750904961977338e-12
2.2612461159420381e+00 1.8090168703623656e-09 9.7746360398553372e-12
2.4153146191337855e+00 1.8039109931736818e-09 9.7741838191495111e-12
2.5798804775264590e+00 1.7988116922315517e-09 9.7737266473501688e-12
2.7556589214489700e+00 1.7937198481334577e-09 9.7732692539479965e-12
2.9434139129739663e+00 1.7886355422717338e-09 9.7728121014970550e-12
3.1439614662228266e+00 1.7835576626902572e-09 9.7723491006322967e-12
3.3581731938974602e+00 1.7784875866188940e-09 9.7718877836318533e-12
3.5869800954526618e+00 1.7734247213778465e-09 9.7714248904783312e-12
3.8313766033731422e+00 1.7683688160796588e-09 9.7709590110637411e-12
4.0924249051408887e+00 1.7633203568102652e-09 9.7704928552537786e-12
4.3712595596769406e+00 1.7582792165187207e-09 9.7700257172084046e-12
4.6690924283213588e+00 1.7532458213892109e-09 9.7695599505879705e-12
4.9872179417822000e+00 1.7482196879836303e-09 9.7690928777179083e-12
5.3270187259446553e+00 1.7432004627881704e-09 9.7686224905914573e-12
5.6899716109908676e+00 1.7381881525646214e-09 9.7681488810476329e-12
6.0776540499471929e+00 1.7331828391063151e-09 9.7676724202972265e-12
6.4917509745548587e+00 1.7281861164469033e-09 9.7672021062390690e-12
6.9340621182609308e+00 1.7231956657145317e-09 9.7667248636248959e-12
7.4065098381562935e+00 1.7182130290317053e-09 9.7662494103819362e-12
7.9111474698562407e+00 1.7132366935901416e-09 9.7657671574103313e-12
8.4501682516353149e+00 1.7082681861268326e-09 9.7652867369861957e-12
9.0259148566020642e+00 1.7033074946853700e-09 9.7648081432465942e-12
9.6408895743423795e+00 1.6983534980556885e-09 9.7643249248460799e-12
1.0297765186282151e+01 1.6934070326562478e-09 9.7638418950409618e-12
1.0999396582035667e+01 1.6884673600944298e-09 9.7633547837007275e-12
1.1748833167226069e+01 1.6835357381510162e-09 9.7628708386796004e-12
1.2549332116704630e+01 1.6786102996061456e-09 9.7623792610524535e-12
1.3404372530769123e+01 1.6736922234407791e-09 9.7618868618715289e-12
1.4317670555906862e+01 1.6687822037127844e-09 9.7613976716243893e-12
1.5293195535779363e+01 1.6638795412651317e-09 9.7609076571586400e-12
1.6335187262643931e+01 1.6589829485179034e-09 9.7604092588724709e-12
1.7448174404189103e+01 1.6540946782868481e-09 9.7599156280068332e-12
1.8636994185870439e+01 1.6492134041469567e-09 9.7594190461188535e-12
1.9906813414289207e+01 1.6443394485140968e-09 9.7589213678283770e-12
2.1263150932984829e+01 1.6394722450470090e-09 9.7584192300247231e-12
2.2711901608238243e+01 1.6346123746686167e-09 9.7579160390363989e-12
2.4259361949131630e+01 1.6297602590456831e-09 9.7574143450113971e-12
2.5912257473214190e+01 1.6249155216556422e-09 9.7569119112967601e-12
2.7677771936709068e+01 1.6200779304256923e-09 9.7564073391002113e-12
2.9563578556301568e+01 1.6152472037670948e-09 9.7558989075000610e-12
3.1577873358202638e+01 1.6104235422500408e-09 9.7553877964281134e-12
3.3729410799428940e+01 1.6056076112100686e-09 9.7548780397592748e-12
3.6027541816115210e+01 1.6007994247996204e-09 9.7543697448394326e-12
3.8482254464222748e+01 1.5959974438537820e-09 9.7538535568274326e-12
4.1104217329276366e+01 1.5912024926131390e-09 9.7533344101948485e-12
4.3904825893794175e+01 1.5864156494868908e-09 9.7528189334439968e-12
4.6896252063931932e+01 1.5816360472907799e-09 9.7523018415294179e-12
5.0091497070591835e+01 1.5768635966943089e-09 9.7517825340238580e-12
5.3504447974914235e+01 1.5720976448252872e-09 9.7512569836582332e-12
5.7149938023732552e+01 1.5673403723730361e-09 9.7507387077685703e-12
6.1043811117307527e+01 1.5625900683632924e-09 9.7502171149272686e-12
6.5202990669527793e+01 1.5578460434969771e-09 9.7496877726698857e-12
6.9645553159853876e+01 1.5531095045927856e-09 9.7491583181074916e-12
7.4390806696676322e+01 1.5483811349303191e-09 9.7486330313848993e-12
7.9459374933534860e+01 1.5436596669091104e-09 9.7481038897245002e-12
8.4873286702914228e+01 1.5389447679627094e-09 9.7475688228852093e-12
9.0656071757178196e+01 1.5342378238444671e-09 9.7470365674723911e-12
9.6832863032750311e+01 1.5295376468060130e-09 9.7464995854318961e-12
1.0343050588199502e+02 1.5248450306019428e-09 9.7459629414999448e-12
1.1047767474754154e+02 1.5201597842095102e-09 9.7454253835287622e-12
1.1800499778613411e+02 1.5154813086749694e-09 9.7448830565816109e-12
1.2604518998364773e+02 1.5108107141632624e-09 9.7443431210699121e-12
1.3463319533980501e+02 1.5061470493055977e-09 9.7437994380698271e-12
1.4380633874055530e+02 1.5014906988363243e-09 9.7432544690798529e-12
1.5360448817817777e+02 1.4968408726999129e-09 9.7427030635192297e-12
1.6407022802414198e+02 1.4921993575016897e-09 9.7421568839200205e-12
1.7524904410780275e+02 1.4875644266231287e-09 9.7416045880315114e-12
1.8718952140530618e+02 1.4829374578631988e-09 9.7410552634464867e-12
1.9994355519789988e+02 1.4783168263564349e-09 9.7404982113758726e-12
2.1356657661737222e+02 1.4737040879149564e-09 9.7399436435452478e-12
2.2811779355888433e+02 1.4690985872944510e-09 9.7393872574618850e-12
2.4366044800823411e+02 1.4645000210060857e-09 9.7388270091606294e-12
2.6026209090194448e+02 1.4599090443673877e-09 9.7382672621701709e-12
2.7799487571476146e+02 1.4553253064374540e-09 9.7377056627248041e-12
2.9693587205053899e+02 1.4507481566953494e-09 9.7371378647551902e-12
3.1716740059943555e+02 1.4461790913414166e-09 9.7365738493817550e-12
3.3877739091719224e+02 1.4416172837971057e-09 9.7360081108095958e-12
3.6185976358146752e+02 1.4370619232192685e-09 9.7354351777188514e-12
3.8651483838613569e+02 1.4325146736647265e-09 9.7348662458928459e-12
4.1284977034764120e+02 1.4279744654954846e-09 9.7342940738092118e-12
4.4097901541834818e+02 1.4234412697043831e-09 9.7337184633842809e-12
4.7102482793096510e+02 1.4189156527138389e-09 9.7331432742915321e-12
5.0311779193600950e+02 1.4143966370522310e-09 9.7325617987739088e-12
5.3739738874160776e+02 1.4098855853085171e-09 9.7319833831041892e-12
5.7401260312223269e+02 1.4053816676930147e-09 9.7314022886324688e-12
6.1312257083107625e+02 1.4008844453023170e-09 9.7308155110429538e-12
6.5489727023024795e+02 1.3963950835018171e-09 9.7302311051276386e-12
6.9951826104473128e+02 1.3919129077790394e-09 9.7296443405018645e-12
7.4717947345086395e+02 1.3874376927301894e-09 9.7290537064909102e-12
7.9808805092882460e+02 1.3829695185811211e-09 9.7284596547157382e-12
8.5246525054232256e+02 1.3785091357707111e-09 9.7278675422838783e-12
9.1054740455823696e+02 1.3740563000464373e-09 9.7272756051609034e-12
9.7258694758558886e+02 1.3696095820205878e-09 9.7266737241980095e-12
1.0388535136979276e+03 1.3651709348509161e-09 9.7260757326311617e-12
1.1096351083074328e+03 1.3607394748273904e-09 9.7254753503103822e-12
1.1852393598838794e+03 1.3563151959277070e-09 9.7248725310791157e-12
1.2659948569586325e+03 1.3518983598842268e-09 9.7242691390434423e-12
1.3522525762245468e+03 1.3474878509516688e-09 9.7236571460264515e-12
1.4443874079384780e+03 1.3430857005969275e-09 9.7230511710884738e-12
1.5427997852561007e+03 1.3386906390114238e-09 9.7224420661767260e-12
1.6479174245803511e+03 1.3343025101272730e-09 9.7218286323750709e-12
1.7601971844873892e+03 1.3299214948814134e-09 9.7212122087979124e-12
1.8801270513092154e+03 1.3255479619710641e-09 9.7205954669133485e-12
2.0082282600026570e+03 1.3211814183104448e-09 9.7199747969321969e-12
2.1450575595223549e+03 1.3168223249622172e-09 9.7193535536381841e-12
2.2912096325434163e+03 1.3124707345481265e-09 9.7187321391037466e-12
2.4473196800503047e+03 1.3081264115776750e-09 9.7181088013544697e-12
2.6140661820249366e+03 1.3037893264765427e-09 9.7174833545318457e-12
2.7921738462324556e+03 1.2994595201562748e-09 9.7168560557730591e-12
2.9824167579205373e+03 1.2951359064150711e-09 9.7162187576337329e-12
3.1856217441214203e+03 1.2908206809936387e-09 9.7155879046849723e-12
3.4026719671783662e+03 1.2865119865191817e-09 9.7149495676998997e-12
3.6345107631146971e+03 1.2822111261920322e-09 9.7143134832755147e-12
3.8821457415275163e+03 1.2779179628083843e-09 9.7136786972198721e-12
4.1466531648250402e+03 1.2736307744243329e-09 9.7130321104124335e-12
4.4291826258402834e+03 1.2693515713931104e-09 9.7123889723870800e-12
4.7309620441508996e+03 1.2650800166916622e-09 9.7117467780676904e-12
5.0533030028198855e+03 1.2608150963036066e-09 9.7110976969118698e-12
5.3976064487517324e+03 1.2565580993461814e-09 9.7104516166476805e-12
5.7653687814383202e+03 1.2523073613324428e-09 9.7097957626198112e-12
6.1581883565576582e+03 1.2480644252089620e-09 9.7091419497923828e-12
6.5777724326910302e+03 1.2438285287588007e-09 9.7084843331400480e-12
7.0259445913498503e+03 1.2395995786244922e-09 9.7078221267397968e-12
7.5046526625615061e+03 1.2353781529576608e-09 9.7071598422392105e-12
8.0159771904593308e+03 1.2311645818358687e-09 9.7065000910865234e-12
8.5621404756701995e+03 1.2269577034016241e-09 9.7058336938077051e-12
9.1455162337992369e+03 1.2227578082643505e-09 9.7051629468043774e-12
9.7686399119886082e+03 1.2185655716236310e-09 9.7044931757148095e-12
1.0434219708388744e+04 1.2143804781857873e-09 9.7038202849107937e-12
1.1145148342433347e+04 1.2102025726114192e-09 9.7031446461268371e-12
1.1904515627074668e+04 1.2060326233505206e-09 9.7024723616404379e-12
1.2715621897619716e+04 1.2018691643160025e-09 9.7017916918293342e-12
1.3581992355530880e+04 1.1977128659639343e-09 9.7011079865218231e-12
1.4507392389532295e+04 1.1935642957461630e-09 9.7004257928052829e-12
1.5495843940609700e+04 1.1894228636093018e-09 9.6997403982523498e-12
1.6551642982028050e+04 1.1852882115301622e-09 9.6990488160021350e-12
1.7679378190339496e+04 1.1811613072960189e-09 9.6983589628393946e-12
1.8883950888527092e+04 1.1770414172846903e-09 9.6976648086472916e-12
2.0170596347962044e+04 1.1729291766557550e-09 9.6969715462891524e-12
2.1544906541755739e+04 1.1688237868591979e-09 9.6962726296107715e-12
2.3012854448395450e+04 1.1647254321896950e-09 9.6955695187317758e-12
2.4580820011293443e+04 1.1606347469366340e-09 9.6948674993525547e-12
2.6255617867071353e+04 1.1565510455810430e-09 9.6941607684003859e-12
2.8044526963093766e+04 1.1524745956422110e-09 9.6934516578013195e-12
2.9955322192972828e+04 1.1484052459317404e-09 9.6927388193513107e-12
3.1996308187535975e+04 1.1443437152975190e-09 9.6920283169966395e-12
3.4176355408119780e+04 1.1402896724537275e-09 9.6913174031088215e-12
3.6504938699056584e+04 1.1362418346958897e-09 9.6905951226939929e-12
3.8992178466907724e+04 1.1322017673175983e-09 9.6898747682035744e-12
4.1648884665418736e+04 1.1281686050177581e-09 9.6891489238369889e-12
4.4486603777357930e+04 1.1241431942742477e-09 9.6884249015078174e-12
4.7517668997432964e+04 1.1201253052392986e-09 9.6877007041854499e-12
5.0755253834387222e+04 1.1161139354261600e-09 9.6869676209655664e-12
5.4213429365237505e+04 1.1121098900182130e-09 9.6862326840286149e-12
5.7907225390494248e+04 1.1081136353756729e-09 9.6854998307594504e-12
6.1852695756148853e+04 1.1041239611846760e-09 9.6847585641981541e-12
6.6066988126333468e+04 1.1001416989288820e-09 9.6840161078212325e-12
7.0568418509894764e+04 1.0961671084082904e-09 9.6832748054836494e-12
7.5376550864783756e+04 1.0921992492050531e-09 9.6825262438335513e-12
8.0512282126241858e+04 1.0882389521407883e-09 9.6817778591448140e-12
8.5997933028321786e+04 1.0842859023645689e-09 9.6810268413527046e-12
9.1857345113475327e+04 1.0803400982782761e-09 9.6802731481422995e-12
9.8115984351825333e+04 1.0764010739700533e-09 9.6795125420096329e-12
1.0480105182046465e+05 1.0724698150764129e-09 9.6787539465230808e-12
1.1194160192381887e+05 1.0685460682407408e-09 9.6779950664751325e-12
1.1956866866887541e+05 1.0646288798650337e-09 9.6772272662445279e-12
1.2771540054408685e+05 1.0607187892222892e-09 9.6764554073097578e-12
1.3641720458816597e+05 1.0568162820992837e-09 9.6756838887610716e-12
1.4571190027490497e+05 1.0529212908419597e-09 9.6749122023466897e-12
1.5563988388283990e+05 1.0490333190196276e-09 9.6741358291818692e-12
1.6624430406413344e+05 1.0451523407467170e-09 9.6733544022102071e-12
1.7757124937572042e+05 1.0412790983916878e-09 9.6725750185158733e-12
1.8966994858777380e+05 1.0374124581890608e-09 9.6717871425561466e-12
2.0259298464004401e+05 1.0335532109720450e-09 9.6709981924763271e-12
2.1639652317597903e+05 1.0297013548357869e-09 9.6702082914890543e-12
2.3114055664786542e+05 1.0258565793564792e-09 9.6694147721410259e-12
2.4688916505390324e+05 1.0220187899729954e-09 9.6686169061496422e-12
2.6371079444043612e+05 1.0181879673182960e-09 9.6678148017761306e-12
2.8167855437974713e+05 1.0143646215935228e-09 9.6670137761395138e-12
3.0087053571629524e+05 1.0105479647635512e-09 9.6662067949909868e-12
3.2137014996239822e+05 1.0067382352907758e-09 9.6653968956237261e-12
3.4326649181839672e+05 1.0029357768236482e-09 9.6645884081732258e-12
3.6665472639290185e+05 9.9913938524656246e-10 9.6637710059467641e-12
3.9163650280603772e+05 9.9534961124595465e-10 9.6629517045901625e-12
4.1832039597325178e+05 9.9156640963915823e-10 9.6621324719803347e-12
4.4682237848979450e+05 9.8778901620343800e-10 9.6613090777767670e-12
4.7726632466671121e+05 9.8401672775628147e-10 9.6604788975753727e-12
5.0978454890900740e+05 9.8024959417871342e-10 9.6596481313206115e-12
5.4451838077585527e+05 9.7648647682344596e-10 9.6588135486539757e-12
5.8161877922212414e+05 9.7272681682133527e-10 9.6579805167143599e-12
6.2124698869088234e+05 9.6896859677033656e-10 9.6571440408093300e-12
6.6357523990829266e+05 9.6520885592102010e-10 9.6562954993513783e-12
7.0878749842672492e+05 9.6144634824501608e-10 9.6554514228457527e-12
7.5708026416935993e+05 9.5767582518637254e-10 9.6546001950022036e-12
8.0866342545120767e+05 9.5389163551560695e-10 9.6537428074252861e-12
8.6376117118830571e+05 9.5008687938200378e-10 9.6528918004861761e-12
9.2261296525968960e+05 9.4624805836313898e-10 9.6520277063919941e-12
9.8547458725683240e+05 9.4236024978366096e-10 9.6511668600811783e-12
1.0526192441439123e+06 9.3839922198976913e-10 9.6503035340909349e-12
1.1243387576602569e+06 9.3433054098695752e-10 9.6494331595599035e-12
1.2009448326257030e+06 9.3010559170652541e-10 9.6485589036289726e-12
1.2827704116611052e+06 9.2565416915649567e-10 9.6476838841388790e-12
1.3701711222117776e+06 9.2087426573711979e-10 9.6468050776900270e-12
1.4635268221629914e+06 9.1561880406653509e-10 9.6459195189512235e-12
1.5632432507648808e+06 9.0967702679552765e-10 9.6450377566505307e-12
1.6697537920420750e+06 9.0274220033133516e-10 9.6441422775742921e-12
1.7835213583520793e+06 8.9437757787155938e-10 9.6432518733571474e-12
1.9050404022785961e+06 8.8395464438644193e-10 9.6423593666842800e-12
2.0348390656039207e+06 8.7057915596782165e-10 9.6414582588557264e-12
2.1734814747001524e+06 8.5299085173799325e-10 9.6405548332896290e-12
2.3215701923152753e+06 8.2943418229729398e-10 9.6396496607964856e-12
2.4797488364101900e+06 7.9751281467099584e-10 9.6387421158125988e-12
2.6487048774283277e+06 7.5405537888268483e-10 9.6378245384595990e-12
2.8291726261554686e+06 6.9507519482271104e-10 9.6369067799828235e-12
3.0219364251554115e+06 6.1599881354638976e-10 9.6359881552370656e-12
3.2278340576518797e+06 5.1254789278768858e-10 9.6350615349006185e-12
3.4477603886725116e+06 3.8300461781484791e-10 9.6341376361625938e-12
3.6826712542795902e+06 2.3320923555824591e-10 9.6332082931677520e-12
3.9335876157910577e+06 8.6588566880710386e-11 9.6322734827169987e-12
4.2015999970466318e+06 2.8455140268703288e-12 9.6313368514058850e-12
4.4878732240039576e+06 1.1043499807467032e-10 9.6303984939058266e-12
4.7936514872641405e+06 6.5902292860790558e-10 9.6294494615145759e-12
5.1202637495291103e+06 2.0976557151448679e-09 9.6285076756672944e-12
5.4691295214923024e+06 5.1805976670196590e-09 9.6275579025089089e-12
5.8417650312661286e+06 1.1097849765444270e-08 9.6266042400797160e-12
6.2397898141589630e+06 2.1616063492720472e-08 9.6256487657603824e-12
6.6649337514424333e+06 3.9213586465647929e-08 9.6246888777438482e-12
7.1190445887004724e+06 6.7209757506493114e-08 9.6237296499645532e-12
7.6040959664358059e+06 1.0987398066823258e-07 9.6227665518513730e-12
8.1221959978369158e+06 1.7257160194149136e-07 9.6218025961248203e-12
8.6755964309850130e+06 2.6196429230127798e-07 9.6208320231945905e-12
9.2667024353222027e+06 3.8635305813661153e-07 9.6198601021388805e-12
9.8980830549141914e+06 5.5608917946541198e-07 9.6188906359303565e-12
1.0572482373938724e+07 7.8436042513544795e-07 9.6179185813631009e-12
1.1292831442927763e+07 1.0880106643826481e-06 9.6169424847445913e-12
1.2062261017595625e+07 1.4886291198804904e-06 9.6159685764083104e-12
1.2884115165619157e+07 2.0141092810727309e-06 9.6149997329751193e-12
1.3761965800506875e+07 2.7004840081533157e-06 9.6140254970738019e-12
1.4699628205723155e+07 3.5943071758379734e-06 9.6130535771674707e-12
1.5701177616538789e+07 4.7555282444919127e-06 9.6120782716554275e-12
1.6770966931674970e+07 6.2618490125531992e-06 9.6111128775728563e-12
1.7913645631717723e+07 8.2122919043883836e-06 9.6101479241869221e-12
1.9134179986526970e+07 1.0735339572972470e-05 9.6091864314733209e-12
2.0437874639462911e+07 1.3995245369577796e-05 9.6082346686555013e-12
2.1830395662240088e+07 1.8202533967667387e-05 9.6072818626667889e-12
2.3317795180608690e+07 2.3625853654179244e-05 9.6063436628504452e-12
2.4906537677889381e+07 3.0609003687352457e-05 9.6054126863626379e-12
2.6603528090683423e+07 3.9588481557588294e-05 9.6044921737521258e-12
2.8416141818863906e+07 5.1122037075748527e-05 9.6035813567923198e-12
3.0352256780278780e+07 6.5910801818969508e-05 9.6026950149488074e-12
3.2420287649479900e+07 8.4844547448914139e-05 9.6018146076313067e-12
3.4629222429284059e+07 1.0904279438403558e-04 9.6009613344700946e-12
3.6988661514114074e+07 1.3990598893482927e-04 9.6001272974508396e-12
3.9508859414894916e+07 1.7918311787633602e-04 9.5993174357169913e-12
4.2200769326846257e+07 2.2905118222888397e-04 9.5985300068090365e-12
4.5076090733874507e+07 2.9220882757033265e-04 9.5977785474628366e-12
4.8147320256455891e+07 3.7194763946715422e-04 9.5970635626132320e-12
5.1427805964008026e+07 4.7231395932763499e-04 9.5963808266637510e-12
5.4931805387799054e+07 5.9820500176529547e-04 9.5957377650842584e-12
5.8674547486525670e+07 7.5545278993400806e-04 9.5951387488892591e-12
6.2672298833877958e+07 9.5111017838215217e-04 9.5945834018983735e-12
6.6942434315746620e+07 1.1933676946263754e-03 9.5940767968070881e-12
7.1503512644339755e+07 1.4918085065731845e-03 9.5936178551273086e-12
7.6375357017404169e+07 1.8574485979271900e-03 9.5932159773320890e-12
8.1579141273106158e+07 2.3026131121697876e-03 9.5928624615929433e-12
8.7137481915022448e+07 2.8408986551222027e-03 9.5925713317205643e-12
9.3074536407188147e+07 3.4870192742314727e-03 9.5923286421723392e-12
9.9416108166415617e+07 4.2562723441243802e-03 9.5921430856071096e-12
1.0618975870819597e+08 5.1640435884298952e-03 9.5920033137068761e-12
1.1342492743358183e+08 6.2249346845095407e-03 9.5919129540136227e-12
1.2115305957767788e+08 7.4514141505019824e-03 9.5918671022669494e-12
1.2940774287581104e+08 8.8527339953408772e-03 9.5918528916936149e-12
1.3822485354135755e+08 1.0433780593151965e-02 9.5918780545106686e-12
1.4764271218968198e+08 1.2192008902832917e-02 9.5919213335403823e-12
1.5770225038584161e+08 1.4117157193810466e-02 9.5919818694993349e-12
1.6844718853990623e+08 1.6189293534096112e-02 9.5920514521705875e-12
1.7992422592306998e+08 1.8377651224007346e-02 9.5921200252733341e-12
1.9218324363037154e+08 2.0640628066248216e-02 9.5921872435924685e-12
2.0527752137215281e+08 2.2926927208524486e-02 9.5922435491156150e-12
2.1926396903644997e+08 2.5176392138177704e-02 9.5922888332484769e-12
2.3420337402875131e+08 2.7324649843451881e-02 9.5923208064964840e-12
2.5016066546407029e+08 2.9307241457596344e-02 9.5923384706645552e-12
2.6720519635956860e+08 3.1063201141440309e-02 9.5923455368501671e-12
2.8541104505420476e+08 3.2542928167653404e-02 9.5923408679621866e-12
3.0485733716539270e+08 3.3709729216184071e-02 9.5923308371061872e-12
3.2562858948196113e+08 3.4544414566809976e-02 9.5923181882603489e-12
3.4781507728805459e+08 3.5044689222532344e-02 9.5923066237483534e-12
3.7151322671438235e+08 3.5224598979724207e-02 9.5922898582707702e-12
3.9682603382205707e+08 3.5110459322020428e-02 9.5922840144178238e-12
4.2386351224045998e+08 3.4736678752541515e-02 9.5922791788324028e-12
4.5274317130458480e+08 3.4141356118992050e-02 9.5922752814139505e-12
4.8359052676997149e+08 3.3363315333818575e-02 9.5922682001226037e-12
5.1653964632483983e+08 3.2439551015222994e-02 9.5922645962471603e-12
5.5173373227037001e+08 3.1404498004903587e-02 9.5922590095445087e-12
5.8932574390148222e+08 3.0289692861478586e-02 9.5922565802171014e-12
6.2947906229311419e+08 2.9123239765215445e-02 9.5922480107199809e-12
6.7236820038131320e+08 2.7929331653587020e-02 9.5922389368552561e-12
7.1817956142519140e+08 2.6727882652367072e-02 9.5922394418499651e-12
7.6711224914617610e+08 2.5534338953073502e-02 9.5922298392485460e-12
8.1937893306561553e+08 2.4360314966096076e-02 9.5922222477407817e-12
8.7520677280153513e+08 2.3214146105765967e-02 9.5922172672174168e-12
9.3483840534173429e+08 2.2101713132548308e-02 9.5922140897336590e-12
9.9853299958414555e+08 2.1027019112507324e-02 9.5922137313716383e-12
1.0665673827275300e+09 1.9992559790407372e-02 9.5922032861228317e-12
1.1392372434080992e+09 1.8999752154445926e-02 9.5922002145974384e-12
1.2168584168109999e+09 1.8049109856988196e-02 9.5921919180709766e-12
1.2997682573421092e+09 1.7140521897108331e-02 9.5921830524833297e-12
1.3883271048258288e+09 1.6273397528339902e-02 9.5921785734842004e-12
1.4829198506012843e+09 1.5446820843013040e-02 9.5921768050992056e-12
1.5839576103235519e+09 1.4659620889021537e-02 9.5921697775117361e-12
1.6918795107399883e+09 1.3910488956343824e-02 9.5921626156176503e-12
1.8071545982073667e+09 1.3198014613311358e-02 9.5921619889082820e-12
1.9302838772446871e+09 1.2520722536057337e-02 9.5921531031712439e-12
2.0618024879813097e+09 1.1877132541703311e-02 9.5921491933026183e-12
2.2022820319640551e+09 1.1265755001045836e-02 9.5921433990792081e-12
2.3523330564317822e+09 1.0685122570293321e-02 9.5921373712831476e-12
2.5126077078541980e+09 1.0133806104578372e-02 9.5921336633516111e-12
2.6838025662678781e+09 9.6104129446473174e-03 9.5921300116077765e-12
2.8666616727277646e+09 9.1135875879585094e-03 9.5921208064741671e-12
3.0619797630322809e+09 8.6420454440911051e-03 9.5921184411414943e-12
3.2706057217759705e+09 8.1945372461672550e-03 9.5921147352607582e-12
3.4934462717416906e+09 7.7698664856118592e-03 9.5921073128782482e-12
3.7314699146673479e+09 7.3669006917166432e-03 9.5921028739925739e-12
3.9857111405139146e+09 6.9845471988720532e-03 9.5920940731159529e-12
4.2572749235291080e+09 6.6217792726979184e-03 9.5920985765143252e-12
4.5473415246476765e+09 6.2775895615404947e-03 9.5920837998697726e-12
4.8571716210997572e+09 5.9510599376640001e-03 9.5920896592618076e-12
5.1881117855216608e+09 5.6412281958363401e-03 9.5920129378464515e-12
5.5416003383825960e+09 5.3474015855736389e-03 9.5920840488332605e-12
5.9191735991622057e+09 5.0686160836639184e-03 9.5920748271881099e-12
6.3224725634481850e+09 4.8041625683795516e-03 9.5920771493493881e-12
6.7532500349732227e+09 4.5532555805761757e-03 9.5919840641916025e-12
7.2133782435890503e+09 4.3153126394802812e-03 9.5919922221752088e-12
7.7048569822856550e+09 4.0896084591870961e-03 9.5920031378208097e-12
8.2298222986208305e+09 3.8755580695752040e-03 9.5920706539678488e-12
8.7905557783350925e+09 3.6725081978507637e-03 9.5920682708508557e-12
9.3894944614989834e+09 3.4799276382535063e-03 9.5920589683872739e-12
1.0029241434290417e+10 3.2972902929015242e-03 9.5920516313800669e-12
1.0712577142436455e+10 3.1241035282403378e-03 9.5920636758220195e-12
1.1442471475488155e+10 2.9598629954708067e-03 9.5920635510926150e-12
1.2222096674449949e+10 2.8041186884346790e-03 9.5920513193532452e-12
1.3054841118861214e+10 2.6564459396091994e-03 9.5920603760459913e-12
1.3944324053252474e+10 2.5164165390904039e-03 9.5920599255835228e-12
1.4894411316978067e+10 2.3836357598564541e-03 9.5920557210226484e-12
1.5909232145790398e+10 2.2577352067772471e-03 9.5920448583368420e-12
1.6993197118179415e+10 2.1383543875072141e-03 9.5920326937373282e-12
1.8151017324472954e+10 2.0251711025887865e-03 9.5920603982347413e-12
1.9387724842010872e+10 1.9178489490570109e-03 9.5920607526986766e-12
2.0708694605382950e+10 1.8160926978455915e-03 9.5920606987134626e-12
2.2119667766779617e+10 1.7196200143055774e-03 9.5920645290940945e-12
2.3626776647984539e+10 1.6281556604395338e-03 9.5920600140382738e-12
2.5236571392456264e+10 1.5414467547852256e-03 9.5920609929342620e-12
2.6956048433330021e+10 1.4592482501741778e-03 9.5920610653494365e-12
2.8792680901069000e+10 1.3813292475561522e-03 9.5920632239066583e-12
3.0754451102919460e+10 1.3074691530663715e-03 9.5920597098262506e-12
3.2849885215334270e+10 1.2374569955713895e-03 9.5920289763017497e-12
3.5088090340139664e+10 1.1711072237160509e-03 9.5920642313801372e-12
3.7478794085499039e+10 1.1082179749469440e-03 9.5920587992090460e-12
4.0032386843702095e+10 1.0486173998210477e-03 9.5920592820476739e-12
4.2759966949520561e+10 9.9213517251230338e-04 9.5920576532739854e-12
4.5673388915398193e+10 9.3861164260812622e-04 9.5920612654274194e-12
4.8785314953116646e+10 8.8789230323617157e-04 9.5920467248533506e-12
5.2109270005852730e+10 8.3983386554911058e-04 9.5920281223557778e-12
5.5659700529808083e+10 7.9430400331877008e-04 9.5920625538177512e-12
5.9452037280889977e+10 7.5116140152646266e-04 9.5920155905917055e-12
6.3502762379316727e+10 7.1029449425084076e-04 9.5920364496490011e-12
6.7829480943628136e+10 6.7158067018761956e-04 9.5920613857621523e-12
7.2450997605428558e+10 6.3490300477650984e-04 9.5920012479985471e-12
7.7387398237416656e+10 6.0016941414129852e-04 9.5920616655740745e-12
8.2660137249895401e+10 5.6726790405823646e-04 9.5920594086275122e-12
8.8292130835171219e+10 5.3610310541400631e-04 9.5919768300413935e-12
9.4307856565104553e+10 5.0659831304669905e-04 9.5920602219221130e-12
1.0073345977466759e+11 4.7865349356973169e-04 9.5920414828438735e-12
1.0759686719387416e+11 4.5219345460666865e-04 9.5920349129220809e-12
1.1492790832195358e+11 4.2713831252349545e-04 9.5919755171682458e-12
1.2275844507126573e+11 4.0342060080610006e-04 9.5919866022238547e-12
1.3112251024441757e+11 3.8096834627369134e-04 9.5920159166185252e-12
1.4005645544643521e+11 3.5971489417798938e-04 9.5920404544798691e-12
1.4959910907482352e+11 3.3959628824867662e-04 9.5920157165287146e-12
1.5979194507418011e+11 3.2055539167736695e-04 9.5919940117628331e-12
1.7067926318878516e+11 3.0253667449359764e-04 9.5919950853736752e-12
1.8230838149659509e+11 2.8548552182513360e-04 9.5919776751131876e-12
1.9472984206140039e+11 2.6935174851518156e-04 9.5919504257152737e-12
2.0799763059695557e+11 2.5408857661946184e-04 9.5919553416360412e-12
2.2216941109779309e+11 2.3964980595392858e-04 9.5919683848708503e-12
2.3730677645643845e+11 2.2599151899810695e-04 9.5919572040418434e-12
2.5347551615626071e+11 2.1307419139475711e-04 9.5919795857176215e-12
2.7074590220341602e+11 2.0085762441263784e-04 9.5919744036546117e-12
2.8919299454055676e+11 1.8930570842534656e-04 9.5919715901391412e-12
3.0889696726969928e+11 1.7838466426962937e-04 9.5920318924425396e-12
3.2994345710209186e+11 1.6805762313974339e-04 9.5919521113854433e-12
3.5242393554945923e+11 1.5829737041596502e-04 9.5919586431255450e-12
3.7643610647426587e+11 1.4907253829317247e-04 9.5919665208038642e-12
4.0208433072678430e+11 1.4035481152717270e-04 9.5919707191632298e-12
4.2948007971455933e+11 1.3211717195399982e-04 9.5919527363137027e-12
4.5874241987549591e+11 1.2433494228857871e-04 9.5919644910057300e-12
4.8999853016021838e+11 1.1698355162858413e-04 9.5919716858100189e-12
5.2338425477272400e+11 1.1003993310005312e-04 9.5919541292517218e-12
5.5904469357169385e+11 1.0348332184882411e-04 9.5919893377051919e-12
5.9713483269837000e+11 9.7292884085713793e-05 9.5920613557276346e-12
6.3782021817184045e+11 9.1447387549497180e-05 9.5919850897434853e-12
6.8127767537933582e+11 8.5930445619146752e-05 9.5919716970968692e-12
7.2769607758847778e+11 8.0724163773580670e-05 9.5919842100534070e-12
7.7727716682159375e+11 7.5811428202081672e-05 9.5919633722499502e-12
8.3023643065981238e+11 7.1176887874018838e-05 9.5919549923689763e-12
8.8680403878756519e+11 6.6805744010703369e-05 9.5919776942018310e-12
9.4722584334796362e+11 6.2683290847005886e-05 9.5919514538251818e-12
1.0117644474566804e+12 5.8796679919048835e-05 9.5919570361125323e-12
1.0807003465183937e+12 5.5133327639677889e-05 9.5920218400872873e-12
1.1543331473059998e+12 5.1680655029546886e-05 9.5920608400113158e-12
1.2329828701009719e+12 4.8426679300487070e-05 9.5919486260885573e-12
1.3169913395542744e+12 4.5362064287776583e-05 9.5919743013523030e-12
1.4067236703125784e+12 4.2475975713324232e-05 9.5920344662328727e-12
1.5025698538666240e+12 3.9757986468005154e-05 9.5919639197420116e-12
1.6049464535185481e+12 3.7199756990682622e-05 9.5919604023938769e-12
1.7142984148345840e+12 3.4792304235602621e-05 9.5919677101124698e-12
1.8311009994517429e+12 3.2527344766291141e-05 9.5919850692676131e-12
1.9558618506432571e+12 3.0396937890773039e-05 9.5919817237274281e-12
2.0891231996198152e+12 2.8393938393659870e-05 9.5920498586693230e-12
2.2314642221557544e+12 2.6510893383327682e-05 9.5920494131985760e-12
2.3835035557823096e+12 2.4741060131963972e-05 9.5919362120891742e-12
2.5459019884883359e+12 2.3078919660283936e-05 9.5920223618343780e-12
2.7193653306137109e+12 2.1517563361456590e-05 9.5919317123387330e-12
2.9046474824172666e+12 2.0052043405192486e-05 9.5919743283817737e-12
3.1025537106516299e+12 1.8676707732118690e-05 9.5920357236188143e-12
3.3139441483851216e+12 1.7386190662072155e-05 9.5919556550365547e-12
3.5397375332816719e+12 1.6176033611053562e-05 9.5919206981197649e-12
3.7809152005862056e+12 1.5041714016701862e-05 9.5919618708352798e-12
4.0385253481691992e+12 1.3978640944768506e-05 9.5919098346166103e-12
4.3136875921671846e+12 1.2982941681337126e-05 9.5919003821954101e-12
4.6075978330191035e+12 1.2050729820327834e-05 9.5919302274091438e-12
4.9215334530464844e+12 1.1178290014114942e-05 9.5919638860561733e-12
5.2568588681675049e+12 1.0362028783557272e-05 9.5918836855997365e-12
5.6150314578731562e+12 9.5988695979194672e-06 9.5918676316157605e-12
5.9976078992388340e+12 8.8856570387673404e-06 9.5918773275025798e-12
6.4062509324992188e+12 8.2193926767375045e-06 9.5918482245200324e-12
6.8427365875910684e+12 7.5974225101257895e-06 9.5919318149805395e-12
7.3089619030721865e+12 7.0168685156316053e-06 9.5918085282727890e-12
7.8069531709633506e+12 6.4754855309890286e-06 9.5917911652260760e-12
8.3388747433470195e+12 5.9708386761485245e-06 9.5917714799411732e-12
8.9070384389983750e+12 5.5006987153744193e-06 9.5917392852486362e-12
9.5139135909303770e+12 5.0630265757571797e-06 9.5918114510778048e-12
1.0162137778521549e+13 4.6557221185837541e-06 9.5917773980579232e-12
1.0854528290870895e+13 4.2769201783861452e-06 9.5916322990054184e-12
1.1594094371200105e+13 3.9249544211811128e-06 9.5916143001792839e-12
1.2384050295520475e+13 3.5980726678441729e-06 9.5915515787996775e-12
1.3227829342405527e+13 3.2947450927634084e-06 9.5915819884755967e-12
1.4129098714585832e+13 3.0133926686290002e-06 9.5914469735272099e-12
1.5091775477215898e+13 2.7526762446406048e-06 9.5913503923380232e-12
1.6120043582084189e+13 2.5112600593920717e-06 9.5912718334057731e-12
1.7218372051757516e+13 2.2878785797932642e-06 9.5911625271607193e-12
1.8391534402688957e+13 2.0813599176664060e-06 9.5910536651218585e-12
1.9644629391706227e+13 1.8906072563277088e-06 9.5910250065758190e-12
2.0983103176049602e+13 1.7145205700883768e-06 9.5907943490443986e-12
2.2412772983268031e+13 1.5521698976061818e-06 9.5906505336989440e-12
2.3939852393847746e+13 1.4026166821991634e-06 9.5905420239962595e-12
2.5570978346457641e+13 1.2649591613699818e-06 9.5902349920349059e-12
2.7313239983177316e+13 1.1384167901197053e-06 9.5899914869905550e-12
2.9174209460076750e+13 1.0222113860855094e-06 9.5897321907331520e-12
3.1161974857052945e+13 9.1562067906471450e-07 9.5894311580497474e-12
3.3285175329958891e+13 8.1797273485435441e-07 9.5891030188884562e-12
3.5553038657797367e+13 7.2864248845462859e-07 9.5888268195285410e-12
3.7975421348167641e+13 6.4702487032233396e-07 9.5883973473988739e-12
4.0562851475272797e+13 5.7257202793746440e-07 9.5878122086728399e-12
4.3326574436663719e+13 5.0478235829179997e-07 9.5872708757784754e-12
4.6278601827588164e+13 4.4317117666910896e-07 9.5866793708879068e-12
4.9431763645364359e+13 3.8729219641737363e-07 9.5860226190165905e-12
5.2799764050661461e+13 3.3672830330354385e-07 9.5852176393067467e-12
5.6397240928040055e+13 2.9110239430514389e-07 9.5844806126692072e-12
6.0239829504607875e+13 2.5004859361687564e-07 9.5835367857341123e-12
6.4344230303295023e+13 2.1323969617147171e-07 9.5824970670773161e-12
6.8728281726076469e+13 1.8036846140407653e-07 9.5813482475943895e-12
7.3411037582603688e+13 1.5114817121173220e-07 9.5799722750071507e-12
7.8412849901203344e+13 1.2531927481021097e-07 9.5786933748998209e-12
8.3755457382143469e+13 1.0263000514650016e-07 9.5771588023669309e-12
8.9462079877603594e+13 8.2851155972808630e-08 9.5754437005683449e-12
9.5557519308981172e+13 6.5767032746216882e-08 9.5736832080685983e-12
1.0206826746012583e+14 5.1171533133357956e-08 9.5719061230354638e-12
1.0902262111499316e+14 3.8866286914286586e-08 9.5698988070158248e-12
1.1645080504013384e+14 2.8660924799228178e-08 9.5677160847934853e-12
1.2438510334650483e+14 2.0368812824571498e-08 9.5655726000724872e-12
1.3285999980153534e+14 1.3803097957857018e-08 9.5632014204520926e-12
1.4191232770125631e+14 8.7773632689358142e-09 9.5608743186310796e-12
1.5158142995387862e+14 5.1020167831059894e-09 9.5585398574844345e-12
1.6190933007055028e+14 2.5844105190697606e-09 9.5561957224872813e-12
1.7294091480645388e+14 1.0290226782253797e-09 9.5539738600350710e-12
1.8472412924604653e+14 2.3913816583002840e-10 9.5517728456045733e-12
1.9731018518029122e+14 2.0338167240909086e-11 9.5497347009523666e-12
2.1075378368153119e+14 1.8566347705913296e-10 9.5478604714509545e-12
2.2511335284337031e+14 5.6258035209403589e-10 9.5462582961258241e-12
2.4045130171878862e+14 1.0011217478132297e-09 9.5446477432641742e-12
2.5683429156016044e+14 1.3824235303739906e-09 9.5432826816888434e-12
2.7433352554004969e+14 1.6261887578243580e-09 9.5420859595618968e-12
2.9302505821191944e+14 1.6951914997771094e-09 9.5409211102257072e-12
3.1299012605575369e+14 1.5952733359260352e-09 9.5398263979336238e-12
3.3431550054517125e+14 1.3688466692039583e-09 9.5387145573486771e-12
3.5709386527055838e+14 1.0819810890223363e-09 9.5375529769527282e-12
3.8142421875721356e+14 8.0641216480618428e-10 9.5362678972204689e-12
4.0741230472923606e+14 6.0011762254117446e-10 9.5350171045080385e-12
4.3517107168918806e+14 4.9187100560158479e-10 9.5336064951990851e-12
4.6482116381088388e+14 4.7548253377788161e-10 9.5321207028341126e-12
4.9649144527883106e+14 5.1664836278905078e-10 9.5307516672227398e-12
5.3031956035322544e+14 5.7061940977027747e-10 9.5293457411201341e-12
5.6645253159456962e+14 6.0305322594519054e-10 9.5278107389727208e-12
6.0504739884792512e+14 6.0353857056537857e-10 9.5265160743766542e-12
6.4627190176397425e+14 5.8410983252362034e-10 9.5250697909753858e-12
6.9030520882315538e+14 5.6484379992803648e-10 9.5238367633693774e-12
7.3733869603140350e+14 5.5734953265205780e-10 9.5224817851040260e-12
7.8757677867177262e+14 5.5908046336054178e-10 9.5209150259655223e-12
8.4123779972696350e+14 5.6099810420845450e-10 9.5195885455766224e-12
8.9855497883387812e+14 5.5849316464362168e-10 9.5179933156006326e-12
9.5977742589455550e+14 5.5392904617155777e-10 9.5166419660442149e-12
1.0251712237488835e+15 5.5055143937283138e-10 9.5150577157012273e-12
1.0950205846144331e+15 5.4828143361802054e-10 9.5137288321611072e-12
1.1696290853195448e+15 5.4567759093395964e-10 9.5122316060116452e-12
1.2493209866982838e+15 5.4271508943190457e-10 9.5105800983836795e-12
1.3344426428814155e+15 5.3991655403508005e-10 9.5090744997745353e-12
1.4253640066084780e+15 5.3720159916807764e-10 9.5078443086002672e-12
1.5224802371033908e+15 5.3442451455976109e-10 9.5063727374077855e-12
1.6262134175014955e+15 5.3166181334299079e-10 9.5048378604210739e-12
1.7370143892924132e+15 5.2891545204565567e-10 9.5033705150452537e-12
1.8553647117513688e+15 5.2615705428155909e-10 9.5016198175640501e-12
1.9817787548752088e+15 5.2342384663489074e-10 9.5001543001799987e-12
2.1168059349191012e+15 5.2069095716946655e-10 9.4985606749414316e-12
2.2610331022500295e+15 5.1796874491841364e-10 9.4970160362791763e-12
2.4150870918952565e+15 5.1525087830614808e-10 9.4954037317484559e-12
2.5796374478705660e+15 5.1254700161313199e-10 9.4939088822264934e-12
2.7553993331287795e+15 5.0985310155628512e-10 9.4924645477912698e-12
2.9431366377758775e+15 5.0716429873207694e-10 9.4909510837424976e-12
3.1436652990631785e+15 5.0447961021167905e-10 9.4893726169399698e-12
3.3578568475849585e+15 5.0179697646066234e-10 9.4876670156638394e-12
3.5866421950941275e+15 4.9913085036256275e-10 9.4861456616077389e-12
3.8310156803979550e+15 4.9645886570005791e-10 9.4843393779022092e-12
4.0920393909183775e+15 4.9380422641519859e-10 9.4827036915341967e-12
4.3708477786987575e+15 4.9116037950035367e-10 9.4811333384326247e-12
4.6686525909195300e+15 4.8851603331215389e-10 9.4793907734679505e-12
4.9867481363509740e+15 4.8589458972709434e-10 9.4779238128518190e-12
5.3265169106321990e+15 4.8326564226744138e-10 9.4761449275490403e-12
5.6894356048251680e+15 4.8065180111599935e-10 9.4745093162455229e-12
6.0770815233571970e+15 4.7803996079767153e-10 9.4727307597767855e-12
6.4911394392456580e+15 4.7544838964632550e-10 9.4712070968599298e-12
6.9334089163993350e+15 4.7285603061775818e-10 9.4695046501556835e-12
7.4058121308194100e+15 4.7026472922547519e-10 9.4676890128386390e-12
7.9104022246931150e+15 4.6768527786928762e-10 9.4659869076578919e-12
8.4493722296876260e+15 4.6510523136962488e-10 9.4642187658427975e-12
9.0250645982273180e+15 4.6252638044659813e-10 9.4624829151379892e-12
9.6399813841776940e+15 4.5994315810818146e-10 9.4607642241440019e-12
1.0296795117183390e+16 4.5734928410534047e-10 9.4590302728127766e-12
1.0998360417922706e+16 4.5474443442909590e-10 9.4572474905800071e-12
1.1747726404759106e+16 4.5214215076813461e-10 9.4554672813910401e-12
1.2548149945711576e+16 4.4956735291949552e-10 9.4538562463013202e-12
1.3403109813340106e+16 4.4700622942005235e-10 9.4519081511076530e-12
1.4316321804064012e+16 4.4448571454258134e-10 9.4502114262637886e-12
1.5291754887624914e+16 4.4197220039857910e-10 9.4482576707678631e-12
1.6333648456883686e+16 4.3947573266764100e-10 9.4464398978334688e-12
1.7446530752919742e+16 4.3698409914402382e-10 9.4445903279992887e-12
1.8635238545512936e+16 4.3450118917745530e-10 9.4428230462555550e-12
1.9904938154541184e+16 4.3201572251748075e-10 9.4408701103898182e-12
2.1261147903658548e+16 4.2954085487195361e-10 9.4390301639075727e-12
2.2709762103838480e+16 4.2706858264221602e-10 9.4370948464618304e-12
2.4257076671019652e+16 4.2460596199014200e-10 9.4352318931055666e-12
2.5909816489194812e+16 4.2215839841093473e-10 9.4335249717662311e-12
2.7675164637863924e+16 4.1971816211455070e-10 9.4318608558054959e-12
2.9560793610880160e+16 4.1725339863835264e-10 9.4294503754312602e-12
3.1574898662373404e+16 4.1481723727033518e-10 9.4275221061632430e-12
3.3726233424674064e+16 4.1240999825982802e-10 9.4260818349805828e-12
3.6024147953040268e+16 4.0996873545198646e-10 9.4236676278238264e-12
3.8478629362539816e+16 4.0756188776407686e-10 9.4218797138421333e-12
4.1100345233696368e+16 4.0515431367109297e-10 9.4199088396091047e-12
4.3900689975552232e+16 4.0275646257530257e-10 9.4180233179971538e-12
4.6891834347645632e+16 4.0037195809271784e-10 9.4162248581731600e-12
5.0086778356138552e+16 3.9798083979663421e-10 9.4140979421344834e-12
5.3499407753984088e+16 3.9560804768282246e-10 9.4122219052102228e-12
5.7144554390694696e+16 3.9323539272804033e-10 9.4101654719245141e-12
6.1038060674005936e+16 3.9087185118955359e-10 9.4081488742685912e-12
6.5196848423589016e+16 3.8850978272192966e-10 9.4059980922052443e-12
6.9638992416064880e+16 3.8615908183387671e-10 9.4039064313530202e-12
7.4383798940963840e+16 3.8381681077774290e-10 9.4018488514790867e-12
7.9451889709038848e+16 3.8147840112333207e-10 9.3996794048651761e-12
8.4865291477615200e+16 3.7915098584641341e-10 9.3976023495353620e-12
9.0647531782510128e+16 3.7681353804544802e-10 9.3950870941723628e-12
9.6823741192576496e+16 3.7450893156895625e-10 9.3932062617949545e-12
1.0342076253129629e+17 3.7219813476496654e-10 9.3909628686888771e-12
1.1046726754010971e+17 3.6990279297944925e-10 9.3889180454296171e-12
1.1799388149053152e+17 3.6759814656152546e-10 9.3864347793734109e-12
1.2603331628662357e+17 3.6531303653684769e-10 9.3842546374522578e-12
1.3462051263631509e+17 3.6304419422323242e-10 9.3823007313576344e-12
1.4379279190948102e+17 3.6078391234069217e-10 9.3803183970221406e-12
1.5359001834276070e+17 3.5850568161810965e-10 9.3777596822676339e-12
1.6405477229609286e+17 3.5624024944831854e-10 9.3752893322393423e-12
1.7523253531398147e+17 3.5398884811476122e-10 9.3729785136561277e-12
1.8717188779577690e+17 3.5175858286654697e-10 9.3710350755960188e-12
1.9992472013408893e+17 3.4951036554211260e-10 9.3683885769204018e-12
2.1354645823898998e+17 3.4729524791343284e-10 9.3664217184080642e-12
2.2809630442814426e+17 3.4507899063660814e-10 9.3642349341530297e-12
2.4363749472983613e+17 3.4288064720496939e-10 9.3622745168385296e-12
2.6023757371715770e+17 3.4066687996266544e-10 9.3597179819734024e-12
2.7796868806786157e+17 3.3844530829032655e-10 9.3568197879460414e-12
2.9690790012570157e+17 3.3627591164355238e-10 9.3549833156398363e-12
3.1713752282606528e+17 3.3408145617233311e-10 9.3523123591016483e-12
3.3874547744156429e+17 3.3191203680147014e-10 9.3501611182130982e-12
3.6182567570236192e+17 3.2973464664377638e-10 9.3475189995390596e-12
3.8647842795201254e+17 3.2756385054103282e-10 9.3448616649408565e-12
4.1281087911275590e+17 3.2539371273714332e-10 9.3420224237438103e-12
4.4093747435499098e+17 3.2324254241908366e-10 9.3395815091044791e-12
4.7098045649482733e+17 3.2107927856668717e-10 9.3363549808636640e-12
5.0307039728152128e+17 3.1897458568357016e-10 9.3347975003439766e-12
5.3734676488379341e+17 3.1686714227221157e-10 9.3328652957638866e-12
5.7395853004147162e+17 3.1470487741897582e-10 9.3290539030701583e-12
6.1306481351684774e+17 3.1260623391481545e-10 9.3269912104107077e-12
6.5483557765974861e+17 3.1052230848672056e-10 9.3250501379686877e-12
6.9945236509189414e+17 3.0840290795786873e-10 9.3217094146498286e-12
7.4710908772101760e+17 3.0630516368382316e-10 9.3189169179769869e-12
7.9801286951399245e+17 3.0420471082249886e-10 9.3157507895384346e-12
8.5238494669169651e+17 3.0215532142328729e-10 9.3141469520573170e-12
9.1046162925804902e+17 3.0008009116158719e-10 9.3113279129055076e-12
9.7249532804225446e+17 2.9801370742836638e-10 9.3085282257583929e-12
1.0387556517178191e+18 2.9592065465758421e-10 9.3045953839942162e-12
1.1095305785662730e+18 2.9392642802043148e-10 9.3034560261448924e-12
1.1851277080781832e+18 2.9189663161420799e-10 9.3010843781688961e-12
1.2658755978312622e+18 2.8986592385057706e-10 9.2984586876777699e-12
1.3521251914557005e+18 2.8785004697196853e-10 9.2960385346351238e-12
1.4442513438929562e+18 2.8583313282098369e-10 9.2933514558855809e-12
1.5426544505771443e+18 2.8381078832436672e-10 9.2902677165352246e-12
1.6477621876195210e+18 2.8181425794623362e-10 9.2877141472444059e-12
1.7600313705592689e+18 2.7979206692249835e-10 9.2840927858597625e-12
1.8799499397591590e+18 2.7782812106631497e-10 9.2821537316656323e-12
2.0080390810747087e+18 2.7582899897648911e-10 9.2788351032824987e-12
2.1448554910137111e+18 2.7372063510048621e-10 9.2714486445131964e-12
2.2909937962310559e+18 2.7178021912049356e-10 9.2696957141496089e-12
2.4470891378740593e+18 2.6987984487018976e-10 9.2685538551063502e-12
2.6138199320105528e+18 2.6793390799053667e-10 9.2659329988801853e-12
2.7919108181367803e+18 2.6591564282351683e-10 9.2604278967280777e-12
2.9821358085801441e+18 2.6401484191628962e-10 9.2588050292376509e-12
3.1853216524842209e+18 2.6213157326295550e-10 9.2577434706238212e-12
3.4023514289966474e+18 2.6016151080717283e-10 9.2529537340742378e-12
3.6341683852767114e+18 2.5819126001523216e-10 9.2482871386597338e-12
3.8817800360028191e+18 2.5625933861056953e-10 9.2440942094821330e-12
4.1462625421971482e+18 2.5442505399564983e-10 9.2435448651937015e-12
4.4287653883989100e+18 2.5247658418339647e-10 9.2384418702934843e-12
4.7305163785134223e+18 2.5061969227115752e-10 9.2365213393209919e-12
5.0528269720500122e+18 2.4880776071066901e-10 9.2361798765173266e-12
5.3970979839413002e+18 2.4693204199541186e-10 9.2330281968204648e-12
5.7648256727155026e+18 2.4505980988984153e-10 9.2296606766814696e-12
6.1576082434825533e+18 2.4320926763939495e-10 9.2268191672469314e-12
6.5771527939965809e+18 2.4132021357690677e-10 9.2221138497218399e-12
7.0252827339842437e+18 2.3935892882229589e-10 9.2144654892825833e-12
7.5039457099836375e+18 2.3764790110021040e-10 9.2161302245217470e-12
8.0152220701367808e+18 2.3568970194377678e-10 9.2077440860315428e-12
8.5613339057256888e+18 2.3386911647072395e-10 9.2044809652753373e-12
9.1446547087469609e+18 2.3206257743626173e-10 9.2013666823594914e-12
9.7677196874987397e+18 2.3027250285485214e-10 9.1987378218576834e-12
1.0433236785014020e+19 2.2847738676106205e-10 9.1956642720562646e-12
1.1144098448226955e+19 2.2666751861911869e-10 9.1915351528205101e-12
1.1903394199023397e+19 2.2488183484402854e-10 9.1881913230224969e-12
1.2714424061812476e+19 2.2310357649073540e-10 9.1848485415278352e-12
1.3580712905975929e+19 2.2133103734222344e-10 9.1814200511745204e-12
1.4506025765531281e+19 2.1956613945354083e-10 9.1779867785018589e-12
1.5494384202589420e+19 2.1780588374751860e-10 9.1744097966707145e-12
1.6550083785726671e+19 2.1605222106664494e-10 9.1707731223969405e-12
1.7677712759233120e+19 2.1431210785505744e-10 9.1674095099745507e-12
1.8882171984377647e+19 2.1235949529141426e-10 9.1554880359161873e-12
2.0168696239359140e+19 2.1066710285639878e-10 9.1529255734844922e-12
2.1542876970514473e+19 2.0888763822135861e-10 9.1471987326139404e-12
2.3010686593664803e+19 2.0723826518671974e-10 9.1456911058861876e-12
2.4578504451219550e+19 2.0555161496266413e-10 9.1426878235440749e-12
2.6253144537848902e+19 2.0385848472599524e-10 9.1391458506925278e-12
2.8041885115226431e+19 2.0217330007706723e-10 9.1356584323919483e-12
2.9952500344554476e+19 2.0055471699074434e-10 9.1347221288863511e-12
3.1993294074348528e+19 1.9887890223184054e-10 9.1309916418346035e-12
3.4173135930331226e+19 1.9695200783870402e-10 9.1165823123110499e-12
3.6501499864285708e+19 1.9528490953396818e-10 9.1126691272730956e-12
3.8988505329412284e+19 1.9374971122801130e-10 9.1147781431363802e-12
4.1644961261138289e+19 1.9191410849871723e-10 9.1013492350019971e-12
4.4482413054530839e+19 1.9038601532220699e-10 9.1021481599323749e-12
4.7513192742487671e+19 1.8873168503165107e-10 9.0981748527646567e-12
5.0750472592782582e+19 1.8775024612120155e-10 9.1259919903592309e-12
5.4208322356909711e+19 1.8610712297513706e-10 9.1208540365309666e-12
5.7901770419543622e+19 1.8442593410480587e-10 9.1126038834185301e-12
6.1846869114373030e+19 1.8210592265008170e-10 9.0720968234560095e-12
6.6060764490188259e+19 1.8102013669246149e-10 9.0945797548177148e-12
7.0561770830431502e+19 1.7941623706693081e-10 9.0900102794458160e-12
7.5369450250092708e+19 1.7826578178920011e-10 9.1099322511717638e-12
8.0504697715882246e+19 1.7666451949406590e-10 9.1046681454766496e-12
8.5989831859196166e+19 1.7420317026815325e-10 9.0534376398836935e-12
9.1848691976568537e+19 1.7288583707021900e-10 9.0600399174784469e-12
9.8106741639179387e+19 1.7114444134905581e-10 9.0489238785799185e-12
1.0479117936172707e+20 1.6952648823246430e-10 9.0407054285968506e-12
1.1193105681165812e+20 1.6862181344319219e-10 9.0695198805835667e-12
1.1955740507249748e+20 1.6725550477112366e-10 9.0755304891509698e-12
1.2770336951004599e+20 1.6550433711014480e-10 9.0588966543965669e-12
1.3640435382760584e+20 1.6404329829279057e-10 9.0568344056441058e-12
1.4569817393630328e+20 1.6251172161414815e-10 9.0511457826106451e-12
1.5562522230926983e+20 1.6131239441626405e-10 9.0655362905089790e-12
1.6622864353397919e+20 1.5935670146282359e-10 9.0341155472588714e-12
1.7755452182573892e+20 1.5790379928535619e-10 9.0307492865061652e-12
1.8965208131727809e+20 1.5638688970652174e-10 9.0239440330010704e-12
2.0257389999493179e+20 1.5481465888648767e-10 9.0140522845944748e-12
2.1637613821123966e+20 1.5332212270279867e-10 9.0080535222021922e-12
2.3111878276708513e+20 1.5186852100742478e-10 9.0029271528057444e-12
2.4686590762420752e+20 1.5047311174828363e-10 9.0020169875969428e-12
2.6368595238120538e+20 1.4955914496448698e-10 9.0312068281458434e-12
2.8165201972330093e+20 1.4774394418867982e-10 9.0053687799564413e-12
3.0084219313864468e+20 1.4660032592814317e-10 9.0171872907418213e-12
3.2133987628203069e+20 1.4516629783122377e-10 9.0120294644684342e-12
3.4323415546091032e+20 1.4327083542105420e-10 8.9778680578865707e-12
3.6662018681916457e+20 1.4179379782104779e-10 8.9694293709412672e-12
3.9159960990136815e+20 1.4036282494718453e-10 8.9593925273591333e-12
4.1828098939501045e+20 1.3911156932940363e-10 8.9627436218598854e-12
4.4678028697050291e+20 1.3834136867080894e-10 9.0000638781576975e-12
4.7722136526968934e+20 1.3611844591469686e-10 8.9423208304398579e-12
5.0973652623331151e+20 1.3516574555653350e-10 8.9645706344416059e-12
5.4446708610702849e+20 1.3344411311888762e-10 8.9328903315690537e-12
5.8156398962508399e+20 1.3290039938806323e-10 8.9846746415706513e-12
6.2118846604101236e+20 1.3114592592795448e-10 8.9538284229866807e-12
6.6351272985652127e+20 1.2967039497620194e-10 8.9405032501871480e-12
7.0872072929406760e+20 1.2823081079407741e-10 8.9267961224770649e-12
7.5700894576616446e+20 1.2682553385985165e-10 8.9165416368978957e-12
8.0858724781594522e+20 1.2526209302585881e-10 8.8911771883174444e-12
8.6367980324043515e+20 1.2404966467149391e-10 8.8925105134083953e-12
9.2252605336069564e+20 1.2364083827041271e-10 8.9554068758956568e-12
9.8538175367328878e+20 1.2228034977801042e-10 8.9464369600219186e-12
1.0525200854057773e+21 1.2090579323860497e-10 8.9360857178078731e-12
1.1242328428073117e+21 1.1892248848972774e-10 8.8761783014943067e-12
1.2008317013345541e+21 1.1852855697330770e-10 8.9401780562417075e-12
1.2826495722445309e+21 1.1716583012106466e-10 8.9287354251000416e-12
1.3700420494817629e+21 1.1551672508932366e-10 8.8955931342169354e-12
1.4633889551481839e+21 1.1483678764653314e-10 8.9274807955089245e-12
1.5630959902725363e+21 1.1261992970718952e-10 8.8478876548452290e-12
1.6695964980538298e+21 1.1134468300984566e-10 8.8390575591471271e-12
1.7833533472423425e+21 1.1106781776450424e-10 8.9092866837359974e-12
1.9048609438434082e+21 1.0982716877531456e-10 8.9051977923784742e-12
2.0346473798873850e+21 1.0763156138971134e-10 8.8187854737116574e-12
2.1732767286045439e+21 1.0702303429143955e-10 8.8698903845754812e-12
2.3213514959803444e+21 1.0530855953335786e-10 8.8191336533944026e-12
2.4795152393456499e+21 1.0438913902238549e-10 8.8381653746353202e-12
2.6484553643828361e+21 1.0287273650597841e-10 8.8014673255131340e-12
2.8289061127042383e+21 1.0225219607809532e-10 8.8499338146145780e-12
3.0216517529870947e+21 1.0068516392858747e-10 8.8060008618777788e-12
3.2275299895343275e+21 9.9584927298978475e-11 8.8110168472921955e-12
3.4474356030755832e+21 9.9192025361182697e-11 8.8658172184870326e-12
3.6823243396316088e+21 9.6964546670007890e-11 8.7630003917087107e-12
3.9332170643438033e+21 9.4253365479672778e-11 8.5953440666743071e-12
4.2012041983224573e+21 9.3227022954413822e-11 8.5983104161962644e-12
4.4874504577964075e+21 9.1068598806372839e-11 8.4993499536079673e-12
4.7931999161616915e+21 8.9227489279689233e-11 8.4235757722484777e-12
5.1197814109293091e+21 9.2020183491032563e-11 8.7988767167223146e-12
5.4686143190721595e+21 8.7163760005509771e-11 8.4150598351657676e-12
5.8412147258710819e+21 8.5984955104096293e-11 8.3991269764442015e-12
6.2392020140710680e+21 8.4849207902036255e-11 8.3780486825819487e-12
6.6643059019857065e+21 8.3273316931032972e-11 8.3302760315161690e-12
7.1183739611377807e+21 8.4518518354825528e-11 8.5395879934430637e-12
7.6033796461092636e+21 8.0803182020185478e-11 8.2746990127200402e-12
8.1214308715003547e+21 7.9576899026672915e-11 8.2388703610747894e-12
8.6747791732733326e+21 7.8445107162632120e-11 8.2210366298799762e-12
9.2658294942988732e+21 7.7833537215170845e-11 8.2575366608759909e-12
9.8971506366336163e+21 7.7333426216773672e-11 8.2939174981309685e-12
1.0571486425957502e+22 7.4982500364008459e-11 8.1464361738490565e-12
1.1291767636691954e+22 7.3969582601766705e-11 8.1408532914131676e-12
1.2061124729627998e+22 7.3619129844055699e-11 8.1962198376409978e-12
1.2882901457425077e+22 7.3170136101799624e-11 8.2460744349530495e-12
1.3760669397110653e+22 6.9720633138411967e-11 7.9624806315376484e-12
1.4698243472741970e+22 6.8947126917366008e-11 7.9572058856983011e-12
1.5699698535695055e+22 6.7418635316416325e-11 7.8922191886396546e-12
1.6769387074639767e+22 6.7061925783327896e-11 7.9282983584425708e-12
1.7911958132172071e+22 6.5867047513955473e-11 7.9143528008736535e-12
1.9132377510319785e+22 6.5252852810894847e-11 7.9234668196181211e-12
2.0435949352735669e+22 6.4651363058971938e-11 7.9582246488766647e-12
2.1828339197379787e+22 6.3322169919003631e-11 7.8780055315332204e-12
2.3315598599880031e+22 6.1023763546588535e-11 7.7100348427840277e-12
2.4904191434590771e+22 6.0224301006199933e-11 7.7040170542082010e-12
2.6601021987655105e+22 5.9339015673956357e-11 7.7012966137894275e-12
2.8413464964169082e+22 5.8785585618947292e-11 7.7278835068263500e-12
3.0349397539866104e+22 5.8205968474184127e-11 7.7425068410025158e-12
3.2417233596619682e+22 5.6851835125823809e-11 7.6795051889904667e-12
3.4625960290559218e+22 5.4600215578486951e-11 7.4960068287832764e-12
3.6985177111732488e+22 5.4407522535043162e-11 7.5593089083507092e-12
3.9505137605070012e+22 5.3091298031590959e-11 7.4843157318520077e-12
4.2196793933979315e+22 5.2434192868879773e-11 7.4912529266951791e-12
4.5071844480253080e+22 5.1404051832360874e-11 7.4568597022170242e-12
4.8142784687162255e+22 5.0526112598088325e-11 7.4183956080201993e-12
5.1422961366711507e+22 4.9136660258917660e-11 7.3141859100518613e-12
5.4926630707081146e+22 4.8528459206931795e-11 7.3399896898352859e-12
5.8669020232371772e+22 4.8221932637582318e-11 7.3605533922068202e-12
6.2666394983931299e+22 4.7544631162768345e-11 7.3572690194231035e-12
6.6936128210902295e+22 4.6998329254988283e-11 7.3773584381230111e-12
7.1496776877227586e+22 4.7045157285485301e-11 7.5233968217645224e-12
7.6368162313271041e+22 5.0472095417465016e-11 8.2687342217895566e-12
8.1571456362582444e+22 4.4203631735663084e-11 7.2259383507584383e-12
8.7129273398220753e+22 4.8751819106213903e-11 8.2384169673715823e-12
9.3065768608543011e+22 4.8934831001206737e-11 8.3834807995748621e-12
9.9406742979629480e+22 4.1274251110070425e-11 7.1545227552472550e-12
1.0617975543062373e+23 4.9044415969573023e-11 8.6326785896439172e-12
1.1341424258933194e+23 4.1051286674305210e-11 7.3362840101168076e-12
1.2114164672865815e+23 4.5251638393374808e-11 8.1723610284522782e-12
1.2939555241989766e+23 4.6381317337234353e-11 8.5560881066379655e-12
1.3821183249682201e+23 3.8334447729611008e-11 7.1530060192830181e-12
1.4762880396492105e+23 4.5192289403938877e-11 8.6693429266451511e-12
1.5768739453341697e+23 4.4374150407020549e-11 8.6466203069652529e-12
1.6843132049383731e+23 4.4469301565725216e-11 8.7066041838521833e-12
1.7990727671821616e+23 4.4316419253510569e-11 8.8292648550895670e-12
1.9216513960269516e+23 4.5658909467225102e-11 9.2345794643664007e-12
2.0525818383856571e+23 4.3673011549554568e-11 9.0099760634701489e-12
2.1924331395284911e+23 4.4021580665927020e-11 9.3229220668298652e-12
2.3418131162473925e+23 4.0355236808081161e-11 8.5332198991234739e-12
2.5013709985280291e+23 4.2207967100146173e-11 9.0919927456861476e-12
2.6718002512101935e+23 3.8823976796351794e-11 8.6501016143294947e-12
2.8538415879002688e+23 4.1286876735582218e-11 9.2156839520314098e-12
3.0482861902344848e+23 4.0293230770367458e-11 9.1761987456236706e-12
3.2559791464847748e+23 4.2016428796917796e-11 9.8530972552022291e-12
3.4778231244515497e+23 4.0646347175580318e-11 9.7105540084846496e-12
3.7147822946065665e+23 3.5690091242764400e-11 8.4909565908982256e-12
3.9678865205367842e+23 3.9077769460757942e-11 9.6768799585216577e-12
4.2382358349010870e+23 3.7978122375411878e-11 9.5689114875088626e-12
4.5270052203533133e+23 3.8273816183098755e-11 9.6760339521323413e-12
4.8354497162106225e+23 3.8012231468019115e-11 9.8212329539639826e-12
5.1649098730610149e+23 3.9406167103124439e-11 1.0354257403741909e-11
5.5168175790168761e+23 3.7661349081347487e-11 1.0216096324137639e-11
5.8927022829368325e+23 3.6992350798738446e-11 1.0236927762483216e-11
6.2941976416622664e+23 3.5801625180295533e-11 1.0077665987212832e-11
6.7230486201591528e+23 3.1271957360118590e-11 8.8892405410124247e-12
7.1811190754230250e+23 3.4792090587865327e-11 1.0018386320148936e-11
7.6703998571088229e+23 3.4994322378468438e-11 1.0337502898600179e-11
8.1930174600913008e+23 3.0862151443266482e-11 9.5094512161436909e-12
8.7512432665618232e+23 2.9238147661968543e-11 9.0388853684717814e-12
9.3475034178299201e+23 3.1296059711102355e-11 9.7573508852709372e-12
9.9843893587328936e+23 3.0138457935554831e-11 9.6057769167803827e-12
1.0664669100481700e+24 2.8506176258680370e-11 9.3643133253749067e-12
1.1391299250894112e+24 2.6737580693750504e-11 9.1900906444590952e-12
1.2167437864299015e+24 3.0062827119586795e-11 1.0210535520690286e-11
1.2996458166960918e+24 2.7239336055914539e-11 9.9011580756108308e-12
1.3881963217676545e+24 2.5468027069127890e-11 9.3407111779531911e-12
1.4827801567262493e+24 2.9662046797487694e-11 1.0776331694902313e-11
1.5838083984990774e+24 2.7118370331527170e-11 1.0534320306307638e-11
1.6917201324668799e+24 2.6450282094152144e-11 1.0252575937335639e-11
1.8069843608014085e+24 3.0212017069338634e-11 1.1898494596687755e-11
