# k  Ps  Pt
4.567769184098983488e-05 2.744620172078314566e-09 9.834799915948250622e-12
4.809133230512957784e-05 2.739699835026706094e-09 9.834564857162401852e-12
5.063251118146433070e-05 2.734783882358402620e-09 9.834329186085393619e-12
5.330796768688529690e-05 2.729872249723594390e-09 9.834092670937442658e-12
5.612479714311131238e-05 2.724965267565070381e-09 9.833856517564508085e-12
5.909046979351187081e-05 2.720062818035897648e-09 9.833620294886580316e-12
6.221285061422272822e-05 2.715164666425951386e-09 9.833383143670622011e-12
6.550022017209562242e-05 2.710270791561191729e-09 9.833144987079876153e-12
6.896129658479569619e-05 2.705381681834106390e-09 9.832907621194514188e-12
7.260525864128559439e-05 2.700496779034343623e-09 9.832668960320399031e-12
7.644177014401176424e-05 2.695616267918072397e-09 9.832429724103850964e-12
8.048100553734836176e-05 2.690740412838731374e-09 9.832190862495351173e-12
8.473367689026647031e-05 2.685868678372737071e-09 9.831950412098797370e-12
8.921106230478434830e-05 2.681001763429874765e-09 9.831710949444765173e-12
9.392503582554124315e-05 2.676138960406657854e-09 9.831469850572024702e-12
9.888809892981277984e-05 2.671280745503152679e-09 9.831228873832398276e-12
1.041134136814802634e-04 2.666427128129792300e-09 9.830988069773327626e-12
1.096148376368789645e-04 2.661577702216314145e-09 9.830745916169971321e-12
1.154069605950942308e-04 2.656732610429410995e-09 9.830502950666860502e-12
1.215051432901692770e-04 2.651892281862021871e-09 9.830260762978980989e-12
1.279255581278358105e-04 2.647056286122999065e-09 9.830017757684804013e-12
1.346852320748001617e-04 2.642224647351122663e-09 9.829774023170019131e-12
1.418020918143299649e-04 2.637397453506083635e-09 9.829529842051393631e-12
1.492950112878920345e-04 2.632574637618030576e-09 9.829285049492257299e-12
1.571838617489237141e-04 2.627756387801255372e-09 9.829040268963987993e-12
1.654895644614782916e-04 2.622942515897396022e-09 9.828794836647628478e-12
1.742341461835049702e-04 2.618132976683260488e-09 9.828548565052619732e-12
1.834407975819009069e-04 2.613328086219853755e-09 9.828302651909561742e-12
1.931339347342563961e-04 2.608527385879999115e-09 9.828055358644006877e-12
2.033392638803935824e-04 2.603731475076360473e-09 9.827808971017029343e-12
2.140838495954204134e-04 2.598939685635002842e-09 9.827560916732665728e-12
2.253961865650967809e-04 2.594152393613714983e-09 9.827312658357102231e-12
2.373062751538574159e-04 2.589369715828150270e-09 9.827064621682623836e-12
2.498457009659043031e-04 2.584591225851180475e-09 9.826815171844326125e-12
2.630477186103579368e-04 2.579817248556254512e-09 9.826565570384723631e-12
2.769473398926194647e-04 2.575047821261920193e-09 9.826315951247546047e-12
2.915814266658225311e-04 2.570282685897420455e-09 9.826065319650649718e-12
3.069887885886218208e-04 2.565522018253970155e-09 9.825814353727352378e-12
3.232102860485661718e-04 2.560765931035574193e-09 9.825563486507897004e-12
3.402889385240167003e-04 2.556013937198518268e-09 9.825310817353972100e-12
3.582700386719818463e-04 2.551266747442123266e-09 9.825059138640760873e-12
3.772012724444295611e-04 2.546523789638860120e-09 9.824806177204162723e-12
3.971328455516302510e-04 2.541785377784570710e-09 9.824553202666051184e-12
4.181176166079075504e-04 2.537051322508362061e-09 9.824299427411591078e-12
4.402112373129034089e-04 2.532321757299506950e-09 9.824045424416637045e-12
4.634723000401132350e-04 2.527596493076086709e-09 9.823790396808353006e-12
4.879624932241060763e-04 2.522875843230352832e-09 9.823535611266116183e-12
5.137467649585049975e-04 2.518159643612269990e-09 9.823280423290014883e-12
5.408934952386019448e-04 2.513447700459648893e-09 9.823024036782261875e-12
5.694746773053878169e-04 2.508740211966775832e-09 9.822767259226315386e-12
5.995661085719242904e-04 2.504037240952203253e-09 9.822510330335510945e-12
6.312475916383996580e-04 2.499338774789584481e-09 9.822253211470875350e-12
6.646031459289501774e-04 2.494644541953502346e-09 9.821994789757651927e-12
6.997212305115253859e-04 2.489954983272845481e-09 9.821736853178857427e-12
7.366949786916977567e-04 2.485269747788291472e-09 9.821477981727673899e-12
7.756224450025767884e-04 2.480588935373549309e-09 9.821218577201311398e-12
8.166068652458361278e-04 2.475912545633215495e-09 9.820958627197972169e-12
8.597569302734851295e-04 2.471240633618645884e-09 9.820698383536390647e-12
9.051870742364618184e-04 2.466572917104182820e-09 9.820436666016252088e-12
9.530177780644686616e-04 2.461909983266621588e-09 9.820175872423423175e-12
1.003375888981902992e-03 2.457251275376408084e-09 9.819913735729405807e-12
1.056394956907214921e-03 2.452597195875743563e-09 9.819651898535303002e-12
1.112215588627847151e-03 2.447947403056508059e-09 9.819388966486587706e-12
1.170985820690015333e-03 2.443302127425956422e-09 9.819125863271768013e-12
1.232861511992240297e-03 2.438661056534489704e-09 9.818861339655820480e-12
1.298006757123795502e-03 2.434024720193206408e-09 9.818597533414831198e-12
1.366594321544233352e-03 2.429392649195203764e-09 9.818332537958042054e-12
1.438806099758096904e-03 2.424765182397542605e-09 9.818067748167173650e-12
1.514833597699901226e-03 2.420141866686234370e-09 9.817801271593550238e-12
1.594878440608663147e-03 2.415523318671620162e-09 9.817535653942668039e-12
1.679152907738867308e-03 2.410908988355452187e-09 9.817268670056061712e-12
1.767880495325933367e-03 2.406299192383182374e-09 9.817001577812664472e-12
1.861296509299145956e-03 2.401693750335133220e-09 9.816733626741897359e-12
1.959648689313965315e-03 2.397092715987088933e-09 9.816465077820429474e-12
2.063197865758606420e-03 2.392496239390111008e-09 9.816196508679962925e-12
2.172218651477314435e-03 2.387904213956377504e-09 9.815927517789399093e-12
2.287000170044762096e-03 2.383316326742398123e-09 9.815656761216375178e-12
2.407846822522962012e-03 2.378733123170567113e-09 9.815386528504867508e-12
2.535079094734153226e-03 2.374154262252851699e-09 9.815115415444538881e-12
2.669034407190510293e-03 2.369580115097445387e-09 9.814844942774119977e-12
2.810068009934756344e-03 2.365009991960316351e-09 9.814572219376347906e-12
2.958553924664728517e-03 2.360444583975116006e-09 9.814300164507838753e-12
3.114885936640478682e-03 2.355883515272288811e-09 9.814027182625773545e-12
3.279478639004407281e-03 2.351326978450589564e-09 9.813754101377803612e-12
3.452768532283990478e-03 2.346774745200216685e-09 9.813479935573152908e-12
3.635215181992997296e-03 2.342226906981060605e-09 9.813205069319504286e-12
3.827302437401109130e-03 2.337683440730747232e-09 9.812929409269711413e-12
4.029539714704212863e-03 2.333144685519581254e-09 9.812654396282715266e-12
4.242463347998234532e-03 2.328610292308872161e-09 9.812378548809701043e-12
4.466638011639391045e-03 2.324080227097114375e-09 9.812101729151390434e-12
4.702658217762916391e-03 2.319554623750704720e-09 9.811824461191355681e-12
4.951149892931718324e-03 2.315033365913428269e-09 9.811546295690475055e-12
5.212772038096184259e-03 2.310516589012819401e-09 9.811267792431969074e-12
5.488218476267439985e-03 2.306004209361531583e-09 9.810988597587154524e-12
5.778219692538866768e-03 2.301496560929230653e-09 9.810710133069728465e-12
6.083544771335551611e-03 2.296993191863582384e-09 9.810430465423885249e-12
6.405003436029390804e-03 2.292494176701390473e-09 9.810149889150271460e-12
6.743448196328805620e-03 2.287999722937209532e-09 9.809869342150325902e-12
7.099776609138043308e-03 2.283509470720604618e-09 9.809587222133592612e-12
7.474933658881761228e-03 2.279023766073084840e-09 9.809305058035559528e-12
7.869914263607646551e-03 2.274542552828246601e-09 9.809022596527239745e-12
8.285765913513220421e-03 2.270065735919680834e-09 9.808739410801326582e-12
8.723591448894124287e-03 2.265593282979140567e-09 9.808455368621334584e-12
9.184551984881172276e-03 2.261125404617580890e-09 9.808171385303936642e-12
9.669869990722506845e-03 2.256661918875891547e-09 9.807886654878151663e-12
1.018083253177704851e-02 2.252202693202894128e-09 9.807600631234466628e-12
1.071879468281718498e-02 2.247748156383530680e-09 9.807315155736727653e-12
1.128518312169265320e-02 2.243297941242831656e-09 9.807028620842196927e-12
1.188149991288614711e-02 2.238852173437317940e-09 9.806741586171982107e-12
1.250932649099446500e-02 2.234410767622386228e-09 9.806453677614848964e-12
1.317032785469963649e-02 2.229973915249387583e-09 9.806165704129399870e-12
1.386625698235235613e-02 2.225541448174295545e-09 9.805876998026709860e-12
1.459895948087774377e-02 2.221113217052712741e-09 9.805586798235772180e-12
1.537037848033257284e-02 2.216689784548863446e-09 9.805297683975651305e-12
1.618255978709427431e-02 2.212270511062379752e-09 9.805006741410812774e-12
1.703765730934781938e-02 2.207855828886773403e-09 9.804715940807481605e-12
1.793793876925919503e-02 2.203445506268743696e-09 9.804424243668508337e-12
1.888579171698392609e-02 2.199039657932300782e-09 9.804132146680404828e-12
1.988372986246005752e-02 2.194638209676227726e-09 9.803839321655938167e-12
2.093439974177718071e-02 2.190241208253777359e-09 9.803545956456190977e-12
2.204058773580113567e-02 2.185848591643260027e-09 9.803251802093126504e-12
2.320522745966768774e-02 2.181460482742414441e-09 9.802957383909478129e-12
2.443140754274184326e-02 2.177076591192994209e-09 9.802661428037777351e-12
2.572237981967578566e-02 2.172697467330812089e-09 9.802366387667680878e-12
2.708156795428787872e-02 2.168322582879142877e-09 9.802069882265550183e-12
2.851257651913315094e-02 2.163952122425892116e-09 9.801772726480255159e-12
3.001920055484469732e-02 2.159586173998232171e-09 9.801475341667358634e-12
3.160543563459709826e-02 2.155224682418435496e-09 9.801177478706177688e-12
3.327548846038310554e-02 2.150867574417561131e-09 9.800878784370171355e-12
3.503378801920458557e-02 2.146514925552684224e-09 9.800579617691394417e-12
3.688499732876440035e-02 2.142166499824932990e-09 9.800278871562085182e-12
3.883402580380879154e-02 2.137822802670324750e-09 9.799978901334163348e-12
4.088604227591537826e-02 2.133483272778221586e-09 9.799677078647231202e-12
4.304648870125601934e-02 2.129148476500145564e-09 9.799376051238495703e-12
4.532109459268698209e-02 2.124817931750022379e-09 9.799073562211582764e-12
4.771589221444098167e-02 2.120491977553498066e-09 9.798771222897945201e-12
5.023723257971653144e-02 2.116170144104037942e-09 9.798466790251567955e-12
5.289180229359140284e-02 2.111853059077473882e-09 9.798163241064727757e-12
5.568664128592707568e-02 2.107540264503049518e-09 9.797858366510596791e-12
5.862916148129156818e-02 2.103231791063897677e-09 9.797552392265100495e-12
6.172716645541416469e-02 2.098927906320360152e-09 9.797246515238064043e-12
6.498887213030074550e-02 2.094628572601908066e-09 9.796940590043142147e-12
6.842292856289255987e-02 2.090333450941291441e-09 9.796632974652067287e-12
7.203844288505323323e-02 2.086042831430732903e-09 9.796325091238807611e-12
7.584500345572005309e-02 2.081756562282725705e-09 9.796016147322020836e-12
7.985270528927175537e-02 2.077474782641835850e-09 9.795706881635017928e-12
8.407217682754805632e-02 2.073197453045651150e-09 9.795397052746055414e-12
8.851460812652151011e-02 2.068924619818796399e-09 9.795086893732716088e-12
9.319178053237255066e-02 2.064656215968604897e-09 9.794776095323043433e-12
9.811609792566776400e-02 2.060392214647806967e-09 9.794464527262455739e-12
1.033006196165026647e-01 2.056132456664158237e-09 9.794151380857618732e-12
1.087590949778464849e-01 2.051877284774558908e-09 9.793838345991658907e-12
1.145059999089354796e-01 2.047626731118241898e-09 9.793525560625077240e-12
1.205565752254180167e-01 2.043380332588658058e-09 9.793210801054761595e-12
1.269268670780604735e-01 2.039138575460982805e-09 9.792896416741832622e-12
1.336337695072059573e-01 2.034901136459637391e-09 9.792580816849549039e-12
1.406950692458384389e-01 2.030668042773452981e-09 9.792264124136564075e-12
1.481294928900724894e-01 2.026439563151678890e-09 9.791947683152125010e-12
1.559567565621642060e-01 2.022215291245105738e-09 9.791629490829507037e-12
1.641976181977479743e-01 2.017995750014016731e-09 9.791312106825492749e-12
1.728739325959681716e-01 2.013780487453898742e-09 9.790993309713114173e-12
1.820087093784973076e-01 2.009569621660477897e-09 9.790673662274084390e-12
1.916261740111470380e-01 2.005363199639390175e-09 9.790353422649067617e-12
2.017518320499041284e-01 2.001161247401788194e-09 9.790032702892405418e-12
2.124125367817703003e-01 1.996963735604285516e-09 9.789711369870667442e-12
2.236365604397910767e-01 1.992770615973366056e-09 9.789389162953007476e-12
2.354536691811336679e-01 1.988581815688350850e-09 9.789065710561764726e-12
2.478952020270593082e-01 1.984397570031927128e-09 9.788742198265523635e-12
2.609941539741382766e-01 1.980217942005743349e-09 9.788418952749720626e-12
2.747852634971156283e-01 1.976042420051419779e-09 9.788093382405847865e-12
2.893051046754909206e-01 1.971871555085745268e-09 9.787768271360377253e-12
3.045921841881277792e-01 1.967705032471437009e-09 9.787442043990039407e-12
3.206870434331267616e-01 1.963542950097454422e-09 9.787115158606723428e-12
3.376323660437791085e-01 1.959385330158712254e-09 9.786787739135265036e-12
3.554730910857393789e-01 1.955232067320444769e-09 9.786459262842178389e-12
3.742565322356147250e-01 1.951083160576340431e-09 9.786129692459068785e-12
3.940325032570288211e-01 1.946938950304293666e-09 9.785800795089180793e-12
4.148534501069301994e-01 1.942798993076198465e-09 9.785470267901964034e-12
4.367745900224878630e-01 1.938663360882179106e-09 9.785138537791532304e-12
4.598540579574302289e-01 1.934532429337392148e-09 9.784807475342731808e-12
4.841530607561860267e-01 1.930405857228332751e-09 9.784475332119428880e-12
5.097360394746859313e-01 1.926283476161224229e-09 9.784141245669128149e-12
5.366708402783111342e-01 1.922165882557889824e-09 9.783808300519091699e-12
5.650288943702040934e-01 1.918052474035218277e-09 9.783473357621560606e-12
5.948854074271150427e-01 1.913943562298274025e-09 9.783138057819517195e-12
6.263195590451672290e-01 1.909839092767213184e-09 9.782802096970930309e-12
6.594147127244727180e-01 1.905739035425182849e-09 9.782465330239772102e-12
6.942586369494841980e-01 1.901643415562281888e-09 9.782127872593465457e-12
7.309437379513711308e-01 1.897552263597679866e-09 9.781789869416158466e-12
7.695673047697324520e-01 1.893465509545959872e-09 9.781450986925521704e-12
8.102317672635303003e-01 1.889383099410736901e-09 9.781110926617165401e-12
8.530449677555002053e-01 1.885305305739669918e-09 9.780771101702760948e-12
8.981204470304363641e-01 1.881231860985870808e-09 9.780430120695487226e-12
9.455777454458212938e-01 1.877162871200059492e-09 9.780088548240517521e-12
9.955427199533556371e-01 1.873098137452057956e-09 9.779745296892355865e-12
1.048147877872103395e+00 1.869038007241589248e-09 9.779402252818650045e-12
1.103532728298457277e+00 1.864982185137522519e-09 9.779057763065955578e-12
1.161844152084838599e+00 1.860931033288534013e-09 9.778713859906004664e-12
1.223236791368323972e+00 1.856884173631617229e-09 9.778368454804705224e-12
1.287873459682231436e+00 1.852841725084991480e-09 9.778022194960579458e-12
1.355925573738293144e+00 1.848803701883281605e-09 9.777675147504305238e-12
1.427573608024469642e+00 1.844770091034440453e-09 9.777327273586099476e-12
1.503007573424048005e+00 1.840740891456112325e-09 9.776978527025368456e-12
1.582427521125288061e+00 1.836716281344314508e-09 9.776629898733750118e-12
1.666044073158000849e+00 1.832696018717496519e-09 9.776280048101958606e-12
1.754078980964043133e+00 1.828680121755145380e-09 9.775929077791878959e-12
1.846765713483054405e+00 1.824668709283472692e-09 9.775577661571186130e-12
1.944350076313065889e+00 1.820661715204494026e-09 9.775225401568495102e-12
2.047090863587940568e+00 1.816659040320333628e-09 9.774871755907205463e-12
2.155260544300501735e+00 1.812660881721846565e-09 9.774517825157852751e-12
2.269145984891424828e+00 1.808667305030708883e-09 9.774163949022267956e-12
2.389049210020225189e+00 1.804678071870289798e-09 9.773808813820829778e-12
2.515288203535904543e+00 1.800693206215363054e-09 9.773452563981006693e-12
2.648197751771427022e+00 1.796712788897978819e-09 9.773095627767100021e-12
2.788130331398482653e+00 1.792736788862353197e-09 9.772737821302113481e-12
2.935457044197045118e+00 1.788765251471192990e-09 9.772379421389243614e-12
3.090568601218847800e+00 1.784798150022773222e-09 9.772020275287095846e-12
3.253876358954706838e+00 1.780835344322580509e-09 9.771659585298294970e-12
3.425813410253632174e+00 1.776877171180316607e-09 9.771299218216912316e-12
3.606835732886850998e+00 1.772923361545474055e-09 9.770937711025852933e-12
3.797423398802769245e+00 1.768973947072439440e-09 9.770575175616389099e-12
3.998081847279723267e+00 1.765028971051495262e-09 9.770211905485251245e-12
4.209343225353064710e+00 1.761088421600681916e-09 9.769847809825669712e-12
4.431767799071290703e+00 1.757152290204723213e-09 9.769482844503057793e-12
4.665945439323924582e+00 1.753220678086966370e-09 9.769117563638993459e-12
4.912497186181553843e+00 1.749293428399237848e-09 9.768751096191318138e-12
5.172076895896654314e+00 1.745370603052268881e-09 9.768383795455719925e-12
5.445372974933119892e+00 1.741452178447301352e-09 9.768015482563191460e-12
5.733110205622987898e+00 1.737538159844831310e-09 9.767646213688723286e-12
6.036051668292225614e+00 1.733628591672606828e-09 9.767276276035052786e-12
6.355000764952898784e+00 1.729723612341812268e-09 9.766906415253955254e-12
6.690803349928632571e+00 1.725822898883152148e-09 9.766534761853605112e-12
7.044349973063773085e+00 1.721926594777120835e-09 9.766162179743873647e-12
7.416578241465246357e+00 1.718034864946417898e-09 9.765789580237619477e-12
7.808475306040542741e+00 1.714147395787898423e-09 9.765415188406039696e-12
8.221080479425920018e+00 1.710264550153879426e-09 9.765041079958750645e-12
8.655487992247868689e+00 1.706386008351103697e-09 9.764665375197656977e-12
9.112849895027244074e+00 1.702511837415534844e-09 9.764288503964742239e-12
9.594379113422023764e+00 1.698642245580342071e-09 9.763911660806755929e-12
1.010135266491115225e+01 1.694777036366180123e-09 9.763533696670864420e-12
1.063511504545017061e+01 1.690916224243705690e-09 9.763154678144932538e-12
1.119708179508012869e+01 1.687059856059704638e-09 9.762774895992325696e-12
1.178874325194550821e+01 1.683207808351083264e-09 9.762393597454761241e-12
1.241166850467722327e+01 1.679360295534514858e-09 9.762012069943328097e-12
1.306750955362214839e+01 1.675517335702871123e-09 9.761630419629856747e-12
1.375800569195486034e+01 1.671678663311803892e-09 9.761247034880138195e-12
1.448498811829031041e+01 1.667844441394150295e-09 9.760862948283541420e-12
1.525038479303024275e+01 1.664014606370795093e-09 9.760477698729833385e-12
1.605622555132197249e+01 1.660189254181175072e-09 9.760091907408741861e-12
1.690464748618971669e+01 1.656368193188672013e-09 9.759704416125735207e-12
1.779790061611410223e+01 1.652551717679709843e-09 9.759316969017569227e-12
1.873835385209047999e+01 1.648739686007291931e-09 9.758928732290516242e-12
1.972850127999069159e+01 1.644932000812707477e-09 9.758539116540638382e-12
2.077096877488905946e+01 1.641128728466553996e-09 9.758148496804828606e-12
2.186852096489413455e+01 1.637330031262297570e-09 9.757757863651549910e-12
2.302406856295361237e+01 1.633535662398760940e-09 9.757365737196680399e-12
2.424067608607727564e+01 1.629745698094942413e-09 9.756972577524708758e-12
2.552156998244874586e+01 1.625960259401478949e-09 9.756579083807115458e-12
2.687014718797940560e+01 1.622179114019465234e-09 9.756183848932430863e-12
2.828998413499648379e+01 1.618402375307666982e-09 9.755787583018399050e-12
2.978484623695632649e+01 1.614630298363677856e-09 9.755391834333849829e-12
3.135869787433670552e+01 1.610862447623347676e-09 9.754993909275362857e-12
3.301571290818986881e+01 1.607099069844625037e-09 9.754595348397961380e-12
3.476028574923955716e+01 1.603340114600940323e-09 9.754195830012110072e-12
3.659704301187638009e+01 1.599585585877920837e-09 9.753795370998557060e-12
3.853085578395828747e+01 1.595835500235538392e-09 9.753394074577695857e-12
4.056685254495572934e+01 1.592089770319453470e-09 9.752991390024201839e-12
4.271043276670035027e+01 1.588348596648266814e-09 9.752588563545140812e-12
4.496728123280695399e+01 1.584611890399052311e-09 9.752185046209239501e-12
4.734338311474265026e+01 1.580879496009580502e-09 9.751779855898791544e-12
4.984503984452667424e+01 1.577151494575864401e-09 9.751373504765907607e-12
5.247888582615411224e+01 1.573428034950930455e-09 9.750966910260181336e-12
5.525190603006269896e+01 1.569708983704318638e-09 9.750559258979497890e-12
5.817145451730322492e+01 1.565994217988476112e-09 9.750149723436622435e-12
6.124527394254030099e+01 1.562284031338261670e-09 9.749740194304173777e-12
6.448151608760389308e+01 1.558578154226244253e-09 9.749328956940089586e-12
6.788876348004889394e+01 1.554876871751570897e-09 9.748917806060400924e-12
7.147605215405357626e+01 1.551179869238324289e-09 9.748504746222387137e-12
7.525289561401960725e+01 1.547487396112192388e-09 9.748091360163112882e-12
7.922931006442512114e+01 1.543799391489296461e-09 9.747677253716634321e-12
8.341584097284020061e+01 1.540115653268411779e-09 9.747261156155767518e-12
8.782359103655116428e+01 1.536436427456853411e-09 9.746844598255894048e-12
9.246424962695876104e+01 1.532761609722537282e-09 9.746426932927724783e-12
9.735012378984006887e+01 1.529091273951338814e-09 9.746008611589621089e-12
1.024941708836846317e+02 1.525425339888745756e-09 9.745589176624333323e-12
1.079100329426628235e+02 1.521763802253728953e-09 9.745168514626407629e-12
1.136120728553568853e+02 1.518106707668002355e-09 9.744746952055906026e-12
1.196154124552005698e+02 1.514453950905793268e-09 9.744323789932040641e-12
1.259359726236449433e+02 1.510805743993304078e-09 9.743900415859197378e-12
1.325905155124004580e+02 1.507161880097657040e-09 9.743475503423065455e-12
1.395966889967334907e+02 1.503522615376114641e-09 9.743050694045304657e-12
1.469730734777043608e+02 1.499887586410621056e-09 9.742623599091859892e-12
1.547392311574678274e+02 1.496257030784369017e-09 9.742195793244391125e-12
1.629157579183139717e+02 1.492630912128703154e-09 9.741767024847868135e-12
1.715243379430331174e+02 1.489009279784641985e-09 9.741337627270485586e-12
1.805878012214594435e+02 1.485392024270407261e-09 9.740906859521579238e-12
1.901301840956965066e+02 1.481779202295491318e-09 9.740475093352304554e-12
2.001767930045972719e+02 1.478170826678752640e-09 9.740042417756445163e-12
2.107542715965442710e+02 1.474566826336588861e-09 9.739608353581283504e-12
2.218906713885153010e+02 1.470967290341300369e-09 9.739173508314555764e-12
2.336155261588221208e+02 1.467372132489188344e-09 9.738737269910203204e-12
2.459599302708143682e+02 1.463781482811370451e-09 9.738300537929754379e-12
2.589566211352571941e+02 1.460195248394583175e-09 9.737862673332854430e-12
2.726400660300817549e+02 1.456613362068452466e-09 9.737423185122330060e-12
2.870465535077484560e+02 1.453035968376722172e-09 9.736983117005691324e-12
3.022142896326380423e+02 1.449462958099032897e-09 9.736541659755542542e-12
3.181834993036925994e+02 1.445894432288998948e-09 9.736099546510683006e-12
3.349965329310130073e+02 1.442330339028707140e-09 9.735656408079161981e-12
3.526979787493245908e+02 1.438770555454119754e-09 9.735211362138056434e-12
3.713347810661559834e+02 1.435215271078468937e-09 9.734765762591194347e-12
3.909563647583394754e+02 1.431664453119499889e-09 9.734319359946642186e-12
4.116147663469880627e+02 1.428117953797179834e-09 9.733871095585946381e-12
4.333647719985649474e+02 1.424575919531099309e-09 9.733422028198686726e-12
4.562640628180234330e+02 1.421038320104698161e-09 9.732971929472162258e-12
4.803733678193347600e+02 1.417505253437152305e-09 9.732521466288476956e-12
5.057566249790885422e+02 1.413976483688479566e-09 9.732069007028663907e-12
5.324811508002650271e+02 1.410452202058503167e-09 9.731615893169015419e-12
5.606178188358836678e+02 1.406932310616294609e-09 9.731161420130949072e-12
5.902412476459576283e+02 1.403416770505975610e-09 9.730705319289507721e-12
6.214299986862233709e+02 1.399905822222037670e-09 9.730249273310878660e-12
6.542667846534455975e+02 1.396399151289791911e-09 9.729791069877948709e-12
6.888386888398358678e+02 1.392896888098942930e-09 9.729331641074894308e-12
7.252373960782961149e+02 1.389399122021288400e-09 9.728871600639961164e-12
7.635594358909800121e+02 1.385905819977583215e-09 9.728410703976309049e-12
8.039064384859834718e+02 1.382416920600057702e-09 9.727948551450427211e-12
8.463854042810771716e+02 1.378932332497588058e-09 9.727484464010472004e-12
8.911089876692569760e+02 1.375452303059004223e-09 9.727020217627434132e-12
9.381957957786578390e+02 1.371976595590277824e-09 9.726554102840426277e-12
9.877707030191565991e+02 1.368505335886207254e-09 9.726087048233053075e-12
1.039965182249811505e+03 1.365038523418518576e-09 9.725619048698466212e-12
1.094917653445436144e+03 1.361576065656946339e-09 9.725149418896892296e-12
1.152773850786942830e+03 1.358118052967853789e-09 9.724678834496393957e-12
1.213687209148994043e+03 1.354664416816160312e-09 9.724206804637752886e-12
1.277819271009924023e+03 1.351215296728321142e-09 9.723734332375101427e-12
1.345340114863056442e+03 1.347770471317861479e-09 9.723259819757508820e-12
1.416428806265584171e+03 1.344330124848085890e-09 9.722784614274422910e-12
1.491273872721150610e+03 1.340894131094987059e-09 9.722307816086611868e-12
1.570073803655580150e+03 1.337462612042611159e-09 9.721830307810189015e-12
1.653037576811653480e+03 1.334035461793672623e-09 9.721351339478759748e-12
1.740385212458946853e+03 1.330612678257094431e-09 9.720870905739368519e-12
1.832348356888495346e+03 1.327194372547048826e-09 9.720389839458596327e-12
1.929170896739712816e+03 1.323780446726508301e-09 9.719907432584341950e-12
2.031109605788782574e+03 1.320370844496208338e-09 9.719423258894092785e-12
2.138434825913751411e+03 1.316965634012871967e-09 9.718937893469842631e-12
2.251431184042323821e+03 1.313564882718554504e-09 9.718451830247052495e-12
2.370398346983647571e+03 1.310168498508436370e-09 9.717964442955336576e-12
2.495651816145930752e+03 1.306776443372951962e-09 9.717475420307837861e-12
2.627523764247476720e+03 1.303388784150460953e-09 9.716985345190338456e-12
2.766363916240127310e+03 1.300005488213916581e-09 9.716493999789712167e-12
2.912540476781251527e+03 1.296626555610897860e-09 9.716001418654864950e-12
3.066441106714039051e+03 1.293251985377080527e-09 9.715507661653677035e-12
3.228473951145656883e+03 1.289881763259679613e-09 9.715012651813930884e-12
3.399068721849758276e+03 1.286515826449862048e-09 9.714515974793750702e-12
3.578677836863888842e+03 1.283154234509935197e-09 9.714018164912312708e-12
3.767777620303980257e+03 1.279797039848408516e-09 9.713519708357159838e-12
3.966869565577911544e+03 1.276444055141358714e-09 9.713019212749754115e-12
4.176481665348052047e+03 1.273095361654686811e-09 9.712517415835192249e-12
4.397169811770017986e+03 1.269750956938479463e-09 9.712014391992567794e-12
4.629519270720950772e+03 1.266410830071836862e-09 9.711510193309180584e-12
4.874146233927091998e+03 1.263074922923285711e-09 9.711004492376961457e-12
5.131699453106683904e+03 1.259743337934425811e-09 9.710498231833565685e-12
5.402861960462357274e+03 1.256415891595435962e-09 9.709990118197534405e-12
5.688352880085195466e+03 1.253092639428842991e-09 9.709480760584504943e-12
5.988929335074969458e+03 1.249773459349437569e-09 9.708969405580901194e-12
6.305388455433548188e+03 1.246458531066680959e-09 9.708457703956486758e-12
6.638569492057127718e+03 1.243147621147674367e-09 9.707944037648322854e-12
6.989356042433008952e+03 1.239840816551210916e-09 9.707429357460024073e-12
7.358678393943704577e+03 1.236537963543171868e-09 9.706912767812380746e-12
7.747515990993118066e+03 1.233239136778456046e-09 9.706395132298856269e-12
8.156900032496927452e+03 1.229944287077544299e-09 9.705876509714215887e-12
8.587916206626612620e+03 1.226653254351420526e-09 9.705355971308134452e-12
9.041707570058724741e+03 1.223366068452111554e-09 9.704834193998748068e-12
9.519477579366151986e+03 1.220082699348193487e-09 9.704311484647600869e-12
1.002249328258983405e+04 1.216802979424932887e-09 9.703787033164452474e-12
1.055208867945528073e+04 1.213526877315047630e-09 9.703261187713393488e-12
1.110966825914564834e+04 1.210254336903862482e-09 9.702734192740806123e-12
1.169671072501252092e+04 1.206985175831441315e-09 9.702205342408308657e-12
1.231477291610367502e+04 1.203719375873118360e-09 9.701675298377256248e-12
1.296549393590629734e+04 1.200456787137385132e-09 9.701143769793345317e-12
1.365059949925655201e+04 1.197197296961195816e-09 9.700610845620669847e-12
1.437190650894232749e+04 1.193940724373354787e-09 9.700076229798583628e-12
1.513132787413676124e+04 1.190686994900324844e-09 9.699540618398226339e-12
1.593087758344169015e+04 1.187435921086743487e-09 9.699003769326820875e-12
1.677267604599327024e+04 1.184187209473811596e-09 9.698464894310989664e-12
1.765895571479628052e+04 1.180940781060380424e-09 9.697925014912449644e-12
1.859206700719819491e+04 1.177696330300384400e-09 9.697383572122227812e-12
1.957448453820619034e+04 1.174453584977305429e-09 9.696840404766836223e-12
2.060881368317618762e+04 1.171212304939850075e-09 9.696295836764546581e-12
2.169779748727882179e+04 1.167972199250774676e-09 9.695750080024236276e-12
2.284432394006714094e+04 1.164732900550640551e-09 9.695202831967542776e-12
2.405143363443617272e+04 1.161493961855302988e-09 9.694653742423549684e-12
2.532232783028848280e+04 1.158254997554357954e-09 9.694102935444284664e-12
2.666037694428842224e+04 1.155015632449084078e-09 9.693551262629500972e-12
2.806912948822072576e+04 1.151775256404467671e-09 9.692997933113125187e-12
2.955232147965919648e+04 1.148533267883976507e-09 9.692442620484800444e-12
3.111388634989986895e+04 1.145289139287285444e-09 9.691886132115347851e-12
3.275796537543802333e+04 1.142042147380421964e-09 9.691328306655490657e-12
3.448891866064958595e+04 1.138791500002649063e-09 9.690769103680595672e-12
3.631133670080685988e+04 1.135536314973286216e-09 9.690207779329345886e-12
3.823005255609063897e+04 1.132275712002578062e-09 9.689645221763893835e-12
4.025015466888526862e+04 1.129008582680154825e-09 9.689080991818974039e-12
4.237700035835002927e+04 1.125733958345107787e-09 9.688516016218632570e-12
4.461623002805037686e+04 1.122450372984869019e-09 9.687948816182293708e-12
4.697378212433291628e+04 1.119156438985884999e-09 9.687379756388828540e-12
4.945590888510824152e+04 1.115850717742430269e-09 9.686809690675864461e-12
5.206919292081300955e+04 1.112531400892023833e-09 9.686237370808756042e-12
5.482056467151955439e+04 1.109196676137073934e-09 9.685664044195446313e-12
5.771732078649089817e+04 1.105844439257848909e-09 9.685088990524694259e-12
6.076714347492635716e+04 1.102472295894331555e-09 9.684511947503926980e-12
6.397812087921026250e+04 1.099077947861506156e-09 9.683933643519180459e-12
6.735876852470096492e+04 1.095658218000340138e-09 9.683353958007062881e-12
7.091805190293725173e+04 1.092210233484357592e-09 9.682772141998476733e-12
7.466541024816084246e+04 1.088730630643224058e-09 9.682189093989784278e-12
7.861078157020392246e+04 1.085215353471634501e-09 9.681604029819319206e-12
8.276462901013130613e+04 1.081660531124980366e-09 9.681017955123996466e-12
8.713796858853602316e+04 1.078061265654169426e-09 9.680429372155156866e-12
9.174239842006891558e+04 1.074412426646470090e-09 9.679839771277946900e-12
9.659012947168938990e+04 1.070708741982977427e-09 9.679248339549435518e-12
1.016940179461974039e+05 1.066943681708277367e-09 9.678654899940203650e-12
1.070675993769391207e+05 1.063110942952601874e-09 9.678060505911842821e-12
1.127251245240962598e+05 1.059201624035861153e-09 9.677463942698777739e-12
1.186815971677595808e+05 1.055208595805535122e-09 9.676866207226517585e-12
1.249528138980189833e+05 1.051122348533527175e-09 9.676265743437501517e-12
1.315554060075819725e+05 1.046932573840053536e-09 9.675664179620149031e-12
1.385068835980347067e+05 1.042627937126869901e-09 9.675060949597844332e-12
1.458256820166995458e+05 1.038196706240363219e-09 9.674456630566331418e-12
1.535312107472563512e+05 1.033624298493045999e-09 9.673849889601517331e-12
1.616439048837718437e+05 1.028897584639820259e-09 9.673241178398796239e-12
1.701852793246515794e+05 1.023996914866061663e-09 9.672631238667272671e-12
1.791779858302441426e+05 1.018906362862295005e-09 9.672019328728969615e-12
1.886458730953977210e+05 1.013605092049756271e-09 9.671405615453925557e-12
1.986140499963033653e+05 1.008071823272051523e-09 9.670790000554858288e-12
2.091089521793324384e+05 1.002282041557152992e-09 9.670172796401761288e-12
2.201584121684854617e+05 9.962085188444611921e-10 9.669554086878030121e-12
2.317917331773588958e+05 9.898226611771851939e-10 9.668932702013091062e-12
2.440397668213857396e+05 9.830919624590847195e-10 9.668310279390351761e-12
2.569349949364538479e+05 9.759822476852246685e-10 9.667685848619738484e-12
2.705116157208612422e+05 9.684543703421418859e-10 9.667059946685844107e-12
2.848056344290866982e+05 9.604660462416797359e-10 9.666432196801083451e-12
2.998549588578704279e+05 9.519712594205229647e-10 9.665802435229472890e-12
3.156994998778442387e+05 9.429206843568287526e-10 9.665170670506582538e-12
3.323812772773338365e+05 9.332601135992231270e-10 9.664537325724875178e-12
3.499445311990015325e+05 9.229275196109660516e-10 9.663901768963444163e-12
3.684358394648978137e+05 9.118611351242073548e-10 9.663264630697202034e-12
3.879042411010271171e+05 8.999887246779733330e-10 9.662625841822196027e-12
4.084013663890576572e+05 8.872412710989814089e-10 9.661984501940374034e-12
4.299815737900380627e+05 8.735324557045832005e-10 9.661341718024607527e-12
4.527020941032552510e+05 8.587759611830944068e-10 9.660697158957838336e-12
4.766231822425630526e+05 8.428783707565185706e-10 9.660050542471664995e-12
5.018082770326487953e+05 8.257445889202562889e-10 9.659402129627306743e-12
5.283241694490737282e+05 8.072706765745866375e-10 9.658751764941137643e-12
5.562411797482005786e+05 7.873457002500115659e-10 9.658099702362181091e-12
5.856333439568188041e+05 7.658612004465757360e-10 9.657445279599697648e-12
6.165786102159877773e+05 7.426987763094259294e-10 9.656788996283088071e-12
6.491590454998221248e+05 7.177461850259546443e-10 9.656131304973576829e-12
6.834610532574631507e+05 6.908896477671243416e-10 9.655470701828267723e-12
7.195756025553632062e+05 6.620167972565496901e-10 9.654808927801638036e-12
7.575984693276479375e+05 6.310314732406664494e-10 9.654144814776123013e-12
7.976304903742666356e+05 5.978454125806360932e-10 9.653479155117639316e-12
8.397778307806237135e+05 5.623985148749273382e-10 9.652810917184293582e-12
8.841522654678159161e+05 5.246517562693594222e-10 9.652141135319455735e-12
9.308714756201740820e+05 4.846300384973132825e-10 9.651469386788124569e-12
9.800593607762759784e+05 4.423877534985023594e-10 9.650795300160993811e-12
1.031846367411005078e+06 3.980876094714306276e-10 9.650119339304909816e-12
1.086369834880173672e+06 3.519634795427533607e-10 9.649441572731725588e-12
1.143774359645028133e+06 3.044008101962299816e-10 9.648761599656777692e-12
1.204212178742693504e+06 2.559518113499909455e-10 9.648079450391587532e-12
1.267843573519413127e+06 2.073620278892633955e-10 9.647395361871284995e-12
1.334837294697325211e+06 1.596729267268845485e-10 9.646709261910139623e-12
1.405371009902112652e+06 1.142624896531481290e-10 9.646021287834503746e-12
1.479631774838238489e+06 7.295057312123110463e-11 9.645331054842599507e-12
1.557816529361492489e+06 3.808489776102845431e-11 9.644638300250899689e-12
1.640132619764255825e+06 1.270817629364657552e-11 9.643944554368104134e-12
1.726798348658769624e+06 7.097470826324758953e-13 9.643248048725420716e-12
1.818043553916548146e+06 7.035962430884491415e-12 9.642549402920060655e-12
1.914110218199340859e+06 3.795908794702619765e-11 9.641849193379712979e-12
2.015253110698204720e+06 1.013821503232616181e-10 9.641146436406623875e-12
2.121740462782391813e+06 2.072384821908585259e-10 9.640441739418367812e-12
2.233854679350113496e+06 3.679615657763455369e-10 9.639734758101951855e-12
2.351893087767430581e+06 5.990966997170773593e-10 9.639025927332596867e-12
2.476168726381721906e+06 9.200264634662017414e-10 9.638314619277629750e-12
2.607011174700648058e+06 1.354944568719940862e-09 9.637601569207033795e-12
2.744767427438338287e+06 1.933613744998068057e-09 9.636886149004101144e-12
2.889802814746879973e+06 2.693445968377845959e-09 9.636168943029926071e-12
3.042501971073308494e+06 3.680268190762102748e-09 9.635449960433966254e-12
3.203269855211839080e+06 4.950949489956982217e-09 9.634728370913047566e-12
3.372532824256171938e+06 6.576031340733908409e-09 9.634004684028883805e-12
3.550739764300353359e+06 8.642385176054042015e-09 9.633279486764423210e-12
3.738363280886518303e+06 1.125672107851670989e-08 9.632551630479608203e-12
3.935900952356697991e+06 1.455172192704226723e-08 9.631821748648637143e-12
4.143876649432743900e+06 1.868993748319799525e-08 9.631090131291600344e-12
4.362841924523525871e+06 2.387170820032133642e-08 9.630356334947528312e-12
4.593377474444312975e+06 3.034179935292094949e-08 9.629621028830899704e-12
4.836094680427088402e+06 3.840521564737102699e-08 9.628883326830467456e-12
5.091637229506039061e+06 4.843270753525349014e-08 9.628144185265673894e-12
5.360682821578371339e+06 6.088573156288050877e-08 9.627402531738939271e-12
5.643944966667081229e+06 7.632280304763709456e-08 9.626659401471469244e-12
5.942174877152656205e+06 9.543562421608991796e-08 9.625914146510970048e-12
6.256163459991234355e+06 1.190667835960798593e-07 9.625167416267104902e-12
6.586743414203288965e+06 1.482601134565828318e-07 9.624419317581384545e-12
6.934791439194806851e+06 1.842932354765179986e-07 9.623668804333553631e-12
7.301230559767653234e+06 2.287233585828466047e-07 9.622917533172095057e-12
7.687032573985360563e+06 2.834639141100982247e-07 9.622164407197757723e-12
8.093220630385378376e+06 3.508811257229513892e-07 9.621410063239469510e-12
8.520871941373473033e+06 4.338055416080523051e-07 9.620653878640221565e-12
8.971120639995226637e+06 5.358151773036884340e-07 9.619896494591411542e-12
9.445160787661794573e+06 6.611973315256924410e-07 9.619138631025086000e-12
9.944249540805619210e+06 8.152113412471302262e-07 9.618379918561509662e-12
1.046971048486435600e+07 1.004313951684267053e-06 9.617620170115868521e-12
1.102293714443521202e+07 1.236467936199954499e-06 9.616860354578363992e-12
1.160539667890761420e+07 1.521214416585688905e-06 9.616099225583058276e-12
1.221863377337632142e+07 1.870470993885098233e-06 9.615338408836808034e-12
1.286427473515232094e+07 2.298529196025685557e-06 9.614577483572107998e-12
1.354403180673687533e+07 2.823019391892929478e-06 9.613817049333419490e-12
1.425970770669558831e+07 3.465516400562553427e-06 9.613056600462884992e-12
1.501320041047531180e+07 4.252090981607025016e-06 9.612297968588473584e-12
1.580650818384328671e+07 5.214663861524368776e-06 9.611540332034965369e-12
1.664173488229574263e+07 6.392067281026401560e-06 9.610784150292109404e-12
1.752109553049188480e+07 7.831529300489714095e-06 9.610029516517944319e-12
1.844692219650792331e+07 9.590859246452212804e-06 9.609277729124901243e-12
1.942167017649172246e+07 1.174026178397374487e-05 9.608529131736884806e-12
2.044792450611816719e+07 1.436353667219110909e-05 9.607783510348009756e-12
2.152840681611419842e+07 1.756484056962499262e-05 9.607042288579256164e-12
2.266598255003532767e+07 2.146872368676232596e-05 9.606305477777264059e-12
2.386366856343312934e+07 2.622633770235556719e-05 9.605574040250736764e-12
2.512464112456935272e+07 3.201916002130115465e-05 9.604848822829860504e-12
2.645224433789173514e+07 3.906858791287695014e-05 9.604130151556707746e-12
2.784999901261351258e+07 4.764014868210494230e-05 9.603419127659403227e-12
2.932161199991374835e+07 5.805312506722723297e-05 9.602717220382411365e-12
3.087098602352161333e+07 7.069186647865179996e-05 9.602025146889400694e-12
3.250223002975668386e+07 8.601479261024340959e-05 9.601343270140811738e-12
3.421967008447060734e+07 1.045751363910530951e-04 9.600673457233539863e-12
3.602786084579267353e+07 1.270248461479563844e-04 9.600016718887117755e-12
3.793159764310088754e+07 1.541495512251629717e-04 9.599374124196265675e-12
3.993592919425635040e+07 1.868726314509732789e-04 9.598747066800522899e-12
4.204617099482347816e+07 2.262950738006509483e-04 9.598136842159696128e-12
4.426791941478570551e+07 2.737125677469860459e-04 9.597545692233770437e-12
4.660706654014302045e+07 3.306427631622471794e-04 9.596973478744381310e-12
4.906981579874698818e+07 3.988581164140789876e-04 9.596422591320725739e-12
5.166269841181835532e+07 4.804526384054540709e-04 9.595894629455969113e-12
5.439259071477225423e+07 5.778285413891818146e-04 9.595391073960174785e-12
5.726673239328741282e+07 6.937434159663667405e-04 9.594912627079397015e-12
6.029274568298412859e+07 8.314309124365437198e-04 9.594462163598328974e-12
6.347865558362279087e+07 9.944653159904253813e-04 9.594039851336491322e-12
6.683291114143839478e+07 1.186990986192869302e-03 9.593647342143855066e-12
7.036440785604405403e+07 1.413622701077586839e-03 9.593285475517957259e-12
7.408251127133460343e+07 1.679493363716190414e-03 9.592955326196447364e-12
7.799708181294701993e+07 1.990320023314941841e-03 9.592657848109694000e-12
8.211850093814903498e+07 2.352175384003015769e-03 9.592393521345233830e-12
8.645769866750890017e+07 2.771749323476479544e-03 9.592162218753595148e-12
9.102618257135252655e+07 3.256022101752869061e-03 9.591964451037244905e-12
9.583606828789044917e+07 3.812263746912788326e-03 9.591799056142978302e-12
1.009001116539376229e+08 4.447893694416356521e-03 9.591665104988654443e-12
1.062317425334473848e+08 5.170029690412637248e-03 9.591562402695889607e-12
1.118451004335657656e+08 5.985773386457177679e-03 9.591487822198868687e-12
1.177550720026626140e+08 6.901059175638317444e-03 9.591440984507479797e-12
1.239773305097858012e+08 7.921101099633084605e-03 9.591417668743920956e-12
1.305283774102315754e+08 9.049366858807639247e-03 9.591416333235962950e-12
1.374255861074782014e+08 1.028729720968516934e-02 9.591432811092885467e-12
1.446872480275199413e+08 1.163404311505608114e-02 9.591464348164689475e-12
1.523326211278053820e+08 1.308530943993612902e-02 9.591507279158792129e-12
1.603819809694215953e+08 1.463375651980821160e-02 9.591557682852323215e-12
1.688566744879608750e+08 1.626776442277693205e-02 9.591611945992482069e-12
1.777791766056897640e+08 1.797195455899125091e-02 9.591667386181276365e-12
1.871731498351309299e+08 1.972740770651681963e-02 9.591720755397955178e-12
1.970635070321470499e+08 2.151039857530811367e-02 9.591769343225463142e-12
2.074764774649313092e+08 2.329422399516626815e-02 9.591811655338452263e-12
2.184396763741444945e+08 2.504934935744561331e-02 9.591846045695898474e-12
2.299821782086412907e+08 2.674527382122446686e-02 9.591872337781037580e-12
2.421345937310304046e+08 2.835047649396761280e-02 9.591889957952869644e-12
2.549291511975457668e+08 2.983500380232356752e-02 9.591899834181914677e-12
2.683997818275070488e+08 3.117191466605136185e-02 9.591902776511606269e-12
2.825822097890659571e+08 3.233793622118522754e-02 9.591900732339194283e-12
2.975140469398397207e+08 3.331541555956421541e-02 9.591894525958125588e-12
3.132348925737152696e+08 3.409289003301201743e-02 9.591885847284012905e-12
3.297864384383430481e+08 3.466554709987931804e-02 9.591876161515934088e-12
3.472125793018135428e+08 3.503482490884511635e-02 9.591866605836438635e-12
3.655595293617794514e+08 3.520799191981775073e-02 9.591857964571394671e-12
3.848759448056889772e+08 3.519703692388135435e-02 9.591850182226768706e-12
4.052130528472017646e+08 3.501732065071929551e-02 9.591843800368740622e-12
4.266247875809586048e+08 3.468634335148747250e-02 9.591838767975478993e-12
4.491679330160425901e+08 3.422258528813450912e-02 9.591833932303241220e-12
4.729022736673935652e+08 3.364447911420852255e-02 9.591829737380481473e-12
4.978907531045920253e+08 3.296997400183474675e-02 9.591826330004359739e-12
5.241996408784703612e+08 3.221609782303999636e-02 9.591822296696186847e-12
5.518987082682189941e+08 3.139884535460181481e-02 9.591818427634710521e-12
5.810614133151321411e+08 3.053306633346149213e-02 9.591814231984883250e-12
6.117650956336207390e+08 2.963235877032585619e-02 9.591810369762760795e-12
6.440911815161943436e+08 2.870889952657536617e-02 9.591805918684336043e-12
6.781253998763303757e+08 2.777331242372040737e-02 9.591801560473373649e-12
7.139580096018861532e+08 2.683456550564795179e-02 9.591797459989625721e-12
7.516840389220745564e+08 2.589999973313318604e-02 9.591792642176882994e-12
7.914035374227002859e+08 2.497546220400423747e-02 9.591788872893788561e-12
8.332218413780801296e+08 2.406550869872327303e-02 9.591784456947451487e-12
8.772498531032853127e+08 2.317363936945429984e-02 9.591780086828500392e-12
9.236043350675115585e+08 2.230249879170584718e-02 9.591775554773998594e-12
9.724082195486725569e+08 2.145403818311133678e-02 9.591771240855817966e-12
1.023790934650281429e+09 2.062964107154314011e-02 9.591766884477876501e-12
1.077888747545332670e+09 1.983022280661083173e-02 9.591762719684448399e-12
1.134845125857372999e+09 1.905631768155584965e-02 9.591758393199638123e-12
1.194811118137285233e+09 1.830815305099373763e-02 9.591754060408545029e-12
1.257945754444634914e+09 1.758571441598131072e-02 9.591749572960741655e-12
1.324416468096055031e+09 1.688879617994631585e-02 9.591745297120780088e-12
1.394399539699105740e+09 1.621704577240149284e-02 9.591740954788160244e-12
1.468080564649129152e+09 1.556999771598533561e-02 9.591736665171332708e-12
1.545654945329073191e+09 1.494710174830677675e-02 9.591732313717007739e-12
1.627328409317374468e+09 1.434774602995405809e-02 9.591728019857443209e-12
1.713317554978358507e+09 1.377127511256067728e-02 9.591723763825809366e-12
1.803850425882013083e+09 1.321700471272054152e-02 9.591719540858565316e-12
1.899167115576419830e+09 1.268423330917208512e-02 9.591715331706163227e-12
1.999520404316923857e+09 1.217225129696284693e-02 9.591711105869713976e-12
2.105176429440360069e+09 1.168034842351185938e-02 9.591706928984892490e-12
2.216415391162402153e+09 1.120781931664604700e-02 9.591702919099257912e-12
2.333532295669623375e+09 1.075396751837950915e-02 9.591698796280542923e-12
2.456837737477228165e+09 1.031810938740946280e-02 9.591694883643746074e-12
2.586658723126923084e+09 9.899575920331105464e-03 9.591690894164975478e-12
2.723339538409634590e+09 9.497715000532310631e-03 9.591687026146806550e-12
2.867242661412872314e+09 9.111892521825858474e-03 9.591683190741180005e-12
3.018749723814026833e+09 8.741493052556670307e-03 9.591679436174410614e-12
3.178262522969292164e+09 8.385920698298413717e-03 9.591675765332056550e-12
3.346204087481826305e+09 8.044598982332047329e-03 9.591672193194465336e-12
3.523019799075378895e+09 7.716971092736282616e-03 9.591668681393969320e-12
3.709178573748494625e+09 7.402499680330135862e-03 9.591665284545973009e-12
3.905174105341562748e+09 7.100666703310120481e-03 9.591662003057625363e-12
4.111526174815099239e+09 6.810972975292433826e-03 9.591658787693389872e-12
4.328782028710889816e+09 6.532937691308068028e-03 9.591655748617081967e-12
4.557517830452145576e+09 6.266098207809379407e-03 9.591652760930455290e-12
4.798340188331138611e+09 6.010009360896361591e-03 9.591649896703315463e-12
5.051887764237121582e+09 5.764243029015211732e-03 9.591647157060243608e-12
5.318832967390155792e+09 5.528387471511579838e-03 9.591644517521228547e-12
5.599883737573175430e+09 5.302047271240586251e-03 9.591642052807609815e-12
5.895785422591274261e+09 5.084842108261018213e-03 9.591639739462693972e-12
6.207322754936975479e+09 4.876406638791168195e-03 9.591637560479334198e-12
6.535321932904327393e+09 4.676389431377979758e-03 9.591635534147910709e-12
6.880652811670012474e+09 4.484454433965194206e-03 9.591633690699695465e-12
7.244231210152922630e+09 4.300278005188578993e-03 9.591631966028879233e-12
7.627021339769778252e+09 4.123549892597861734e-03 9.591630403977496586e-12
8.030038361527547836e+09 3.953972176564813160e-03 9.591629001326564476e-12
8.454351078235007286e+09 3.791259172429234901e-03 9.591627741980474580e-12
8.901084768971961975e+09 3.635136961610514923e-03 9.591626658527934524e-12
9.371424173334085464e+09 3.485344778078850944e-03 9.591625743376070906e-12
9.866616633367309570e+09 3.341628607379121089e-03 9.591624931942233949e-12
1.038797540152376556e+10 3.203746344539394348e-03 9.591624222767905516e-12
1.093688312341319275e+10 3.071463646293811408e-03 9.591623625045895953e-12
1.151479550458451080e+10 2.944556737914785782e-03 9.591623166306548345e-12
1.212324517106311989e+10 2.822810267826146927e-03 9.591622761385065807e-12
1.276384573388108253e+10 2.706016957873857813e-03 9.591622473726047843e-12
1.343829606838082123e+10 2.593975481321482337e-03 9.591622204516109216e-12
1.414838481963918114e+10 2.486492513341581785e-03 9.591622057412866554e-12
1.489599514596166611e+10 2.383383403038094421e-03 9.591621881834645394e-12
1.568310971302617264e+10 2.284471463332111117e-03 9.591621740634498010e-12
1.651181595192007828e+10 2.189586031991384678e-03 9.591621697617818437e-12
1.738431159501685333e+10 2.098563712043391601e-03 9.591621637784337292e-12
1.830291050437092590e+10 2.011247255200506422e-03 9.591621587441879642e-12
1.927004880808953476e+10 1.927487508690026163e-03 9.591621536669359160e-12
2.028829136095471573e+10 1.847141585954107561e-03 9.591621515892013583e-12
2.136033854642813110e+10 1.770072059459372243e-03 9.591621493931844967e-12
2.248903343808015823e+10 1.696146829328460011e-03 9.591621473239904172e-12
2.367736933943212128e+10 1.625239141621759352e-03 9.591621478756171344e-12
2.492849772220996094e+10 1.557227364601237009e-03 9.591621477560045560e-12
2.624573658405949020e+10 1.491994908165432355e-03 9.591621470618284468e-12
2.763257924789106750e+10 1.429429977375529324e-03 9.591621450090652116e-12
2.909270362618561554e+10 1.369425176021157355e-03 9.591621450235145382e-12
3.062998197483393860e+10 1.311877304272927956e-03 9.591621437796765888e-12
3.224849116237561035e+10 1.256687269074175523e-03 9.591621420292116783e-12
3.395252348187017059e+10 1.203759940597661383e-03 9.591621390149490472e-12
3.574659803407761383e+10 1.153004004935640229e-03 9.591621441607141068e-12
3.763547271213127899e+10 1.104331773508121549e-03 9.591621475301443438e-12
3.962415681949039459e+10 1.057659087526243921e-03 9.591621376007731223e-12
4.171792435463387299e+10 1.012905146480770797e-03 9.591621411185394614e-12
4.392232799772476196e+10 9.699923627258829999e-04 9.591621358600014116e-12
4.624321383634302521e+10 9.288462624228295507e-04 9.591621380213597287e-12
4.868673686933262634e+10 8.893953478622977421e-04 9.591621387310443436e-12
5.125937732988470459e+10 8.515709875885601457e-04 9.591621374213591015e-12
5.396795787114112854e+10 8.153073003112029128e-04 9.591621287997030751e-12
5.681966165990129089e+10 7.805410549643709926e-04 9.591621305595370985e-12
5.982205142640859222e+10 7.472115502334669831e-04 9.591621410839219528e-12
6.298308952074268341e+10 7.152605005402143173e-04 9.591621270988732020e-12
6.631115902900540924e+10 6.846319970240573880e-04 9.591621401182485259e-12
6.981508600529760742e+10 6.552723535031934436e-04 9.591621302479512480e-12
7.350416287845434570e+10 6.271300463486543467e-04 9.591621369786223109e-12
7.738817309560249329e+10 6.001555984274046379e-04 9.591621250600243725e-12
8.147741706790347290e+10 5.743015930432285006e-04 9.591621493990576406e-12
8.578273948728700256e+10 5.495224158146731546e-04 9.591621512156957075e-12
9.031555808661619568e+10 5.257743522669094472e-04 9.591621187571161925e-12
9.508789391956636047e+10 5.030154645635263140e-04 9.591621147479420463e-12
1.001124032405064850e+11 4.812054701643927275e-04 9.591621689548967214e-12
1.054024110689395752e+11 4.603056649245062886e-04 9.591621632649595868e-12
1.109719465275062256e+11 4.402789929422193881e-04 9.591621364342397248e-12
1.168357800472808075e+11 4.210898303229180400e-04 9.591621541996840129e-12
1.230094625390125427e+11 4.027040199299135531e-04 9.591621797841856810e-12
1.295093666342059174e+11 3.850887284862021987e-04 9.591621424880297002e-12
1.363527301054082642e+11 3.682125182058574881e-04 9.591621382023240669e-12
1.435577015808494873e+11 3.520451721313379865e-04 9.591621311966800739e-12
1.511433886746856384e+11 3.365576966319189494e-04 9.591621328239690669e-12
1.591299086604665527e+11 3.217222708355273793e-04 9.591620683586639088e-12
1.675384418222294312e+11 3.075122161766658349e-04 9.591620618969574076e-12
1.763912876247011719e+11 2.939019125849607825e-04 9.591621228541634153e-12
1.857119238515654907e+11 2.808667648025519681e-04 9.591621406231847750e-12
1.955250688686506042e+11 2.683831672691187171e-04 9.591620967451568607e-12
2.058567471771322937e+11 2.564285086105520632e-04 9.591621270355900077e-12
2.167343584306199341e+11 2.449810493022847664e-04 9.591621079585474608e-12
2.281867500991530457e+11 2.340199415574728548e-04 9.591620876668992364e-12
2.402442939728038940e+11 2.235251841694495191e-04 9.591620488279155424e-12
2.529389667078011475e+11 2.134775948649684845e-04 9.591620894730435803e-12
2.663044346287474365e+11 2.038587374077643660e-04 9.591620537980837288e-12
2.803761430118554077e+11 1.946509524000858676e-04 9.591620583971995336e-12
2.951914100859579468e+11 1.858372749656032137e-04 9.591621227056394205e-12
3.107895260006185913e+11 1.774014343597828331e-04 9.591621145305290930e-12
3.272118570237620850e+11 1.693278147689301536e-04 9.591620383151432053e-12
3.445019552451899414e+11 1.616014442975293364e-04 9.591620242683467142e-12
3.627056740769060669e+11 1.542079507167164079e-04 9.591620207799360780e-12
3.818712898565429688e+11 1.471335469162491077e-04 9.591620168616797441e-12
4.020496298764264526e+11 1.403650078534934517e-04 9.591620787992718461e-12
4.232942071777536621e+11 1.338896176659420121e-04 9.591620908080781923e-12
4.456613624674022827e+11 1.276952105695054523e-04 9.591619930375403964e-12
4.692104135337185669e+11 1.217701174697361085e-04 9.591620096614670382e-12
4.940038125575411377e+11 1.161031102950626571e-04 9.591619816125272688e-12
5.201073117356270142e+11 1.106834494914071999e-04 9.591620038410384460e-12
5.475901376557731323e+11 1.055008110635792838e-04 9.591619840995894061e-12
5.765251748859979248e+11 1.005453038112838905e-04 9.591619743668850605e-12
6.069891592647207031e+11 9.580743370489490016e-05 9.591619826995750718e-12
6.390628814045285645e+11 9.127808852953632479e-05 9.591619150794901376e-12
6.728314009491934814e+11 8.694853947350553527e-05 9.591619022095112255e-12
7.083842721522307129e+11 8.281040785184073504e-05 9.591619368044846822e-12
7.458157813751295166e+11 7.885565006142957487e-05 9.591619363212819575e-12
7.852251971351843262e+11 7.507655825041601133e-05 9.591619246000850178e-12
8.267170333659890137e+11 7.146573636882990659e-05 9.591619020764252966e-12
8.704013265888576660e+11 6.801608914552717631e-05 9.591618757483249318e-12
9.163939277301102295e+11 6.472081053266198769e-05 9.591617808465603295e-12
9.648168093582141113e+11 6.157338268447780383e-05 9.591617456930895482e-12
1.015798389155548584e+12 5.856754441536318344e-05 9.591617380358047855e-12
1.069473870482596558e+12 5.569729090518017224e-05 9.591617012464867614e-12
1.125985600937865234e+12 5.295686717967184698e-05 9.591617177901268006e-12
1.185483449864272949e+12 5.034074753493407542e-05 9.591615962806458674e-12
1.248125205803276123e+12 4.784364362894033524e-05 9.591616147016592253e-12
1.314076994950742188e+12 4.546047286719037266e-05 9.591615289771924238e-12
1.383513721724268555e+12 4.318636803220973178e-05 9.591614411396358788e-12
1.456619532610481934e+12 4.101666097166934642e-05 9.591613974015321890e-12
1.533588304522242676e+12 3.894687418620975154e-05 9.591613765675226397e-12
1.614624158961042236e+12 3.697271101892035384e-05 9.591612929693639924e-12
1.699942003348018311e+12 3.509005676147403845e-05 9.591611377578484888e-12
1.789768100959400635e+12 3.329496642300296079e-05 9.591610692479598767e-12
1.884340670977605225e+12 3.158365341253514406e-05 9.591609450096939516e-12
1.983910520249504150e+12 2.995249015493899660e-05 9.591608203212005662e-12
2.088741708427237305e+12 2.839799810846086063e-05 9.591607826130508024e-12
2.199112248255436035e+12 2.691684122361811263e-05 9.591606196501965461e-12
2.315314842862270020e+12 2.550582268536399954e-05 9.591604592108548195e-12
2.437657662009289551e+12 2.416187785187330376e-05 9.591602312834986909e-12
2.566465159358922852e+12 2.288206949971719153e-05 9.591600638990049156e-12
2.702078932926954102e+12 2.166358059759048807e-05 9.591598581081151185e-12
2.844858631001787109e+12 2.050371278284202008e-05 9.591596765865148238e-12
2.995182905933320801e+12 1.939987630685719203e-05 9.591593527039135053e-12
3.153450418320465332e+12 1.834959361634253691e-05 9.591590930613180647e-12
3.320080894260746094e+12 1.735048787873098394e-05 9.591588398372465814e-12
3.495516238465542480e+12 1.640028041182175887e-05 9.591584687576042546e-12
3.680221706193371094e+12 1.549678883079635660e-05 9.591580896433593749e-12
3.874687137108649414e+12 1.463792183940417722e-05 9.591576781399614446e-12
4.079428254338538086e+12 1.382167491207292339e-05 9.591572335796529197e-12
4.294988032172844238e+12 1.304612724195001897e-05 9.591566388348557282e-12
4.521938136033942383e+12 1.230943991589392839e-05 9.591560720535749442e-12
4.760880438536047852e+12 1.160984951650252839e-05 9.591554428474298310e-12
5.012448615653740234e+12 1.094566793995640770e-05 9.591548202437146746e-12
5.277309827233306641e+12 1.031527646696480538e-05 9.591540194579721177e-12
5.556166486303454102e+12 9.717126400103813784e-06 9.591531986572892457e-12
5.849758121877394531e+12 9.149733140390833895e-06 9.591522586262728229e-12
6.158863340187104492e+12 8.611675319890697500e-06 9.591511561406648868e-12
6.484301889550104492e+12 8.101592077636807440e-06 9.591500121825224411e-12
6.826936834345482422e+12 7.618179908815278243e-06 9.591487413861673057e-12
7.187676843863980469e+12 7.160190449551266878e-06 9.591473736319111485e-12
7.567478602103034180e+12 6.726429236238108851e-06 9.591458594661099664e-12
7.967349344896482422e+12 6.315751753627001268e-06 9.591441083821916763e-12
8.388349531108209961e+12 5.927063820824746680e-06 9.591422627996659517e-12
8.831595654973521484e+12 5.559316829686864343e-06 9.591401238914822172e-12
9.298263207046179688e+12 5.211508426762515853e-06 9.591378438006477456e-12
9.789589791604644531e+12 4.882678621189736351e-06 9.591352949690511673e-12
1.030687840878345312e+13 4.571909437989941425e-06 9.591324481137782460e-12
1.085150091013504297e+13 4.278322564259266073e-06 9.591293366487358652e-12
1.142490163678583203e+13 4.001077934059512013e-06 9.591258657780965406e-12
1.202860124983449414e+13 3.739372159870150649e-06 9.591220036473959616e-12
1.266420076315202344e+13 3.492437197159500487e-06 9.591177394491392776e-12
1.333338578927679297e+13 3.259538706570744664e-06 9.591130669972908512e-12
1.403793100966605469e+13 3.039974868833017947e-06 9.591079738756166871e-12
1.477970488115863867e+13 2.833074778370475076e-06 9.591021895232124029e-12
1.556067459112973047e+13 2.638198046693705484e-06 9.590959625611658002e-12
1.638291127448064062e+13 2.454732250974711591e-06 9.590889359989326073e-12
1.724859550629665820e+13 2.282093224355552791e-06 9.590813195278038094e-12
1.816002308474146875e+13 2.119722810909800796e-06 9.590727585076064839e-12
1.911961111952278906e+13 1.967088672522491606e-06 9.590634273586123305e-12
2.012990444207817188e+13 1.823682713319441618e-06 9.590531093407409856e-12
2.119358235447794531e+13 1.689020224196991843e-06 9.590416848131863520e-12
2.231346573494552344e+13 1.562639328760938632e-06 9.590290457824704281e-12
2.349252451883830469e+13 1.444099711683063652e-06 9.590151917949991930e-12
2.473388557492778516e+13 1.332981788664859232e-06 9.589998829616549383e-12
2.604084099786957422e+13 1.228885971879373549e-06 9.589829859736797574e-12
2.741685683885132031e+13 1.131432098124452276e-06 9.589644049615066005e-12
2.886558229757496875e+13 1.040258315818579100e-06 9.589439106964515291e-12
3.039085939994970703e+13 9.550205771060478500e-07 9.589214036632856224e-12
3.199673318715961328e+13 8.753918803434959966e-07 9.588965826324855057e-12
3.368746244313103125e+13 8.010616236098677047e-07 9.588693281904706271e-12
3.546753098884421094e+13 7.317349737853697316e-07 9.588393808709222579e-12
3.734165957344565625e+13 6.671322006342443532e-07 9.588064939806414478e-12
3.931481839369314844e+13 6.069881699009686566e-07 9.587704760988487731e-12
4.139224027493992188e+13 5.510515680223584649e-07 9.587309577026514575e-12
4.357943454860795312e+13 4.990845578016316699e-07 9.586876851723436702e-12
4.588220166295796875e+13 4.508621266145322348e-07 9.586403699337235410e-12
4.830664856590263281e+13 4.061714825120528234e-07 9.585886189304137342e-12
5.085920490065611719e+13 3.648116924743947706e-07 9.585321850068862839e-12
5.354664005717678125e+13 3.265929707097941168e-07 9.584707426974265237e-12
5.637608112461583594e+13 2.913362501508557367e-07 9.584038496599275483e-12
5.935503179238766406e+13 2.588726868614385331e-07 9.583312147014317343e-12
6.249139224998561719e+13 2.290430533054357682e-07 9.582524784441450999e-12
6.579348013831529688e+13 2.016972694583044402e-07 9.581673681372172930e-12
6.927005260811557812e+13 1.766938154265598608e-07 9.580754778713229395e-12
7.293032954395662500e+13 1.538992091443648918e-07 9.579765851858063852e-12
7.678401801541304688e+13 1.331873885042121822e-07 9.578704169271271766e-12
8.084133802025006250e+13 1.144391351619701397e-07 9.577567576844715927e-12
8.511304958790351562e+13 9.754143327315251703e-08 9.576354677751138857e-12
8.961048131512006250e+13 8.238681612317693680e-08 9.575064192079887602e-12
9.434556040944315625e+13 6.887267258580965263e-08 9.573695755176303877e-12
9.933084432021762500e+13 5.690055452317093009e-08 9.572250878598754501e-12
1.045795540409940469e+14 4.637544826594054611e-08 9.570730804154764246e-12
1.101056091716630938e+14 3.720501966304105667e-08 9.569139385968790344e-12
1.159236648332889375e+14 2.929888230670916968e-08 9.567482640419568152e-12
1.220491505335516250e+14 2.256785036153995877e-08 9.565767745796326547e-12
1.284983110858663281e+14 1.692324351038231305e-08 9.564004596703351106e-12
1.352882496906916406e+14 1.227625380227993481e-08 9.562204443970795153e-12
1.424369732932940000e+14 8.537408201597148487e-09 9.560381402455751516e-12
1.499634403382370312e+14 5.616183934578734895e-09 9.558550452984086933e-12
1.578876110472558750e+14 3.420823644786538376e-09 9.556729014173655019e-12
1.662305003538492188e+14 1.858403072517337396e-09 9.554934332605280742e-12
1.750142336349645000e+14 8.352107611715666395e-10 9.553185276306353768e-12
1.842621053875969688e+14 2.574907773197911108e-10 9.551499254370216324e-12
1.939986410058868750e+14 3.258538794358985672e-11 9.549892980999910058e-12
2.042496618225691875e+14 7.049575982265721731e-11 9.548379917067953171e-12
2.150423535872480625e+14 2.858386770989039153e-10 9.546970319976236737e-12
2.264053385631272812e+14 6.001320234320730474e-10 9.545670052404420257e-12
2.383687514333639062e+14 9.442798528075565928e-10 9.544478516464764007e-12
2.509643192183745000e+14 1.261059263797116765e-09 9.543389575930141524e-12
2.642254454160265312e+14 1.507343376017466614e-09 9.542390248598399238e-12
2.781872985878443750e+14 1.655736233802455670e-09 9.541462156310448657e-12
2.928869056261926875e+14 1.695273769003761787e-09 9.540581114807897686e-12
3.083632499497396250e+14 1.630863554439530032e-09 9.539722787644852392e-12
3.246573748876465000e+14 1.481240642629399030e-09 9.538860339944121812e-12
3.418124925266495000e+14 1.275384208504811623e-09 9.537971343201603253e-12
3.598740983096809375e+14 1.047613041794840028e-09 9.537038557718572438e-12
3.788900916899890625e+14 8.318810418859734575e-10 9.536052867049991758e-12
3.989109031606748125e+14 6.561036683280175016e-10 9.535014095789575682e-12
4.199896279965746875e+14 5.375557197880916435e-10 9.533930272363544062e-12
4.421821670631354375e+14 4.803790588035611022e-10 9.532816567573879228e-12
4.655473750657605625e+14 4.759467306539875080e-10 9.531689288496030211e-12
4.901472166327193750e+14 5.062154037162288608e-10 9.530563620635468544e-12
5.160469306456005625e+14 5.493571886301356010e-10 9.529451006620031176e-12
5.433152032531005625e+14 5.861377416262196801e-10 9.528353391936896460e-12
5.720243500269565000e+14 6.050397059310004032e-10 9.527267608969524372e-12
6.022505077431675000e+14 6.043592383773048982e-10 9.526185235555093504e-12
6.340738362970223750e+14 5.905333624590963979e-10 9.525099226485702644e-12
6.675787312874778750e+14 5.735220891358842272e-10 9.524001549763278817e-12
7.028540478346420000e+14 5.614669455333333481e-10 9.522893503817607788e-12
7.399933362238967500e+14 5.572499924847420659e-10 9.521776864189866227e-12
7.790950900016767500e+14 5.585224135788343849e-10 9.520655320118791931e-12
8.202630071807382500e+14 5.606848804809642664e-10 9.519531342607075599e-12
8.636062652477317500e+14 5.604796832022549308e-10 9.518405180127076343e-12
9.092398107023190000e+14 5.576764028423756725e-10 9.517275461845126824e-12
9.572846638958081250e+14 5.540660872630175359e-10 9.516140787816301599e-12
1.007868239977597625e+15 5.512315750992668988e-10 9.515000590656260788e-12
1.061124686800686875e+15 5.493066636463134167e-10 9.513855296284744661e-12
1.117195240682346500e+15 5.475239075201234143e-10 9.512706259520699833e-12
1.176228600963379250e+15 5.453978456452149545e-10 9.511552156815865482e-12
1.238381324359440750e+15 5.430838561827135505e-10 9.510393979551493569e-12
1.303818240150062000e+15 5.408600869661797761e-10 9.509230618254194097e-12
1.372712887306588250e+15 5.387310215936565640e-10 9.508062800426557998e-12
1.445247974718261750e+15 5.365843771166527937e-10 9.506889858038204352e-12
1.521615865736904750e+15 5.344114069031269759e-10 9.505712398860676307e-12
1.602019088325392750e+15 5.322520944572178580e-10 9.504530534367663718e-12
1.686670872162605250e+15 5.301044187596346088e-10 9.503343226056991035e-12
1.775795714129426500e+15 5.279568898589240425e-10 9.502151538070023908e-12
1.869629973675417500e+15 5.258134077032697067e-10 9.500954643251424031e-12
1.968422499644994750e+15 5.236754690538509407e-10 9.499752845606406565e-12
2.072435290225682500e+15 5.215416003493243009e-10 9.498546502733898720e-12
2.181944187768332500e+15 5.194122084695716164e-10 9.497334687095847310e-12
2.297239610322212000e+15 5.172873857572260652e-10 9.496118165384440876e-12
2.418627321824798000e+15 5.151670511087023120e-10 9.494896717738391015e-12
2.546429242989112500e+15 5.130512627008841109e-10 9.493670347594027328e-12
2.680984305038715000e+15 5.109400022072551526e-10 9.492438710915661103e-12
2.822649348554725500e+15 5.088332947271819637e-10 9.491201842303045672e-12
2.971800069818547000e+15 5.067312009363134837e-10 9.489960568813217329e-12
3.128832017159861000e+15 5.046336415644071180e-10 9.488713033459474741e-12
3.294161639952575500e+15 5.025407257408437676e-10 9.487460878014224893e-12
3.468227393040196000e+15 5.004524783272802748e-10 9.486204174855459574e-12
3.651490899519905000e+15 4.983688211092741438e-10 9.484940916110290665e-12
3.844438174968956000e+15 4.962899175108559639e-10 9.483673706880622665e-12
4.047580916359874500e+15 4.942156830946400050e-10 9.482400451947894346e-12
4.261457859083124000e+15 4.921461881310316109e-10 9.481121748270047568e-12
4.486636205675473000e+15 4.900815083481262443e-10 9.479838531142351293e-12
4.723713130043537000e+15 4.880216041913507674e-10 9.478549350040759915e-12
4.973317361171292000e+15 4.859664965396575655e-10 9.477254089225142691e-12
5.236110850512174000e+15 4.839162958829470176e-10 9.475954344856553706e-12
5.512790527486915000e+15 4.818709630565338457e-10 9.474649010496859825e-12
5.804090147743292000e+15 4.798304740124069736e-10 9.473337741215755500e-12
6.110782239079188000e+15 4.777948341281351858e-10 9.472021349376436110e-12
6.433680150189308000e+15 4.757639199651021884e-10 9.470699179477003138e-12
6.773640207669578000e+15 4.737375577179159624e-10 9.469371322820490992e-12
7.131563986998623000e+15 4.717154564733411433e-10 9.468038223899985393e-12
7.508400703519717000e+15 4.696970427053938570e-10 9.466698806586580477e-12
7.905149729763859000e+15 4.676815770214129725e-10 9.465354684228891379e-12
8.322863245789611000e+15 4.656677278981881673e-10 9.464003754723280266e-12
8.762649029569335000e+15 4.636538726191522450e-10 9.462648210215886597e-12
9.225673394820718000e+15 4.616377172028486893e-10 9.461286096217905408e-12
9.713164284075706000e+15 4.596169302945724935e-10 9.459918136253405373e-12
1.022641452518887600e+16 4.575898372123911298e-10 9.458544530697939532e-12
1.076678525992271000e+16 4.555568745265162475e-10 9.457165485963540690e-12
1.133570955370087400e+16 4.535219471849821105e-10 9.455779800652852913e-12
1.193469619610373000e+16 4.514925547759536507e-10 9.454388442588127669e-12
1.256533370218464000e+16 4.494768800008865215e-10 9.452990952615616016e-12
1.322929452521805800e+16 4.474797914513232657e-10 9.451587094605151128e-12
1.392833949205313200e+16 4.455008882411952248e-10 9.450177849836511870e-12
1.466432247283338800e+16 4.435359483502616310e-10 9.448762173347376200e-12
1.543919529746812800e+16 4.415801361974026880e-10 9.447340500983406169e-12
1.625501293189355000e+16 4.396298703392377817e-10 9.445912480266172972e-12
1.711393892785038200e+16 4.376832460954451211e-10 9.444478235267099399e-12
1.801825116063283600e+16 4.357395631120065870e-10 9.443037967096373421e-12
1.897034787002278400e+16 4.337987175035932889e-10 9.441590804090854857e-12
1.997275402043172400e+16 4.318609575154765709e-10 9.440137680259063754e-12
2.102812799711699200e+16 4.299265380748791682e-10 9.438678228733346117e-12
2.213926865622980400e+16 4.279956973117537353e-10 9.437212135204632319e-12
2.330912274739433600e+16 4.260686371387092095e-10 9.435739341400222788e-12
2.454079272849926800e+16 4.241455386027172691e-10 9.434260251610718131e-12
2.583754499342930000e+16 4.222265235291133052e-10 9.432774954337621267e-12
2.720281853455440800e+16 4.203116537425428831e-10 9.431282819787802272e-12
2.864023406295308800e+16 4.184010025825253713e-10 9.429784043135993631e-12
3.015360361055228000e+16 4.164945927305310097e-10 9.428278031513918441e-12
3.174694063965202400e+16 4.145924885917161046e-10 9.426765429656312369e-12
3.342447068664433600e+16 4.126947341241350506e-10 9.425246673900375003e-12
3.519064256815213200e+16 4.108012803451026287e-10 9.423720134122993785e-12
3.705014017931090400e+16 4.089121974737722274e-10 9.422187098044096509e-12
3.900789491547694400e+16 4.070275038313666136e-10 9.420647711465515469e-12
4.106909875030850400e+16 4.051471557995040641e-10 9.419100720116900950e-12
4.323921800490172800e+16 4.032711858586177663e-10 9.417546755732186087e-12
4.552400784449544000e+16 4.013995941192157930e-10 9.415985584372250396e-12
4.792952754119524800e+16 3.995323934987879390e-10 9.414417437672075298e-12
5.046215654318680800e+16 3.976695643220630449e-10 9.412841788524510776e-12
5.312861139305965600e+16 3.958111376263454298e-10 9.411259229659166274e-12
5.593596354010415200e+16 3.939570703439564628e-10 9.409668646951355432e-12
5.889165809382680800e+16 3.921074174918092341e-10 9.408071308420588232e-12
6.200353356840983200e+16 3.902621735593878030e-10 9.406467022142082808e-12
6.527984267048358400e+16 3.884213155614832248e-10 9.404855122862702609e-12
6.872927418533922400e+16 3.865848003540835562e-10 9.403234599499730960e-12
7.236097601962105600e+16 3.847527340689051572e-10 9.401607895051229177e-12
7.618457946161606400e+16 3.829250145868609344e-10 9.399972447494164359e-12
8.021022472346811200e+16 3.811017236761473076e-10 9.398330264704279369e-12
8.444858783306305600e+16 3.792828205066572828e-10 9.396680275478601593e-12
8.891090894689953600e+16 3.774682770735657701e-10 9.395021663411222888e-12
9.360902215902768000e+16 3.756581662693083580e-10 9.393356291271399292e-12
9.855538688511971200e+16 3.738524268975114873e-10 9.391682522380755681e-12
1.037631209048890400e+17 3.720510728786119847e-10 9.390000632864972742e-12
1.092460351504979200e+17 3.702541052631077729e-10 9.388310603629947976e-12
1.150186703332031200e+17 3.684615786737489548e-10 9.386613833885185100e-12
1.210963355053875520e+17 3.666733821580134556e-10 9.384907350585428928e-12
1.274951486602271360e+17 3.648895942761386129e-10 9.383193184642470191e-12
1.342320794766760960e+17 3.631102093760270635e-10 9.381471051117740940e-12
1.413249943231270240e+17 3.613351919729203101e-10 9.379740041268636282e-12
1.487927036390891200e+17 3.595645937188772399e-10 9.378001453008652035e-12
1.566550118205583360e+17 3.577983884107308670e-10 9.376254497278269157e-12
1.649327697413530560e+17 3.560365352018955707e-10 9.374498068778265895e-12
1.736479300497188160e+17 3.542791143234161255e-10 9.372734243904312820e-12
1.828236053868436800e+17 3.525260591358472026e-10 9.370961181183138485e-12
1.924841296816724800e+17 3.507773984670542590e-10 9.369179573518486833e-12
2.026551226845956160e+17 3.490331368469883148e-10 9.367389507749235831e-12
2.133635579111275200e+17 3.472932392332027512e-10 9.365589962646628123e-12
2.246378341757844480e+17 3.455577578269281264e-10 9.363782327924930478e-12
2.365078509058507840e+17 3.438266660947330838e-10 9.361965759739516461e-12
2.490050874347948480e+17 3.420999315289708660e-10 9.360139404492857544e-12
2.621626864855840960e+17 3.403776244371958083e-10 9.358305019001680695e-12
2.760155420653254400e+17 3.386596698487457601e-10 9.356460533129494102e-12
2.906003920043187840e+17 3.369461227684985919e-10 9.354607395769934839e-12
3.059559153849255040e+17 3.352369847688841165e-10 9.352745590725274936e-12
3.221228351186687360e+17 3.335322034001377090e-10 9.350873604345686019e-12
3.391440259435542400e+17 3.318318241457753309e-10 9.348992620477979318e-12
3.570646281280548480e+17 3.301358379073891153e-10 9.347102328743485586e-12
3.759321671832925440e+17 3.284442140716035665e-10 9.345201828640438483e-12
3.957966799008783360e+17 3.267570151628188263e-10 9.343292750742415034e-12
4.167108470507082880e+17 3.250741643696939974e-10 9.341372925140940875e-12
4.387301330905718400e+17 3.233957095800100117e-10 9.339443601928715885e-12
4.619129332581258240e+17 3.217216601188478146e-10 9.337504974917109263e-12
4.863207284353102720e+17 3.200519789734128458e-10 9.335555928013878936e-12
5.120182481958862080e+17 3.183866795693529401e-10 9.333596772601469745e-12
5.390736424685558400e+17 3.167257918595991211e-10 9.331628331753429409e-12
5.675586622708405760e+17 3.150692723839764879e-10 9.329649238741265186e-12
5.975488499930844160e+17 3.134171403781373633e-10 9.327659975045455196e-12
6.291237397371667200e+17 3.117693887693985655e-10 9.325660305965756471e-12
6.623670682412976640e+17 3.101260294980042894e-10 9.323650445756200372e-12
6.973669969501756160e+17 3.084870582142880464e-10 9.321630239756457703e-12
7.342163458195080960e+17 3.068524743218565439e-10 9.319599571348072467e-12
7.730128394749239040e+17 3.052222513144172389e-10 9.317557576541242203e-12
8.138593663780601600e+17 3.035964327845523498e-10 9.315505492946684215e-12
8.568642516872249600e+17 3.019750010255025245e-10 9.313442737455961024e-12
9.021415445361406720e+17 3.003579511378556432e-10 9.311369021969496980e-12
9.498113204927246080e+17 2.987453019664385083e-10 9.309284890133745580e-12
1.000000000000000000e+18 2.971369895060474446e-10 9.307188236477497165e-12
