# #Columns: f_hz, Omega_GW
7.0617711586170291e-20 2.3601775935045731e-23
7.5429202492092819e-20 2.5271353666940427e-23
8.0568521137229579e-20 2.8625179358463968e-23
8.6058003846994121e-20 3.9278261111091912e-23
9.1921508817505666e-20 4.8491927228841523e-23
9.8184519807240470e-20 5.9175150805661965e-23
1.0487425689364340e-19 6.6951478022012768e-23
1.1201979477606873e-19 7.4556395904067363e-23
1.1965218913921200e-19 8.0824318290075979e-23
1.2780461162623280e-19 8.4176463669312564e-23
1.3651249400817916e-19 8.7858948737846365e-23
1.4581368217630146e-19 8.9476032814524370e-23
1.5574860062653025e-19 9.1025049842222698e-23
1.6636042815099324e-19 9.1484112812228036e-23
1.7769528550016064e-19 9.1751136688803160e-23
1.8980243583122268e-19 9.1608662741183852e-23
2.0273449881388556e-19 9.1308316170347903e-23
2.1654767932412488e-19 9.0999061078245508e-23
2.3130201171983377e-19 9.0635837175911864e-23
2.4706162076003270e-19 9.0272215951199858e-23
2.6389500030163489e-19 8.9882265873866341e-23
2.8187531098503041e-19 8.9493462996522928e-23
3.0108069820228155e-19 8.9096522800433382e-23
3.2159463172986970e-19 8.8690367007605694e-23
3.4350626850209319e-19 8.8285767401831011e-23
3.6691084010178929e-19 8.7876611981106197e-23
3.9191006665248254e-19 8.7469019499502033e-23
4.1861259891079506e-19 8.7059446293903068e-23
4.4713449048053506e-19 8.6651410435922381e-23
4.7759970220077341e-19 8.6243600883724803e-23
5.1014064090007278e-19 8.5835790877374077e-23
5.4489873485837231e-19 8.5429480236125717e-23
5.8202504847759196e-19 8.5023774253562854e-23
6.2168093883240677e-19 8.4619547587038806e-23
6.6403875695467164e-19 8.4216272545519891e-23
7.0928259689939767e-19 8.3814460669890309e-23
7.5760909584784168e-19 8.3413914129542893e-23
8.0922828872508619e-19 8.3014591502436449e-23
8.6436452104641972e-19 8.2616717117529386e-23
9.2325742395990765e-19 8.2220150915733719e-23
9.8616295572282778e-19 8.1825022314117957e-23
1.0533545141384268e-18 8.1431246994487315e-23
1.1251241247878057e-18 8.1038899613992728e-23
1.2017837102211980e-18 8.0647948024980815e-23
1.2836664456247559e-18 8.0258381800480479e-23
1.3711282068547957e-18 7.9870231900258950e-23
1.4645491171328883e-18 7.9483473096993737e-23
1.5643351991239948e-18 7.9098123133789648e-23
1.6709201395778523e-18 7.8714168128512387e-23
1.7847671742030315e-18 7.8331616381096109e-23
1.9063711009656301e-18 7.7950460038986561e-23
2.0362604305627418e-18 7.7570694490930252e-23
2.1749996834169993e-18 7.7192320886607467e-23
2.3231918431753273e-18 7.6815333741610368e-23
2.4814809773752045e-18 7.6439731194397395e-23
2.6505550366682705e-18 7.6065509094440301e-23
2.8311488447671771e-18 7.5692665513475291e-23
3.0240472921104940e-18 7.5321196380695687e-23
3.2300887471258503e-18 7.4951098200034893e-23
3.4501686999172185e-18 7.4582368828893554e-23
3.6852436542124175e-18 7.4215004462083468e-23
3.9363352844858716e-18 7.3849001786872546e-23
4.2045348763241739e-18 7.3484356040054118e-23
4.4910080693330190e-18 7.3121064645539120e-23
4.7969999231989366e-18 7.2759122829079533e-23
5.1238403289237706e-18 7.2398528260084575e-23
5.4729497887500506e-18 7.2039278037203379e-23
5.8458455898977416e-18 7.1681368277583960e-23
6.2441483989444351e-18 7.1324795792175032e-23
6.6695893055092428e-18 7.0969558009982746e-23
7.1240173458534529e-18 7.0615651558410565e-23
7.6094075390967175e-18 7.0263073981955693e-23
8.1278694709754777e-18 6.9911820760469496e-23
8.6816564624500463e-18 6.9561889076911040e-23
9.2731753630087445e-18 6.9213274485697438e-23
9.9049970112321844e-18 6.8865974150879813e-23
1.0579867408081279e-17 6.8519985467934821e-23
1.1300719651469741e-17 6.8175304754392226e-23
1.2070686683990733e-17 6.7831928727683937e-23
1.2893114909201538e-17 6.7489854224683630e-23
1.3771578735644570e-17 6.7149077252597003e-23
1.4709896111815793e-17 6.6809594976457517e-23
1.5712145119597682e-17 6.6471402991981419e-23
1.6782681698275007e-17 6.6134498628272734e-23
1.7926158576164331e-17 6.5798879900391843e-23
1.9147545492137873e-17 6.5464542461731164e-23
2.0452150794927125e-17 6.5131484770869374e-23
2.1845644514081005e-17 6.4799702122996564e-23
2.3334083002848229e-17 6.4469192401474889e-23
2.4923935260086106e-17 6.4139950291844817e-23
2.6622111045595327e-17 6.3811972572746165e-23
2.8435990911074109e-17 6.3485256539961561e-23
3.0373458277211840e-17 6.3159798037645973e-23
3.2442933696333791e-17 6.2835594632458339e-23
3.4653411449508829e-17 6.2512643145720453e-23
3.7014498637176306e-17 6.2190941229521315e-23
3.9536456933187373e-17 6.1870485249742064e-23
4.2230247183729617e-17 6.1551272269853836e-23
4.5107577044970386e-17 6.1233298401448038e-23
4.8180951866458980e-17 6.0916559440247201e-23
5.1463729041435561e-17 6.0601053334075945e-23
5.4970176060262875e-17 6.0286776284835803e-23
5.8715532519289127e-17 5.9973725881037941e-23
6.2716076354644584e-17 5.9661899024509364e-23
6.6989194588832904e-17 5.9351292976147707e-23
7.1553458897595535e-17 5.9041903229782117e-23
7.6428706325473210e-17 5.8733727128616684e-23
8.1636125500869656e-17 5.8426761699820354e-23
8.7198348725320850e-17 5.8121003349694978e-23
9.3139550337205253e-17 5.7816448899220362e-23
9.9485551777401306e-17 5.7513095351209584e-23
1.0626393381352205e-16 5.7210940014179991e-23
1.1350415641047540e-16 5.6909978860177279e-23
1.2123768676832354e-16 5.6610209618886159e-23
1.2949813608391880e-16 5.6311627131938082e-23
1.3832140563070087e-16 5.6014229067153724e-23
1.4774584279154607e-16 5.5718011844190491e-23
1.5781240772280906e-16 5.5422973780976448e-23
1.6856485137391061e-16 5.5129111570717140e-23
1.8004990563617027e-16 5.4836422541205398e-23
1.9231748644730355e-16 5.4544903651000452e-23
2.0542091073431081e-16 5.4254551572979108e-23
2.1941712813762333e-16 5.3965362238070797e-23
2.3436696852362340e-16 5.3677332911202103e-23
2.5033540636126196e-16 5.3390460371214591e-23
2.6739184311180576e-16 5.3104741809058859e-23
2.8561040885901806e-16 5.2820173388917046e-23
3.0507028449071627e-16 5.2536752643571250e-23
3.2585604583195106e-16 5.2254476224414082e-23
3.4805803122547608e-16 5.1973340980077690e-23
3.7177273415706576e-16 5.1693344022799863e-23
3.9710322263209865e-16 5.1414482076065434e-23
4.2415958712608900e-16 5.1136753156589405e-23
4.5305941905602529e-16 5.0860153888723167e-23
4.8392832185204224e-16 5.0584681073236876e-23
5.1690045685061473e-16 5.0310330900486936e-23
5.5211912638182965e-16 5.0037100582717217e-23
5.8973739658491452e-16 4.9764986210376943e-23
6.2991876265889672e-16 4.9493984096366435e-23
6.7283785943966549e-16 4.9224092453767140e-23
7.1868122039174138e-16 4.8955308511138504e-23
7.6764808831343403e-16 4.8687629048695035e-23
8.1995128127886916e-16 4.8421050771601388e-23
8.7581811758039335e-16 4.8155570448168040e-23
9.3549140369131929e-16 4.7891185359912236e-23
9.9923048954284956e-16 4.7627893172747568e-23
1.0673123957016085e-15 4.7365690638282160e-23
1.1400330173466519e-15 4.7104575703197263e-23
1.2177084102786605e-15 4.6844544058916998e-23
1.3006761645505023e-15 4.6585592890891383e-23
1.3892968716892274e-15 4.6327718165914664e-23
1.4839556918862340e-15 4.6070917209622377e-23
1.5850640279669081e-15 4.5815187554210034e-23
1.6930613134150754e-15 4.5560525759597497e-23
1.8084169222232945e-15 4.5306930076176552e-23
1.9316322088695676e-15 4.5054396849531836e-23
2.0632426872864746e-15 4.4802923518486281e-23
2.2038203582929436e-15 4.4552506249866352e-23
2.3539761956040197e-15 4.4303142101763511e-23
2.5143628012232957e-15 4.4054828015460003e-23
2.6856772417587074e-15 4.3807561262690997e-23
2.8686640779888382e-15 4.3561339348344049e-23
3.0641186008467199e-15 4.3316159491536363e-23
3.2728902878852073e-15 4.3072018617975888e-23
3.4958864952463912e-15 4.2828913953862205e-23
3.7340764011808325e-15 4.2586841865446085e-23
3.9884952182559059e-15 4.2345799142862933e-23
4.2602486925601076e-15 4.2105782914404025e-23
4.5505179094577520e-15 4.1866789966409951e-23
4.8605644267804901e-15 4.1628817534633466e-23
5.1917357577654736e-15 4.1391862535613502e-23
5.5454712275698157e-15 4.1155922919506330e-23
5.9233082288148784e-15 4.0920996119186067e-23
6.3268889033478144e-15 4.0687079336100207e-23
6.7579672792605503e-15 4.0454169424890626e-23
7.2184168941848211e-15 4.0222262695692010e-23
7.7102389379952810e-15 3.9991356624668078e-23
8.2355709503104377e-15 3.9761448447347550e-23
8.7966961105918818e-15 3.9532535191740326e-23
9.3960531612183613e-15 3.9304614214135995e-23
1.0036247006661812e-14 3.9077681937745724e-23
1.0720060034831400e-14 3.8851736334967477e-23
1.1450464209789631e-14 3.8626773903869260e-23
1.2230633988397749e-14 3.8402792408337197e-23
1.3063960117028197e-14 3.8179788801952000e-23
1.3954064368306792e-14 3.7957760309893709e-23
1.4904815281933321e-14 3.7736703902241093e-23
1.5920344977992205e-14 3.7516615524973409e-23
1.7005067115827140e-14 3.7297493285835352e-23
1.8163696076531504e-14 3.7079334179226352e-23
1.9401267452425358e-14 3.6862135763491398e-23
2.0723159932569064e-14 3.6645894927767611e-23
2.2135118679432010e-14 3.6430609292979815e-23
2.3643280298314896e-14 3.6216275627546744e-23
2.5254199508047518e-14 3.6002891033830683e-23
2.6974877628876354e-14 3.5790452307390180e-23
2.8812793011355698e-14 3.5578957062925741e-23
3.0775933538491117e-14 3.5368402636830748e-23
3.2872831342394547e-14 3.5158786753387053e-23
3.5112599886336327e-14 3.4950106418674774e-23
3.7504973573357503e-14 3.4742358366088179e-23
4.0060350053589141e-14 3.4535539999904846e-23
4.2789835414152219e-14 3.4329648589352856e-23
4.5705292448042226e-14 3.4124681197195651e-23
4.8819392211781281e-14 3.3920634371388569e-23
5.2145669095917144e-14 3.3717505705785853e-23
5.5698579647714115e-14 3.3515292433472859e-23
5.9493565401688367e-14 3.3313991856976701e-23
6.3547119991061265e-14 3.3113601023669899e-23
6.7876860831805793e-14 3.2914117723294962e-23
7.2501605690838767e-14 3.2715539837047286e-23
7.7441454471134982e-14 3.2517863863240813e-23
8.2717876569217408e-14 3.2321087143897271e-23
8.8353804184690532e-14 3.2125206815062269e-23
9.4373731987357440e-14 3.1930220687676362e-23
1.0080382357508997e-13 3.1736125633388153e-23
1.0767202518513410e-13 3.1542919053478653e-23
1.1500818715306159e-13 3.1350598111421196e-23
1.2284419364724490e-13 3.1159159752409031e-23
1.3121410124270540e-13 3.0968601685621181e-23
1.4015428693659750e-13 3.0778920803430825e-23
1.4970360624863200e-13 3.0590114754007572e-23
1.5990356209356431e-13 3.0402180792477728e-23
1.7079848515969923e-13 3.0215116246199309e-23
1.8243572657736334e-13 3.0028917945110722e-23
1.9486586371471939e-13 2.9843582928048180e-23
2.0814291999533857e-13 2.9659109090977767e-23
2.2232459969289851e-13 2.9475493426453372e-23
2.3747253872346283e-13 2.9292733760865036e-23
2.5365257252532351e-13 2.9110826911947003e-23
2.7093502219066307e-13 2.8929770890602081e-23
2.8939500009260338e-13 2.8749562412598807e-23
3.0911273633595321e-13 2.8570199294429382e-23
3.3017392745045748e-13 2.8391678690448576e-23
3.5267010884203519e-13 2.8213997815376387e-23
3.7669905262072998e-13 2.8037154194980930e-23
4.0236519253440617e-13 2.7861145219597767e-23
4.2978007785502126e-13 2.7685968208935861e-23
4.5906285819013334e-13 2.7511620476140678e-23
4.9034080132672739e-13 2.7338099800606442e-23
5.2374984635797918e-13 2.7165403315145497e-23
5.5943519449694878e-13 2.6993528437058221e-23
5.9755194014496577e-13 2.6822472255199194e-23
6.3826574495745330e-13 2.6652232289837406e-23
6.8175355783676630e-13 2.6482805929569984e-23
7.2820438398127210e-13 2.6314190397417091e-23
7.7782010633307074e-13 2.6146383290027271e-23
8.3081636299452568e-13 2.5979381919297173e-23
8.8742348442697178e-13 2.5813183704026959e-23
9.4788749450484399e-13 2.5647785814763576e-23
1.0124711797759634e-12 2.5483185665703333e-23
1.0814552315751547e-12 2.5319381104294259e-23
1.1551394659550356e-12 2.5156369174578285e-23
1.2338441267359628e-12 2.4994147398861951e-23
1.3179112773384308e-12 2.4832713430075269e-23
1.4077062874470343e-12 2.4672064490590285e-23
1.5036194209673205e-12 2.4512198326650320e-23
1.6060675321769963e-12 2.4353111925626203e-23
1.7154958774432911e-12 2.4194802978122376e-23
1.8323800503804776e-12 2.4037269155081895e-23
1.9572280488580459e-12 2.3880507747300461e-23
2.0905824828431496e-12 2.3724516364661219e-23
2.2330229326728872e-12 2.3569291963194653e-23
2.3851684680059318e-12 2.3414832267932924e-23
2.5476803384012227e-12 2.3261134426090403e-23
2.7212648472175038e-12 2.3108196278983767e-23
2.9066764213240472e-12 2.2956015588329250e-23
3.1047208899641079e-12 2.2804590057632087e-23
3.3162589870215609e-12 2.2653917249301186e-23
3.5422100919121218e-12 2.2503994100108127e-23
3.7835562253577709e-12 2.2354817757502837e-23
4.0413463174105523e-12 2.2206385754837946e-23
4.3167007662753767e-12 2.2058695558043698e-23
4.6108163077451508e-12 2.1911745420775703e-23
4.9249712164117162e-12 2.1765532457931329e-23
5.2605308612577546e-12 2.1620054410646884e-23
5.6189536397753223e-12 2.1475308857750919e-23
6.0017973164015405e-12 2.1331293270915856e-23
6.4107257928195126e-12 2.1188005459825872e-23
6.8475163395490788e-12 2.1045442653602201e-23
7.3140673202572919e-12 2.0903602443564209e-23
7.8124064423595441e-12 2.0762482107571342e-23
8.3446995697701780e-12 2.0622078678965203e-23
8.9132601361036432e-12 2.0482389982938441e-23
9.5205591992381403e-12 2.0343413558945540e-23
1.0169236180940333e-11 2.0205147463424539e-23
1.0862110338226869e-11 2.0067588946912181e-23
1.1602193016320089e-11 1.9930735580490862e-23
1.2392700736450126e-11 1.9794584910731793e-23
1.3237069175386128e-11 1.9659134445434389e-23
1.4138968097453621e-11 1.9524382222730944e-23
1.5102317303934389e-11 1.9390325870681336e-23
1.6131303669168998e-11 1.9256962842583401e-23
1.7230399337401956e-11 1.9124290741809754e-23
1.8404381159457437e-11 1.8992307099394036e-23
1.9658351453720083e-11 1.8861009264183758e-23
2.0997760181650741e-11 1.8730394713796794e-23
2.2428428634216928e-11 1.8600461243391181e-23
2.3956574732182597e-11 1.8471206297652981e-23
2.5588840050215367e-11 1.8342627317650830e-23
2.7332318682264862e-11 1.8214721352711867e-23
2.9194588073662886e-11 1.8087485661233650e-23
3.1183741953949321e-11 1.7960917072541945e-23
3.3308425513554374e-11 1.7835012382643052e-23
3.5577872977219370e-11 1.7709768041513663e-23
3.8001947737459664e-11 1.7585180259481498e-23
4.0591185222492312e-11 1.7461245125038342e-23
4.3356838684942961e-11 1.7337957358451161e-23
4.6310928110335992e-11 1.7215311491320078e-23
4.9466292457930622e-11 1.7093301750071374e-23
5.2836645460953179e-11 1.6971923083388868e-23
5.6436635228741480e-11 1.6851172442942183e-23
6.0281907909839343e-11 1.6731048359716101e-23
6.4389175692737376e-11 1.6611550661179187e-23
6.8776289439795366e-11 1.6492676435231959e-23
7.3462316270031369e-11 1.6374431348582719e-23
7.8467622427962646e-11 1.6256957191759592e-23
8.3813961798657187e-11 1.6141174009009186e-23
8.9524570453704113e-11 1.6031211120672821e-23
9.5624267639006125e-11 1.5942077212596729e-23
1.0213956364331154e-10 1.5920718877742997e-23
1.0909877501629731e-10 1.6097562358619437e-23
1.1653214763695569e-10 1.6801033484214113e-23
1.2447198816716991e-10 1.8792482510794782e-23
1.3295280446178550e-10 2.3719014625983790e-23
1.4201145554543287e-10 3.4947767828259812e-23
1.5168731180792196e-10 5.9054000811539012e-23
1.6202242611443836e-10 1.0842562124142081e-22
1.7306171657422398e-10 2.0577126503769961e-22
1.8485316176208139e-10 3.9183988124338441e-22
1.9744800924115829e-10 7.3857620275688723e-22
2.1090099829330461e-10 1.3714579225518340e-21
2.2527059782500310e-10 2.5072657384971611e-21
2.4061926048287051e-10 4.5176985489507815e-21
2.5701369408315031e-10 8.0364140304099742e-21
2.7452515153486381e-10 1.4138038595313883e-20
2.9322974051669833e-10 2.4637389563533210e-20
3.1320875425350805e-10 4.2588988349847298e-20
3.3454902483006360e-10 7.3116103651517374e-20
3.5734330057759995e-10 1.2478434807077485e-19
3.8169064917333441e-10 2.1187231293635888e-19
4.0769688820491426e-10 3.5811077039852249e-19
4.3547504507108907e-10 6.0282913116384751e-19
4.6514584821739245e-10 1.0109994014555507e-18
4.9683825184186764e-10 1.6895888232438170e-18
5.3068999635124134e-10 2.8141277407279260e-18
5.6684820700342630e-10 4.6715362536029009e-18
6.0547003333813431e-10 7.7288426581536616e-18
6.4672333217464725e-10 1.2742930025224146e-17
6.9078739714522233e-10 2.0934764639043905e-17
7.3785373793473557e-10 3.4263075473598902e-17
7.8812691261332550e-10 5.5851767698017473e-17
8.4182541667947228e-10 9.0652570602108622e-17
8.9918263267740396e-10 1.4645602042680463e-16
9.6044784451610425e-10 2.3542839893092432e-16
1.0258873208982204e-09 3.7641186908962044e-16
1.0957854725677168e-09 5.9831029636213155e-16
1.1704460884058304e-09 9.4503096804653912e-16
1.2501936557475672e-09 1.4825290257660457e-15
1.3353747706571206e-09 2.3086561136313281e-15
1.4263596442914801e-09 3.5666851550458380e-15
1.5235437118990630e-09 5.4633722946909028e-15
1.6273493514464886e-09 8.2923849342859917e-15
1.7382277193427573e-09 1.2463722343218794e-14
1.8566607112393369e-09 1.8538976359933493e-14
1.9831630564280687e-09 2.7271556138515352e-14
2.1182845549394082e-09 3.9650305053749974e-14
2.2626124670639848e-09 5.6941608653960625e-14
2.4167740656825058e-09 8.0724579924852976e-14
2.5814393624970479e-09 1.1291413394018106e-13
2.7573240200123145e-09 1.5576320443511143e-13
2.9451924619227098e-09 2.1183960576900837e-13
3.1458611954236614e-09 2.8397779692079277e-13
3.3602023598864358e-09 3.7520867555285868e-13
3.5891475173194156e-09 4.8868307776502987e-13
3.8336917010901537e-09 6.2761419833329891e-13
4.0948977405041950e-09 7.9525968650366298e-13
4.3739008800363547e-09 9.9497672295992643e-13
4.6719137132902664e-09 1.2303678732471923e-12
4.9902314531298063e-09 1.5055165234953367e-12
5.3302375608877028e-09 1.8253055071154442e-12
5.6934097591162467e-09 2.1957873951803082e-12
6.0813264540129756e-09 2.6245725786154747e-12
6.4956735954340930e-09 3.1212017884152631e-12
6.9382520043101188e-09 3.6974779452480103e-12
7.4109851993103617e-09 4.3677583892207851e-12
7.9159277567720041e-09 5.1492094419038386e-12
8.4552742402271001e-09 6.0620511257451123e-12
9.0313687383374358e-09 7.1298226375637732e-12
9.6467150526897577e-09 8.3797013707673595e-12
1.0303987579730002e-08 9.8429186926150396e-12
1.1006042934130931e-08 1.1555293414419736e-11
1.1755932364109756e-08 1.3557923794868595e-11
1.2556915012655872e-08 1.5898031166698567e-11
1.3412472082302831e-08 1.8629968926058961e-11
1.4326321965008126e-08 2.1816373823810846e-11
1.5302436402897340e-08 2.5529441771288082e-11
1.6345057750109270e-08 2.9852338278799841e-11
1.7458717410766322e-08 3.4880707255128636e-11
1.8648255533202838e-08 4.0724344199031064e-11
1.9918842046047220e-08 4.7508992160381092e-11
2.1275999127583631e-08 5.5378331401396481e-11
2.2725625206047998e-08 6.4496138993688118e-11
2.4274020595168970e-08 7.5048603801469322e-11
2.5927914876369505e-08 8.7246828657781390e-11
2.7694496146635600e-08 1.0132936808786237e-10
2.9581442259170698e-08 1.1756489589550105e-10
3.1596954192609661e-08 1.3625474682160142e-10
3.3749791693823180e-08 1.5773538744734131e-10
3.6049311349221034e-08 1.8238056938750773e-10
3.8505507250016987e-08 2.1060296890026218e-10
4.1129054428196577e-08 2.4285520779373745e-10
4.3931355251963604e-08 2.7962963923945379e-10
4.6924588982310997e-08 3.2145694391869785e-10
5.0121764706095924e-08 3.6890257934778505e-10
5.3536777875673159e-08 4.2256102458506522e-10
5.7184470700820359e-08 4.8304691590475900e-10
6.1080696655427542e-08 5.5098249898757484e-10
6.5242389379304323e-08 6.2698114203645379e-10
6.9687636274569990e-08 7.1162566960752699e-10
7.4435757116480805e-08 8.0544237376866359e-10
7.9507388020356415e-08 9.0886953623127797e-10
8.4924571129537338e-08 1.0222225761193497e-09
9.0710850414168693e-08 1.1456566291782674e-09
9.6891373997175328e-08 1.2791300019753738e-09
1.0349300345214428e-07 1.4223739570721882e-09
1.1054443054814927e-07 1.5748741709454638e-09
1.1807630194890686e-07 1.7358757371424879e-09
1.2612135240822213e-07 1.9044201907204459e-09
1.3471454704062470e-07 2.0794310726107219e-09
1.4389323328551289e-07 2.2598590530515038e-09
1.5369730322527854e-07 2.4448993059828153e-09
1.6416936696287097e-07 2.6342868179060972e-09
1.7535493781231752e-07 2.8286608528144124e-09
1.8730263010709001e-07 3.0299784187071054e-09
2.0006437048600387e-07 3.2419232200265448e-09
2.1369562357493877e-07 3.4702378209851701e-09
2.2825563304524834e-07 3.7228701271892510e-09
2.4380767909651115e-07 4.0098113666118375e-09
2.6041935348269505e-07 4.3425055343230083e-09
2.7816285327706619e-07 4.7327380286584045e-09
2.9711529465255443e-07 5.1910013916350604e-09
3.1735904804134825e-07 5.7244450398759438e-09
3.3898209613035166e-07 6.3346723383347573e-09
3.6207841624844953e-07 7.0157859652962778e-09
3.8674838880745271e-07 7.7531523959578237e-09
4.1309923357189307e-07 8.5233301782612706e-09
4.4124547565380060e-07 9.2954012282812592e-09
4.7130944325769712e-07 1.0033692382728161e-08
5.0342179933911197e-07 1.0701445051400319e-08
5.3772210948733247e-07 1.1264823376821076e-08
5.7435944850043514e-07 1.1696460643077568e-08
6.1349304828890030e-07 1.1977954744773073e-08
6.5529298992375113e-07 1.2100988116976828e-08
6.9994094283688817e-07 1.2067093644137257e-08
7.4763095438637598e-07 1.1886358467973393e-08
7.9857029321820245e-07 1.1575444892751088e-08
8.5298035008999207e-07 1.1155331421839549e-08
9.1109760007169152e-07 1.0649082364948239e-08
9.7317463030515456e-07 1.0079901112705325e-08
1.0394812377895103e-06 9.4696124376456252e-09
1.1103056019633459e-06 8.8376392005838756e-09
1.1859555371799883e-06 8.2004437128813195e-09
1.2667598305194418e-06 7.5713518293836078e-09
1.3530696707511733e-06 6.9606542659543743e-09
1.4452601746583213e-06 6.3758818723386228e-09
1.5437320173570891e-06 5.8221747378123211e-09
1.6489131736967615e-06 5.3026860312538287e-09
1.7612607783089214e-06 4.8189777529164010e-09
1.8812631123898060e-06 4.3713843544704844e-09
2.0094417258509007e-06 3.9593278609233588e-09
2.1463537040607315e-06 3.5815818910576843e-09
2.2925940890295855e-06 3.2364840736820209e-09
2.4487984655602115e-06 2.9221031924494890e-09
2.6156457236040221e-06 2.6363665684270816e-09
2.7938610088285889e-06 2.3771542630502857e-09
2.9842188742202864e-06 2.1423665514934383e-09
3.1875466464191047e-06 1.9299699911510035e-09
3.4047280214164294e-06 1.7380273657676949e-09
3.6367069052435353e-06 1.5647156054053302e-09
3.8844915163425901e-06 1.4083350175673688e-09
4.1491587674501396e-06 1.2673122511596404e-09
4.4318589460371244e-06 1.1401991498737435e-09
4.7338207136479069e-06 1.0256686855746685e-09
5.0563564458656506e-06 9.2250912924163658e-10
5.4008679361126537e-06 8.2961706162011802e-10
5.7688524880757201e-06 7.4598994853848788e-10
6.1619094232345123e-06 6.7071852845160785e-10
6.5817470317760017e-06 6.0297964143765848e-10
7.0301899971053083e-06 5.4202879773680589e-10
7.5091873262202252e-06 4.8719279527205266e-10
8.0208208204164879e-06 4.3786398397489336e-10
8.5673141231394934e-06 3.9349386117602122e-10
9.1510423843047698e-06 3.5358815339418380e-10
9.7745425830908953e-06 3.1770095882327657e-10
1.0440524554068603e-05 2.8543064780008107e-10
1.1151882764588672e-05 2.5641506859641418e-10
1.1911708894613624e-05 2.3032817977378131e-10
1.2723305273667805e-05 2.0687630688218501e-10
1.3590199233306053e-05 1.8579506376638601e-10
1.4516158437477428e-05 1.6684641716875122e-10
1.5505207257412985e-05 1.4981610792518517e-10
1.6561644262206761e-05 1.3451125333756520e-10
1.7690060901104691e-05 1.2075814992236368e-10
1.8895361458699622e-05 1.0840048349036369e-10
2.0182784369759438e-05 9.7297550379092581e-11
2.1557924986328327e-05 8.7322775453036800e-11
2.3026759896048093e-05 7.8362246977527402e-11
2.4595672897391955e-05 7.0313480221717071e-11
2.6271482744705375e-05 6.3084288017769918e-11
2.8061472783635186e-05 5.6591749569188683e-11
2.9973422605748809e-05 5.0761302044918935e-11
3.2015641859922042e-05 4.5525889858235650e-11
3.4197006367441288e-05 4.0825219913931401e-11
3.6526996697784102e-05 3.6605078674088111e-11
3.9015739372737384e-05 3.2816716077460024e-11
4.1674050877928214e-05 2.9416311693185628e-11
4.4513484673052674e-05 2.6364463399187274e-11
4.7546381405113488e-05 2.3625745761030229e-11
5.0785922542906782e-05 2.1168316262036714e-11
5.4246187665855920e-05 1.8963543751332844e-11
5.7942215656181520e-05 1.6985694766618839e-11
6.1890070060363441e-05 1.5211634389169519e-11
6.6106908903958790e-05 1.3620574770052539e-11
7.0611059263205609e-05 1.2193827894273214e-11
7.5422096917518333e-05 1.0914599900378067e-11
8.0560931429048325e-05 9.7678023130401729e-12
8.6049897019083296e-05 8.7398699700621328e-12
9.1912849636255906e-05 7.8186211058443096e-12
9.8175270638423660e-05 6.9931082924989793e-12
1.0486437753884911e-04 6.2534957998834341e-12
1.1200924229799256e-04 5.5909524164968667e-12
1.1964091767504615e-04 4.9975447752246475e-12
1.2779257218833829e-04 4.4661474273209824e-12
1.3649963427117472e-04 3.9903617820544428e-12
1.4579994624965164e-04 3.5644433642379396e-12
1.5573392881163610e-04 3.1832368053120915e-12
1.6634475668172947e-04 2.8421115394720280e-12
1.7767854626574026e-04 2.5369129539425694e-12
1.8978455608017683e-04 2.2639103810886164e-12
2.0271540083786958e-04 2.0197570989912086e-12
2.1652728012018884e-04 1.8014498893808036e-12
2.3128022262967717e-04 1.6062943864117223e-12
2.4703834708468249e-04 1.4318741808047363e-12
2.6387014088986188e-04 1.2760217556133668e-12
2.8184875779373603e-04 1.1367932472007240e-12
3.0105233582692503e-04 1.0124452631665980e-12
3.2156433690289332e-04 9.0141484879597002e-13
3.4347390955718815e-04 8.0230075141696489e-13
3.6687627640165387e-04 7.1384731690489387e-13
3.9187314797757908e-04 6.3492884590030754e-13
4.1857316480648117e-04 5.6453682382635241e-13
4.4709236955970077e-04 5.0176797100345550e-13
4.7755471139895509e-04 4.4581299828199172e-13
5.1009258467983403e-04 3.9594729151383222e-13
5.4484740435946399e-04 3.5152184126748604e-13
5.8197022060921505e-04 3.1195581168934136e-13
6.2162237530360856e-04 2.7672908937901079e-13
6.6397620323870878e-04 2.4537637469857025e-13
7.0921578112751675e-04 2.1748132873787821e-13
7.5753772762769764e-04 1.9267136256410804e-13
8.0915205787863130e-04 1.7061331757885305e-13
8.6428309626183876e-04 1.5100933620292708e-13
9.2317045135168006e-04 1.3359311219874699e-13
9.8607005729366539e-04 1.1812666948114321e-13
1.0532552861364532e-03 1.0439737871590064e-13
1.1250181359517867e-03 9.2215281472833616e-14
1.2016704999061839e-03 8.1410707211875906e-14
1.2835455218000700e-03 7.1832198385009576e-14
1.3709990439655759e-03 6.3344533257775468e-14
1.4644111538159518e-03 5.5827007109236942e-14
1.5641878357680280e-03 4.9171978622899336e-14
1.6707627357174367e-03 4.3283466915393835e-14
1.7845990457350757e-03 3.8075858599327911e-14
1.9061915171761027e-03 3.3472871820909246e-14
2.0360686109509082e-03 2.9406545043337136e-14
2.1747947943032463e-03 2.5816338698631989e-14
2.3229729940778009e-03 2.2648348533523185e-14
2.4812472171396754e-03 1.9854595643558925e-14
2.6503053493342672e-03 1.7392390757037121e-14
2.8308821451523947e-03 1.5223749688935646e-14
3.0237624210944754e-03 1.3314924559384465e-14
3.2297844666122344e-03 1.1635916146873272e-14
3.4498436874527963e-03 1.0160077212814229e-14
3.6848964972394506e-03 8.8637571871051266e-15
3.9359644742029678e-03 7.7259519058202667e-15
4.2041388011287975e-03 6.7280357860702385e-15
4.4905850078170943e-03 5.8534907152125975e-15
4.7965480366674203e-03 5.0876819718125518e-15
5.1233576534033985e-03 4.4176444803901127e-15
5.4724342264534653e-03 3.8319034109562446e-15
5.8452949001062742e-03 3.3203055261358017e-15
6.2435601882695826e-03 2.8738694497230743e-15
6.6689610174904676e-03 2.4846593844962458e-15
7.1233462498475342e-03 2.1456674981019522e-15
7.6086907184098650e-03 1.8507076813879535e-15
8.1271038101869628e-03 1.5943245357770390e-15
8.6808386338718992e-03 1.3717082801014318e-15
9.2723018122232385e-03 1.1786221421875089e-15
9.9040639416437919e-03 1.0113380092973891e-15
1.0578870764415792e-02 8.6657630868472674e-16
1.1299655102149602e-02 7.4145594827026150e-16
1.2069549602309340e-02 6.3344595677453443e-16
1.2891900353214494e-02 5.4032600761820950e-16
1.3770281426691488e-02 4.6014977986352325e-16
1.4708510411578363e-02 3.9121284080478000e-16
1.5710665005594315e-02 3.3202397217754368e-16
1.6781100737686405e-02 2.8127950213553635e-16
1.7924469897875363e-02 2.3784102041960281e-16
1.9145741756874654e-02 2.0071554618095798e-16
2.0450224163358947e-02 1.6903763537181676e-16
2.1843586612749696e-02 1.4205415993447896e-16
2.3331884887775781e-02 1.1911028245061997e-16
2.4921587377902159e-02 9.9637350124823223e-17
2.6619603192017120e-02 8.3142158297882429e-17
2.8433312186557130e-02 6.9197549082789212e-17
3.0370597039577826e-02 5.7433959548507299e-17
3.2439877510172688e-02 4.7532198555181398e-17
3.4650147032132379e-02 3.9216967675421714e-17
3.7011011800888616e-02 3.2251140636152834e-17
3.9532732523623514e-02 2.6430801842818946e-17
4.2226269013992131e-02 2.1580865909875686e-17
4.5103327825278657e-02 1.7551255926167380e-17
4.8176413129003857e-02 1.4213529456615179e-17
5.1458881060116445e-02 1.1458001507957900e-17
5.4964997764954733e-02 9.1911564010874471e-18
5.8710001404267173e-02 7.3334197592628947e-18
6.2710168380771744e-02 5.8172168179968457e-18
6.6982884079082108e-02 4.5852826039391256e-18
7.1546718425451308e-02 3.5891927627536400e-18
7.6421506595733310e-02 2.7880904291985657e-18
8.1628435222322618e-02 2.1475930290331220e-18
8.7190134474749922e-02 1.6388338783922956e-18
9.3130776414123775e-02 1.2376467048310392e-18
9.9476180048894108e-02 9.2385433427451890e-19
1.0625392354851422e-01 6.8066187212121843e-19
1.1349346410270530e-01 4.9413724943274935e-19
1.2122626594726038e-01 3.5276463743625307e-19
1.2948593711279380e-01 2.4706492902131904e-19
1.3830837549077515e-01 1.6927182749733011e-19
1.4773192485168490e-01 1.1305819227423762e-19
1.5779754149335454e-01 7.3303040171658172e-20
1.6854897224377943e-01 4.5895291909119745e-20
1.8003294459204694e-01 2.7567889715910034e-20
1.9229936977369647e-01 1.5757512218544583e-20
2.0540155969317364e-01 8.4859030908850441e-21
2.1939645862614227e-01 4.2592826884702969e-21
2.3434489070869638e-01 1.9789249857267070e-21
2.5031182428907073e-01 8.6260522203172712e-22
2.6736665429077772e-01 3.8498086808817618e-22
2.8558350381438796e-01 2.1707120335234898e-22
3.0504154628873026e-01 1.7037048061042206e-22
3.2582534957164722e-01 1.5256570819011842e-22
3.4802524349585051e-01 1.3048547949984175e-22
3.7173771245724724e-01 1.0108948764185578e-22
3.9706581475200803e-01 7.1821408752759213e-23
4.2411963048491685e-01 4.9276352926138645e-23
4.5301673999562747e-01 3.5172003246409393e-23
4.8388273488219524e-01 2.7254458561052549e-23
5.1685176384283482e-01 2.2156825283368737e-23
5.5206711570828326e-01 1.7747057528958013e-23
5.8968184219865216e-01 1.3703004672016278e-23
6.2985942311139897e-01 1.0610632005080630e-23
6.7277447683148472e-01 8.7962644755435614e-24
7.1861351925162653e-01 7.9163997468706503e-24
7.6757577440107283e-01 7.3510777741899406e-24
8.1987404030608657e-01 6.7397605897821509e-24
8.7573561384520471e-01 6.0927197952360540e-24
9.3540327861889228e-01 5.5328064452561707e-24
9.9913636012710427e-01 5.0975588739770627e-24
1.0672118528405983e+00 4.7628621395812965e-24
1.1399256240645499e+00 4.5123690685480871e-24
1.2175936998265606e+00 4.3343921408264381e-24
1.3005536383778857e+00 4.2084765621095998e-24
1.3891659972771757e+00 4.1167080354701843e-24
1.4838159004329829e+00 4.0477365127491370e-24
1.5849147119157740e+00 3.9925079338564730e-24
1.6929018238139137e+00 3.9438777656098958e-24
1.8082465659040163e+00 3.8972612599087142e-24
1.9314502454355467e+00 3.8508160850431318e-24
2.0630483258946684e+00 3.8048350920429705e-24
2.2036127542167070e+00 3.7603047255630130e-24
2.3537544465618421e+00 3.7177259838068861e-24
2.5141259434573122e+00 3.6768426970467539e-24
2.6854242458460709e+00 3.6370867497843531e-24
2.8683938443676160e+00 3.5980568886675354e-24
3.0638299550370727e+00 3.5595885375761420e-24
3.2725819753849308e+00 3.5216271108997480e-24
3.4955571760785458e+00 3.4841399255629956e-24
3.7337246440700667e+00 3.4471044047406962e-24
3.9881194944078953e+00 3.4104818712582400e-24
4.2598473690170930e+00 3.3742316061932558e-24
4.5500892420015067e+00 3.3383267674242433e-24
4.8601065523516738e+00 3.3027512120924641e-24
5.1912466863663465e+00 3.2674963076468683e-24
5.5449488336155213e+00 3.2325491452048338e-24
5.9227502418952387e+00 3.1979057355756935e-24
6.3262928983598119e+00 3.1635586512051473e-24
6.7573306658682792e+00 3.1295023168834352e-24
7.2177369055615941e+00 3.0957335642988576e-24
7.7095126187986063e+00 3.0622486971522891e-24
8.2347951438373794e+00 3.0290494049978435e-24
8.7958674450597094e+00 2.9961291518542649e-24
9.3951680351102276e+00 2.9634887906102158e-24
1.0035301573073788e+01 2.9311223746013099e-24
1.0719050184753373e+01 2.8990243995815807e-24
1.1449385554246808e+01 2.8671861759562934e-24
1.2229481839375556e+01 2.8355942593541570e-24
1.3062729467097071e+01 2.8042346151046933e-24
1.3952749868859435e+01 2.7730932997862938e-24
1.4903411219938716e+01 2.7421676781143853e-24
1.5918845251165521e+01 2.7114620189271260e-24
1.7003465206108505e+01 2.6809900559356046e-24
1.8161985021757580e+01 2.6507691440730648e-24
1.9399439816070096e+01 2.6208105792038794e-24
2.0721207771423806e+01 2.5911236987781473e-24
2.2133033509082964e+01 2.5617089631757889e-24
2.3641053056268117e+01 2.5325666903845836e-24
2.5251820514342178e+01 2.5036928628111262e-24
2.6972336544013924e+01 2.4750866105018972e-24
2.8810078791363001e+01 2.4467451372379297e-24
3.0773034386920671e+01 2.4186676263844835e-24
3.2869734659056114e+01 2.3908507097332128e-24
3.5109292212534292e+01 2.3632864795269194e-24
3.7501440533396384e+01 2.3359682406345819e-24
4.0056576292295183e+01 2.3088953225710254e-24
4.2785804530137625e+01 2.2820609422181998e-24
4.5700986922420732e+01 2.2554616303806528e-24
4.8814793332029282e+01 2.2290974556617949e-24
5.2140756874546106e+01 2.2029643261824080e-24
5.5693332735400254e+01 2.1770639467564511e-24
5.9487960994486556e+01 2.1513909864998229e-24
6.3541133731294586e+01 2.1259478471267998e-24
6.7870466702203757e+01 2.1007304266194720e-24
7.2494775901460144e+01 2.0757381104599608e-24
7.7434159338590206e+01 2.0509698721742275e-24
8.2710084387659407e+01 2.0264206508291129e-24
8.8345481088013997e+01 2.0020928001100808e-24
9.4364841802013188e+01 1.9779827404436864e-24
1.0079432766286862e+02 1.9540905377428590e-24
1.0766188227523631e+02 1.9304123398126977e-24
1.1499735316273011e+02 1.9069474792102685e-24
1.2283262149017406e+02 1.8836973041365989e-24
1.3120174062439310e+02 1.8606585471178371e-24
1.4014108413576068e+02 1.8378324898606515e-24
1.4968950388372326e+02 1.8152148294654243e-24
1.5988849887338407e+02 1.7928101400541409e-24
1.7078239561700963e+02 1.7706157952845503e-24
1.8241854078436174e+02 1.7486304692789765e-24
1.9484750697912006e+02 1.7268493344992234e-24
2.0812331253574314e+02 1.7052710376679571e-24
2.2230365629205767e+02 1.6838955122897526e-24
2.3745016835790807e+02 1.6627211148004145e-24
2.5362867796975959e+02 1.6417488198930359e-24
2.7090949959541535e+02 1.6209813515839166e-24
2.8936773853227112e+02 1.6004170468645911e-24
3.0908361732730151e+02 1.5800542598754170e-24
3.3014282443747851e+02 1.5598844562139025e-24
3.5263688664591103e+02 1.5399095313282435e-24
3.7666356685232665e+02 1.5201273290381536e-24
4.0232728896672580e+02 1.5005371563131742e-24
4.2973959175291401e+02 1.4811394822436444e-24
4.5901961359433466e+02 1.4619271488749820e-24
4.9029461028909697e+02 1.4429008282593112e-24
5.2370050812465843e+02 1.4240527715581880e-24
5.5938249463585157e+02 1.4053859521387036e-24
5.9749564961381145e+02 1.3869010143633756e-24
6.3820561910832066e+02 1.3686053667580588e-24
6.8168933535281610e+02 1.3504926390466200e-24
7.2813578574100313e+02 1.3325620166932894e-24
7.7774683419723192e+02 1.3148146624675031e-24
8.3073809851034468e+02 1.2972449210248319e-24
8.8733988744411511e+02 1.2798507712436084e-24
9.4779820169704669e+02 1.2626293616261138e-24
1.0123758030619714e+03 1.2455840768514657e-24
1.0813533564320685e+03 1.2287134434144244e-24
1.1550306496166932e+03 1.2120133283157654e-24
1.2337278962686323e+03 1.1954830248031243e-24
1.3177871275853629e+03 1.1791218002061234e-24
1.4075736788329439e+03 1.1629390301895620e-24
1.5034777771533254e+03 1.1469287421271869e-24
1.6059162375557485e+03 1.1310945544198671e-24
1.7153342744634581e+03 1.1154302459336396e-24
1.8322074366888712e+03 1.0999337574502430e-24
1.9570436742471315e+03 1.0845993186059609e-24
2.0903855459905130e+03 1.0694243294160088e-24
2.2328125776585102e+03 1.0544083123032954e-24
2.3849437805922653e+03 1.0395471252912306e-24
2.5474403420597796e+03 1.0248241726277937e-24
2.7210084988846297e+03 1.0102401577750821e-24
2.9064026068676599e+03 9.9580774219241913e-25
3.1044284193414996e+03 9.8153083813187314e-25
3.3159465891071977e+03 9.6741031005107170e-25
3.5418764089732126e+03 9.5344470188172317e-25
3.7831998071532958e+03 9.3964474080240784e-25
4.0409656148883150e+03 9.2599151192113453e-25
4.3162941248394627e+03 9.1248223924179947e-25
4.6103819600649031e+03 8.9911176420043066e-25
4.9245072747406057e+03 8.8588821170644601e-25
5.2600353092288169e+03 8.7281377720547870e-25
5.6184243236377961e+03 8.5988900727880306e-25
6.0012319356603584e+03 8.4712906280699343e-25
6.4101218902367909e+03 8.3452449900733683e-25
6.8468712904647155e+03 8.2207894862825637e-25
7.3133783211817508e+03 8.0977880128744909e-25
7.8116704987893190e+03 7.9761439601548220e-25
8.3439134831732499e+03 7.8557155028443176e-25
8.9124204900181667e+03 7.7365567273879976e-25
9.5196623444240286e+03 7.6186912711479005e-25
1.0168278219518714e+04 7.5019714877339075e-25
1.0861087106739642e+04 7.3866207256892243e-25
1.1601100067634705e+04 7.2725470295188499e-25
1.2391533320431463e+04 7.1598895840033841e-25
1.3235822218251915e+04 7.0485163961025004e-25
1.4137636179722802e+04 6.9385307228310150e-25
1.5100894636873052e+04 6.8298740806929654e-25
1.6129784069631676e+04 6.7225282230411787e-25
1.7228776200958873e+04 6.6165533907693917e-25
1.8402647431690173e+04 6.5118855824484379e-25
1.9656499599562088e+04 6.4085468625529967e-25
2.0995782152638785e+04 6.3064658748440485e-25
2.2426315833511362e+04 6.2054328350429009e-25
2.3954317977203245e+04 6.1053804825630816e-25
2.5586429532733433e+04 6.0064079409810574e-25
2.7329743925774404e+04 5.9085422945118675e-25
2.9191837887847843e+04 5.8120547935035091e-25
3.1180804386049233e+04 5.7168340809242892e-25
3.3305287796415374e+04 5.6230826685130235e-25
3.5574521473805784e+04 5.5306054016096020e-25
3.7998367881585429e+04 5.4394401034283579e-25
4.0587361455514401e+04 5.3492208373342450e-25
4.3352754388140063e+04 5.2598882212054666e-25
4.6306565532681219e+04 5.1716249628261310e-25
4.9461632638942829e+04 5.0842664584349102e-25
5.2831668148292076e+04 4.9980414326590625e-25
5.6431318790185709e+04 4.9131245600425916e-25
6.0276229239271393e+04 4.8300324285259765e-25
6.4383110109719797e+04 4.7488732113455943e-25
6.8769810582304679e+04 4.6689705438044314e-25
7.3455395979885943e+04 4.5899728419508859e-25
7.8460230628441874e+04 4.5114570674470308e-25
8.3806066363782418e+04 4.4342401289154994e-25
8.9516137068614436e+04 4.3580953884995932e-25
9.5615259650820706e+04 4.2836193356433889e-25
1.0212994190183106e+05 4.2095487079416615e-25
1.0908849770384711e+05 4.1359582218899223e-25
1.1652117008664334e+05 4.0625425136909209e-25
1.2446026266875396e+05 3.9893087236078415e-25
1.3294028005431729e+05 3.9174473243115539e-25
1.4199807779577497e+05 3.8470888003388619e-25
1.5167302257417134e+05 3.7785511024252170e-25
1.6200716329323006e+05 3.7110348041337689e-25
1.7304541383082347e+05 3.6445875427826775e-25
1.8483574824208111e+05 3.5790281050715160e-25
1.9742940926253112e+05 3.5141723214119769e-25
2.1088113101747865e+05 3.4500765701733302e-25
2.2524937690552487e+05 3.3868143274266013e-25
2.4059659369013118e+05 3.3240211346386261e-25
2.5698948290353184e+05 3.2619521752951547e-25
2.7449929074259236e+05 3.2004746923588740e-25
2.9320211771651194e+05 3.1400053376082702e-25
3.1317924939216458e+05 3.0807784305040113e-25
3.3451750967457652e+05 3.0228167634172060e-25
3.5730963815791364e+05 2.9658894186991599e-25
3.8165469318702485e+05 2.9099901530559229e-25
4.0765848238134355e+05 2.8544805207435058e-25
4.3543402249222324e+05 2.7994090327624044e-25
4.6510203059234470e+05 2.7446874014670669e-25
4.9679144873201946e+05 2.6907516559243107e-25
5.3064000434256741e+05 2.6380015331662688e-25
5.6679480882242846e+05 2.5860952704472320e-25
6.0541299690751522e+05 2.5350269349421354e-25
6.4666240960468620e+05 2.4847310569791590e-25
6.9072232365639752e+05 2.4352342191475993e-25
7.3778423070693971e+05 2.3869091120644407e-25
7.8805266955669958e+05 2.3388938242195451e-25
8.4174611512146611e+05 2.2918428952005056e-25
8.9909792796037986e+05 2.2448552550428086e-25
9.6035736849940510e+05 2.1983512789971654e-25
1.0257906803581819e+06 2.1522136517798999e-25
1.0956822474886286e+06 2.1072835804036261e-25
1.1703358301544904e+06 2.0638126394385128e-25
1.2500758851234515e+06 2.0212249315757260e-25
1.3352489758097129e+06 1.9793972465277635e-25
1.4262252784956356e+06 1.9379216588633100e-25
1.5234001911789046e+06 1.8973349246904016e-25
1.6271960520373317e+06 1.8569746147312824e-25
1.7380639749801040e+06 1.8175280232241547e-25
1.8564858102632207e+06 1.7782211112300023e-25
1.9829762386900450e+06 1.7390511122645109e-25
2.1180850084988056e+06 1.7006016175485926e-25
2.2623993246590924e+06 1.6627057364899669e-25
2.4165464009613413e+06 1.6253205444404284e-25
2.5811961859912211e+06 1.5882049882297507e-25
2.7570642748366618e+06 1.5516524753175384e-25
2.9449150191819090e+06 1.5151603865214789e-25
3.1455648493058975e+06 1.4790807661484088e-25
3.3598858224226250e+06 1.4436825165013817e-25
3.5888094127856125e+06 1.4092462257327144e-25
3.8333305600283751e+06 1.3754261727781427e-25
4.0945119933358650e+06 1.3428874363663843e-25
4.3734888502407530e+06 1.3104762821069671e-25
4.6714736101180483e+06 1.2775622200866306e-25
4.9897613638200704e+06 1.2439612555741479e-25
5.3297354423548514e+06 1.2096795259038124e-25
5.6928734290704671e+06 1.1750531275414193e-25
6.0807535814755205e+06 1.1418002274282629e-25
6.4950616906065196e+06 1.1096678633790038e-25
6.9375984077532459e+06 1.0773106555411653e-25
7.4102870703859758e+06 1.0458594771106571e-25
7.9151820612967126e+06 1.0140361835693292e-25
8.4544777372855581e+06 9.8392268566167591e-26
9.0305179661966935e+06 9.5411226811334908e-26
9.6458063137538712e+06 9.2512911713663056e-26
1.0303016924469903e+07 8.9693740882316965e-26
1.1005006143919010e+07 8.6906829841083147e-26
1.1754824932884922e+07 8.4284367328035835e-26
1.2555732127339549e+07 8.1671527242367958e-26
1.3411208601880573e+07 7.9193234265610097e-26
1.4324972398186058e+07 7.6816230363918973e-26
1.5300994884235572e+07 7.4538618339011984e-26
1.6343518014530299e+07 7.2284923412397160e-26
1.7457072766325761e+07 6.9995896042770622e-26
1.8646498832004886e+07 6.7755237475420708e-26
1.9916965653179169e+07 6.5528896154460735e-26
2.1273994887933072e+07 6.3403541808045619e-26
2.2723484408859085e+07 6.1347917270088294e-26
2.4271733936184555e+07 5.9437174657793128e-26
2.5925472417393081e+07 5.7590592845515544e-26
2.7691887272338022e+07 5.5782818045321193e-26
2.9578655630954389e+07 5.3973024130926077e-26
3.1593977699329346e+07 5.2195503087544876e-26
3.3746612399149150e+07 5.0494533917138681e-26
3.6045915435414530e+07 4.8890661265008206e-26
3.8501879957877330e+07 4.7368121782120974e-26
4.1125179992914796e+07 4.5867206894876308e-26
4.3927216834605403e+07 4.4401110206715179e-26
4.6920168596633002e+07 4.2956793801228681e-26
5.0117043140374027e+07 4.1552320616733518e-26
5.3531734609204553e+07 4.0207784843429982e-26
5.7179083814738430e+07 3.8910357717896368e-26
6.1074942737438239e+07 3.7670536414108282e-26
6.5236243421932027e+07 3.6440818426305573e-26
6.9681071566471264e+07 3.5283704688338368e-26
7.4428745126352847e+07 3.4172383142987885e-26
7.9499898272936001e+07 3.3147477025444059e-26
8.4916571073147461e+07 3.2237813851990665e-26
9.0702305279246762e+07 3.1476521802038040e-26
9.6882246645157799e+07 3.0799649715360030e-26
1.0348325421405496e+08 3.0179426830339324e-26
1.1053401705219385e+08 2.9715484211828379e-26
1.1806517893631704e+08 2.9145689138098145e-26
1.2610947153655246e+08 2.8647765390477561e-26
1.3470185667364928e+08 2.8115624613141874e-26
1.4387967826880750e+08 2.7557173533663595e-26
1.5368282464650717e+08 2.7099678608687480e-26
1.6415390189574429e+08 2.6495500877025870e-26
1.7533841904310718e+08 2.6018634740018615e-26
1.8728498584250551e+08 2.5518510398796934e-26
2.0004552404116181e+08 2.5124849506983573e-26
2.1367549304008684e+08 2.4836346197723825e-26
2.2823413092976794e+08 2.4554173334186136e-26
2.4378471194866264e+08 2.4393897763167245e-26
2.6039482148347250e+08 2.4115522494593467e-26
2.7813664980636221e+08 2.3838823441511694e-26
2.9708730582576674e+08 2.3457739335319516e-26
3.1732915221442258e+08 2.3037425854810767e-26
3.3895016337110472e+08 2.2570258961153280e-26
3.6204430777184689e+08 2.2151503745218305e-26
3.8671195637243330e+08 2.1709468570150837e-26
4.1306031883709592e+08 2.1333661890028145e-26
4.4120390948938155e+08 2.0847661463514467e-26
4.7126504501025140e+08 2.0317284675944315e-26
5.0337437604654622e+08 1.9767902539187834e-26
5.3767145504020965e+08 1.9202013888246018e-26
5.7430534274617517e+08 1.8738662121181542e-26
6.1343525607498682e+08 1.8274523893136598e-26
6.5523126007570803e+08 1.7929142604015328e-26
6.9987500706662226e+08 1.7495347771638256e-26
7.4756052612616229e+08 1.7049729955898455e-26
7.9849506637523293e+08 1.6506373644993272e-26
8.5289999771600914e+08 1.5902216819170416e-26
9.1101177294203436e+08 1.5367184179668757e-26
9.7308295540098643e+08 1.4728960132855067e-26
1.0393833166766051e+09 1.4095346622241009e-26
1.1102010090603998e+09 1.3394827009844182e-26
1.1858438179090240e+09 1.2705231681117236e-26
1.2666404993301151e+09 1.2022207121390293e-26
1.3529422090104580e+09 1.1316441359614167e-26
1.4451240283965058e+09 1.0701410976264228e-26
1.5435865948601055e+09 1.0108026515100119e-26
1.6487578429344709e+09 9.5690764454206958e-27
1.7610948641882298e+09 9.1239176487992551e-27
1.8810858938206277e+09 8.7544303968200513e-27
2.0092524326121581e+09 8.4440090151696265e-27
2.1461515134527941e+09 7.9225961285402527e-27
2.2923781222987814e+09 7.0759399003913727e-27
2.4485677840795736e+09 5.6091299240788824e-27
2.6153993247937965e+09 4.3806388335611935e-27
2.7935978217989779e+09 2.6268630454991122e-27
