# #Parameters: delta_c =0.325, gamma = 0.2, gstar = 107.5#Columns: mPBH [Msun, fPBH]
1.1988452489521453e+21 0.0000000000000000e+00
1.0695667022644968e+21 0.0000000000000000e+00
9.5422902296425634e+20 0.0000000000000000e+00
8.5132888518265510e+20 0.0000000000000000e+00
7.5952507553680916e+20 0.0000000000000000e+00
6.7762101158522585e+20 0.0000000000000000e+00
6.0454914542124768e+20 0.0000000000000000e+00
5.3935704911888227e+20 0.0000000000000000e+00
4.8119500066702996e+20 0.0000000000000000e+00
4.2930490858552997e+20 0.0000000000000000e+00
3.8301043086513780e+20 0.0000000000000000e+00
3.4170815944041988e+20 0.0000000000000000e+00
3.0485975529286166e+20 0.0000000000000000e+00
2.7198493167216276e+20 0.0000000000000000e+00
2.4265519397811932e+20 0.0000000000000000e+00
2.1648825470791716e+20 0.0000000000000000e+00
1.9314305067257745e+20 0.0000000000000000e+00
1.7231529753630356e+20 0.0000000000000000e+00
1.5373352373604532e+20 0.0000000000000000e+00
1.3715553208688239e+20 0.0000000000000000e+00
1.2236524295335015e+20 0.0000000000000000e+00
1.0916987784019878e+20 0.0000000000000000e+00
9.7397446693155586e+19 0.0000000000000000e+00
8.6894506158850064e+19 0.0000000000000000e+00
7.7524159584781386e+19 0.0000000000000000e+00
6.9164272691071115e+19 0.0000000000000000e+00
6.1705881656844354e+19 0.0000000000000000e+00
5.5051772872037032e+19 0.0000000000000000e+00
4.9115215842932359e+19 0.0000000000000000e+00
4.3818832735959712e+19 0.0000000000000000e+00
3.9093589825245929e+19 0.0000000000000000e+00
3.4877897698319340e+19 0.0000000000000000e+00
3.1116808491934810e+19 0.0000000000000000e+00
2.7761299694689047e+19 0.0000000000000000e+00
2.4767635181419594e+19 0.0000000000000000e+00
2.2096795151029936e+19 0.0000000000000000e+00
1.9713967537477030e+19 0.0000000000000000e+00
1.7588094264908984e+19 0.0000000000000000e+00
1.5691466432784540e+19 0.0000000000000000e+00
1.3999363154566171e+19 0.0000000000000000e+00
1.2489729342565134e+19 0.0000000000000000e+00
1.1142888239144825e+19 0.0000000000000000e+00
9.9412849473783009e+18 0.0000000000000000e+00
8.8692576183062548e+18 0.0000000000000000e+00
7.9128333124209203e+18 0.0000000000000000e+00
7.0595458746089533e+18 0.0000000000000000e+00
6.2982734487125064e+18 0.0000000000000000e+00
5.6190935138521477e+18 0.0000000000000000e+00
5.0131535530375660e+18 0.0000000000000000e+00
4.4725556683437865e+18 0.0000000000000000e+00
3.9902536387127880e+18 0.0000000000000000e+00
3.5599610786189952e+18 0.0000000000000000e+00
3.1760695005268936e+18 0.0000000000000000e+00
2.8335752131566264e+18 0.0000000000000000e+00
2.5280141027404032e+18 0.0000000000000000e+00
2.2554034472001472e+18 0.0000000000000000e+00
2.0121900048453440e+18 0.0000000000000000e+00
1.7952037009723558e+18 0.0000000000000000e+00
1.6016163087106363e+18 0.0000000000000000e+00
1.4289045855567700e+18 0.0000000000000000e+00
1.2748173851132127e+18 0.0000000000000000e+00
1.1373463153620166e+18 0.0000000000000000e+00
1.0146995610298216e+18 0.0000000000000000e+00
9.0527852884139686e+17 0.0000000000000000e+00
8.0765701125316493e+17 0.0000000000000000e+00
7.2056259708406246e+17 0.0000000000000000e+00
6.4286008674761370e+17 0.0000000000000000e+00
5.7353669591725459e+17 0.0000000000000000e+00
5.1168885476759341e+17 0.0000000000000000e+00
4.5651043073126189e+17 0.0000000000000000e+00
4.0728222126529875e+17 0.0000000000000000e+00
3.6336257967442912e+17 0.0000000000000000e+00
3.2417905180705402e+17 0.0000000000000000e+00
2.8922091461559674e+17 0.0000000000000000e+00
2.5803251932783264e+17 0.0000000000000000e+00
2.3020735246329194e+17 0.0000000000000000e+00
2.0538273728524605e+17 0.0000000000000000e+00
1.8323510662634685e+17 0.0000000000000000e+00
1.6347578547333258e+17 0.0000000000000000e+00
1.4584722834046957e+17 0.0000000000000000e+00
1.3011966238918574e+17 0.0000000000000000e+00
1.1608809253989584e+17 0.0000000000000000e+00
1.0356962954025782e+17 0.0000000000000000e+00
9.2401106163578560e+16 0.0000000000000000e+00
8.2436950466586384e+16 0.0000000000000000e+00
7.3547288386349392e+16 0.0000000000000000e+00
6.5616250945349104e+16 0.0000000000000000e+00
5.8540464000602640e+16 0.0000000000000000e+00
5.2227700852036672e+16 0.0000000000000000e+00
4.6595680148038208e+16 0.0000000000000000e+00
4.1570993419933704e+16 0.0000000000000000e+00
3.7088148266742920e+16 0.0000000000000000e+00
3.3088714718959028e+16 0.0000000000000000e+00
2.9520563654951208e+16 0.0000000000000000e+00
2.6337187343414684e+16 0.0000000000000000e+00
2.3497093255730692e+16 0.0000000000000000e+00
2.0963263247111900e+16 0.0000000000000000e+00
1.8702671057431008e+16 0.0000000000000000e+00
1.6685851842778236e+16 0.0000000000000000e+00
1.4886518126966934e+16 0.0000000000000000e+00
1.3281217167251094e+16 0.0000000000000000e+00
1.1849025268316662e+16 0.0000000000000000e+00
1.0571275060195870e+16 0.0000000000000000e+00
9.4313121854111360e+15 0.0000000000000000e+00
8.4142782239776770e+15 0.0000000000000000e+00
7.5069170268822550e+15 0.0000000000000000e+00
6.6974019337637960e+15 0.0000000000000000e+00
5.9751816227296460e+15 0.0000000000000000e+00
5.3308425830942800e+15 0.0000000000000000e+00
4.7559864184930230e+15 0.0000000000000000e+00
4.2431203811238205e+15 0.0000000000000000e+00
3.7855597103267465e+15 0.0000000000000000e+00
3.3773405025698490e+15 0.0000000000000000e+00
3.0131419771778540e+15 0.0000000000000000e+00
2.6882171246052795e+15 0.0000000000000000e+00
2.3983308333149080e+15 0.0000000000000000e+00
2.1397046887994788e+15 0.0000000000000000e+00
1.9089677252501575e+15 0.0000000000000000e+00
1.7031124879627118e+15 0.0000000000000000e+00
1.5194558337933348e+15 0.0000000000000000e+00
1.3556039587322562e+15 0.0000000000000000e+00
1.2094211967601750e+15 0.0000000000000000e+00
1.0790021833078092e+15 0.0000000000000000e+00
9.6264702049362925e+14 0.0000000000000000e+00
8.5883912044031625e+14 0.0000000000000000e+00
7.6622543787697438e+14 0.0000000000000000e+00
6.8359883437629362e+14 0.0000000000000000e+00
6.0988234435993675e+14 0.0000000000000000e+00
5.4411513779326394e+14 0.0000000000000000e+00
4.8543999660540262e+14 0.0000000000000000e+00
4.3309214160071681e+14 0.0000000000000000e+00
3.8638926423024656e+14 0.0000000000000000e+00
3.4472263329597256e+14 0.0000000000000000e+00
3.0754916067154856e+14 0.0000000000000000e+00
2.7438432262312172e+14 0.0000000000000000e+00
2.4479584446583072e+14 0.0000000000000000e+00
2.1839806624101003e+14 0.0000000000000000e+00
1.9484691597561150e+14 0.0000000000000000e+00
1.7383542500468391e+14 0.0000000000000000e+00
1.5508972690304953e+14 0.0000000000000000e+00
1.3836548787575605e+14 0.0000000000000000e+00
1.2344472208055414e+14 0.0000000000000000e+00
1.1013295037291838e+14 0.0000000000000000e+00
9.8256665440331250e+13 0.0000000000000000e+00
8.7661070286074781e+13 0.0000000000000000e+00
7.8208060585637531e+13 0.0000000000000000e+00
6.9774424617519039e+13 0.0000000000000000e+00
6.2250237306100711e+13 0.0000000000000000e+00
5.5537427444337375e+13 0.0000000000000000e+00
4.9548499421266586e+13 0.0000000000000000e+00
4.4205392793172656e+13 0.0000000000000000e+00
3.9438464833910898e+13 0.0000000000000000e+00
3.5185582802826047e+13 0.0000000000000000e+00
3.1391314098768379e+13 0.0000000000000000e+00
2.8006203744574320e+13 0.0000000000000000e+00
2.4986129784652133e+13 0.0000000000000000e+00
2.2291728193844488e+13 0.0000000000000000e+00
1.9887879801756160e+13 0.0000000000000000e+00
1.7743252545054824e+13 0.0000000000000000e+00
1.5829893081402971e+13 0.0000000000000000e+00
1.4122862442066164e+13 0.0000000000000000e+00
1.2599910974246846e+13 0.0000000000000000e+00
1.1241188336301574e+13 0.0000000000000000e+00
1.0028984765882936e+13 0.0000000000000000e+00
8.9475002486617246e+12 0.0000000000000000e+00
7.9826385789463086e+12 0.0000000000000000e+00
7.1218236279582812e+12 0.0000000000000000e+00
6.3538354249830078e+12 0.0000000000000000e+00
5.6686639148550254e+12 0.0000000000000000e+00
5.0573784856357500e+12 0.0000000000000000e+00
4.5120115658904082e+12 0.0000000000000000e+00
4.0254547743562100e+12 0.0000000000000000e+00
3.5913662684039150e+12 0.0000000000000000e+00
3.2040880836606279e+12 0.0000000000000000e+00
2.8585723873879663e+12 0.0000000000000000e+00
2.5503156843931753e+12 0.0000000000000000e+00
2.2753001179043047e+12 0.0000000000000000e+00
2.0299411003179949e+12 0.0000000000000000e+00
1.8110405912322622e+12 0.0000000000000000e+00
1.6157454137842241e+12 0.0000000000000000e+00
1.4415100659827979e+12 0.0000000000000000e+00
1.2860635423144949e+12 0.0000000000000000e+00
1.1473797331708936e+12 0.0000000000000000e+00
1.0236510162803317e+12 0.0000000000000000e+00
9.1326469593104199e+11 0.0000000000000000e+00
8.1478198289172180e+11 0.0000000000000000e+00
7.2691924105111340e+11 0.0000000000000000e+00
6.4853125634289893e+11 0.0000000000000000e+00
5.7859630988103540e+11 0.0000000000000000e+00
5.1620286074684930e+11 0.0000000000000000e+00
4.6053766484963849e+11 0.0000000000000000e+00
4.1087517500057440e+11 0.0000000000000000e+00
3.6656808403905554e+11 0.0000000000000000e+00
3.2703888774948663e+11 0.0000000000000000e+00
2.9177235759844940e+11 0.0000000000000000e+00
2.6030882518096210e+11 0.0000000000000000e+00
2.3223819084447961e+11 0.0000000000000000e+00
2.0719457839826505e+11 0.0000000000000000e+00
1.8485156623693735e+11 0.0000000000000000e+00
1.6491793272007169e+11 0.0000000000000000e+00
1.4713386035258521e+11 0.0000000000000000e+00
1.3126754929070976e+11 0.0000000000000000e+00
1.1711219603357759e+11 0.0000000000000000e+00
1.0448329792028632e+11 0.0000000000000000e+00
9.3216248298932877e+10 0.0000000000000000e+00
8.3164191022738037e+10 0.0000000000000000e+00
7.4196106308492538e+10 0.0000000000000000e+00
6.6195103008168022e+10 0.0000000000000000e+00
5.9056895034941315e+10 0.0000000000000000e+00
5.2688442085175133e+10 0.0000000000000000e+00
4.7006736939359703e+10 0.0000000000000000e+00
4.1937723535535805e+10 0.0000000000000000e+00
3.7415331713237274e+10 0.0000000000000000e+00
3.3380616046681133e+10 0.0000000000000000e+00
2.9780987542647602e+10 0.0000000000000000e+00
2.6569528188905552e+10 0.0000000000000000e+00
2.3704379418920040e+10 0.0000000000000000e+00
2.1148196522012203e+10 0.0000000000000000e+00
1.8867661887687893e+10 0.0000000000000000e+00
1.6833050739696770e+10 0.0000000000000000e+00
1.5017843699547436e+10 0.0000000000000000e+00
1.3398381129581285e+10 0.0000000000000000e+00
1.1953554750268818e+10 0.0000000000000000e+00
1.0664532512230381e+10 0.0000000000000000e+00
9.5145131369278736e+09 0.0000000000000000e+00
8.4885071266795321e+09 0.0000000000000000e+00
7.5731413896554384e+09 0.0000000000000000e+00
6.7564849333109083e+09 0.0000000000000000e+00
6.0278933543236170e+09 0.0000000000000000e+00
5.3778700980974932e+09 0.0000000000000000e+00
4.7979426794713736e+09 0.0000000000000000e+00
4.2805522512781844e+09 0.0000000000000000e+00
3.8189550813770046e+09 0.0000000000000000e+00
3.4071346539971085e+09 0.0000000000000000e+00
3.0397232497121282e+09 0.0000000000000000e+00
2.7119319819076161e+09 0.0000000000000000e+00
2.4194883778284235e+09 0.0000000000000000e+00
2.1585806906296730e+09 0.0000000000000000e+00
1.9258082165872252e+09 0.0000000000000000e+00
1.7181369698961728e+09 0.0000000000000000e+00
1.5328601373169551e+09 0.0000000000000000e+00
1.3675627972299230e+09 0.0000000000000000e+00
1.2200904432421875e+09 0.0000000000000000e+00
1.0885209020793855e+09 0.0000000000000000e+00
9.7113927973658991e+08 0.0000000000000000e+00
8.6641560933344877e+08 0.0000000000000000e+00
7.7298490933274114e+08 0.0000000000000000e+00
6.8962939219875884e+08 0.0000000000000000e+00
6.1526259160087717e+08 0.0000000000000000e+00
5.4891520127426088e+08 0.0000000000000000e+00
4.8972244095968133e+08 0.0000000000000000e+00
4.3691278474847955e+08 0.0000000000000000e+00
3.8979790491648436e+08 0.0000000000000000e+00
3.4776370017359614e+08 0.0000000000000000e+00
3.1026229139005411e+08 0.0000000000000000e+00
2.7680488047071660e+08 0.0000000000000000e+00
2.4695537929900128e+08 0.0000000000000000e+00
2.2032472570932662e+08 0.0000000000000000e+00
1.9656581240174717e+08 0.0000000000000000e+00
1.7536896270159945e+08 0.0000000000000000e+00
1.5645789419463474e+08 0.0000000000000000e+00
1.3958611762716529e+08 0.0000000000000000e+00
1.2453372413402356e+08 0.0000000000000000e+00
1.1110451891865529e+08 0.0000000000000000e+00
9.9123464025383219e+07 0.0000000000000000e+00
8.8434396872598037e+07 0.0000000000000000e+00
7.8897994809962049e+07 0.0000000000000000e+00
7.0389959169401497e+07 0.0000000000000000e+00
6.2799395140577152e+07 0.0000000000000000e+00
5.6027366353931352e+07 0.0000000000000000e+00
4.9985605331561223e+07 0.0000000000000000e+00
4.4595362997769587e+07 0.0000000000000000e+00
3.9786382253675304e+07 0.0000000000000000e+00
3.5495982237317793e+07 0.0000000000000000e+00
3.1668241333392046e+07 0.0000000000000000e+00
2.8253268283857059e+07 0.0000000000000000e+00
2.5206551898981038e+07 0.0000000000000000e+00
2.2488380892877109e+07 0.0000000000000000e+00
2.0063326281591341e+07 0.0000000000000000e+00
1.7899779597253729e+07 0.0000000000000000e+00
1.5969540899319367e+07 0.0000000000000000e+00
1.4247451212983731e+07 0.0000000000000000e+00
1.2711064603929989e+07 0.0000000000000000e+00
1.1340355615188381e+07 0.0000000000000000e+00
1.0117458252802294e+07 0.0000000000000000e+00
9.0264331182083860e+06 0.0000000000000000e+00
8.0530596521040732e+06 0.0000000000000000e+00
7.1846507818825375e+06 0.0000000000000000e+00
6.4098875567274233e+06 0.0000000000000000e+00
5.7186716149790976e+06 0.0000000000000000e+00
5.1019935608143760e+06 0.0000000000000000e+00
4.5518155346443346e+06 0.0000000000000000e+00
4.0609664466378386e+06 0.0000000000000000e+00
3.6230485078316946e+06 0.0000000000000000e+00
3.2323538405418787e+06 0.0000000000000000e+00
2.8837900811653142e+06 0.0000000000000000e+00
2.5728140056700171e+06 0.0000000000000000e+00
2.2953723126396905e+06 0.0000000000000000e+00
2.0478487920314178e+06 0.0000000000000000e+00
1.8270171910376474e+06 0.0000000000000000e+00
1.6299991626998424e+06 0.0000000000000000e+00
1.4542267491709811e+06 0.0000000000000000e+00
1.2974089106288925e+06 0.0000000000000000e+00
1.1575016635740194e+06 0.0000000000000000e+00
1.0326814392905406e+06 0.0000000000000000e+00
9.2132131522158417e+05 0.0000000000000000e+00
8.2196980945525644e+05 0.0000000000000000e+00
7.3333196192624618e+05 0.0000000000000000e+00
6.5425245574286627e+05 0.0000000000000000e+00
5.8370055864088924e+05 0.0000000000000000e+00
5.2075668828913313e+05 0.0000000000000000e+00
4.6460042633727938e+05 0.0000000000000000e+00
4.1449982497955981e+05 0.0000000000000000e+00
3.6980186665468087e+05 0.0000000000000000e+00
3.2992395253249997e+05 0.0000000000000000e+00
2.9434630884735676e+05 0.0000000000000000e+00
2.6260521210120025e+05 0.0000000000000000e+00
2.3428694483299417e+05 0.0000000000000000e+00
2.0902240317311574e+05 0.0000000000000000e+00
1.8648228589692945e+05 0.0000000000000000e+00
1.6637280227106682e+05 0.0000000000000000e+00
1.4843184274793020e+05 0.0000000000000000e+00
1.3242556259676456e+05 0.0000000000000000e+00
1.1814533394192510e+05 0.0000000000000000e+00
1.0540502648081703e+05 0.0000000000000000e+00
9.4038581438036505e+04 0.0000000000000000e+00
8.3897847134335985e+04 0.0000000000000000e+00
7.4850647958937538e+04 0.0000000000000000e+00
6.6779061575942658e+04 0.0000000000000000e+00
5.9577881909719144e+04 0.0000000000000000e+00
5.3153247875636000e+04 0.0000000000000000e+00
4.7421419982839427e+04 0.0000000000000000e+00
4.2307688863159921e+04 0.0000000000000000e+00
3.7745401499779931e+04 0.0000000000000000e+00
3.3675092463398098e+04 0.0000000000000000e+00
3.0043708832320226e+04 0.0000000000000000e+00
2.6803918693981646e+04 0.0000000000000000e+00
2.3913494214824881e+04 0.0000000000000000e+00
2.1334761237388306e+04 0.0000000000000000e+00
1.9034108230581733e+04 0.0000000000000000e+00
1.6981548192748825e+04 0.0000000000000000e+00
1.5150327797302720e+04 0.0000000000000000e+00
1.3516578686490704e+04 0.0000000000000000e+00
1.2059006368206752e+04 0.0000000000000000e+00
1.0758612660894241e+04 0.0000000000000000e+00
9.5984480688491676e+03 0.0000000000000000e+00
8.5633908603543478e+03 0.0000000000000000e+00
7.6399499691196088e+03 0.0000000000000000e+00
6.8160891500209937e+03 0.0000000000000000e+00
6.0810700971629585e+03 0.0000000000000000e+00
5.4253124794436717e+03 0.0000000000000000e+00
4.8402690693105624e+03 0.0000000000000000e+00
4.3183143371175793e+03 0.0000000000000000e+00
3.8526450590093750e+03 0.0000000000000000e+00
3.4371916428429013e+03 0.0000000000000000e+00
3.0665390163574962e+03 0.0000000000000000e+00
2.7358560464394232e+03 0.0000000000000000e+00
2.4408325695232438e+03 0.0000000000000000e+00
2.1776232123758978e+03 0.0000000000000000e+00
1.9427972710166384e+03 0.0000000000000000e+00
1.7332939944884217e+03 0.0000000000000000e+00
1.5463826906435359e+03 0.0000000000000000e+00
1.3796271339575771e+03 0.0000000000000000e+00
1.2308538114584692e+03 0.0000000000000000e+00
1.0981235928840561e+03 0.0000000000000000e+00
9.7970645581356780e+02 0.0000000000000000e+00
8.7405893633698145e+02 0.0000000000000000e+00
7.7980401135165732e+02 0.0000000000000000e+00
6.9571315026941511e+02 0.0000000000000000e+00
6.2069030219379522e+02 0.0000000000000000e+00
5.5375760985433578e+02 0.0000000000000000e+00
4.9404266409151364e+02 0.0000000000000000e+00
4.4076713276562327e+02 0.0000000000000000e+00
3.9323661587745391e+02 0.0000000000000000e+00
3.5083159467105497e+02 0.0000000000000000e+00
3.1299935674807875e+02 0.0000000000000000e+00
2.7924679194463283e+02 0.0000000000000000e+00
2.4913396507115257e+02 0.0000000000000000e+00
2.2226838174162680e+02 0.0000000000000000e+00
1.9829987255223102e+02 0.0000000000000000e+00
1.7691602892912184e+02 0.0000000000000000e+00
1.5783813115566218e+02 0.0000000000000000e+00
1.4081751550444818e+02 0.0000000000000000e+00
1.2563233312290865e+02 0.0000000000000000e+00
1.1208465842735964e+02 0.0000000000000000e+00
9.9997909315966226e+01 0.0000000000000000e+00
8.9214545575340281e+01 0.0000000000000000e+00
7.9594015481518838e+01 0.0000000000000000e+00
7.1010923831050391e+01 0.0000000000000000e+00
6.3353397524090028e+01 0.0000000000000000e+00
5.6521627396295855e+01 0.0000000000000000e+00
5.0426567293583567e+01 0.0000000000000000e+00
4.4988773433317284e+01 0.0000000000000000e+00
4.0137368924017423e+01 0.0000000000000000e+00
3.5809119947013656e+01 0.0000000000000000e+00
3.1947611558871060e+01 0.0000000000000000e+00
2.8502512371897307e+01 0.0000000000000000e+00
2.5428918528482964e+01 0.0000000000000000e+00
2.2686768418554877e+01 0.0000000000000000e+00
2.0240320511493028e+01 0.0000000000000000e+00
1.8057687496510397e+01 0.0000000000000000e+00
1.6110420659419429e+01 0.0000000000000000e+00
1.4373139078500650e+01 0.0000000000000000e+00
1.2823198806366173e+01 0.0000000000000000e+00
1.1440397725890790e+01 0.0000000000000000e+00
1.0206712233268147e+01 0.0000000000000000e+00
9.1060623160838663e+00 0.0000000000000000e+00
8.1241019644041863e+00 0.0000000000000000e+00
7.2480321830721612e+00 0.0000000000000000e+00
6.4664341679890027e+00 0.0000000000000000e+00
5.7691204719805684e+00 0.0000000000000000e+00
5.1470022203250698e+00 0.0000000000000000e+00
4.5919706452128377e+00 0.0000000000000000e+00
4.0967913950432484e+00 0.0000000000000000e+00
3.6550102409730472e+00 0.0000000000000000e+00
3.2608689516828164e+00 0.0000000000000000e+00
2.9092302398633407e+00 0.0000000000000000e+00
2.5955108021644193e+00 0.0000000000000000e+00
2.3156215798405078e+00 0.0000000000000000e+00
2.0659144614430383e+00 0.0000000000000000e+00
1.8431347328752410e+00 0.0000000000000000e+00
1.6443786550379176e+00 0.0000000000000000e+00
1.4670556161275154e+00 0.0000000000000000e+00
1.3088543652749223e+00 0.0000000000000000e+00
1.1677128874099238e+00 0.0000000000000000e+00
1.0417915266965705e+00 0.0000000000000000e+00
9.2944900822677012e-01 0.0000000000000000e+00
8.2922104543602826e-01 0.0000000000000000e+00
7.3980125440755218e-01 0.0000000000000000e+00
6.6002412629939233e-01 0.0000000000000000e+00
5.8884983595512086e-01 0.0000000000000000e+00
5.2535068869147206e-01 0.0000000000000000e+00
4.6869902860877882e-01 0.0000000000000000e+00
4.1815645081951297e-01 0.0000000000000000e+00
3.7306417698578359e-01 0.0000000000000000e+00
3.3283446871934930e-01 0.0000000000000000e+00
2.9694296692526678e-01 0.0000000000000000e+00
2.6492185723928330e-01 0.0000000000000000e+00
2.3635377247636463e-01 0.0000000000000000e+00
2.1086635261413078e-01 0.0000000000000000e+00
1.8812739140532672e-01 0.0000000000000000e+00
1.6784050635967404e-01 0.0000000000000000e+00
1.4974127565707668e-01 0.0000000000000000e+00
1.3359379164025162e-01 0.0000000000000000e+00
1.1918758596454833e-01 0.0000000000000000e+00
1.0633488632698063e-01 0.0000000000000000e+00
9.4868169018334031e-02 0.0000000000000000e+00
8.4637975397991297e-02 0.0000000000000000e+00
7.5510963831151412e-02 0.0000000000000000e+00
6.7368171697131343e-02 0.0000000000000000e+00
6.0103464815553877e-02 0.0000000000000000e+00
5.3622154080044837e-02 0.0000000000000000e+00
4.7839761268471816e-02 0.0000000000000000e+00
4.2680917943132030e-02 0.0000000000000000e+00
3.8078383089024996e-02 0.0000000000000000e+00
3.3972166685975969e-02 0.0000000000000000e+00
3.0308747791141514e-02 0.0000000000000000e+00
2.7040376940286465e-02 0.0000000000000000e+00
2.4124453775239179e-02 0.0000000000000000e+00
2.1522971785447549e-02 0.0000000000000000e+00
1.9202022926323375e-02 0.0000000000000000e+00
1.7131355657509558e-02 0.0000000000000000e+00
1.5283980640485598e-02 0.0000000000000000e+00
1.3635818956122111e-02 0.0000000000000000e+00
1.2165388257010483e-02 0.0000000000000000e+00
1.0853522763835326e-02 0.0000000000000000e+00
9.6831234561879486e-03 0.0000000000000000e+00
8.6389352017762124e-03 0.0000000000000000e+00
7.7073479191051893e-03 0.0000000000000000e+00
6.8762191819567624e-03 0.0000000000000000e+00
6.1347159534741120e-03 0.0000000000000000e+00
5.4731733869920187e-03 0.0000000000000000e+00
4.8829688532055797e-03 0.0000000000000000e+00
4.3564095517317405e-03 0.0000000000000000e+00
3.8866322421779614e-03 0.0000000000000000e+00
3.4675137878008868e-03 0.0000000000000000e+00
3.0935913457691912e-03 0.0000000000000000e+00
2.7599911637806326e-03 0.0000000000000000e+00
2.4623650549595146e-03 0.0000000000000000e+00
2.1968337230400233e-03 0.0000000000000000e+00
1.9599361991291886e-03 0.0000000000000000e+00
1.7485847310015053e-03 0.0000000000000000e+00
1.5600245369467088e-03 0.0000000000000000e+00
1.3917978995972820e-03 0.0000000000000000e+00
1.2417121317301392e-03 0.0000000000000000e+00
1.1078109965045521e-03 0.0000000000000000e+00
9.8834920962431651e-04 0.0000000000000000e+00
8.8176969108195438e-04 0.0000000000000000e+00
7.8668326998136934e-04 0.0000000000000000e+00
7.0185057790908523e-04 0.0000000000000000e+00
6.2616589484988346e-04 0.0000000000000000e+00
5.5864273709260151e-04 0.0000000000000000e+00
4.9840099927692745e-04 0.0000000000000000e+00
4.4465548298905773e-04 0.0000000000000000e+00
3.9670566238646666e-04 0.0000000000000000e+00
3.5392655345567713e-04 0.0000000000000000e+00
3.1576056789172670e-04 0.0000000000000000e+00
2.8171024542184258e-04 0.0000000000000000e+00
2.5133176984545874e-04 0.0000000000000000e+00
2.2422918427784084e-04 0.0000000000000000e+00
2.0004923019808517e-04 0.0000000000000000e+00
1.7847674303296017e-04 0.0000000000000000e+00
1.5923054426209026e-04 0.0000000000000000e+00
1.4205977650163176e-04 0.0000000000000000e+00
1.2674063379746991e-04 0.0000000000000000e+00
1.1307344451017070e-04 0.0000000000000000e+00
1.0088006876962518e-04 0.0000000000000000e+00
9.0001576577504268e-05 0.0000000000000000e+00
8.0296176293600491e-05 0.0000000000000000e+00
7.1637366505694085e-05 0.0000000000000000e+00
6.3912287194179998e-05 0.0000000000000000e+00
5.7020248700330166e-05 0.0000000000000000e+00
5.0871419324570409e-05 0.0000000000000000e+00
4.5385654448772891e-05 0.0000000000000000e+00
4.0491451921187629e-05 0.0000000000000000e+00
3.6125020088372111e-05 0.0000000000000000e+00
3.2229446326730368e-05 0.0000000000000000e+00
2.8753955236192142e-05 0.0000000000000000e+00
2.5653246827241351e-05 0.0000000000000000e+00
2.2886906075135098e-05 0.0000000000000000e+00
2.0418876145370328e-05 0.0000000000000000e+00
1.8216988424352122e-05 0.0000000000000000e+00
1.6252543229624606e-05 0.0000000000000000e+00
1.4499935734586753e-05 0.0000000000000000e+00
1.2936322231951514e-05 0.0000000000000000e+00
1.1541322385981768e-05 0.0000000000000000e+00
1.0296753592622010e-05 0.0000000000000000e+00
9.1863939851426534e-06 0.0000000000000000e+00
8.1957709962811436e-06 0.0000000000000000e+00
7.3119727209740529e-06 0.0000000000000000e+00
6.5234796209567793e-06 0.0000000000000000e+00
5.8200143776478770e-06 0.0000000000000000e+00
5.1924079362817575e-06 0.0000000000000000e+00
4.6324799952913417e-06 0.0000000000000000e+00
4.1329323832252109e-06 0.0000000000000000e+00
3.6872539334597554e-06 0.0000000000000000e+00
3.2896356168316172e-06 0.0000000000000000e+00
2.9348948260184049e-06 0.0000000000000000e+00
2.6184078247808473e-06 0.0000000000000000e+00
2.3360494816009377e-06 0.0000000000000000e+00
2.0841395021971999e-06 0.0000000000000000e+00
1.8593944601045077e-06 0.0000000000000000e+00
1.6588850000791238e-06 0.0000000000000000e+00
1.4799976565127908e-06 0.0000000000000000e+00
1.3204007891920640e-06 0.0000000000000000e+00
1.1780141924055526e-06 0.0000000000000000e+00
1.0509819812801175e-06 0.0000000000000000e+00
9.3764840194320470e-07 0.0000000000000000e+00
8.3653625021789017e-07 0.0000000000000000e+00
7.4632761755722822e-07 0.0000000000000000e+00
6.6584671325787366e-07 0.0000000000000000e+00
5.9404453905568727e-07 0.0000000000000000e+00
5.2998521634996019e-07 0.0000000000000000e+00
4.7283378784360972e-07 0.0000000000000000e+00
4.2184533460440629e-07 0.0000000000000000e+00
3.7635526669756884e-07 0.0000000000000000e+00
3.3577066083669508e-07 0.0000000000000000e+00
2.9956253214680779e-07 0.0000000000000000e+00
2.6725893930873005e-07 0.0000000000000000e+00
2.3843883321637638e-07 0.0000000000000000e+00
2.1272656896954850e-07 0.0000000000000000e+00
1.8978700967090638e-07 0.0000000000000000e+00
1.6932115820934817e-07 0.0000000000000000e+00
1.5106226009392698e-07 0.0000000000000000e+00
1.3477232654214852e-07 0.0000000000000000e+00
1.2023903250414745e-07 0.0000000000000000e+00
1.0727294919118298e-07 0.0000000000000000e+00
9.5705075036903680e-08 0.0000000000000000e+00
8.5384632909600275e-08 0.0000000000000000e+00
7.6177104864041105e-08 0.0000000000000000e+00
6.7962478817598867e-08 0.0000000000000000e+00
6.0633684297614916e-08 0.0000000000000000e+00
5.4095196871348085e-08 0.0000000000000000e+00
4.8261793068461368e-08 0.0000000000000000e+00
4.3057439567553272e-08 0.0000000000000000e+00
3.8414302168251851e-08 0.0000000000000000e+00
3.4271861631683459e-08 0.0000000000000000e+00
3.0576124865076756e-08 0.0000000000000000e+00
2.7278921168976542e-08 0.0000000000000000e+00
2.4337274374267526e-08 0.0000000000000000e+00
2.1712842685361813e-08 0.0000000000000000e+00
1.9371418928396864e-08 0.0000000000000000e+00
1.7282484690612916e-08 0.0000000000000000e+00
1.5418812539510155e-08 0.0000000000000000e+00
1.3756111137056891e-08 0.0000000000000000e+00
1.2272708623323780e-08 0.0000000000000000e+00
1.0949270142726689e-08 0.0000000000000000e+00
9.7685458310781306e-09 0.0000000000000000e+00
8.7151459786807688e-09 0.0000000000000000e+00
7.7753404389087805e-09 0.0000000000000000e+00
6.9368796677438497e-09 0.0000000000000000e+00
6.1888350616723617e-09 0.0000000000000000e+00
5.5214565128881193e-09 0.0000000000000000e+00
4.9260453251563153e-09 0.0000000000000000e+00
4.3948408339091595e-09 0.0000000000000000e+00
3.9209192527643813e-09 0.0000000000000000e+00
3.4981034280196232e-09 0.0000000000000000e+00
3.1208823248516117e-09 0.0000000000000000e+00
2.7843391957925161e-09 0.0000000000000000e+00
2.4840874952230447e-09 0.0000000000000000e+00
2.2162137045831862e-09 0.0000000000000000e+00
1.9772263230773521e-09 0.0000000000000000e+00
1.7640103590124137e-09 0.0000000000000000e+00
1.5737867286027266e-09 0.0000000000000000e+00
1.4040760330413924e-09 0.0000000000000000e+00
1.2526662417032656e-09 0.0000000000000000e+00
1.1175838602586013e-09 0.0000000000000000e+00
9.9706820789888560e-10 0.0000000000000000e+00
8.8954846840098874e-10 0.0000000000000000e+00
7.9362321591021140e-10 0.0000000000000000e+00
7.0804214857885525e-10 0.0000000000000000e+00
6.3168979197413034e-10 0.0000000000000000e+00
5.6357095984360898e-10 0.0000000000000000e+00
5.0279778273202908e-10 0.0000000000000000e+00
4.4857813537872540e-10 0.0000000000000000e+00
4.0020531205702949e-10 0.0000000000000000e+00
3.5704881528262819e-10 0.0000000000000000e+00
3.1854613782977924e-10 0.0000000000000000e+00
2.8419543094113407e-10 0.0000000000000000e+00
2.5354896316770562e-10 0.0000000000000000e+00
2.2620728458063925e-10 0.0000000000000000e+00
2.0181402029043588e-10 0.0000000000000000e+00
1.8005122541166113e-10 0.0000000000000000e+00
1.6063524092917981e-10 0.0000000000000000e+00
1.4331299645075707e-10 0.0000000000000000e+00
1.2785871165561790e-10 0.0000000000000000e+00
1.1407095344525596e-10 0.0000000000000000e+00
1.0177001043900328e-10 0.0000000000000000e+00
9.0795550593212785e-11 0.0000000000000000e+00
8.1004531413168512e-11 0.0000000000000000e+00
7.2269335519151655e-11 0.0000000000000000e+00
6.4476107265409858e-11 0.0000000000000000e+00
5.7523268731299902e-11 0.0000000000000000e+00
5.1320195741849914e-11 0.0000000000000000e+00
4.5786036660824701e-11 0.0000000000000000e+00
4.0848658560296327e-11 0.0000000000000000e+00
3.6443707030955218e-11 0.0000000000000000e+00
3.2513767378618657e-11 0.0000000000000000e+00
2.9007616273860116e-11 0.0000000000000000e+00
2.5879554100668359e-11 0.0000000000000000e+00
2.3088809301885463e-11 0.0000000000000000e+00
2.0599006957583759e-11 0.0000000000000000e+00
1.8377694669769466e-11 0.0000000000000000e+00
1.6395919573731212e-11 0.0000000000000000e+00
1.4627850962747248e-11 0.0000000000000000e+00
1.3050443607393837e-11 0.0000000000000000e+00
1.1643137381116807e-11 0.0000000000000000e+00
1.0387589276946441e-11 0.0000000000000000e+00
9.2674343224304170e-12 0.0000000000000000e+00
8.2680722765163954e-12 0.0000000000000000e+00
7.3764773281686698e-12 0.0000000000000000e+00
6.5810283163019492e-12 0.0000000000000000e+00
5.8713572581021087e-12 0.0000000000000000e+00
5.2382142114287282e-12 0.0000000000000000e+00
4.6733467099025392e-12 0.0000000000000000e+00
4.1693921992167504e-12 0.0000000000000000e+00
3.7197820726747950e-12 0.0000000000000000e+00
3.3186560551421267e-12 0.0000000000000000e+00
2.9607858194799644e-12 0.0000000000000000e+00
2.6415068398699172e-12 0.0000000000000000e+00
2.3566575937955614e-12 0.0000000000000000e+00
2.1025253202326343e-12 0.0000000000000000e+00
1.8757976270535385e-12 0.0000000000000000e+00
1.6735193168899910e-12 0.0000000000000000e+00
1.4930538687177935e-12 0.0000000000000000e+00
1.3320490731089323e-12 0.0000000000000000e+00
1.1884063732369672e-12 0.0000000000000000e+00
1.0602535120226532e-12 0.0000000000000000e+00
9.4592012889870351e-13 1.4196913379743522e-272
8.4391598811947327e-13 1.1812382734784322e-223
7.5291155484010857e-13 3.0702029484281473e-185
6.7172066579154317e-13 9.8686332342702360e-155
5.9928506867883293e-13 3.0164732735966832e-130
5.3466062878708752e-13 2.1280705212460114e-110
4.7700502301051346e-13 3.7002855864998709e-94
4.2556676090670723e-13 9.3765097665905550e-81
3.7967538967536588e-13 1.3317556171869496e-69
3.3873275539191981e-13 2.9730270349781436e-60
3.0220520659373362e-13 2.3145377048383865e-52
2.6961663859963766e-13 1.1702052615636129e-45
2.4054228790138193e-13 6.2699996866978734e-40
2.1460319574249398e-13 5.2541650110143307e-35
1.9146126872200316e-13 9.4072834086459205e-31
1.7081487204237333e-13 4.6305306696288235e-27
1.5239489796350486e-13 7.6929329078719368e-24
1.3596125821846204e-13 5.1023852495254900e-21
1.2129975467271983e-13 1.5511235896773245e-18
1.0821928743863535e-13 2.4220625012904954e-16
9.6549364055388831e-14 2.1343408805050280e-14
8.6137877268744561e-14 1.1472009220141453e-12
7.6849122445887852e-14 4.0099224771491492e-11
6.8562028784124699e-14 9.6074298461335168e-10
6.1168581258753940e-14 1.6472143912246529e-08
5.4572412741600112e-14 2.0931946033628735e-07
4.8687547939709631e-14 2.0286265097699083e-06
4.3437282782523745e-14 1.5348554459863777e-05
3.8753184651348168e-14 9.2416398046131514e-05
3.4574200419961336e-14 4.4998444903672263e-04
3.0845860680460218e-14 1.7959624230402566e-03
2.7519569782127193e-14 5.9445296108187025e-03
2.4551972429581011e-14 1.6485289622591100e-02
2.1904388584388353e-14 3.8651849272043293e-02
1.9542309304559564e-14 7.7242527712608589e-02
1.7434946950642450e-14 1.3252804536987606e-01
1.5554833895746302e-14 1.9649073541940987e-01
1.3877464509023842e-14 2.5319727256611474e-01
1.2380975746188101e-14 2.8500271360380502e-01
1.1045862183831882e-14 2.8144822112184231e-01
9.8547217832788647e-15 2.4473445823987658e-01
8.7920290702144711e-15 1.8794610660681388e-01
7.8439327736937733e-15 1.2776801568731005e-01
6.9980752869288939e-15 7.7018391605868097e-02
6.2434315966813563e-15 4.1211447670192962e-02
5.5701655818489570e-15 1.9584247516830213e-02
4.9695018082215001e-15 8.2648580005778936e-03
4.4336111483635274e-15 3.0956323868231018e-03
3.9555087357798053e-15 1.0279668410952548e-03
3.5289629232832351e-15 3.0216929528190838e-04
3.1484140589194289e-15 7.8468300451345181e-05
2.8089020207612133e-15 1.7957911052089450e-05
2.5060015660532944e-15 3.6116064273950502e-06
2.2357646520400071e-15 6.3623665016607734e-07
1.9946689766774018e-15 9.7820434325500664e-08
1.7795720685041405e-15 1.3073198094064110e-08
1.5876703272717190e-15 1.5120067528070480e-09
1.4164624814649264e-15 1.5060920057977388e-10
1.2637169864134101e-15 1.2853058519922407e-11
1.1274429380566048e-15 9.3448218727613427e-13
1.0058641232490913e-15 5.7532524052257916e-14
8.9739586837421201e-16 2.9799701773830594e-15
8.0062438450810921e-16 1.2895786023961691e-16
7.1428833991656437e-16 4.6280487643308139e-18
6.3726241969786665e-16 1.3665521019122652e-19
5.6854265828645141e-16 3.2921130952713757e-21
5.0723335363896423e-16 6.4128968582531104e-23
4.5253539254075965e-16 1.0005382742454709e-24
4.0373583486346567e-16 1.2377403657739588e-26
3.6019862101330669e-16 1.2011417565947381e-28
3.2135628145013671e-16 9.0407454937296748e-31
2.8670254021778378e-16 5.2149136789018922e-33
2.5578571607937973e-16 2.2761893969308027e-35
2.2820283524709359e-16 7.4174962807694878e-38
2.0359437897091182e-16 1.7792305110503001e-40
1.8163959752590260e-16 3.0947440192479503e-43
1.6205232951979060e-16 3.8420554720332329e-46
1.4457727202927701e-16 3.3480928960091759e-49
1.2898665294950403e-16 2.0122255822547707e-52
1.1507726218368829e-16 8.1871772749914209e-56
1.0266780297708671e-16 2.2113929195619737e-59
9.1596528872198223e-17 3.8842701964815740e-63
8.1719135485035116e-17 4.3413221414934344e-67
7.2906879623563766e-17 3.0175692652054384e-71
6.5044901232687607e-17 1.2733282998251892e-75
5.8030726293801436e-17 3.1801109056735381e-80
5.1772931165490142e-17 4.5766907033310909e-85
4.6189950956255601e-17 3.6901610230319663e-90
4.1209016397422949e-17 1.6182934889434691e-95
3.6765205359306770e-17 3.7414856717046093e-101
3.2800596647983829e-17 4.4131547153687300e-107
2.9263515053136015e-17 2.5654581577897947e-113
2.6107857806841308e-17 7.0875133691065382e-120
2.3292493674276181e-17 8.9558914498776608e-127
2.0780726844008598e-17 4.9717899597228497e-134
1.8539818630163317e-17 1.1622465131532728e-141
1.6540560752255224e-17 1.0942209974236945e-149
1.4756894630777751e-17 3.9589104835805838e-158
1.3165571736386407e-17 5.2397137007894887e-167
1.1745850565634978e-17 2.4088009757487009e-176
1.0479226293600937e-17 3.6425229411395698e-186
9.3491895796614769e-18 1.7109735676919070e-196
8.3410113826654240e-18 2.3505797143687243e-207
7.4415509807505842e-18 8.8653957456668026e-219
6.6390846935175866e-18 8.5879565240698983e-231
5.9231530740994020e-18 1.9921716511157429e-243
5.2844245794105380e-18 1.0280282043027613e-256
4.7145739416374339e-18 1.0920865005630388e-270
4.2061736556462963e-18 2.2012263919029995e-285
3.7525971679443640e-18 7.7262567792637949e-301
3.3479325053450581e-18 0.0000000000000000e+00
2.9869052175631855e-18 0.0000000000000000e+00
2.6648096293646210e-18 0.0000000000000000e+00
2.3774475062009787e-18 0.0000000000000000e+00
2.1210733338910002e-18 0.0000000000000000e+00
1.8923454991158199e-18 0.0000000000000000e+00
1.6882827344091573e-18 0.0000000000000000e+00
1.5062252599411053e-18 0.0000000000000000e+00
1.3438001156119082e-18 0.0000000000000000e+00
1.1988902315907157e-18 0.0000000000000000e+00
1.0696068341601249e-18 0.0000000000000000e+00
9.5426482720112125e-19 0.0000000000000000e+00
8.5136082843771039e-19 0.0000000000000000e+00
7.5955357416245879e-19 0.0000000000000000e+00
6.7764643703616829e-19 0.0000000000000000e+00
6.0457182909600559e-19 0.0000000000000000e+00
5.3937728667933861e-19 0.0000000000000000e+00
4.8121305589210823e-19 0.0000000000000000e+00
4.2932101680930461e-19 0.0000000000000000e+00
3.8302480204423946e-19 0.0000000000000000e+00
3.4172098089060236e-19 0.0000000000000000e+00
3.0487119413052562e-19 0.0000000000000000e+00
2.7199513699256807e-19 0.0000000000000000e+00
2.4266429879869456e-19 0.0000000000000000e+00
2.1649637770204714e-19 0.0000000000000000e+00
1.9315029771638916e-19 0.0000000000000000e+00
1.7232176308868106e-19 0.0000000000000000e+00
1.5373929206981671e-19 0.0000000000000000e+00
1.3716067838723580e-19 0.0000000000000000e+00
1.2236983429781626e-19 0.0000000000000000e+00
1.0917397407293859e-19 0.0000000000000000e+00
9.7401101204983605e-20 0.0000000000000000e+00
8.6897766583136489e-20 0.0000000000000000e+00
7.7527068418306418e-20 0.0000000000000000e+00
6.9166867847939110e-20 0.0000000000000000e+00
6.1708196962656430e-20 0.0000000000000000e+00
5.5053838504781459e-20 0.0000000000000000e+00
4.9117058726327955e-20 0.0000000000000000e+00
4.3820476890380375e-20 0.0000000000000000e+00
3.9095056680808506e-20 0.0000000000000000e+00
3.4879206374203791e-20 0.0000000000000000e+00
3.1117976045588368e-20 0.0000000000000000e+00
2.7762341344152784e-20 0.0000000000000000e+00
2.4768564503684397e-20 0.0000000000000000e+00
2.2097624258999661e-20 0.0000000000000000e+00
1.9714707237848906e-20 0.0000000000000000e+00
1.7588754199031690e-20 0.0000000000000000e+00
1.5692055202322648e-20 0.0000000000000000e+00
1.3999888433615689e-20 0.0000000000000000e+00
1.2490197977679970e-20 0.0000000000000000e+00
1.1143306338574166e-20 0.0000000000000000e+00
9.9416579606828721e-21 0.0000000000000000e+00
8.8695904073882297e-21 0.0000000000000000e+00
7.9131302148954864e-21 0.0000000000000000e+00
7.0598107603404535e-21 0.0000000000000000e+00
6.2985097702547385e-21 0.0000000000000000e+00
5.6193043514501489e-21 0.0000000000000000e+00
5.0133416547751904e-21 0.0000000000000000e+00
4.4727234859626533e-21 0.0000000000000000e+00
3.9904033595690889e-21 0.0000000000000000e+00
3.5600946541932539e-21 0.0000000000000000e+00
3.1761886718599905e-21 0.0000000000000000e+00
2.8336815335426695e-21 0.0000000000000000e+00
2.5281089579728086e-21 0.0000000000000000e+00
2.2554880736339872e-21 0.0000000000000000e+00
2.0122655055121660e-21 0.0000000000000000e+00
1.7952710599574456e-21 0.0000000000000000e+00
1.6016764039795075e-21 0.0000000000000000e+00
1.4289582003987369e-21 0.0000000000000000e+00
1.2748652183508453e-21 0.0000000000000000e+00
1.1373889904598199e-21 0.0000000000000000e+00
1.0147376342203988e-21 0.0000000000000000e+00
9.0531249637549001e-22 0.0000000000000000e+00
8.0768731586793122e-22 0.0000000000000000e+00
7.2058963377367214e-22 0.0000000000000000e+00
6.4288420791167036e-22 0.0000000000000000e+00
5.7355821595407720e-22 0.0000000000000000e+00
5.1170805417205522e-22 0.0000000000000000e+00
4.5652755975082431e-22 0.0000000000000000e+00
4.0729750316174990e-22 0.0000000000000000e+00
3.6337621363394918e-22 0.0000000000000000e+00
3.2419121553639297e-22 0.0000000000000000e+00
2.8923176665832633e-22 0.0000000000000000e+00
2.5804220113085802e-22 0.0000000000000000e+00
2.3021599022045504e-22 0.0000000000000000e+00
2.0539044358215626e-22 0.0000000000000000e+00
1.8324198190785828e-22 0.0000000000000000e+00
1.6348191935273173e-22 0.0000000000000000e+00
1.4585270076751404e-22 0.0000000000000000e+00
1.3012454469217630e-22 0.0000000000000000e+00
1.1609244835538972e-22 0.0000000000000000e+00
1.0357351564250400e-22 0.0000000000000000e+00
9.2404573204520866e-23 0.0000000000000000e+00
8.2440043636077025e-23 0.0000000000000000e+00
7.3550048001149950e-23 0.0000000000000000e+00
6.5618712974626982e-23 0.0000000000000000e+00
5.8542660534756104e-23 0.0000000000000000e+00
5.2229660520970971e-23 0.0000000000000000e+00
4.6597428494325621e-23 0.0000000000000000e+00
4.1572553231738887e-23 0.0000000000000000e+00
3.7089539874851264e-23 0.0000000000000000e+00
3.3089956261766067e-23 0.0000000000000000e+00
2.9521671314881657e-23 0.0000000000000000e+00
2.6338175557848857e-23 0.0000000000000000e+00
2.3497974905180188e-23 0.0000000000000000e+00
2.0964049823106826e-23 0.0000000000000000e+00
1.8703372812301548e-23 0.0000000000000000e+00
1.6686477923286579e-23 0.0000000000000000e+00
1.4887076693525369e-23 0.0000000000000000e+00
1.3281715500286213e-23 0.0000000000000000e+00
1.1849469863164587e-23 0.0000000000000000e+00
1.0571671711761934e-23 0.0000000000000000e+00
9.4316660637015641e-24 0.0000000000000000e+00
8.4145939414871142e-24 0.0000000000000000e+00
7.5071986987125450e-24 0.0000000000000000e+00
6.6976532312611081e-24 0.0000000000000000e+00
5.9754058213370545e-24 0.0000000000000000e+00
5.3310426050449484e-24 0.0000000000000000e+00
4.7561648708982853e-24 0.0000000000000000e+00
4.2432795899547021e-24 0.0000000000000000e+00
3.7857017507313791e-24 0.0000000000000000e+00
3.3774672259207954e-24 0.0000000000000000e+00
3.0132550352032565e-24 0.0000000000000000e+00
2.6883179909176139e-24 0.0000000000000000e+00
2.3984208226185070e-24 0.0000000000000000e+00
2.1397849740262836e-24 0.0000000000000000e+00
1.9090393528478790e-24 0.0000000000000000e+00
1.7031763915345649e-24 0.0000000000000000e+00
1.5195128462665335e-24 0.0000000000000000e+00
1.3556548232145266e-24 0.0000000000000000e+00
1.2094665762256452e-24 0.0000000000000000e+00
1.0790426692381568e-24 0.0000000000000000e+00
9.6268314058757567e-25 0.0000000000000000e+00
8.5887134549169665e-25 0.0000000000000000e+00
7.6625418791120514e-25 0.0000000000000000e+00
6.8362448412494741e-25 0.0000000000000000e+00
6.0990522814505222e-25 0.0000000000000000e+00
5.4413555388500681e-25 0.0000000000000000e+00
4.8545821110968798e-25 0.0000000000000000e+00
4.3310839192767608e-25 0.0000000000000000e+00
3.8640376218870823e-25 0.0000000000000000e+00
3.4473556785415607e-25 0.0000000000000000e+00
3.0756070042011712e-25 0.0000000000000000e+00
2.7439461797260415e-25 0.0000000000000000e+00
2.4480502960712158e-25 0.0000000000000000e+00
2.1840626089439964e-25 0.0000000000000000e+00
1.9485422695123951e-25 0.0000000000000000e+00
1.7384194759473583e-25 0.0000000000000000e+00
1.5509554612378715e-25 0.0000000000000000e+00
1.3837067957563209e-25 0.0000000000000000e+00
1.2344935392884477e-25 0.0000000000000000e+00
1.1013708274171828e-25 0.0000000000000000e+00
9.8260352191456877e-26 0.0000000000000000e+00
8.7664359473102557e-26 0.0000000000000000e+00
7.8210995080249278e-26 0.0000000000000000e+00
6.9777042668287596e-26 0.0000000000000000e+00
6.2252573037028144e-26 0.0000000000000000e+00
5.5539511299637557e-26 0.0000000000000000e+00
4.9550358562172364e-26 0.0000000000000000e+00
4.4207051451961016e-26 0.0000000000000000e+00
3.9439944629748548e-26 0.0000000000000000e+00
3.5186903023560053e-26 0.0000000000000000e+00
3.1392491952322338e-26 0.0000000000000000e+00
2.8007254583239064e-26 0.0000000000000000e+00
2.4987067305192442e-26 0.0000000000000000e+00
2.2292564616021377e-26 0.0000000000000000e+00
1.9888626027601146e-26 0.0000000000000000e+00
1.7743918300970389e-26 0.0000000000000000e+00
1.5830487044935749e-26 0.0000000000000000e+00
1.4123392355011767e-26 0.0000000000000000e+00
1.2600383743557010e-26 0.0000000000000000e+00
1.1241610124111624e-26 0.0000000000000000e+00
1.0029361069828372e-26 0.0000000000000000e+00
8.9478359735353891e-27 0.0000000000000000e+00
7.9829381006288493e-27 0.0000000000000000e+00
7.1220908504531278e-27 0.0000000000000000e+00
6.3540738313016238e-27 0.0000000000000000e+00
5.6688766124156821e-27 0.0000000000000000e+00
5.0575682467653094e-27 0.0000000000000000e+00
4.5121808639593471e-27 0.0000000000000000e+00
4.0256058160167855e-27 0.0000000000000000e+00
3.5915010223523517e-27 0.0000000000000000e+00
3.2042083062968711e-27 0.0000000000000000e+00
2.8586796457089442e-27 0.0000000000000000e+00
2.5504113764174662e-27 0.0000000000000000e+00
2.2753854908938257e-27 0.0000000000000000e+00
2.0300172670350699e-27 0.0000000000000000e+00
1.8111085444434232e-27 0.0000000000000000e+00
1.6158060392002644e-27 0.0000000000000000e+00
1.4415641538030441e-27 0.0000000000000000e+00
1.2861117975263719e-27 0.0000000000000000e+00
1.1474227847389721e-27 0.0000000000000000e+00
1.0236894253441770e-27 0.0000000000000000e+00
9.1329896311920717e-28 0.0000000000000000e+00
8.1481255484709824e-28 0.0000000000000000e+00
7.2694651625242023e-28 0.0000000000000000e+00
6.4855559029855104e-28 0.0000000000000000e+00
5.7861801976286406e-28 0.0000000000000000e+00
5.1622222952421173e-28 0.0000000000000000e+00
4.6055494497762455e-28 0.0000000000000000e+00
4.1089059171053679e-28 0.0000000000000000e+00
3.6658183827435152e-28 0.0000000000000000e+00
3.2705115878455584e-28 0.0000000000000000e+00
2.9178330537549999e-28 0.0000000000000000e+00
2.6031859239471218e-28 0.0000000000000000e+00
2.3224690480202622e-28 0.0000000000000000e+00
2.0720235267842934e-28 0.0000000000000000e+00
1.8485850217066153e-28 0.0000000000000000e+00
1.6492412071119851e-28 0.0000000000000000e+00
1.4713938105617090e-28 0.0000000000000000e+00
1.3127247466429764e-28 0.0000000000000000e+00
1.1711659027511251e-28 0.0000000000000000e+00
1.0448721830486696e-28 0.0000000000000000e+00
9.3219745925346687e-29 0.0000000000000000e+00
8.3167311479485913e-29 0.0000000000000000e+00
7.4198890268004458e-29 0.0000000000000000e+00
6.6197586756923719e-29 0.0000000000000000e+00
5.9059110946433198e-29 0.0000000000000000e+00
5.2690419041875519e-29 0.0000000000000000e+00
4.7008500709171440e-29 0.0000000000000000e+00
4.1939297107655729e-29 0.0000000000000000e+00
3.7416735597805210e-29 0.0000000000000000e+00
