#f_hz Omega_gw
7.070207779353766687e-20 2.746589130888772608e-23
7.485310656303724970e-20 2.866887919289121919e-23
7.924784867707983060e-20 3.161108545389774189e-23
8.390061292454833467e-20 4.131449754482786249e-23
8.882654818553821415e-20 5.183146738413853649e-23
9.404169275441837699e-20 6.251653948468307695e-23
9.956302655872275102e-20 7.175006971878003528e-23
1.054085264438970580e-19 7.962769502303138711e-23
1.115972247038957669e-19 8.756889688423970420e-23
1.181492710482045074e-19 9.343171795488905596e-23
1.250859982070393263e-19 9.791734496718011764e-23
1.324299913883324295e-19 1.015322806434983395e-22
1.402051618126417380e-19 1.040265071631686502e-22
1.484368245654132888e-19 1.057355801384477540e-22
1.571517810200663195e-19 1.069749976776062795e-22
1.663784061002704146e-19 1.073347775462047037e-22
1.761467406655214746e-19 1.073129890749774460e-22
1.864885893208236034e-19 1.070341976634997138e-22
1.974376239689235819e-19 1.066255261405538358e-22
2.090294934422639095e-19 1.061808062362281901e-22
2.213019395715919231e-19 1.056818989958322387e-22
2.342949200691422319e-19 1.051628440047615986e-22
2.480507386264788006e-19 1.046297838221179044e-22
2.626141826505840028e-19 1.040869178384390151e-22
2.780326690866476258e-19 1.035417081765519003e-22
2.943563988023378565e-19 1.029864038930460694e-22
3.116385200362128177e-19 1.024283013247566921e-22
3.299353014424420040e-19 1.018685632013962720e-22
3.493063152952520539e-19 1.013080738245625756e-22
3.698146314495898604e-19 1.007475104863529087e-22
3.915270226895178093e-19 1.001884129284122732e-22
4.145141821329313358e-19 9.962893613605365797e-23
4.388509534004460392e-19 9.907066826159384056e-23
4.646165742978568579e-19 9.851384289943544383e-23
4.918949348055730905e-19 9.795864198319641039e-23
5.207748502150132114e-19 9.740551527429829388e-23
5.513503503012624937e-19 9.685389386217685993e-23
5.837209854735059121e-19 9.630424766733388156e-23
6.179921509000275122e-19 9.575664052223835369e-23
6.542754296630934124e-19 9.521112156353432667e-23
6.926889560609893981e-19 9.466782338030409779e-23
7.333578002400860584e-19 9.412656562926295534e-23
7.764143754092499811e-19 9.358748772252903301e-23
8.219988689624411290e-19 9.305060475053815465e-23
8.702596989131995559e-19 9.251592725980218471e-23
9.213539971270888431e-19 9.198346254495110493e-23
9.754481209254924297e-19 9.145323853952234193e-23
1.032718194726435030e-18 9.092520579244177668e-23
1.093350683486007812e-18 9.039939412345000821e-23
1.157542999807397765e-18 8.987580257274085274e-23
1.225504146694265631e-18 8.935442916158736625e-23
1.297455398041135268e-18 8.883527837984230787e-23
1.373631019076469988e-18 8.831833051549115066e-23
1.454279029104040183e-18 8.780359071578493750e-23
1.539662009026061202e-18 8.729105445913594721e-23
1.630057956277227354e-18 8.678071691101873880e-23
1.725761189953295470e-18 8.627257533378887766e-23
1.827083309081124453e-18 8.576661939623923185e-23
1.934354207150280375e-18 8.526284649844753094e-23
2.047923146209341045e-18 8.476125104979901220e-23
2.168159894024069720e-18 8.426182738831976429e-23
2.295455927999913820e-18 8.376456979728054964e-23
2.430225709788657493e-18 8.326947305703229837e-23
2.572908034729214956e-18 8.277653003953207970e-23
2.723967460516183943e-18 8.228573558130544181e-23
2.883895819747752727e-18 8.179708377119239660e-23
3.053213821277638300e-18 8.131056869565332046e-23
3.232472745584887409e-18 8.082618460472673962e-23
3.422256239681470233e-18 8.034392515005429645e-23
3.623182217401681937e-18 7.986378459699633371e-23
3.835904871260492189e-18 7.938575698708094365e-23
4.061116802431220032e-18 7.890983636447662570e-23
4.299551275777500083e-18 7.843601682531508901e-23
4.551984607281689607e-18 7.796429229457537171e-23
4.819238691642869468e-18 7.749465690310812564e-23
5.102183678274133686e-18 7.702710471654869279e-23
5.401740804411694863e-18 7.656162980625968225e-23
5.718885394560392080e-18 7.609822623309821603e-23
6.054650036041129195e-18 7.563688808166928200e-23
6.410127940979811073e-18 7.517760939321691421e-23
6.786476505683681937e-18 7.472038427209333592e-23
7.184921078994383202e-18 7.426520680116338018e-23
7.606758951886644835e-18 7.381207105338482541e-23
8.053363581302718854e-18 7.336097118058881700e-23
8.526189061974560647e-18 7.291190129302154216e-23
9.026774860793662158e-18 7.246485551867086555e-23
9.556750829143130171e-18 7.201982798909499258e-23
1.011784250951150264e-17 7.157681284833647817e-23
1.071187675366615342e-17 7.113580424423957879e-23
1.134078767067834730e-17 7.069679632847525522e-23
1.200662292416610328e-17 7.025978325945183760e-23
1.271155039925794929e-17 6.982475920200021634e-23
1.345786526098448623e-17 6.939171833061420980e-23
1.424799742707905422e-17 6.896065482359496850e-23
1.508451947951817169e-17 6.853156287991469938e-23
1.597015504056075059e-17 6.810443669208793710e-23
1.690778764055761621e-17 6.767927047100178163e-23
1.790047010640387658e-17 6.725605843046574118e-23
1.895143450120190513e-17 6.683479479264451446e-23
2.006410264749739152e-17 6.641547378310808978e-23
2.124209726835088971e-17 6.599808963956290564e-23
2.248925378251900823e-17 6.558263660689667185e-23
2.380963279214897589e-17 6.516910893710066936e-23
2.520753330364516126e-17 6.475750089418853585e-23
2.668750672475319555e-17 6.434780674291724459e-23
2.825437168343462488e-17 6.394002076007043964e-23
2.991322971678069842e-17 6.353413723008842980e-23
3.166948188104671694e-17 6.313015044457619720e-23
3.352884633688714079e-17 6.272805471481887391e-23
3.549737696704732402e-17 6.232784434960714595e-23
3.758148308712871373e-17 6.192951366604610020e-23
3.978795031360377140e-17 6.153305698150495713e-23
4.212396265702439869e-17 6.113846862708470954e-23
4.459712591235682097e-17 6.074574293767898874e-23
4.721549242259969608e-17 6.035487425751943561e-23
4.998758729631233292e-17 5.996585694014804120e-23
5.292243616441485730e-17 5.957868535090216534e-23
5.602959456663322866e-17 5.919335386219364552e-23
5.931917906326801320e-17 5.880985685278426915e-23
6.280190017358347593e-17 5.842818871238482474e-23
6.648909724806053025e-17 5.804834382755569364e-23
7.039277538805398073e-17 5.767031659772401854e-23
7.452564453306003681e-17 5.729410142798008600e-23
7.890116084285797653e-17 5.691969274231363968e-23
8.353357050926170188e-17 5.654708496677233770e-23
8.843795614012721798e-17 5.617627253337748889e-23
9.363028586663715757e-17 5.580724988654633088e-23
9.912746533375035561e-17 5.544001147130106948e-23
1.049473927430912577e-16 5.507455174110616988e-23
1.111090171274930760e-16 5.471086515915002162e-23
1.176324000469296431e-16 5.434894619232003636e-23
1.245387809067112725e-16 5.398878931919100186e-23
1.318506461106134744e-16 5.363038903029043806e-23
1.395918022740930518e-16 5.327373982568730553e-23
1.477874537359658157e-16 5.291883620665585796e-23
1.564642846209153571e-16 5.256567268293177487e-23
1.656505457200190505e-16 5.221424377263407346e-23
1.753761464721647576e-16 5.186454400049444978e-23
1.856727523458390418e-16 5.151656789867365950e-23
1.965738879383517848e-16 5.117031000327114609e-23
2.081150461281759117e-16 5.082576486736597511e-23
2.203338036357910633e-16 5.048292705164390073e-23
2.332699433692830583e-16 5.014179112173136803e-23
2.469655839530442715e-16 4.980235164581521335e-23
2.614653168613045284e-16 4.946460320929330885e-23
2.768163516029851264e-16 4.912854039985507651e-23
2.930686694305796293e-16 4.879415780806513283e-23
3.102751860735243351e-16 4.846145004091153128e-23
3.284919240258952150e-16 4.813041171224608387e-23
3.477781949493838568e-16 4.780103744393411801e-23
3.681967927854357927e-16 4.747332185807643618e-23
3.898141982053016039e-16 4.714725959527601025e-23
4.127007950636685058e-16 4.682284530315103308e-23
4.369310995606206289e-16 4.650007363268817062e-23
4.625840028580533981e-16 4.617893924133843789e-23
4.897430279404751726e-16 4.585943679052142463e-23
5.184966015565044745e-16 4.554156096134668590e-23
5.489383421264754505e-16 4.522530643384751763e-23
5.811673645535453699e-16 4.491066789701467079e-23
6.152886029307360407e-16 4.459764004246915900e-23
6.514131521946063972e-16 4.428621757395883052e-23
6.896586298379428241e-16 4.397639520929701120e-23
7.301495588591637776e-16 4.366816767226296634e-23
7.730177731952738919e-16 4.336152969678432137e-23
8.184028469584298568e-16 4.305647602096297030e-23
8.664525488736287454e-16 4.275300138859701767e-23
9.173233233971664565e-16 4.245110055259992134e-23
9.711808000822789712e-16 4.215076827211885624e-23
1.028200332850461084e-15 4.185199931634002467e-23
1.088567570924209419e-15 4.155478846291540410e-23
1.152479063280148247e-15 4.125913049624408030e-23
1.220142898590500818e-15 4.096502020778288357e-23
1.291779382736554114e-15 4.067245239620727271e-23
1.367621756099954321e-15 4.038142187159310333e-23
1.447916952967327930e-15 4.009192345111190281e-23
1.532926405520682808e-15 3.980395195928095093e-23
1.622926895031382162e-15 3.951750222806858060e-23
1.718211453028989320e-15 3.923256909846366854e-23
1.819090315379183827e-15 3.894914741973395125e-23
1.925891932377022373e-15 3.866723204521760829e-23
2.038964038144399141e-15 3.838681783988835014e-23
2.158674782813429778e-15 3.810789967435263286e-23
2.285413931182148177e-15 3.783047242419731163e-23
2.419594131745066014e-15 3.755453097257903735e-23
2.561652260230565613e-15 3.728007021425937017e-23
2.712050842019378021e-15 3.700708505638457901e-23
2.871279558075541545e-15 3.673557040701701902e-23
3.039856839292821534e-15 3.646552118228045045e-23
3.218331554447769453e-15 3.619693231187606934e-23
3.407284797255035362e-15 3.592979873347259600e-23
3.607331778343574978e-15 3.566411538727806534e-23
3.819123828313602072e-15 3.539987722024106141e-23
4.043350518396255665e-15 3.513707918852744865e-23
4.280741905620352988e-15 3.487571626246061617e-23
4.532070909796466131e-15 3.461578341339708920e-23
4.798155830057421790e-15 3.435727562452961602e-23
5.079863009148702257e-15 3.410018788456162717e-23
5.378109654143630944e-15 3.384451519300152092e-23
5.693866822766947125e-15 3.359025255362499868e-23
6.028162585050260743e-15 3.333739497814720935e-23
6.382085370613019452e-15 3.308593749136678909e-23
6.756787512467731589e-15 3.283587512074391072e-23
7.153488998887297089e-15 3.258720290724173296e-23
7.573481445550500163e-15 3.233991589155907524e-23
8.018132300898118507e-15 3.209400912728864871e-23
8.488889298392246157e-15 3.184947767346932979e-23
8.987285170174430781e-15 3.160631659901364197e-23
9.514942637470265337e-15 3.136452098143725214e-23
1.007357969398808705e-14 3.112408590548754486e-23
1.066501519951453813e-14 3.088500646987090597e-23
1.129117480191847338e-14 3.064727777329537875e-23
1.195409720684525495e-14 3.041089492017212893e-23
1.265594081551418049e-14 3.017585302406391015e-23
1.339899075223167516e-14 2.994214721025554100e-23
1.418566630450029832e-14 2.970977261210079179e-23
1.501852879994854273e-14 2.947872436773299289e-23
1.590028994572692692e-14 2.924899762798277671e-23
1.683382065752349676e-14 2.902058755018517972e-23
1.782216040694400097e-14 2.879348929816625352e-23
1.886852711769183034e-14 2.856769804022266632e-23
1.997632764276746187e-14 2.834320895334040524e-23
2.114916885680115787e-14 2.812001723014316451e-23
2.239086939963311758e-14 2.789811806452617065e-23
2.370547210937810015e-14 2.767750665611253434e-23
2.509725718545393503e-14 2.745817821240745560e-23
2.657075612443233193e-14 2.724012795824270957e-23
2.813076647408513040e-14 2.702335112536785564e-23
2.978236745366299839e-14 2.680784294952969824e-23
3.153093649126578667e-14 2.659359867215403134e-23
3.338216673214658997e-14 2.638061354622870553e-23
3.534208557495658895e-14 2.616888283271209021e-23
3.741707429628048890e-14 2.595840179625682494e-23
3.961388882736008949e-14 2.574916570796462576e-23
4.193968175065030343e-14 2.554116985268397446e-23
4.440202558782843181e-14 2.533440952707209288e-23
4.700893745507730469e-14 2.512888003193799303e-23
4.976890516591972627e-14 2.492457667430169936e-23
5.269091486658944037e-14 2.472149476659328152e-23
5.578448029391918992e-14 2.451962963286345835e-23
5.905967375100310922e-14 2.431897660277818820e-23
6.252715890149018030e-14 2.411953101449388702e-23
6.619822548927966319e-14 2.392128821384418606e-23
7.008482609666573272e-14 2.372424355479684361e-23
7.419961506060783173e-14 2.352839240002375396e-23
7.855598967383780790e-14 2.333373011992935725e-23
8.316813380494574341e-14 2.314025209534925707e-23
8.805106407947123470e-14 2.294795371407610281e-23
9.322067877235557201e-14 2.275683037221171374e-23
9.869380957094855231e-14 2.256687747364607937e-23
1.044882763770987993e-13 2.237809042801768572e-23
1.106229453267630429e-13 2.219046465330403744e-23
1.171177902160334503e-13 2.200399557570312099e-23
1.239939575335858677e-13 2.181867863364473499e-23
1.312738353112804263e-13 2.163450927000270204e-23
1.389811260170916661e-13 2.145148293398021474e-23
1.471409237276917055e-13 2.126959508306897627e-23
1.557797958319599095e-13 2.108884118374622740e-23
1.649258695314282433e-13 2.090921671272699476e-23
1.746089234193048383e-13 2.073071715396640976e-23
1.848604844362447715e-13 2.055333799997378202e-23
1.957139305185407326e-13 2.037707475136557940e-23
2.072045992729541045e-13 2.020192291594866879e-23
2.193699030320078627e-13 2.002787800638917858e-23
2.322494506643609137e-13 1.985493554540811018e-23
2.458851765368517645e-13 1.968309106438009591e-23
2.603214770481112517e-13 1.951234010513360097e-23
2.756053551782680833e-13 1.934267821406127947e-23
2.917865735254001102e-13 1.917410094751900231e-23
3.089178163269844354e-13 1.900660386800712570e-23
3.270548609938882661e-13 1.884018254717669453e-23
3.462567597153762172e-13 1.867483256490634720e-23
3.665860317264401669e-13 1.851054950910430068e-23
3.881088668634320542e-13 1.834732897460859328e-23
4.108953410707749046e-13 1.818516656498376894e-23
4.350196445603955150e-13 1.802405789135868363e-23
4.605603233667648933e-13 1.786399857492444554e-23
4.876005350839960394e-13 1.770498424487941586e-23
5.162283196176786881e-13 1.754701053459072011e-23
5.465368858329589728e-13 1.739007308797253341e-23
5.786249150321898084e-13 1.723416755768283394e-23
6.125968822502074217e-13 1.707928960777144494e-23
6.485633964133708738e-13 1.692543490595809183e-23
6.866415604698485463e-13 1.677259912914123011e-23
7.269553526637317057e-13 1.662077796056942393e-23
7.696360301943229321e-13 1.646996709254529755e-23
8.148225565749111495e-13 1.632016222543603355e-23
8.626620540824186000e-13 1.617135906790404892e-23
9.133102827710957174e-13 1.602355333874933563e-23
9.669321476098261072e-13 1.587674076155686175e-23
1.023702235394279928e-12 1.573091706998500006e-23
1.083805383181983479e-12 1.558607800424493719e-23
1.147437280101114440e-12 1.544221931475177374e-23
1.214805104492428559e-12 1.529933675871964906e-23
1.286128198458752760e-12 1.515742610201995391e-23
1.361638782018362482e-12 1.501648311867809544e-23
1.441582709187374648e-12 1.487650358966935607e-23
1.526220268452951371e-12 1.473748330396579166e-23
1.615827030243485475e-12 1.459941806016810570e-23
1.710694744155124999e-12 1.446230366599264002e-23
1.811132288855805252e-12 1.432613593624642125e-23
1.917466677759680517e-12 1.419091069191526226e-23
2.030044123746203470e-12 1.405662376247302662e-23
2.149231166390575335e-12 1.392327098731050968e-23
2.275415865375582779e-12 1.379084821379027744e-23
2.409009063970563465e-12 1.365935129707114181e-23
2.550445726691114074e-12 1.352877610038176861e-23
2.700186355494950653e-12 1.339911849649656662e-23
2.858718489124746802e-12 1.327037436389203554e-23
3.026558290479805269e-12 1.314253959037919492e-23
3.204252227184689693e-12 1.301561006960408157e-23
3.392378850826753565e-12 1.288958170460209340e-23
3.591550680655359496e-12 1.276445040806544955e-23
3.802416197876112496e-12 1.264021210106403659e-23
4.025661957033095433e-12 1.251686271232313339e-23
4.262014821353750590e-12 1.239439817825749303e-23
4.512244329334200065e-12 1.227281444471710333e-23
4.777165200270608003e-12 1.215210746432038099e-23
5.057639986894027030e-12 1.203227319639904088e-23
5.354581883745714238e-12 1.191330760888268097e-23
5.668957700436360386e-12 1.179520668092994270e-23
6.001791009470150300e-12 1.167796639925003656e-23
6.354165478882301915e-12 1.156158275720435581e-23
6.727228400541041641e-12 1.144605175679347187e-23
7.122194425601665346e-12 1.133136940836200154e-23
7.540349519274801468e-12 1.121753173128717479e-23
7.983055147785352088e-12 1.110453475109955398e-23
8.451752711154381273e-12 1.099237450081544048e-23
8.947968236236230473e-12 1.088104702408486037e-23
9.473317345291411236e-12 1.077054837228782590e-23
1.002951051627196261e-11 1.066087460536961537e-23
1.061835865194653898e-11 1.055202179041356426e-23
1.124177897599709676e-11 1.044398600437811719e-23
1.190180127528495318e-11 1.033676333223272451e-23
1.260057450860974259e-11 1.023034986577042700e-23
1.334037380347916387e-11 1.012474170447338706e-23
1.412360786366943165e-11 1.001993495643682575e-23
1.495282681169561410e-11 9.915925738780720675e-24
1.583073049172525373e-11 9.812710177290119309e-24
1.676017725996934817e-11 9.710284405455940082e-24
1.774419329117012366e-11 9.608644565340978139e-24
1.878598243148788176e-11 9.507786807501197187e-24
1.988893662986565523e-11 9.407707289582130459e-24
2.105664698183600175e-11 9.308402178195689696e-24
2.229291542172599659e-11 9.209867648771961750e-24
2.360176710133057843e-11 9.112099884980615578e-24
2.498746349535649424e-11 9.015095077314247872e-24
2.645451627630781144e-11 8.918849424942615201e-24
2.800770200398647119e-11 8.823359135559324561e-24
2.965207767743726877e-11 8.728620425855304876e-24
3.139299719997101558e-11 8.634629520645217792e-24
3.323612881087553904e-11 8.541382652705362887e-24
3.518747354056817701e-11 8.448876063308850863e-24
3.725338474928027336e-11 8.357106001792801216e-24
3.944058881288749230e-11 8.266068725607191379e-24
4.175620702323735258e-11 8.175760500555321715e-24
4.420777877427974841e-11 8.086177601549470314e-24
4.680328610948965788e-11 7.997316310489917674e-24
4.955117971050868863e-11 7.909172917615085720e-24
5.246040641161918085e-11 7.821743721707594614e-24
5.554043832963695784e-11 7.735025030984608627e-24
5.880130370406324646e-11 7.649013161172182435e-24
6.225361954791189441e-11 7.563704436338668981e-24
6.590862621551600540e-11 7.479095189019246941e-24
6.977822399986584104e-11 7.395181760611828685e-24
7.387501187863033227e-11 7.311960499774356019e-24
7.821232853502069835e-11 7.229427763765785041e-24
8.280429578705068712e-11 7.147579919129650791e-24
8.766586456659816580e-11 7.066413340774617618e-24
9.281286359796562608e-11 6.985924410931524754e-24
9.826205093443751591e-11 6.906109519961387333e-24
1.040311685206272745e-10 6.826965067353639421e-24
1.101389999582664875e-10 6.748487460496181949e-24
1.166054316635093615e-10 6.670673115232254060e-24
1.234515176148813101e-10 6.593518455656795611e-24
1.306995479026780352e-10 6.517019915455416055e-24
1.383731213030087644e-10 6.441173936262736495e-24
1.464972221127695301e-10 6.365976967614686660e-24
1.550983014957216971e-10 6.291425466932842172e-24
1.642043636045224138e-10 6.217515900317372632e-24
1.738450567591166133e-10 6.144244743123303478e-24
1.840517699783473853e-10 6.071608478179084418e-24
1.948577351790938866e-10 5.999603596918402413e-24
2.062981353756751295e-10 5.928226598683747559e-24
2.184102192318135431e-10 5.857473992706354791e-24
2.312334223381137561e-10 5.787342296024300532e-24
2.448094956099390262e-10 5.717828033813467537e-24
2.591826412237222118e-10 5.648927739012535013e-24
2.743996565343078677e-10 5.580637953959846416e-24
2.905100864419113402e-10 5.512955229895666946e-24
3.075663847047668103e-10 5.445876125688808713e-24
3.256240847227026488e-10 5.379397209083722252e-24
3.447419803476789742e-10 5.313515055530408705e-24
3.649823173100005936e-10 5.248226250191167212e-24
3.864109958834458506e-10 5.183527385474439349e-24
4.090977854491944561e-10 5.119415062757000926e-24
4.331165516571271474e-10 5.055885892087735205e-24
4.585454969241291985e-10 4.992936491543034408e-24
4.854674150524041073e-10 4.930563488415224511e-24
5.139699607968421735e-10 4.868763517645459351e-24
5.441459352590965574e-10 4.807533223382825075e-24
5.760935880376012537e-10 4.746869258280307182e-24
6.099169371172644145e-10 4.686768282678364148e-24
6.457261075404036188e-10 4.627226965542814694e-24
6.836376899615642015e-10 4.568241984080027222e-24
7.237751202536634468e-10 4.509810024979658320e-24
7.662690814013737404e-10 4.451927783112113185e-24
8.112579289903177332e-10 4.394591962483234381e-24
8.588881416773770139e-10 4.337799275836483693e-24
9.093147981088336290e-10 4.281546443423820990e-24
9.627020818390790891e-10 4.225830194281385959e-24
1.019223815893922154e-09 4.170647265377934000e-24
1.079064028718915355e-09 4.115994402880734169e-24
1.142417553355411331e-09 4.061868361273501732e-24
1.209490661795133894e-09 4.008265904244875731e-24
1.280501736578732358e-09 3.955183803938663706e-24
1.355681981824904512e-09 3.902618841013168167e-24
1.435276176005174631e-09 3.850567804710573079e-24
1.519543468915191563e-09 3.799027492385357572e-24
1.608758225437505533e-09 3.747994710086295687e-24
1.703210918842940088e-09 3.697466272325878745e-24
1.803209076539072033e-09 3.647439002360038191e-24
1.909078281345110218e-09 3.597909732535460093e-24
2.021163231553103765e-09 3.548875303871062130e-24
2.139828863227065177e-09 3.500332565665264610e-24
2.265461538393966375e-09 3.452278375467099748e-24
2.398470302995332650e-09 3.404709599904829398e-24
2.539288218695032998e-09 3.357623114547891318e-24
2.688373772879664213e-09 3.311015803111179860e-24
2.846212371442192136e-09 3.264884558414768050e-24
3.013317919209305839e-09 3.219226282128873434e-24
3.190234493157996493e-09 3.174037884468926029e-24
3.377538113869397421e-09 3.129316283509455410e-24
3.575838620987361227e-09 3.085058406090570975e-24
3.785781658788196618e-09 3.041261188344833579e-24
4.008050778326152250e-09 2.997921575107212097e-24
4.243369662999267291e-09 2.955036519948477018e-24
4.492504484781555216e-09 2.912602984631639368e-24
4.756266398793348055e-09 2.870617940156294420e-24
5.035514184331554981e-09 2.829078366173236895e-24
5.331157040959087456e-09 2.787981250951170595e-24
5.644157548756930059e-09 2.747323591154350424e-24
5.975534802377329304e-09 2.707102392533758368e-24
6.326367729101889438e-09 2.667314669465867067e-24
6.697798601708238951e-09 2.627957445169535419e-24
7.091036757582410381e-09 2.589027751682318694e-24
7.507362536186248794e-09 2.550522629798162927e-24
7.948131447699355098e-09 2.512439129336288598e-24
8.414778586408765898e-09 2.474774308450159745e-24
8.908823303215440124e-09 2.437525234117319442e-24
9.431874152470864694e-09 2.400688981878238668e-24
9.985634129250284410e-09 2.364262636873187913e-24
1.057190621411401257e-08 2.328243292855331429e-24
1.119259924341066949e-08 2.292628052350612092e-24
1.184973412423478375e-08 2.257414026529051670e-24
1.254545041427450410e-08 2.222598335381788720e-24
1.328201328797188600e-08 2.188178107381341621e-24
1.406182091167777154e-08 2.154150480106095086e-24
1.488741225181312808e-08 2.120512600390941972e-24
1.576147534146005481e-08 2.087261623764226626e-24
1.668685603229654528e-08 2.054394714796060026e-24
1.766656726037154174e-08 2.021909046273448209e-24
1.870379885588766927e-08 1.989801800226592149e-24
1.980192792893196814e-08 1.958070167646641270e-24
2.096452986496823947e-08 1.926711348301313493e-24
2.219538996589261014e-08 1.895722551224857804e-24
2.349851577455303454e-08 1.865100994245727036e-24
2.487815012286104473e-08 1.834843904169078142e-24
2.633878494597744905e-08 1.804948516361801383e-24
2.788517590755125840e-08 1.775412075384134014e-24
2.952235788362853845e-08 1.746231834586944001e-24
3.125566135564625132e-08 1.717405056414675485e-24
3.309072976588302650e-08 1.688929012381336741e-24
3.503353789187662764e-08 1.660800982665297355e-24
3.709041129963121345e-08 1.633018256478328247e-24
3.926804693895346503e-08 1.605578132038674036e-24
4.157353494797141769e-08 1.578477915596667221e-24
4.401438173783194954e-08 1.551714922922933048e-24
4.659853443273569562e-08 1.525286479006593273e-24
4.933440674488553238e-08 1.499189918089443666e-24
5.223090636859153152e-08 1.473422586465141070e-24
5.529746398272830117e-08 1.447981836906054278e-24
5.854406395597057745e-08 1.422865033171898335e-24
6.198127685478091602e-08 1.398069545612155063e-24
6.562029385999304639e-08 1.373592754450941521e-24
6.947296320404372633e-08 1.349432048042750871e-24
7.355182874749357322e-08 1.325584818867478292e-24
7.787017082043385259e-08 1.302048473287195272e-24
8.244204946175737453e-08 1.278820427182556804e-24
8.728235019707101576e-08 1.255898108754501256e-24
9.240683250430381684e-08 1.233278951088554689e-24
9.783218112480399863e-08 1.210960394720820972e-24
1.035760603869927502e-07 1.188939892706587599e-24
1.096571717194397807e-07 1.167214911985237004e-24
1.160953145406251007e-07 1.145782922164623346e-24
1.229114507236306221e-07 1.124641400151285064e-24
1.301277728456568421e-07 1.103787835010287132e-24
1.377677764445694523e-07 1.083219725976636165e-24
1.458563365177455080e-07 1.062934581569155305e-24
1.544197885122818217e-07 1.042929913829585509e-24
1.634860140702680369e-07 1.023203249793906699e-24
1.730845318082930588e-07 1.003752126829076734e-24
1.832465934267602713e-07 9.845740905940585820e-25
1.940052854619298916e-07 9.656666914065246875e-25
2.053956370119809387e-07 9.470274888556475978e-25
2.174547337878377800e-07 9.286540573182607540e-25
2.302218388600976659e-07 9.105439817606006199e-25
2.437385204951962816e-07 8.926948542236621442e-25
2.580487874970424854e-07 8.751042712877652600e-25
2.731992324947511020e-07 8.577698387849021691e-25
2.892391836430408004e-07 8.406891722495324455e-25
3.062208652291875407e-07 8.238599001599423115e-25
3.241995677094646014e-07 8.072796563744519417e-25
3.432338277286845999e-07 7.909460862191485348e-25
3.633856187089698719e-07 7.748568469716776359e-25
3.847205526282841050e-07 7.590096060201866394e-25
4.073080936456928219e-07 7.434020336396294252e-25
4.312217842689101229e-07 7.280318106007011593e-25
4.565394848004609233e-07 7.128966321959424454e-25
4.833436268421315481e-07 6.979942009987282864e-25
5.117214816830448321e-07 6.833222267000616217e-25
5.417654444452174083e-07 6.688784281329200678e-25
5.735733349117459907e-07 6.546605363878690720e-25
6.072487160170817849e-07 6.406662905073483394e-25
6.429012310363591390e-07 6.268934381488176030e-25
6.806469605716594463e-07 6.133397353767423376e-25
7.206088004974396660e-07 6.000029502564858112e-25
7.629168620957774074e-07 5.868808581230992492e-25
8.077088956841508272e-07 5.739712483313220872e-25
8.551307391150677208e-07 5.612719141315025183e-25
9.053367926078061621e-07 5.487806613936187254e-25
9.584905214582613806e-07 5.364953004219156294e-25
1.014764988263662355e-06 5.244136551216981090e-25
1.074343416395068635e-06 5.125335599505548932e-25
1.137419786552128151e-06 5.008528555201360613e-25
1.204199468342576572e-06 4.893693934324776038e-25
1.274899888942705403e-06 4.780810347177597875e-25
1.349751241015935682e-06 4.669856548610891684e-25
1.428997232194387830e-06 4.560811328464707265e-25
1.512895878563679917e-06 4.453653582045238280e-25
1.601720344734436172e-06 4.348362311177922843e-25
1.695759833235765283e-06 4.244916640977528067e-25
1.795320526126277274e-06 4.143295743121407692e-25
1.900726581888679267e-06 4.043478890802071274e-25
2.012321190853533275e-06 3.945445447771878518e-25
2.130467692588595026e-06 3.849174927228945268e-25
2.255550758891818062e-06 3.754646915603473194e-25
2.387977646239707634e-06 3.661841069460586666e-25
2.528179521768873333e-06 3.570737157979499045e-25
2.676612867107982839e-06 3.481315056410310261e-25
2.833760964630989294e-06 3.393554738452573020e-25
3.000135470970367299e-06 3.307436252028603107e-25
3.176278082913979773e-06 3.222939769198413355e-25
3.362762301109219981e-06 3.140045546265056729e-25
3.560195297316990655e-06 3.058733957238403901e-25
3.769219891295058527e-06 2.978985449507683363e-25
3.990516643747303791e-06 2.900780584934471260e-25
4.224806072153234807e-06 2.824100026359517293e-25
4.472850996692461815e-06 2.748924548891843950e-25
4.735459023901704613e-06 2.675235028351564307e-25
5.013485176151491796e-06 2.603012456776391886e-25
5.307834675503358568e-06 2.532237933820770265e-25
5.619465891011651134e-06 2.462892651274174427e-25
5.949393459065996830e-06 2.394957967199708902e-25
6.298691586933928481e-06 2.328416198845539963e-25
6.668497550259573654e-06 2.263255309662984439e-25
7.060015395906187402e-06 2.199491671807723301e-25
7.474519862197773319e-06 2.137270149282637214e-25
7.913360529324746273e-06 2.077279310211881568e-25
8.377966213426038327e-06 2.022411230070177512e-25
8.869849618654700957e-06 1.984229036627070951e-25
9.390612262373440036e-06 2.007696303565512453e-25
9.941949689516079163e-06 2.264322502818278573e-25
1.052565699309216738e-05 3.398479917984150151e-25
1.114363465880942348e-05 7.798994845667531726e-25
1.179789475284217158e-05 2.420457608198875164e-24
1.249056747289414752e-05 8.411499216207086195e-24
1.322390808388391988e-05 2.991468871315595749e-23
1.400030426083528314e-05 1.056929902600560381e-22
1.482228386288011431e-05 3.671557351312345860e-22
1.569252316368505691e-05 1.246647710388409645e-21
1.661385556509928151e-05 4.115065022580265582e-21
1.758928082239393425e-05 1.313372777539355887e-20
1.862197481113040323e-05 4.030245814786707143e-20
1.971529986745519083e-05 1.181877729755402428e-19
2.087281573549094145e-05 3.293670368459859174e-19
2.209829115746511917e-05 8.682820044168716508e-19
2.339571614431324931e-05 2.157466082146463347e-18
2.476931496670835379e-05 5.043651138973445810e-18
2.622355990881387224e-05 1.109226633728528576e-17
2.776318582954057277e-05 2.298458297365666876e-17
2.939320557871858694e-05 4.501066759495261729e-17
3.111892631837453370e-05 8.364468720659232814e-17
3.294596680225856170e-05 1.481695591203109370e-16
3.488027566987792101e-05 2.514079088114347703e-16
3.692815081460208162e-05 4.105603608044183702e-16
3.909625988889924632e-05 6.481369677052697626e-16
4.139166201346717488e-05 9.929648383355717098e-16
4.382183076094046752e-05 1.481341690014157113e-15
4.639467848900868637e-05 2.158331373946346748e-15
4.911858210216616478e-05 3.079188501424540131e-15
5.200241032597765773e-05 4.310883767509023841e-15
5.505555258265666180e-05 5.934675020167688693e-15
5.828794956197420928e-05 8.048654245367558268e-15
6.171012558703314053e-05 1.077003574086000132e-14
6.533322288028724396e-05 1.423939736555179389e-14
6.916903784137102922e-05 1.862017965895426038e-14
7.323005945486002314e-05 2.410089584522222051e-14
7.752950995300470557e-05 3.089955680832336343e-14
8.208138786584225674e-05 3.926662059276007023e-14
8.690051359884453633e-05 4.948835565802763491e-14
9.200257768650088065e-05 6.189168815189807117e-14
9.740419187894394485e-05 7.684955344835046535e-14
1.031229432279504228e-04 9.478828866810490336e-14
1.091774513484150517e-04 1.161960329484759231e-13
1.155874290417335538e-04 1.416327506174590460e-13
1.223737464784833853e-04 1.717421955737884662e-13
1.295584991493598610e-04 2.072646429161300713e-13
1.371650798056264547e-04 2.490497605819454179e-13
1.452182546232964509e-04 2.980691826390306673e-13
1.537442438390323367e-04 3.554277858810574595e-13
1.627708071203043090e-04 4.223737511026365432e-13
1.723273339477635448e-04 5.003084158751766060e-13
1.824449393041029804e-04 5.907960075066953408e-13
1.931565649809676008e-04 6.955767551775204473e-13
2.044970868337355591e-04 8.165865149765415584e-13
2.165034283334090219e-04 9.559868878654577947e-13
2.292146807853053989e-04 1.116210078403370198e-12
2.426722306059760840e-04 1.300014511299223759e-12
2.569198940727507145e-04 1.510548967893886919e-12
2.720040599846364595e-04 1.751418709373530811e-12
2.879738406990578026e-04 2.026755086058216650e-12
3.048812320362094303e-04 2.341283269982078217e-12
3.227812825716190560e-04 2.700399341900796856e-12
3.417322728681621209e-04 3.110258070947336244e-12
3.617959052310555212e-04 3.577868101494437177e-12
3.830375046036630250e-04 4.111192794299972287e-12
4.055262312582065065e-04 4.719254778672229192e-12
4.293353059738779973e-04 5.412246934430789892e-12
4.545422484355055655e-04 6.201665557622586095e-12
4.812291296289925003e-04 7.100471447297926444e-12
5.094828390552490118e-04 8.123249548891856151e-12
5.393953676327043574e-04 9.286382049067571792e-12
5.710641072094472994e-04 1.060823555154575207e-11
6.045921676601924118e-04 1.210936765499579849e-11
6.400887126005021808e-04 1.381275574502556660e-11
6.776693148113114521e-04 1.574400446201432514e-11
7.174563325309795282e-04 1.793157652466833393e-11
7.595793078400300781e-04 2.040705045823942231e-11
8.041753884356805026e-04 2.320535458477275532e-11
8.513897741693998407e-04 2.636498816153502927e-11
9.013761898014165108e-04 2.992823436439015464e-11
9.542973855113054968e-04 3.394133998163201430e-11
1.010325666794401446e-03 3.845466305476866613e-11
1.069643455469216926e-03 4.352275839854693903e-11
1.132443883622482814e-03 4.920436775451503431e-11
1.198931422425627115e-03 5.556232082633515791e-11
1.269322547870044065e-03 6.266326397670650711e-11
1.343846445588703625e-03 7.057727467711130228e-11
1.422745757058986029e-03 7.937727721960846506e-11
1.506277369616137052e-03 8.913818069526611175e-11
1.594713252849744821e-03 9.993583696504586792e-11
1.688341344106302150e-03 1.118456411005837321e-10
1.787466485981007314e-03 1.249409788243980475e-10
1.892411418851165433e-03 1.392915322069568123e-10
2.003517831682765857e-03 1.549614641734407936e-10
2.121147474531529832e-03 1.720078930474805300e-10
2.245683336360707570e-03 1.904799470892246893e-10
2.377530892010213184e-03 2.104189953830892913e-10
2.517119422377428126e-03 2.318607097166786694e-10
2.664903412107782945e-03 2.548391380775583952e-10
2.821364029345938690e-03 2.793927887399065288e-10
2.987010692365462284e-03 3.055720343517739447e-10
3.162382728177756848e-03 3.334463916825339301e-10
3.348051128520502292e-03 3.631105724561971850e-10
3.544620408942872683e-03 3.946881086518615196e-10
3.752730577040678389e-03 4.283322227600757524e-10
3.973059216249362306e-03 4.642244180647701855e-10
4.206323691980004206e-03 5.025711691983361446e-10
4.453283487280852541e-03 5.436002215266839458e-10
4.714742675629201955e-03 5.875574185166187345e-10
4.991552538904721857e-03 6.347041611801843983e-10
5.284614339068055729e-03 6.853145448064009268e-10
5.594882252568942997e-03 7.396697116625815819e-10
5.923366477038214707e-03 7.980443899528081882e-10
6.271136520378050618e-03 8.606917262346256744e-10
6.639324682960285814e-03 9.278230967923970327e-10
7.029129744269756348e-03 9.995883536899438866e-10
7.441820865996252171e-03 1.076061733530538332e-09
7.878741724283055275e-03 1.157230795540083664e-09
8.341314884586203612e-03 1.242999584895490135e-09
8.831046433388467856e-03 1.333198565727400323e-09
9.349530881848807512e-03 1.427616115298783676e-09
9.898456357351969118e-03 1.526039083140430768e-09
1.047961009986276941e-02 1.628296420574641987e-09
1.109488428097948030e-02 1.734280139038587139e-09
1.174628216463296550e-02 1.843947504314018268e-09
1.243592462949003226e-02 1.957279160041984450e-09
1.316605707429719350e-02 2.074181224532302098e-09
1.393905672864778275e-02 2.194335218396980531e-09
1.475744039297613788e-02 2.317017591725470783e-09
1.562387263297769675e-02 2.440917859461124364e-09
1.654117445513737794e-02 2.563999318120471224e-09
1.751233249161113920e-02 2.683448638458836801e-09
1.854050872436627598e-02 2.795744530348850831e-09
1.962905078024114805e-02 2.896858641740811943e-09
2.078150283044379390e-02 2.982566246022175302e-09
2.200161712997706839e-02 3.048832318327570361e-09
2.329336623456115113e-02 3.092209027764096101e-09
2.466095593483148135e-02 3.110188650713450282e-09
2.610883894992165402e-02 3.101462757463831207e-09
2.764172942501971764e-02 3.066055574850494853e-09
2.926461828009757973e-02 3.005288397349584253e-09
3.098278945978831522e-02 2.921569087312770762e-09
3.280183713731901762e-02 2.818056504884858660e-09
3.472768392851327546e-02 2.698308796532085805e-09
3.676660017516567708e-02 2.566048790565330832e-09
3.892522436057471030e-02 2.425003058458818780e-09
4.121058472370028869e-02 2.278710307282190790e-09
4.363012214232501323e-02 2.130308900014814721e-09
4.619171435971986678e-02 1.982465883894492810e-09
4.890370163369543721e-02 1.837420103561772592e-09
5.177491389154861151e-02 1.696966255050885203e-09
5.481469947931850994e-02 1.562404469065181228e-09
5.803295559895534084e-02 1.434626215815370366e-09
6.144016053250503373e-02 1.314239964884243261e-09
6.504740775822112631e-02 1.201571803273722549e-09
6.886644206969119719e-02 1.096690010491253164e-09
7.290969781557103679e-02 9.994965426818607924e-10
7.719033938443339848e-02 9.097837947788568672e-10
8.172230406654501511e-02 8.272585494094974205e-10
8.652034743212524970e-02 7.515524039939999132e-10
9.160009137383195998e-02 6.822604446378733524e-10
9.697807496989993559e-02 6.189666987057919381e-10
1.026718083335258908e-01 5.612461132985496189e-10
1.086998296238417538e-01 5.086874699223016100e-10
1.150817654040871413e-01 4.608767448340599604e-10
1.218383945435044802e-01 4.174297528663529772e-10
1.289917158710137124e-01 3.779829150671434707e-10
1.365650198009391580e-01 3.421868416666363992e-10
1.445829641639942986e-01 3.097271039361771818e-10
1.530716544904197063e-01 2.803017460172163853e-10
1.620587290066754504e-01 2.536420464962492962e-10
1.715734486224083644e-01 2.294919763919877905e-10
1.816467922007066471e-01 2.076239620373464313e-10
1.923115574218125789e-01 1.878259751784780681e-10
2.036024675687019558e-01 1.699044920202569919e-10
2.155562845822104057e-01 1.536864583817422229e-10
2.282119287538019459e-01 1.390091500576330148e-10
2.416106054456836905e-01 1.257301960437551645e-10
2.557959392508653007e-01 1.137154682085229820e-10
2.708141160299438188e-01 1.028467535152572969e-10
2.867140332871089270e-01 9.301475050657067966e-11
3.035474593749463712e-01 8.412103067855996306e-11
3.213692020464054555e-01 7.607677131392017452e-11
3.402372869027134317e-01 6.880075002626036482e-11
3.602131463182445259e-01 6.221996804803654987e-11
3.813618194574580622e-01 5.626814401088038933e-11
4.037521640351575125e-01 5.088523211330766439e-11
4.274570805094912163e-01 4.601699413025432451e-11
4.525537494377045999e-01 4.161431982270507204e-11
4.791238827674004219e-01 3.763275751122267184e-11
5.072539898815029424e-01 3.403202585980266133e-11
5.370356592631351234e-01 3.077564585455741748e-11
5.685658566974771677e-01 2.783077217398360809e-11
6.019472409815156411e-01 2.516771035459541502e-11
6.372884981696256279e-01 2.275951861314344832e-11
6.747046954431815680e-01 2.058160880813346309e-11
7.143176557564511198e-01 1.861195768359042017e-11
7.562563544785069203e-01 1.683066083104574129e-11
8.006573393226057433e-01 1.521972490987743448e-11
8.476651749302731575e-01 1.376289958764854194e-11
8.974329135576107896e-01 1.244547999194515066e-11
9.501225933963265424e-01 1.125418080184531521e-11
1.005905766151959702e+00 1.017692674605076720e-11
1.064964055597082293e+00 9.202790336633793266e-12
1.127489748917944290e+00 8.321899356960653305e-12
1.193686422780081191e+00 7.525337309129371467e-12
1.263769606151165625e+00 6.805025712130670403e-12
1.337967482039222444e+00 6.153659364254953223e-12
1.416521630430988443e+00 5.564638257463710651e-12
1.499687814849333112e+00 5.031993944494840905e-12
1.587736815090675879e+00 4.550329995715280823e-12
1.680955308853774977e+00 4.114765398853026450e-12
1.779646805130181031e+00 3.720888743138509754e-12
1.884132632395623119e+00 3.364710265641240851e-12
1.994752984819580854e+00 3.042620552179478065e-12
2.111868029899459653e+00 2.751356733135343770e-12
2.235859081125684877e+00 2.487968892198715978e-12
2.367129839495786925e+00 2.249788729347241570e-12
2.506107707919685623e+00 2.034403354437509159e-12
2.653245182795850088e+00 1.839631660402780955e-12
2.809021327288854675e+00 1.663501389800912656e-12
2.973943331105547649e+00 1.504228873613026221e-12
3.148548161848003346e+00 1.360201200612651529e-12
3.333404313319986212e+00 1.229959775030404353e-12
3.529113656479205829e+00 1.112185416970898798e-12
3.736313399061849783e+00 1.005685127244412564e-12
3.955678160259686660e+00 9.093800371272099634e-13
4.187922167204840562e+00 8.222944551778575742e-13
4.433801580413278209e+00 7.435460227917426271e-13
4.694116955759016108e+00 6.723368042726513170e-13
4.969715850994488981e+00 6.079452067228741842e-13
5.261495585303823219e+00 5.497186772625178478e-13
5.570406160873747403e+00 4.970671059242563021e-13
5.897453355994485058e+00 4.494568519598455629e-13
6.243701999761396060e+00 4.064053414505661546e-13
6.610279439039380200e+00 3.674761828337382389e-13
6.998379208978419364e+00 3.322747489405384204e-13
7.409264919030245977e+00 3.004441810852715254e-13
7.844274367119618674e+00 2.716617747825026831e-13
8.304823895364711106e+00 2.456357123381301349e-13
8.792413001528682770e+00 2.221021069231648351e-13
9.308629221216696337e+00 2.008223300845807005e-13
9.855153296714332711e+00 1.815805940702868012e-13
1.043376464929643355e+01 1.641817664264126517e-13
1.104634717282413803e+01 1.484493935321661882e-13
1.169489536749211034e+01 1.342239129579870389e-13
1.238152083369848633e+01 1.213610363961486196e-13
1.310845914717954663e+01 1.097302878293535601e-13
1.387807713779432817e+01 9.921368194306873578e-14
1.469288059565796978e+01 8.970452849132891757e-14
1.555552242971413079e+01 8.110635112395180977e-14
1.646881130530969273e+01 7.333190971298892466e-14
1.743572078889560828e+01 6.630231669669151258e-14
1.845939902962593848e+01 5.994623718364771662e-14
1.954317900937999752e+01 5.419916607753828442e-14
2.069058939457848822e+01 4.900277431974717808e-14
2.190536602512680275e+01 4.430431779744268655e-14
2.319146407789197184e+01 4.005610265981905398e-14
2.455307094431627135e+01 3.621500180685912018e-14
2.599461986409529146e+01 3.274201790160476463e-14
2.752080435931146596e+01 2.960188790594727194e-14
2.913659351601590330e+01 2.676272559317291938e-14
3.084724816301769224e+01 2.419569817399519575e-14
3.265833800055403202e+01 2.187473408035191285e-14
3.457575973461136698e+01 1.977625853899131539e-14
3.660575627594067782e+01 1.787895458769135982e-14
3.875493706627678137e+01 1.616354690341428100e-14
4.103029959794151438e+01 1.461260629851002604e-14
4.343925219689590023e+01 1.321037294515953725e-14
4.598963814342242529e+01 1.194259646081039078e-14
4.868976120896648752e+01 1.079639156705904767e-14
5.154841269228906953e+01 9.760107285389242553e-15
5.457490004295202368e+01 8.823208716007299137e-15
5.777907716533307081e+01 7.976170110815678602e-15
6.117137650183653363e+01 7.210378287573182767e-15
6.476284299975922920e+01 6.518045306554179378e-15
6.856517007240317696e+01 5.892129351880441538e-15
7.259073767152389678e+01 5.326263287831959467e-15
7.685265259506572022e+01 4.814690043377373208e-15
8.136479116143235046e+01 4.352204185873567246e-15
8.614184438922734444e+01 3.934099086219699592e-15
9.119936582956786708e+01 3.556119132356361492e-15
9.655382220670783511e+01 3.214416551937631422e-15
1.022226470318507552e+02 2.905512355554901843e-15
1.082242973647117878e+02 2.626260982216029029e-15
1.145783139076437180e+02 2.373818352877163753e-15
1.213053846279734529e+02 2.145612990726009226e-15
1.284274121157137927e+02 1.939319911018724858e-15
1.359675848959462314e+02 1.752837011283016241e-15
1.439504529280656300e+02 1.584263701654202620e-15
1.524020075377027581e+02 1.431881607608011441e-15
1.613497660415740995e+02 1.294137107150113850e-15
1.708228613407863747e+02 1.169625553822685691e-15
1.808521367743105941e+02 1.057076987490818015e-15
1.914702465414362109e+02 9.553432228401399313e-16
2.027117620201981083e+02 8.633861848219984772e-16
2.146132843279160340e+02 7.802673588784752066e-16
2.272135634903397658e+02 7.051382516007263507e-16
2.405536246073997404e+02 6.372317538407242131e-16
2.546769014263448128e+02 5.758543462583862676e-16
2.696293777571662531e+02 5.203790367046740473e-16
2.854597371907387355e+02 4.702389917446245727e-16
3.022195216071573896e+02 4.249217586635717968e-16
3.199632989903219027e+02 3.839640556948197030e-16
3.387488410951993956e+02 3.469470607139296053e-16
3.586373115461957468e+02 3.134921472197351245e-16
3.796934649790771346e+02 2.832570317202388850e-16
4.019858578748230684e+02 2.559322862406050926e-16
4.255870717718619289e+02 2.312381866828989270e-16
4.505739495834401964e+02 2.089218619047863384e-16
4.770278457895693691e+02 1.887547152188605090e-16
5.050348913180942532e+02 1.705301017613699248e-16
5.346862739773762314e+02 1.540612216871094396e-16
5.660785353535969762e+02 1.391792173829906466e-16
5.993138851393673576e+02 1.257314488288978834e-16
6.345005339170568277e+02 1.135799383107679178e-16
6.717530454803492148e+02 1.025999678564047554e-16
7.111927098411376846e+02 9.267880143106309281e-17
7.529479381362639288e+02 8.371453393053426267e-17
7.971546807197853468e+02 7.561505226969797514e-17
8.439568698021483897e+02 6.829709921718644084e-17
8.935068880773644651e+02 6.168542144245396617e-17
9.459660648640217460e+02 5.571199762123635429e-17
1.001505201375506090e+03 5.031534698346872876e-17
1.060305126829651499e+03 4.543990232246945169e-17
1.122557287208452863e+03 4.103544243866310458e-17
1.188464368584764543e+03 3.705657609139766471e-17
1.258240957045527693e+03 3.346227681276919353e-17
1.332114237360014613e+03 3.021546621967694241e-17
1.410324732668072784e+03 2.728263524290174491e-17
1.493127087596559704e+03 2.463350127512618789e-17
1.580790897353773971e+03 2.224069514844493003e-17
1.673601585501306090e+03 2.007948151280326556e-17
1.771861333261237405e+03 1.812750747086303134e-17
1.875890063384391851e+03 1.636457265147775386e-17
1.986026481783099598e+03 1.477242226492293450e-17
2.102629180319679563e+03 1.333455984079538870e-17
2.226077804341505271e+03 1.203608026438833396e-17
2.356774288763787808e+03 1.086351610015898737e-17
2.495144166724709521e+03 9.804697776122198894e-18
2.641637955073741978e+03 8.848627763191979922e-18
2.796732621204126644e+03 7.985369531683261811e-18
2.960933136005344295e+03 7.205944099398453540e-18
3.134774117991961703e+03 6.502237936198005323e-18
3.318821573961589820e+03 5.866921325751913775e-18
3.513674741849813927e+03 5.293372573847395013e-18
3.719968041781881311e+03 4.775610570737835021e-18
3.938373141673684131e+03 4.308230011365475660e-18
4.169601144107386972e+03 3.886348108584338892e-18
4.414404901601910751e+03 3.505553883597198774e-18
4.673581467816514305e+03 3.161863129209618515e-18
4.947974692668523858e+03 2.851676941898095994e-18
5.238477969814083735e+03 2.571743197481109560e-18
5.546037145438135667e+03 2.319124418155578459e-18
5.871653597823801647e+03 2.091167860038755059e-18
6.216387497728086601e+03 1.885477857452101470e-18
6.581361260179313831e+03 1.699890518441197259e-18
6.967763198934945649e+03 1.532450888794373306e-18
7.376851395498288184e+03 1.381393591906440751e-18
7.809957795291123148e+03 1.245123254773317254e-18
8.268492544319309673e+03 1.122200202773440949e-18
8.753948580450109148e+03 1.011324883990510373e-18
9.267906494251194090e+03 9.113234815211879058e-19
9.812039675216705291e+03 8.211353727138776039e-19
1.038811976013634194e+04 7.398029775302191375e-19
1.099802240134662134e+04 6.664625676235685301e-19
1.164373337364514191e+04 6.003337299778651128e-19
1.232735503975117172e+04 5.407118328886134870e-19
1.305111319536396331e+04 4.869606413841163307e-19
1.381736431610405452e+04 4.385067045388380217e-19
1.462860322993478258e+04 3.948317295384663429e-19
1.548747124004302532e+04 3.554676277041239601e-19
1.639676472462704260e+04 3.199913843047255556e-19
1.735944424159116897e+04 2.880218256455444405e-19
1.837864416779129169e+04 2.592151289651220164e-19
1.945768290421523488e+04 2.332606916711099066e-19
2.060007368032592422e+04 2.098783681894107334e-19
2.180953599274271983e+04 1.888153025193985807e-19
2.309000771550709396e+04 1.698435288558223770e-19
2.444565792135999800e+04 1.527571069426327528e-19
2.588090045577651472e+04 1.373703200848133080e-19
2.740040830795314832e+04 1.235155795073178346e-19
2.900912882553806776e+04 1.110418028186175889e-19
3.071229982264159480e+04 9.981256135949279963e-20
3.251546663357419675e+04 8.970497066915001940e-20
3.442450016783345927e+04 8.060808164074769824e-20
3.644561602512982790e+04 7.242178268032596562e-20
3.858539473268397705e+04 6.505587213895279217e-20
4.085080317068760633e+04 5.842900117649667583e-20
4.324921725568623515e+04 5.246773483184121029e-20
4.578844595573867991e+04 4.710613850560464924e-20
4.847675671554383734e+04 4.228448009801375301e-20
5.132290237431566493e+04 3.794900747763276357e-20
5.433614966405055748e+04 3.405126758680887065e-20
5.752630938096804311e+04 3.054734990239062200e-20
6.090376832836771791e+04 2.739829231280997619e-20
6.447952313489902735e+04 2.456841732718863122e-20
6.826521605835430091e+04 2.202573838305019172e-20
7.227317289155836625e+04 1.974146109133223442e-20
7.651644309377155150e+04 1.768923279088572943e-20
8.100884227826917777e+04 1.584646603682916660e-20
8.576499719443611684e+04 1.419173659427081558e-20
9.080039335082312755e+04 1.270609787121205200e-20
9.613142543423379539e+04 1.137247685563847337e-20
1.017754506889906334e+05 1.017546809611355769e-20
1.077508454301817110e+05 9.100382628332495529e-21
1.140770648748876119e+05 8.136344217646493577e-21
1.207747064861927356e+05 7.271403470327491860e-21
1.278655770362206822e+05 6.495476177639680728e-21
1.353727636065499100e+05 5.799500047101250195e-21
1.433207087571635493e+05 5.173980388495764917e-21
1.517352901086954225e+05 4.614191331843330597e-21
1.606439045970681182e+05 4.112354396823878780e-21
1.700755576748525782e+05 3.662612886045869813e-21
1.800609577497783757e+05 3.259748676870508601e-21
1.906326161678750650e+05 2.897443953052893872e-21
2.018249530667778454e+05 2.575007512006771819e-21
2.136744094438530155e+05 2.287191200014324723e-21
2.262195658040008857e+05 2.030854915665708832e-21
2.395012677734717727e+05 1.803220723177860794e-21
2.535627590886559628e+05 1.601694783280121625e-21
2.684498223928536172e+05 1.423079217437798761e-21
2.842109282994419336e+05 1.263377233636282733e-21
3.008973932067717542e+05 1.108385754689724939e-21
3.185635463786224136e+05 9.282714919070821042e-22
3.372669068342065439e+05 7.337575016562542117e-22
3.570683706236751750e+05 5.226983619183701506e-22
3.780324090988314711e+05 3.605222463168463935e-22
4.002272788246533019e+05 2.251787544016554767e-22
