#MPBH fPBH
1.198681425205680144e+21 0.000000000000000000e+00
1.076409511492113662e+21 0.000000000000000000e+00
9.666099866625346109e+20 0.000000000000000000e+00
8.680106003713876296e+20 0.000000000000000000e+00
7.794688786100280361e+20 0.000000000000000000e+00
6.999588858265306399e+20 0.000000000000000000e+00
6.285593373800862843e+20 0.000000000000000000e+00
5.644429245885811261e+20 0.000000000000000000e+00
5.068667286784076022e+20 0.000000000000000000e+00
4.551636125626226442e+20 0.000000000000000000e+00
4.087344907037745480e+20 0.000000000000000000e+00
3.670413874920376238e+20 0.000000000000000000e+00
3.296012037058965012e+20 0.000000000000000000e+00
2.959801188271515894e+20 0.000000000000000000e+00
2.657885643497350103e+20 0.000000000000000000e+00
2.386767098378927145e+20 0.000000000000000000e+00
2.143304094305682719e+20 0.000000000000000000e+00
1.924675618240066683e+20 0.000000000000000000e+00
1.728348415555938877e+20 0.000000000000000000e+00
1.552047637142209823e+20 0.000000000000000000e+00
1.393730480658839470e+20 0.000000000000000000e+00
1.251562520525606257e+20 0.000000000000000000e+00
1.123896452378614989e+20 0.000000000000000000e+00
1.009253005705831055e+20 0.000000000000000000e+00
9.063038034958721024e+19 0.000000000000000000e+00
8.138559702942261248e+19 0.000000000000000000e+00
7.308383103200494387e+19 0.000000000000000000e+00
6.562888954889233203e+19 0.000000000000000000e+00
5.893439195236669850e+19 0.000000000000000000e+00
5.292276890054125978e+19 0.000000000000000000e+00
4.752436353910032794e+19 0.000000000000000000e+00
4.267662438526470554e+19 0.000000000000000000e+00
3.832338054190900838e+19 0.000000000000000000e+00
3.441419084371332710e+19 0.000000000000000000e+00
3.090375939388694118e+19 0.000000000000000000e+00
2.775141071927076045e+19 0.000000000000000000e+00
2.492061846242550170e+19 0.000000000000000000e+00
2.237858214964659814e+19 0.000000000000000000e+00
2.009584713090374042e+19 0.000000000000000000e+00
1.804596328793915392e+19 0.000000000000000000e+00
1.620517855596375654e+19 0.000000000000000000e+00
1.455216370777942630e+19 0.000000000000000000e+00
1.306776521139159859e+19 0.000000000000000000e+00
1.173478329746709299e+19 0.000000000000000000e+00
1.053777266509736346e+19 0.000000000000000000e+00
9.462863516639588352e+18 0.000000000000000000e+00
8.497600847960714240e+18 0.000000000000000000e+00
7.630800131935686656e+18 0.000000000000000000e+00
6.852417723000454144e+18 0.000000000000000000e+00
6.153434481133438976e+18 0.000000000000000000e+00
5.525751266813048832e+18 0.000000000000000000e+00
4.962095096048191488e+18 0.000000000000000000e+00
4.455934868097375744e+18 0.000000000000000000e+00
4.001405689411054592e+18 0.000000000000000000e+00
3.593240916936416768e+18 0.000000000000000000e+00
3.226711133368344576e+18 0.000000000000000000e+00
2.897569347251052544e+18 0.000000000000000000e+00
2.602001782962347520e+18 0.000000000000000000e+00
2.336583690382551040e+18 0.000000000000000000e+00
2.098239662213460224e+18 0.000000000000000000e+00
1.884207999142911488e+18 0.000000000000000000e+00
1.692008709953056512e+18 0.000000000000000000e+00
1.519414775788699648e+18 0.000000000000000000e+00
1.364426345623878912e+18 0.000000000000000000e+00
1.225247563928806912e+18 0.000000000000000000e+00
1.100265762038655488e+18 0.000000000000000000e+00
9.880327721139966720e+17 0.000000000000000000e+00
8.872481471771653120e+17 0.000000000000000000e+00
7.967440927946147840e+17 0.000000000000000000e+00
7.154719358082320640e+17 0.000000000000000000e+00
6.424899733284069120e+17 0.000000000000000000e+00
5.769525611947665920e+17 0.000000000000000000e+00
5.181003154722444160e+17 0.000000000000000000e+00
4.652513134469365760e+17 0.000000000000000000e+00
4.177931921674262400e+17 0.000000000000000000e+00
3.751760529771309440e+17 0.000000000000000000e+00
3.369060898222872960e+17 0.000000000000000000e+00
3.025398675065810560e+17 0.000000000000000000e+00
2.716791835943972480e+17 0.000000000000000000e+00
2.439664544274069120e+17 0.000000000000000000e+00
2.190805717921314880e+17 0.000000000000000000e+00
1.967331822295628480e+17 0.000000000000000000e+00
1.766653458750944640e+17 0.000000000000000000e+00
1.586445361146439360e+17 0.000000000000000000e+00
1.424619452918900800e+17 0.000000000000000000e+00
1.279300652477758560e+17 0.000000000000000000e+00
1.148805146579158400e+17 0.000000000000000000e+00
1.031620879932056960e+17 0.000000000000000000e+00
9.263900349687902400e+16 0.000000000000000000e+00
8.318932987727004800e+16 0.000000000000000000e+00
7.470357348632771200e+16 0.000000000000000000e+00
6.708340961347200800e+16 0.000000000000000000e+00
6.024054319426238400e+16 0.000000000000000000e+00
5.409568573287016800e+16 0.000000000000000000e+00
4.857763658393073600e+16 0.000000000000000000e+00
4.362245794855620000e+16 0.000000000000000000e+00
3.917273402516736000e+16 0.000000000000000000e+00
3.517690573089984400e+16 0.000000000000000000e+00
3.158867328498461600e+16 0.000000000000000000e+00
2.836645973181727600e+16 0.000000000000000000e+00
2.547292918754188400e+16 0.000000000000000000e+00
2.287455422805966000e+16 0.000000000000000000e+00
2.054122740577262400e+16 0.000000000000000000e+00
1.844591239369723600e+16 0.000000000000000000e+00
1.656433071474263800e+16 0.000000000000000000e+00
1.487468042627799000e+16 0.000000000000000000e+00
1.335738350037735400e+16 0.000000000000000000e+00
1.199485897263061400e+16 0.000000000000000000e+00
1.077131923098803400e+16 0.000000000000000000e+00
9.672587084232140000e+15 0.000000000000000000e+00
8.685931490443091000e+15 0.000000000000000000e+00
7.799920042039132000e+15 0.000000000000000000e+00
7.004286498131265000e+15 0.000000000000000000e+00
6.289811829286147000e+15 0.000000000000000000e+00
5.648217396359081000e+15 0.000000000000000000e+00
5.072069025657006000e+15 0.000000000000000000e+00
4.554690868947876000e+15 0.000000000000000000e+00
4.090088050209431500e+15 0.000000000000000000e+00
3.672877202823284000e+15 0.000000000000000000e+00
3.298224092346424500e+15 0.000000000000000000e+00
2.961787602093652500e+15 0.000000000000000000e+00
2.659669432489937000e+15 0.000000000000000000e+00
2.388368931357855000e+15 0.000000000000000000e+00
2.144742531757104500e+15 0.000000000000000000e+00
1.925967327381327250e+15 0.000000000000000000e+00
1.729508363459103250e+15 0.000000000000000000e+00
1.553089264157988250e+15 0.000000000000000000e+00
1.394665856150300250e+15 0.000000000000000000e+00
1.252402482716273750e+15 0.000000000000000000e+00
1.124650733935262250e+15 0.000000000000000000e+00
1.009930346511190500e+15 0.000000000000000000e+00
9.069120519179126250e+14 0.000000000000000000e+00
8.144021741254248750e+14 0.000000000000000000e+00
7.313287984403728750e+14 0.000000000000000000e+00
6.567293511987460000e+14 0.000000000000000000e+00
5.897394463963412500e+14 0.000000000000000000e+00
5.295828700225240000e+14 0.000000000000000000e+00
4.755625860455147500e+14 0.000000000000000000e+00
4.270526598352365000e+14 0.000000000000000000e+00
3.834910054402303750e+14 0.000000000000000000e+00
3.443728726810848750e+14 0.000000000000000000e+00
3.092449985951662500e+14 0.000000000000000000e+00
2.777003554652430000e+14 0.000000000000000000e+00
2.493734345772792500e+14 0.000000000000000000e+00
2.239360110601363125e+14 0.000000000000000000e+00
2.010933407342763750e+14 0.000000000000000000e+00
1.805807449022225938e+14 0.000000000000000000e+00
1.621605435086556562e+14 0.000000000000000000e+00
1.456193011345751250e+14 0.000000000000000000e+00
1.307653539147774688e+14 0.000000000000000000e+00
1.174265887229767188e+14 0.000000000000000000e+00
1.054484488919111875e+14 0.000000000000000000e+00
9.469214336066559375e+13 0.000000000000000000e+00
8.503303849853635938e+13 0.000000000000000000e+00
7.635921397146370312e+13 0.000000000000000000e+00
6.857016591780535156e+13 0.000000000000000000e+00
6.157564240711675000e+13 0.000000000000000000e+00
5.529459768835950781e+13 0.000000000000000000e+00
4.965425311038511719e+13 0.000000000000000000e+00
4.458925383354810938e+13 0.000000000000000000e+00
4.004091156124468750e+13 0.000000000000000000e+00
3.595652451688135156e+13 0.000000000000000000e+00
3.228876678682929297e+13 0.000000000000000000e+00
2.899513995366197656e+13 0.000000000000000000e+00
2.603748066573343750e+13 0.000000000000000000e+00
2.338151843729318359e+13 0.000000000000000000e+00
2.099647855535259766e+13 0.000000000000000000e+00
1.885472549217460156e+13 0.000000000000000000e+00
1.693144269159510742e+13 0.000000000000000000e+00
1.520434501885217773e+13 0.000000000000000000e+00
1.365342054206933789e+13 0.000000000000000000e+00
1.226069865340865039e+13 0.000000000000000000e+00
1.101004184310528711e+13 0.000000000000000000e+00
9.886958713664136719e+12 0.000000000000000000e+00
8.878436067608029297e+12 0.000000000000000000e+00
7.972788123172993164e+12 0.000000000000000000e+00
7.159521110809064453e+12 0.000000000000000000e+00
6.429211681561760742e+12 0.000000000000000000e+00
5.773397718448656250e+12 0.000000000000000000e+00
5.184480285659433594e+12 0.000000000000000000e+00
4.655635579461484375e+12 0.000000000000000000e+00
4.180735860584095215e+12 0.000000000000000000e+00
3.754278451922025391e+12 0.000000000000000000e+00
3.371321978853006348e+12 0.000000000000000000e+00
3.027429113383572754e+12 0.000000000000000000e+00
2.718615158698275391e+12 0.000000000000000000e+00
2.441301878359652832e+12 0.000000000000000000e+00
2.192276035176723877e+12 0.000000000000000000e+00
1.968652159330434326e+12 0.000000000000000000e+00
1.767839114349467773e+12 0.000000000000000000e+00
1.587510073535204590e+12 0.000000000000000000e+00
1.425575558951892822e+12 0.000000000000000000e+00
1.280159230583889893e+12 0.000000000000000000e+00
1.149576145128368652e+12 0.000000000000000000e+00
1.032313232507367676e+12 0.000000000000000000e+00
9.270117638799880371e+11 0.000000000000000000e+00
8.324516080110958252e+11 0.000000000000000000e+00
7.475370935745455322e+11 0.000000000000000000e+00
6.712843135770965576e+11 0.000000000000000000e+00
6.028097247989409180e+11 0.000000000000000000e+00
5.413199101522614746e+11 0.000000000000000000e+00
4.861023853339255371e+11 0.000000000000000000e+00
4.365173432487776489e+11 0.000000000000000000e+00
3.919902405458776245e+11 0.000000000000000000e+00
3.520051403676868286e+11 0.000000000000000000e+00
3.160987341744110718e+11 0.000000000000000000e+00
2.838549733742391968e+11 0.000000000000000000e+00
2.549002485559851379e+11 0.000000000000000000e+00
2.288990604657832947e+11 0.000000000000000000e+00
2.055501325672915649e+11 0.000000000000000000e+00
1.845829201415484619e+11 0.000000000000000000e+00
1.657544754773016663e+11 0.000000000000000000e+00
1.488466328286836548e+11 0.000000000000000000e+00
1.336634805222559204e+11 0.000000000000000000e+00
1.200290909226440125e+11 0.000000000000000000e+00
1.077854819538197327e+11 0.000000000000000000e+00
9.679078655610656738e+10 0.000000000000000000e+00
8.691760886836038208e+10 0.000000000000000000e+00
7.805154808835115051e+10 0.000000000000000000e+00
7.008987290728157043e+10 0.000000000000000000e+00
6.294033115906955719e+10 0.000000000000000000e+00
5.652008089176892853e+10 0.000000000000000000e+00
5.075473047541759491e+10 0.000000000000000000e+00
4.557747662401939392e+10 0.000000000000000000e+00
4.092833034389081573e+10 0.000000000000000000e+00
3.675342183941471100e+10 0.000000000000000000e+00
3.300437632212380600e+10 0.000000000000000000e+00
2.963775349059344101e+10 0.000000000000000000e+00
2.661454418638320160e+10 0.000000000000000000e+00
2.389971839376270676e+10 0.000000000000000000e+00
2.146181934588243484e+10 0.000000000000000000e+00
1.927259903428411865e+10 0.000000000000000000e+00
1.730669089839070892e+10 0.000000000000000000e+00
1.554131590241763878e+10 0.000000000000000000e+00
1.395601859401092148e+10 0.000000000000000000e+00
1.253243008631461716e+10 0.000000000000000000e+00
1.125405521713515091e+10 0.000000000000000000e+00
1.010608141900843620e+10 0.000000000000000000e+00
9.075207085542182922e+09 0.000000000000000000e+00
8.149487445308532715e+09 0.000000000000000000e+00
7.318196157423947334e+09 0.000000000000000000e+00
6.571701025119750977e+09 0.000000000000000000e+00
5.901352387192915916e+09 0.000000000000000000e+00
5.299382894125656128e+09 0.000000000000000000e+00
4.758817507576431274e+09 0.000000000000000000e+00
4.273392680404230118e+09 0.000000000000000000e+00
3.837483780762331009e+09 0.000000000000000000e+00
3.446039919322606564e+09 0.000000000000000000e+00
3.094525424471216679e+09 0.000000000000000000e+00
2.778867287347370148e+09 0.000000000000000000e+00
2.495407967769024849e+09 0.000000000000000000e+00
2.240863014206533432e+09 0.000000000000000000e+00
2.012283006745443344e+09 0.000000000000000000e+00
1.807019382070658445e+09 0.000000000000000000e+00
1.622693744484856844e+09 0.000000000000000000e+00
1.457170307367149115e+09 0.000000000000000000e+00
1.308531145750212431e+09 0.000000000000000000e+00
1.175053973266930819e+09 0.000000000000000000e+00
1.055192185967253208e+09 0.000000000000000000e+00
9.475569417724213600e+08 0.000000000000000000e+00
8.509010679206943512e+08 0.000000000000000000e+00
7.641046099396018982e+08 0.000000000000000000e+00
6.861618547003253698e+08 0.000000000000000000e+00
6.161696771898863316e+08 0.000000000000000000e+00
5.533170759748884439e+08 0.000000000000000000e+00
4.968757761038773656e+08 0.000000000000000000e+00
4.461917905639246702e+08 0.000000000000000000e+00
4.006778425137370825e+08 0.000000000000000000e+00
3.598065604895152450e+08 0.000000000000000000e+00
3.231043677361736298e+08 0.000000000000000000e+00
2.901459948594644070e+08 0.000000000000000000e+00
2.605495522169104815e+08 0.000000000000000000e+00
2.339721049512135386e+08 0.000000000000000000e+00
2.101056993939009011e+08 0.000000000000000000e+00
1.886737947970548272e+08 0.000000000000000000e+00
1.694280590474763215e+08 0.000000000000000000e+00
1.521454912351352274e+08 0.000000000000000000e+00
1.366258377350248098e+08 0.000000000000000000e+00
1.226892718624750972e+08 0.000000000000000000e+00
1.101743102160353363e+08 0.000000000000000000e+00
9.893594156451830268e+07 0.000000000000000000e+00
8.884394659757238626e+07 0.000000000000000000e+00
7.978138907067395747e+07 0.000000000000000000e+00
7.164326086140093207e+07 0.000000000000000000e+00
6.433526523720832169e+07 0.000000000000000000e+00
5.777272423639689386e+07 0.000000000000000000e+00
5.187959750206185877e+07 0.000000000000000000e+00
4.658760120022694021e+07 0.000000000000000000e+00
4.183541681303751469e+07 0.000000000000000000e+00
3.756798063927926123e+07 0.000000000000000000e+00
3.373584576964057982e+07 0.000000000000000000e+00
3.029460914391085505e+07 0.000000000000000000e+00
2.720439705140687525e+07 0.000000000000000000e+00
2.442940311310622469e+07 0.000000000000000000e+00
2.193747339207370207e+07 0.000000000000000000e+00
1.969973382484127581e+07 0.000000000000000000e+00
1.769025565678014606e+07 0.000000000000000000e+00
1.588575500485280901e+07 0.000000000000000000e+00
1.426532306657118537e+07 0.000000000000000000e+00
1.281018384908256121e+07 0.000000000000000000e+00
1.150347661118473299e+07 0.000000000000000000e+00
1.033006049741829745e+07 0.000000000000000000e+00
9.276339100526273251e+06 0.000000000000000000e+00
8.330102919480323792e+06 0.000000000000000000e+00
7.480387887631012127e+06 0.000000000000000000e+00
6.717348331742767245e+06 0.000000000000000000e+00
6.032142889886589721e+06 0.000000000000000000e+00
5.416832066317632794e+06 0.000000000000000000e+00
4.864286236302770674e+06 0.000000000000000000e+00
4.368103034947792068e+06 0.000000000000000000e+00
3.922533172805748880e+06 0.000000000000000000e+00
3.522413818689945154e+06 0.000000000000000000e+00
3.163108777796006761e+06 0.000000000000000000e+00
2.840454771975456737e+06 0.000000000000000000e+00
2.550713199708505068e+06 0.000000000000000000e+00
2.290526816817572340e+06 0.000000000000000000e+00
2.056880835979526397e+06 0.000000000000000000e+00
1.847067994295737706e+06 0.000000000000000000e+00
1.658657184156692354e+06 0.000000000000000000e+00
1.489465283926158212e+06 0.000000000000000000e+00
1.337531862046093214e+06 0.000000000000000000e+00
1.201096461458164733e+06 0.000000000000000000e+00
1.078578201135674492e+06 0.000000000000000000e+00
9.685574583682868397e+05 0.000000000000000000e+00
8.697594195516615873e+05 0.000000000000000000e+00
7.810393088844468584e+05 0.000000000000000000e+00
7.013691238171875011e+05 0.000000000000000000e+00
6.298257235563358990e+05 0.000000000000000000e+00
5.655801326045523165e+05 0.000000000000000000e+00
5.078879353970540687e+05 0.000000000000000000e+00
4.560806507364325807e+05 0.000000000000000000e+00
4.095579860812214320e+05 0.000000000000000000e+00
3.677808819384484086e+05 0.000000000000000000e+00
3.302652657653178321e+05 0.000000000000000000e+00
2.965764430063300533e+05 0.000000000000000000e+00
2.663240602745917276e+05 0.000000000000000000e+00
2.391575823155677062e+05 0.000000000000000000e+00
2.147622303446996375e+05 0.000000000000000000e+00
1.928553346963130170e+05 0.000000000000000000e+00
1.731830595218292146e+05 0.000000000000000000e+00
1.555174615862710343e+05 0.000000000000000000e+00
1.396538490832520765e+05 0.000000000000000000e+00
1.254084098649502703e+05 0.000000000000000000e+00
1.126160816053109884e+05 0.000000000000000000e+00
1.011286392179883114e+05 0.000000000000000000e+00
9.081297736787583563e+04 0.000000000000000000e+00
8.154956817565271922e+04 0.000000000000000000e+00
7.323107624470391602e+04 0.000000000000000000e+00
6.576111496269943018e+04 0.000000000000000000e+00
5.905312966706751467e+04 0.000000000000000000e+00
5.302939473355165683e+04 0.000000000000000000e+00
4.762011296710472379e+04 0.000000000000000000e+00
4.276260685972108331e+04 0.000000000000000000e+00
3.840059234429470234e+04 0.000000000000000000e+00
3.448352662946924102e+04 0.000000000000000000e+00
3.096602255881542442e+04 0.000000000000000000e+00
2.780732270850759596e+04 0.000000000000000000e+00
2.497082712984588215e+04 0.000000000000000000e+00
2.242366926456644069e+04 0.000000000000000000e+00
2.013633511905879277e+04 0.000000000000000000e+00
1.808232128484721034e+04 0.000000000000000000e+00
1.623782784281149179e+04 0.000000000000000000e+00
1.458148259282044637e+04 0.000000000000000000e+00
1.309409341341495565e+04 0.000000000000000000e+00
1.175842588212924238e+04 0.000000000000000000e+00
1.055900357972697930e+04 0.000000000000000000e+00
9.481928764473099363e+03 0.000000000000000000e+00
8.514721338589324660e+03 0.000000000000000000e+00
7.646174240991327679e+03 0.000000000000000000e+00
6.866223590739948122e+03 0.000000000000000000e+00
6.165832076555166168e+03 0.000000000000000000e+00
5.536884241222221135e+03 0.000000000000000000e+00
4.972092447548946438e+03 0.000000000000000000e+00
4.464912436297631757e+03 0.000000000000000000e+00
4.009467497659361470e+03 0.000000000000000000e+00
3.600480377643702468e+03 0.000000000000000000e+00
3.233212130380158669e+03 0.000000000000000000e+00
2.903407207812279921e+03 0.000000000000000000e+00
2.607244150536203961e+03 0.000000000000000000e+00
2.341291308437333100e+03 0.000000000000000000e+00
2.102467078058972675e+03 0.000000000000000000e+00
1.888004195971747777e+03 0.000000000000000000e+00
1.695417674410269456e+03 0.000000000000000000e+00
1.522476007646416747e+03 0.000000000000000000e+00
1.367175315466271513e+03 0.000000000000000000e+00
1.227716124150837459e+03 0.000000000000000000e+00
1.102482515920725746e+03 0.000000000000000000e+00
9.900234052489731766e+02 0.000000000000000000e+00
8.890357250901367934e+02 0.000000000000000000e+00
7.983493282037824201e+02 0.000000000000000000e+00
7.169134286238165714e+02 0.000000000000000000e+00
6.437844261703546636e+02 0.000000000000000000e+00
5.781149729264823236e+02 0.000000000000000000e+00
5.191441549928841823e+02 0.000000000000000000e+00
4.661886757559399825e+02 0.000000000000000000e+00
4.186349385096208948e+02 0.000000000000000000e+00
3.759319366923134567e+02 0.000000000000000000e+00
3.375848693574450863e+02 0.000000000000000000e+00
3.031494079002877697e+02 0.000000000000000000e+00
2.722265476092464382e+02 0.000000000000000000e+00
2.444579843864455029e+02 0.000000000000000000e+00
2.195219630675516669e+02 0.000000000000000000e+00
1.971295492351410417e+02 0.000000000000000000e+00
1.770212813270615868e+02 0.000000000000000000e+00
1.589641642476234438e+02 0.000000000000000000e+00
1.427489696465224256e+02 0.000000000000000000e+00
1.281878115837569965e+02 0.000000000000000000e+00
1.151119694896742800e+02 0.000000000000000000e+00
1.033699331947299669e+02 0.000000000000000000e+00
9.282564737667455290e+01 0.000000000000000000e+00
8.335693508349824299e+01 0.000000000000000000e+00
7.485408206547607790e+01 0.000000000000000000e+00
6.721856551290471771e+01 0.000000000000000000e+00
6.036191246938764721e+01 0.000000000000000000e+00
5.420467469307299524e+01 0.000000000000000000e+00
4.867550808752065450e+01 0.000000000000000000e+00
4.371034603554315368e+01 0.000000000000000000e+00
3.925165705741804345e+01 0.000000000000000000e+00
3.524777819192565431e+01 0.000000000000000000e+00
3.165231637609022997e+01 0.000000000000000000e+00
2.842361088738408625e+01 0.000000000000000000e+00
2.552425061970161480e+01 0.000000000000000000e+00
2.292064059976659607e+01 0.000000000000000000e+00
2.058261272118030405e+01 0.000000000000000000e+00
1.848307618568074417e+01 0.000000000000000000e+00
1.659770360126035271e+01 0.000000000000000000e+00
1.490464909995404774e+01 0.000000000000000000e+00
1.338429520912110604e+01 0.000000000000000000e+00
1.201902554320825267e+01 0.000000000000000000e+00
1.079302068216838073e+01 0.000000000000000000e+00
9.692074871372705402e+00 0.000000000000000000e+00
8.703431419110474465e+00 0.000000000000000000e+00
7.815634884424990325e+00 0.000000000000000000e+00
7.018398342579734717e+00 0.000000000000000000e+00
6.302484190156683042e+00 0.000000000000000000e+00
5.659597108672379306e+00 0.000000000000000000e+00
5.082287946476574447e+00 0.000000000000000000e+00
4.563867405211843753e+00 0.000000000000000000e+00
4.098328530715269480e+00 0.000000000000000000e+00
3.680277110262585083e+00 0.000000000000000000e+00
3.304869169665822337e+00 0.000000000000000000e+00
2.967754846000838498e+00 0.000000000000000000e+00
2.665027985616744477e+00 0.000000000000000000e+00
2.393180883418055238e+00 0.000000000000000000e+00
2.149063638981694613e+00 0.000000000000000000e+00
1.929847658567670710e+00 0.000000000000000000e+00
1.732992880119579304e+00 0.000000000000000000e+00
1.556218341490306356e+00 0.000000000000000000e+00
1.397475750866183031e+00 0.000000000000000000e+00
1.254925753148984358e+00 0.000000000000000000e+00
1.126916617294024814e+00 0.000000000000000000e+00
1.011965097653590773e+00 0.000000000000000000e+00
9.087392475656794755e-01 0.000000000000000000e+00
8.160429860486374531e-01 0.000000000000000000e+00
7.328022387753777567e-01 0.000000000000000000e+00
6.580524927423315740e-01 0.000000000000000000e+00
5.909276204287569056e-01 0.000000000000000000e+00
5.306498439514640841e-01 0.000000000000000000e+00
4.765207229294877722e-01 0.000000000000000000e+00
4.279130616346937255e-01 0.000000000000000000e+00
3.842636416562958956e-01 0.000000000000000000e+00
3.450666958724741273e-01 0.000000000000000000e+00
3.098680481117453422e-01 0.000000000000000000e+00
2.782598506002081917e-01 0.000000000000000000e+00
2.498758582173284948e-01 0.000000000000000000e+00
2.243871848028629323e-01 0.000000000000000000e+00
2.014984923431970831e-01 0.000000000000000000e+00
1.809445688810288888e-01 0.000000000000000000e+00
1.624872554965621219e-01 0.000000000000000000e+00
1.459126867530612104e-01 0.000000000000000000e+00
1.310288126316913604e-01 0.000000000000000000e+00
1.176631732422724480e-01 0.000000000000000000e+00
1.056609005254206812e-01 0.000000000000000000e+00
9.488292379175636282e-02 0.000000000000000000e+00
8.520435830571299052e-02 0.000000000000000000e+00
7.651305824240556275e-02 0.000000000000000000e+00
6.870831725063489270e-02 0.000000000000000000e+00
6.169970156541882550e-02 0.000000000000000000e+00
5.540600214927455386e-02 0.000000000000000000e+00
4.975429372070055284e-02 0.000000000000000000e+00
4.467908976677856248e-02 0.000000000000000000e+00
4.012158374900820501e-02 0.000000000000000000e+00
3.602896771020671490e-02 0.000000000000000000e+00
3.235382038714251784e-02 0.000000000000000000e+00
2.905355773895617819e-02 0.000000000000000000e+00
2.608993952461696048e-02 0.000000000000000000e+00
2.342862621211704369e-02 0.000000000000000000e+00
2.103878108529868424e-02 0.000000000000000000e+00
1.889271293791018255e-02 0.000000000000000000e+00
1.696555521477866035e-02 0.000000000000000000e+00
1.523497788230006138e-02 0.000000000000000000e+00
1.368092868967732759e-02 0.000000000000000000e+00
1.228540082289761824e-02 0.000000000000000000e+00
1.103222425924467801e-02 0.000000000000000000e+00
9.906878404766564922e-03 0.000000000000000000e+00
8.896323843724121203e-03 0.000000000000000000e+00
7.988851250494363038e-03 0.000000000000000000e+00
7.173945713267580564e-03 0.000000000000000000e+00
6.442164897453300267e-03 0.000000000000000000e+00
5.785029637069294579e-03 0.000000000000000000e+00
5.194925686394647260e-03 0.000000000000000000e+00
4.665015493478942392e-03 0.000000000000000000e+00
4.189158973225235762e-03 0.000000000000000000e+00
3.761842362042494559e-03 0.000000000000000000e+00
3.378114329703300021e-03 0.000000000000000000e+00
3.033528608134130472e-03 0.000000000000000000e+00
2.724092472375411796e-03 0.000000000000000000e+00
2.446220476759127221e-03 0.000000000000000000e+00
2.196692910243829618e-03 0.000000000000000000e+00
1.972618489527382807e-03 0.000000000000000000e+00
1.771400857661684959e-03 0.000000000000000000e+00
1.590708499987939645e-03 0.000000000000000000e+00
1.428447728807143114e-03 0.000000000000000000e+00
1.282738423758820199e-03 0.000000000000000000e+00
1.151892246810681331e-03 0.000000000000000000e+00
1.034393079435830514e-03 0.000000000000000000e+00
9.288794553025610289e-04 0.000000000000000000e+00
8.341287849235860417e-04 0.000000000000000000e+00
7.490431894755026883e-04 0.000000000000000000e+00
6.726367796443291332e-04 0.000000000000000000e+00
6.040242320968160390e-04 0.000000000000000000e+00
5.424105312128007497e-04 0.000000000000000000e+00
4.870817572156570870e-04 0.000000000000000000e+00
4.373968139626922759e-04 0.000000000000000000e+00
3.927800005451851165e-04 0.000000000000000000e+00
3.527143406248801471e-04 0.000000000000000000e+00
3.167355922138714299e-04 0.000000000000000000e+00
2.844268684889307325e-04 0.000000000000000000e+00
2.554138073115355635e-04 0.000000000000000000e+00
2.293602334827012578e-04 0.000000000000000000e+00
2.059642634709783467e-04 0.000000000000000000e+00
1.849548074790483660e-04 0.000000000000000000e+00
1.660884283182081033e-04 0.000000000000000000e+00
1.491465206944523833e-04 0.000000000000000000e+00
1.339327782224670907e-04 0.000000000000000000e+00
1.202709188177256106e-04 0.000000000000000000e+00
1.080026421107519802e-04 0.000000000000000000e+00
9.698579521605959412e-05 0.000000000000000000e+00
8.709272560245039704e-05 0.000000000000000000e+00
7.820880197936156233e-05 0.000000000000000000e+00
7.023108606070474480e-05 0.000000000000000000e+00
6.306713981589547199e-05 0.000000000000000000e+00
5.663395438765901537e-05 0.000000000000000000e+00
5.085698826594117766e-05 0.000000000000000000e+00
4.566930357322289430e-05 0.000000000000000000e+00
4.101079045335417455e-05 0.000000000000000000e+00
3.682747057686786251e-05 0.000000000000000000e+00
3.307087169248021499e-05 0.000000000000000000e+00
2.969746597767872537e-05 0.000000000000000000e+00
2.666816568055317257e-05 0.000000000000000000e+00
2.394787020885846642e-05 0.000000000000000000e+00
2.150505941841102963e-05 0.000000000000000000e+00
1.931142838824637684e-05 0.000000000000000000e+00
1.734155945066095356e-05 0.000000000000000000e+00
1.557262767594346035e-05 0.000000000000000000e+00
1.398413639923930553e-05 0.000000000000000000e+00
1.255767972508747319e-05 0.000000000000000000e+00
1.127672925776452230e-05 0.000000000000000000e+00
1.012644258627464392e-05 0.000000000000000000e+00
9.093491304893147175e-06 0.000000000000000000e+00
8.165906576535307204e-06 0.000000000000000000e+00
7.332940449486319947e-06 0.000000000000000000e+00
6.584941320566393368e-06 0.000000000000000000e+00
5.913242101719306864e-06 0.000000000000000000e+00
5.310059794206020268e-06 0.000000000000000000e+00
4.768405306768163519e-06 0.000000000000000000e+00
4.282002472820516060e-06 0.000000000000000000e+00
3.845215328322826872e-06 0.000000000000000000e+00
3.452982807697829588e-06 0.000000000000000000e+00
3.100760101114386746e-06 0.000000000000000000e+00
2.784465993641346634e-06 0.000000000000000000e+00
2.500435576089457804e-06 0.000000000000000000e+00
2.245377779599875612e-06 0.000000000000000000e+00
2.016337241931997934e-06 0.000000000000000000e+00
1.810660063593602760e-06 0.000000000000000000e+00
1.625963057028794787e-06 0.000000000000000000e+00
1.460106132553332122e-06 0.000000000000000000e+00
1.311167501072018971e-06 0.000000000000000000e+00
1.177421406251530969e-06 0.000000000000000000e+00
1.057318128130753438e-06 0.000000000000000000e+00
9.494660264696175934e-07 0.000000000000000000e+00
8.526154157725008359e-07 0.000000000000000000e+00
7.656440851453495443e-07 0.000000000000000000e+00
6.875442952048032926e-07 0.000000000000000000e+00
6.174111013721646161e-07 0.000000000000000000e+00
5.544318682537198475e-07 0.000000000000000000e+00
4.978768536104082862e-07 0.000000000000000000e+00
4.470907528128707751e-07 0.000000000000000000e+00
4.014851058072948815e-07 0.000000000000000000e+00
3.605314786113698800e-07 0.000000000000000000e+00
3.237553403340720895e-07 0.000000000000000000e+00
2.907305647721725372e-07 0.000000000000000000e+00
2.610744928733202810e-07 0.000000000000000000e+00
2.344434988542519281e-07 0.000000000000000000e+00
2.105290085986812142e-07 0.000000000000000000e+00
1.890539241998696353e-07 0.000000000000000000e+00
1.697694132189707809e-07 0.000000000000000000e+00
1.524520254562044600e-07 0.000000000000000000e+00
1.369011038267634944e-07 0.000000000000000000e+00
1.229364593412393796e-07 0.000000000000000000e+00
1.103962832504623342e-07 0.000000000000000000e+00
9.913527216273039619e-08 0.000000000000000000e+00
8.902294440911324531e-08 0.000000000000000000e+00
7.994212814848704935e-08 0.000000000000000000e+00
7.178760369393998391e-08 0.000000000000000000e+00
6.446488432914904049e-08 0.000000000000000000e+00
5.788912148799501571e-08 0.000000000000000000e+00
5.198412161171845916e-08 0.000000000000000000e+00
4.668146329189615458e-08 0.000000000000000000e+00
4.191970446955471851e-08 0.000000000000000000e+00
3.764367050421656175e-08 0.000000000000000000e+00
3.380381486370401455e-08 0.000000000000000000e+00
3.035564502700605069e-08 0.000000000000000000e+00
2.725920694811888051e-08 0.000000000000000000e+00
2.447862210733113038e-08 0.000000000000000000e+00
2.198167178575496634e-08 0.000000000000000000e+00
1.973942374607545235e-08 0.000000000000000000e+00
1.772589699385969236e-08 0.000000000000000000e+00
1.591776073500608713e-08 0.000000000000000000e+00
1.429406404114102324e-08 0.000000000000000000e+00
1.283599309059237502e-08 0.000000000000000000e+00
1.152665317208025704e-08 0.000000000000000000e+00
1.035087292519687804e-08 0.000000000000000000e+00
9.295028549404833477e-09 0.000000000000000000e+00
8.346885944656525183e-09 0.000000000000000000e+00
7.495458954514467400e-09 0.000000000000000000e+00
6.730882069231809920e-09 0.000000000000000000e+00
6.044296113798223270e-09 0.000000000000000000e+00
5.427745596417179509e-09 0.000000000000000000e+00
4.874086527986705378e-09 0.000000000000000000e+00
4.376903644486023112e-09 0.000000000000000000e+00
3.930436073121645622e-09 0.000000000000000000e+00
3.529510580923437391e-09 0.000000000000000000e+00
3.169481632341243446e-09 0.000000000000000000e+00
2.846177561286792018e-09 0.000000000000000000e+00
2.555852233915137063e-09 0.000000000000000000e+00
2.295141642061019202e-09 0.000000000000000000e+00
2.061024924376556352e-09 0.000000000000000000e+00
1.850789363521304164e-09 0.000000000000000000e+00
1.661998953826230346e-09 0.000000000000000000e+00
1.492466175223761597e-09 0.000000000000000000e+00
1.340226646388090833e-09 0.000000000000000000e+00
1.203516363390535487e-09 0.000000000000000000e+00
1.080751260133756391e-09 0.000000000000000000e+00
9.705088537310515445e-10 0.000000000000000000e+00
8.715117621549487065e-10 0.000000000000000000e+00
7.826129031738918484e-10 0.000000000000000000e+00
7.027822030764251173e-10 0.000000000000000000e+00
6.310946611765834776e-10 0.000000000000000000e+00
5.667196318035890426e-10 0.000000000000000000e+00
5.089111995858459942e-10 0.000000000000000000e+00
4.569995365074318940e-10 0.000000000000000000e+00
4.103831405910721032e-10 0.000000000000000000e+00
3.685218662768848181e-10 0.000000000000000000e+00
3.309306657398115513e-10 0.000000000000000000e+00
2.971739686260920067e-10 0.000000000000000000e+00
2.668606350866703638e-10 0.000000000000000000e+00
2.396394236282006058e-10 0.000000000000000000e+00
2.151949212674424066e-10 0.000000000000000000e+00
1.932438888317003453e-10 0.000000000000000000e+00
1.735319790581351898e-10 0.000000000000000000e+00
1.558307894644942027e-10 0.000000000000000000e+00
1.399352158427949333e-10 0.000000000000000000e+00
1.256610757107886125e-10 0.000000000000000000e+00
1.128429741840817744e-10 0.000000000000000000e+00
1.013323875407204851e-10 0.000000000000000000e+00
9.099594227241817564e-11 0.000000000000000000e+00
8.171386968177210836e-11 0.000000000000000000e+00
7.337861811881702438e-11 0.000000000000000000e+00
6.589360677687052368e-11 0.000000000000000000e+00
5.917210660787024431e-11 0.000000000000000000e+00
5.313623539032322270e-11 0.000000000000000000e+00
4.771605530569833602e-11 0.000000000000000000e+00
4.284876256685507557e-11 0.000000000000000000e+00
3.847795970869881952e-11 0.000000000000000000e+00
3.455300210908555544e-11 0.000000000000000000e+00
3.102841116808410419e-11 0.000000000000000000e+00
2.786334734609138389e-11 0.000000000000000000e+00
2.502113695487946735e-11 0.000000000000000000e+00
2.246884721848222748e-11 0.000000000000000000e+00
2.017690468014660393e-11 0.000000000000000000e+00
1.811875253381269900e-11 0.000000000000000000e+00
1.627054290961521763e-11 0.000000000000000000e+00
1.461086054791009195e-11 0.000000000000000000e+00
1.312047466002632243e-11 0.000000000000000000e+00
1.178211610054788645e-11 0.000000000000000000e+00
1.058027726921513810e-11 0.000000000000000000e+00
9.501032423900919449e-12 0.000000000000000000e+00
8.531876322624426230e-12 0.000000000000000000e+00
7.661579324941505011e-12 0.000000000000000000e+00
6.880057273769162227e-12 0.000000000000000000e+00
6.178254649958267478e-12 0.000000000000000000e+00
5.548039645725143171e-12 0.000000000000000000e+00
4.982109941154072403e-12 0.000000000000000000e+00
4.473908091999875027e-12 0.000000000000000000e+00
4.017545548387763026e-12 0.000000000000000000e+00
3.607734424011225683e-12 0.000000000000000000e+00
3.239726225236903448e-12 0.000000000000000000e+00
2.909256830168292170e-12 0.000000000000000000e+00
2.612497080138865163e-12 0.000000000000000000e+00
2.346008411137521156e-12 7.858431767817194703e-298
2.106703011065356224e-12 3.854876979750846138e-246
1.891808041165489600e-12 3.327709504991125527e-205
1.698833507058312318e-12 1.897740723159486257e-172
1.525543407102759323e-12 5.576332426624385414e-146
1.369929823779259231e-12 2.145977802393950712e-124
1.230189657889858539e-12 1.224915843885752152e-106
1.104703735994450773e-12 6.517913112137962273e-92
9.920180490001966618e-13 1.318012663722394724e-79
8.908269045150435781e-13 2.994476742548630643e-69
7.999577977514171418e-13 1.777042423162746714e-60
7.183578256784567667e-13 5.341511149391531393e-53
6.450814870034387569e-13 1.373780852187939343e-46
5.792797266202974532e-13 4.594257971461726137e-41
5.201900975829791438e-13 2.797745236935148590e-36
4.671279266100651212e-13 4.076392533994934838e-32
4.194783807552396885e-13 1.776037091065752942e-28
3.766893433196990280e-13 2.779228464021722319e-25
3.382650164596204741e-13 1.817506173295905017e-22
3.037601763618708978e-13 5.632867416888998756e-20
2.727750144224801516e-13 9.187385251440120286e-18
2.449505046525380077e-13 8.606930500088448389e-16
2.199642436334089633e-13 4.982173882460324506e-14
1.975267148187782123e-13 1.893933852477571926e-12
1.773779338978599090e-13 4.974045611132730392e-11
1.592844363494774352e-13 9.412994183880391716e-10
1.430365722817612998e-13 1.329026069774300522e-08
1.284460772126319324e-13 1.440784464453340883e-07
1.153438906436736281e-13 1.228037925462046064e-06
1.035781971511355275e-13 8.392271815441543908e-06
9.301266729611354944e-14 4.673948126338190324e-05
8.352487797131607013e-14 2.150707769568136233e-04
7.500489388088693679e-14 8.272789360038898228e-04
6.735399371687903143e-14 2.687172430541051853e-03
6.048352627253576104e-14 7.436718249488213223e-03
5.431388323813404020e-14 1.767483832712992212e-02
4.877357677713875713e-14 3.633409725592590817e-02
4.379841119452930234e-14 6.502076055460086212e-02
3.933073909937684166e-14 1.018797660760152740e-01
3.531879344281943693e-14 1.405019877469414202e-01
3.171608769173446397e-14 1.713345272627928295e-01
2.848087718790071842e-14 1.854973028940911373e-01
2.557567545141075538e-14 1.789284714933764009e-01
2.296681982371584761e-14 1.542232079059578376e-01
2.062408141740521106e-14 1.190675791201283168e-01
1.852031485319273594e-14 8.249519819882401850e-02
1.663114372560211151e-14 5.136344464133659610e-02
1.493467815283669439e-14 2.876467062155931703e-02
1.341126113806960522e-14 1.449553829891245260e-02
1.204324080323973685e-14 6.573236818652539518e-03
1.081476585621817910e-14 2.681109906743861949e-03
9.711601921416165390e-15 9.828560260533598242e-04
8.720966605654770337e-15 3.234386327854738160e-04
7.831381388195856581e-15 9.540068450609938649e-05
7.032538618782587189e-15 2.517383895264418986e-05
6.315182082590771284e-15 5.929535857296279938e-06
5.670999748193179668e-15 1.243533118543147278e-06
5.092527455805918056e-15 2.315317011026793313e-07
4.573062429847540559e-15 3.814965742574033282e-08
4.106585613680019891e-15 5.543293572601742114e-09
3.687691926621245064e-15 7.075720395136255100e-10
3.311527635115157544e-15 7.901047556091261118e-11
2.973734112377097004e-15 7.683358304849400783e-12
2.670397334856509999e-15 6.475366819459231326e-13
2.398002530329945663e-15 4.705107195273173381e-14
2.153393452131276395e-15 2.931287019946723977e-15
1.933735807628152926e-15 1.556556285097385788e-16
1.736484417189212825e-15 7.000988858957103514e-18
1.559353723112520424e-15 2.649366908085093423e-19
1.400291306800668578e-15 8.375971883840006482e-21
1.257454107325740825e-15 2.195709873301270519e-22
1.129187065827784140e-15 4.734818233727185766e-24
1.014003948298717514e-15 8.328363910505236874e-26
9.105701245449817761e-16 1.184330778903449569e-27
8.176871037878898860e-16 1.348821291409694486e-29
7.342786477155041963e-16 1.218122569602094046e-31
6.593783000774573532e-16 8.632588050134235958e-34
5.921181883277172119e-16 4.748219990520980479e-36
5.317189675597637853e-16 2.003795660719417730e-38
4.774807902140353935e-16 6.410150226719259221e-41
4.287751969235406968e-16 1.534973106569841850e-43
3.850378345365672788e-16 2.715447184296846379e-46
3.457619169400045266e-16 3.500581287330968260e-49
3.104923529136221200e-16 3.241888383119858662e-52
2.788204729746602458e-16 2.124964206715333660e-55
2.503792941124074990e-16 9.706263076383690500e-59
2.248392675451950786e-16 3.039752324077200502e-62
2.019044602289080314e-16 6.416591709337867429e-66
1.813091258720266071e-16 8.967363392582799382e-70
1.628146257254980763e-16 8.141701724061831127e-74
1.462066634684709479e-16 4.707551016340038610e-78
1.312928021504826999e-16 1.697266210968689440e-82
1.179002344188188420e-16 3.731616574111265783e-87
1.058737801945915784e-16 4.886441149256923063e-92
9.507408859658300967e-17 3.717098963526203219e-97
8.537602327844972379e-17 1.599865267890934684e-102
7.666721247017412358e-17 3.789170439217402798e-108
6.884674692303903430e-17 4.795569776472998053e-114
6.182401067117006101e-17 3.144459664143433910e-120
5.551763106166280700e-17 1.034040495303369329e-126
4.985453588723920238e-17 1.648061830168352698e-133
4.476910669641923251e-17 1.228218980310337460e-140
4.020241847058128352e-17 4.122001936771027254e-148
3.610155685802369545e-17 5.988968922164674841e-156
3.241900505380898397e-17 3.614753150003329914e-164
2.911209322113502013e-17 8.679943646758631851e-173
2.614250407467329799e-17 7.925319724945623617e-182
2.347582889704913673e-17 2.624266226971084734e-191
2.108116884401494913e-17 2.998842706888163398e-201
1.893077691862549232e-17 1.122798466442609765e-211
1.699973646596488480e-17 1.304459941603781858e-222
1.526567246312673300e-17 4.442151902914170676e-234
1.370849225916153648e-17 4.176936756999800453e-246
1.231015276093539223e-17 1.018698686771254309e-258
1.105445136727468944e-17 6.034865281176054927e-272
9.926838228947838916e-18 8.106928729762258554e-286
8.914247659130490737e-18 2.297724249792420461e-300
8.004946740905635122e-18 0.000000000000000000e+00
7.188399377607955213e-18 0.000000000000000000e+00
6.455144210759306037e-18 0.000000000000000000e+00
5.796684991028602840e-18 0.000000000000000000e+00
5.205392131938720610e-18 0.000000000000000000e+00
4.674414305622190233e-18 0.000000000000000000e+00
4.197599056282387938e-18 0.000000000000000000e+00
3.769421511505750897e-18 0.000000000000000000e+00
3.384920365401960049e-18 0.000000000000000000e+00
3.039640391805371683e-18 0.000000000000000000e+00
2.729580821437592150e-18 0.000000000000000000e+00
2.451148984875372432e-18 0.000000000000000000e+00
2.201118684183661310e-18 0.000000000000000000e+00
1.976592810864440285e-18 0.000000000000000000e+00
1.774969776975004599e-18 0.000000000000000000e+00
1.593913370451274397e-18 0.000000000000000000e+00
1.431325685349468414e-18 0.000000000000000000e+00
1.285322813347832827e-18 0.000000000000000000e+00
1.154213014845045285e-18 0.000000000000000000e+00
1.036477116723492700e-18 0.000000000000000000e+00
9.307509096452771996e-19 0.000000000000000000e+00
8.358093409182510135e-19 0.000000000000000000e+00
7.505523197742027836e-19 0.000000000000000000e+00
6.739919705845047569e-19 0.000000000000000000e+00
6.052411863160260764e-19 0.000000000000000000e+00
5.435033495956194407e-19 0.000000000000000000e+00
4.880631022810426469e-19 0.000000000000000000e+00
4.382780565849878814e-19 0.000000000000000000e+00
3.935713517087393325e-19 0.000000000000000000e+00
3.534249697390621173e-19 0.000000000000000000e+00
3.173737333592699716e-19 0.000000000000000000e+00
2.849999158258916946e-19 0.000000000000000000e+00
2.559284007565278581e-19 0.000000000000000000e+00
2.298223356452036212e-19 0.000000000000000000e+00
2.063792287424334390e-19 0.000000000000000000e+00
1.853274440743443020e-19 0.000000000000000000e+00
1.664230539886076950e-19 0.000000000000000000e+00
1.494470127575088001e-19 0.000000000000000000e+00
1.342026184886154542e-19 0.000000000000000000e+00
1.205132339341165695e-19 0.000000000000000000e+00
1.082202397898157118e-19 0.000000000000000000e+00
9.718119676854601916e-20 0.000000000000000000e+00
8.726819515193527686e-20 0.000000000000000000e+00
7.836637269671196036e-20 0.000000000000000000e+00
7.037258372248659871e-20 0.000000000000000000e+00
6.319420395970643263e-20 0.000000000000000000e+00
5.674805730949604704e-20 0.000000000000000000e+00
5.095945207973795435e-20 0.000000000000000000e+00
4.576131553022521548e-20 0.000000000000000000e+00
4.109341669883127383e-20 0.000000000000000000e+00
3.690166850357318171e-20 0.000000000000000000e+00
3.313750103398759778e-20 0.000000000000000000e+00
2.975729877014100042e-20 0.000000000000000000e+00
2.672189520830906687e-20 0.000000000000000000e+00
2.399611903753660957e-20 0.000000000000000000e+00
2.154838660861769565e-20 0.000000000000000000e+00
1.935033597341818711e-20 0.000000000000000000e+00
1.737649825413864437e-20 0.000000000000000000e+00
1.560400253467825189e-20 0.000000000000000000e+00
1.401231085464836512e-20 0.000000000000000000e+00
1.258298023541935038e-20 0.000000000000000000e+00
1.129944898078216081e-20 0.000000000000000000e+00
1.014684477608096155e-20 0.000000000000000000e+00
9.111812362266002264e-21 0.000000000000000000e+00
8.182358788108959975e-21 0.000000000000000000e+00
7.347714447523123601e-21 0.000000000000000000e+00
6.598208291819396701e-21 0.000000000000000000e+00
5.925155770977010747e-21 0.000000000000000000e+00
5.320758205507142835e-21 0.000000000000000000e+00
4.778012422921232718e-21 0.000000000000000000e+00
4.290629611764688053e-21 0.000000000000000000e+00
3.852962452972691576e-21 0.000000000000000000e+00
3.459939684215983897e-21 0.000000000000000000e+00
3.107007339035140561e-21 0.000000000000000000e+00
2.790075979895497218e-21 0.000000000000000000e+00
2.505473313753739611e-21 0.000000000000000000e+00
2.249901641089885027e-21 0.000000000000000000e+00
2.020399645364707541e-21 0.000000000000000000e+00
1.814308080157930912e-21 0.000000000000000000e+00
1.629238956400709859e-21 0.000000000000000000e+00
1.463047872675805141e-21 0.000000000000000000e+00
1.313809167974997457e-21 0.000000000000000000e+00
1.179793609007612926e-21 0.000000000000000000e+00
1.059448353523548209e-21 0.000000000000000000e+00
9.513789574838060833e-22 0.000000000000000000e+00
8.543332175964212947e-22 0.000000000000000000e+00
7.671866619995930506e-22 0.000000000000000000e+00
6.889295209730400944e-22 0.000000000000000000e+00
6.186550267064077669e-22 0.000000000000000000e+00
5.555489065536373390e-22 0.000000000000000000e+00
4.988799480318770183e-22 0.000000000000000000e+00
4.479915262406502845e-22 0.000000000000000000e+00
4.022939955297554558e-22 0.000000000000000000e+00
3.612578572576914551e-22 0.000000000000000000e+00
3.244076244751246051e-22 0.000000000000000000e+00
2.913163124436270166e-22 0.000000000000000000e+00
2.616004911507879595e-22 0.000000000000000000e+00
2.349158424953430028e-22 0.000000000000000000e+00
2.109531706631599216e-22 0.000000000000000000e+00
1.894348194661286105e-22 0.000000000000000000e+00
1.701114551317470794e-22 0.000000000000000000e+00
1.527591772652680980e-22 0.000000000000000000e+00
1.371769245092176828e-22 0.000000000000000000e+00
1.231841448395037871e-22 0.000000000000000000e+00
1.106187035037347459e-22 0.000000000000000000e+00
9.933500436107640593e-23 0.000000000000000000e+00
8.920230285542915342e-23 0.000000000000000000e+00
8.010319107439784962e-23 0.000000000000000000e+00
7.193223734034088581e-23 0.000000000000000000e+00
6.459476457038087236e-23 0.000000000000000000e+00
5.800575325026163339e-23 0.000000000000000000e+00
5.208885631070266129e-23 0.000000000000000000e+00
4.677551449165437963e-23 0.000000000000000000e+00
4.200416194412552556e-23 0.000000000000000000e+00
3.771951286485706926e-23 0.000000000000000000e+00
3.387192089809434678e-23 0.000000000000000000e+00
3.041680388178331689e-23 0.000000000000000000e+00
2.731412727274317705e-23 0.000000000000000000e+00
2.452794026523131493e-23 0.000000000000000000e+00
2.202595922788621069e-23 0.000000000000000000e+00
1.977919363234173236e-23 0.000000000000000000e+00
1.776161013911092016e-23 0.000000000000000000e+00
1.594983094851312158e-23 0.000000000000000000e+00
1.432286292141807792e-23 0.000000000000000000e+00
1.286185433111754059e-23 0.000000000000000000e+00
1.154987642781362361e-23 0.000000000000000000e+00
1.037172728469003125e-23 0.000000000000000000e+00
9.313755652739096625e-24 0.000000000000000000e+00
8.363702783332674694e-24 0.000000000000000000e+00
7.510560385740019683e-24 0.000000000000000000e+00
6.744443073737740964e-24 0.000000000000000000e+00
6.056473823345151106e-24 0.000000000000000000e+00
5.438681114486428812e-24 0.000000000000000000e+00
4.883906564749902710e-24 0.000000000000000000e+00
4.385721984999815371e-24 0.000000000000000000e+00
3.938354895758804157e-24 0.000000000000000000e+00
3.536621641316255717e-24 0.000000000000000000e+00
3.175867326557180454e-24 0.000000000000000000e+00
2.851911880553784426e-24 0.000000000000000000e+00
2.561001621960266305e-24 0.000000000000000000e+00
2.299765764996131918e-24 0.000000000000000000e+00
2.065177362050935614e-24 0.000000000000000000e+00
1.854518230353330535e-24 0.000000000000000000e+00
1.665347456306285564e-24 0.000000000000000000e+00
1.495473112549196796e-24 0.000000000000000000e+00
1.342926860030785803e-24 0.000000000000000000e+00
1.205941140805872435e-24 0.000000000000000000e+00
1.082928697289498604e-24 0.000000000000000000e+00
9.724641806559887067e-25 0.000000000000000000e+00
8.732676352800379047e-25 0.000000000000000000e+00
7.841896678530561983e-25 0.000000000000000000e+00
7.041981293286613860e-25 0.000000000000000000e+00
6.323661553813337245e-25 0.000000000000000000e+00
5.678614268018526308e-25 0.000000000000000000e+00
5.099365253900554822e-25 0.000000000000000000e+00
4.579202735980639806e-25 0.000000000000000000e+00
4.112099575760417776e-25 0.000000000000000000e+00
3.692643435090978065e-25 0.000000000000000000e+00
3.315974063249423763e-25 0.000000000000000000e+00
2.977726981070302239e-25 0.000000000000000000e+00
2.673982909596538130e-25 0.000000000000000000e+00
2.401222357277395078e-25 0.000000000000000000e+00
2.156284839516411561e-25 0.000000000000000000e+00
1.936332258042185412e-25 0.000000000000000000e+00
1.738816015779945162e-25 0.000000000000000000e+00
1.561447486181925375e-25 0.000000000000000000e+00
1.402171494843379004e-25 0.000000000000000000e+00
1.259142506136329083e-25 0.000000000000000000e+00
1.130703238933242667e-25 0.000000000000000000e+00
1.015365463641699046e-25 0.000000000000000000e+00
9.117927580441153033e-26 0.000000000000000000e+00
8.187850221337040559e-26 0.000000000000000000e+00
7.352645725204104169e-26 0.000000000000000000e+00
6.602636552813298802e-26 0.000000000000000000e+00
5.929132325675535911e-26 0.000000000000000000e+00
5.324329130367121885e-26 0.000000000000000000e+00
4.781219094354602423e-26 0.000000000000000000e+00
4.293509185568616094e-26 0.000000000000000000e+00
3.855548294853831694e-26 0.000000000000000000e+00
3.462261756401036684e-26 0.000000000000000000e+00
3.109092547443148933e-26 0.000000000000000000e+00
2.791948485897938392e-26 0.000000000000000000e+00
2.507154814133297468e-26 0.000000000000000000e+00
