# k_modes P_scalar P_tensor
4.5730822523274254e-05 3.0274748430711307e-09 1.6690864350461530e-11
4.8415747232371102e-05 3.0193601822713298e-09 1.6690176601133675e-11
5.1258307870492727e-05 3.0112559273530932e-09 1.6689487748605686e-11
5.4267759477839966e-05 3.0031621198403162e-09 1.6688798042456522e-11
5.7453900471810107e-05 2.9950772985168469e-09 1.6688099293912436e-11
6.0827104549481152e-05 2.9870042543586420e-09 1.6687407048536931e-11
6.4398354463138423e-05 2.9789409037757258e-09 1.6686709707729599e-11
6.8179277778813879e-05 2.9708868357228061e-09 1.6686004918708968e-11
7.2182184734260625e-05 2.9628427150543977e-09 1.6685296285953880e-11
7.6420108319627468e-05 2.9548117434802685e-09 1.6684601938141131e-11
8.0906846711328330e-05 2.9467884870996992e-09 1.6683891200505981e-11
8.5657008197267053e-05 2.9387759498475907e-09 1.6683181008208367e-11
9.0686058739690729e-05 2.9307743876806225e-09 1.6682472853071863e-11
9.6010372330527491e-05 2.9227829534966668e-09 1.6681761795643182e-11
1.0164728430316097e-04 2.9148012896927744e-09 1.6681045895696813e-11
1.0761514777422048e-04 2.9068302760554668e-09 1.6680330126108651e-11
1.1393339339915027e-04 2.8988700810763451e-09 1.6679615447553142e-11
1.2062259263611894e-04 2.8909189715131581e-09 1.6678891884705625e-11
1.2770452472424642e-04 2.8829801175439349e-09 1.6678177675665166e-11
1.3520224759422324e-04 2.8750486972038197e-09 1.6677444927386392e-11
1.4314017294219655e-04 2.8671300020745750e-09 1.6676724290106303e-11
1.5154414571135700e-04 2.8592206538013500e-09 1.6675996119904017e-11
1.6044152824000744e-04 2.8513220947184074e-09 1.6675268912359578e-11
1.6986128935009084e-04 2.8434324676126368e-09 1.6674531682725368e-11
1.7983409866623656e-04 2.8355551554604849e-09 1.6673804228719198e-11
1.9039242647242026e-04 2.8276856139418509e-09 1.6673059876842311e-11
2.0157064943135676e-04 2.8198289822051297e-09 1.6672328845999355e-11
2.1340516251083436e-04 2.8119814721143429e-09 1.6671588812626478e-11
2.2593449748141284e-04 2.8041445304806233e-09 1.6670848237472255e-11
2.3919944837129688e-04 2.7963175346482141e-09 1.6670103602106994e-11
2.5324320428685192e-04 2.7885007666863355e-09 1.6669356292981310e-11
2.6811149003121159e-04 2.7806939812844901e-09 1.6668605011316288e-11
2.8385271497881060e-04 2.7728983537305326e-09 1.6667856636630181e-11
3.0051813069056514e-04 2.7651133643125089e-09 1.6667108231668087e-11
3.1816199778287604e-04 2.7573373060555191e-09 1.6666349396561018e-11
3.3684176259375642e-04 2.7495725130839505e-09 1.6665594185869324e-11
3.5661824422129429e-04 2.7418184503139616e-09 1.6664839351358529e-11
3.7755583254341985e-04 2.7340735943518186e-09 1.6664075676376973e-11
3.9972269786370886e-04 2.7263391829624013e-09 1.6663310619583516e-11
4.2319101286580484e-04 2.7186165527865382e-09 1.6662552360116185e-11
4.4803718759911222e-04 2.7109020541199811e-09 1.6661778517944933e-11
4.7434211826085331e-04 2.7032001109120198e-09 1.6661016256333988e-11
5.0219145058449032e-04 2.6955072819861084e-09 1.6660244356716359e-11
5.3167585869206982e-04 2.6878240743539980e-09 1.6659465948657726e-11
5.6289134031840848e-04 2.6801531124653801e-09 1.6658697226487071e-11
5.9593952936833039e-04 2.6724897690381947e-09 1.6657909507603282e-11
6.3092802682459734e-04 2.6648390015950819e-09 1.6657133527014669e-11
6.6797075108395148e-04 2.6571976632952595e-09 1.6656349708875600e-11
7.0718830886189340e-04 2.6495669974267084e-09 1.6655565836728903e-11
7.4870838787384117e-04 2.6419464270037471e-09 1.6654778224718707e-11
7.9266617257118610e-04 2.6343358226730592e-09 1.6653986042457018e-11
8.3920478428582321e-04 2.6267369679343384e-09 1.6653200450162182e-11
8.8847574721623085e-04 2.6191472993470099e-09 1.6652405442447398e-11
9.4063948177228781e-04 2.6115682778143598e-09 1.6651610076598341e-11
9.9586582688508587e-04 2.6039984865093894e-09 1.6650805320576917e-11
1.0543345929823536e-03 2.5964408969384152e-09 1.6650010131025966e-11
1.1162361474298650e-03 2.5888921734697858e-09 1.6649203178883631e-11
1.1817720343450023e-03 2.5813553680607538e-09 1.6648404071481176e-11
1.2511556308004946e-03 2.5738277176552906e-09 1.6647594979371085e-11
1.3246128415548453e-03 2.5663100934288640e-09 1.6646781441444552e-11
1.4023828345714271e-03 2.5588028354310552e-09 1.6645965668803813e-11
1.4847188197210041e-03 2.5513068799307535e-09 1.6645153761283853e-11
1.5718888732030119e-03 2.5438214989745521e-09 1.6644340895059882e-11
1.6641768103698826e-03 2.5363455789363346e-09 1.6643519894031966e-11
1.7618831097961419e-03 2.5288794857517882e-09 1.6642692993679862e-11
1.8653258916010067e-03 2.5214248581590060e-09 1.6641870995373855e-11
1.9748419532097570e-03 2.5139800763722633e-09 1.6641043228718061e-11
2.0907878659261860e-03 2.5065457485165377e-09 1.6640213678019557e-11
2.2135411358864647e-03 2.4991221620150819e-09 1.6639384232906098e-11
2.3435014331743445e-03 2.4917077202662935e-09 1.6638544233461388e-11
2.4810918930995179e-03 2.4843056080040928e-09 1.6637714902330981e-11
2.6267604938759949e-03 2.4769121710918125e-09 1.6636871867083153e-11
2.7809815151860311e-03 2.4695299808145456e-09 1.6636032202934505e-11
2.9442570823784743e-03 2.4621583327817119e-09 1.6635191262037444e-11
3.1171188013293695e-03 2.4547961649099010e-09 1.6634341866205676e-11
3.3001294892875902e-03 2.4474447813936134e-09 1.6633492751795541e-11
3.4938850073410409e-03 2.4401038519977465e-09 1.6632641665328006e-11
3.6990162004696767e-03 2.4327728009397030e-09 1.6631784689237942e-11
3.9161909515018972e-03 2.4254527098655393e-09 1.6630929162754417e-11
4.1461163556618073e-03 2.4181424951385810e-09 1.6630067678959119e-11
4.3895410227873946e-03 2.4108433518401825e-09 1.6629208382032429e-11
4.6472575147153052e-03 2.4035540545391847e-09 1.6628342858444503e-11
4.9201049257682128e-03 2.3962748924729500e-09 1.6627473013423316e-11
5.2089716147463360e-03 2.3890069195863478e-09 1.6626606196085640e-11
5.5147980973183179e-03 2.3817494054182272e-09 1.6625737249134738e-11
5.8385801082286781e-03 2.3745012682062341e-09 1.6624858784541700e-11
6.1813718432919733e-03 2.3672640700131552e-09 1.6623981462858467e-11
6.5442893917293278e-03 2.3600375741264775e-09 1.6623103713470538e-11
6.9285143700225102e-03 2.3528201088870558e-09 1.6622213741894027e-11
7.3352977691170437e-03 2.3456131289907720e-09 1.6621321709556828e-11
7.7659640275002653e-03 2.3384178932701616e-09 1.6620436527110134e-11
8.2219153434159413e-03 2.3312334104541831e-09 1.6619551269646106e-11
8.7046362402553746e-03 2.3240574313146889e-09 1.6618649828766268e-11
9.2156983999894890e-03 2.3168941976563896e-09 1.6617762494596233e-11
9.7567657803788004e-03 2.3097398338220912e-09 1.6616861442951842e-11
1.0329600032622521e-02 2.3025961820974904e-09 1.6615959861709978e-11
1.0936066237085840e-02 2.2954628327656894e-09 1.6615054851805441e-11
1.1578138975780366e-02 2.2883396653865031e-09 1.6614145465992860e-11
1.2257908761368837e-02 2.2812270122507846e-09 1.6613234065572197e-11
1.2977588843626355e-02 2.2741252412424499e-09 1.6612323313928137e-11
1.3739522415519123e-02 2.2670327985450702e-09 1.6611401908469873e-11
1.4546190242362677e-02 2.2599518805566242e-09 1.6610485834023561e-11
1.5400218738899490e-02 2.2528796206769929e-09 1.6609553991370311e-11
1.6304388520593745e-02 2.2458202278191102e-09 1.6608637442143275e-11
1.7261643456985463e-02 2.2387696710184766e-09 1.6607706342124802e-11
1.8275100256580388e-02 2.2317293685237274e-09 1.6606771066832273e-11
1.9348058614483167e-02 2.2247007703642183e-09 1.6605842585827584e-11
2.0484011955813109e-02 2.2176819574076215e-09 1.6604906483633260e-11
2.1686658809882006e-02 2.2106731044217580e-09 1.6603963946484649e-11
2.2959914852166658e-02 2.2036754517485401e-09 1.6603024359899845e-11
2.4307925653283765e-02 2.1966873949030328e-09 1.6602075594952284e-11
2.5735080176475966e-02 2.1897097248131360e-09 1.6601123558668013e-11
2.7246025067555586e-02 2.1827429946158470e-09 1.6600172424643764e-11
2.8845679783831960e-02 2.1757881095002783e-09 1.6599229036765206e-11
3.0539252611280900e-02 2.1688414111650458e-09 1.6598265650836139e-11
3.2332257622105877e-02 2.1619056296284088e-09 1.6597302853975509e-11
3.4230532627903064e-02 2.1549807041100865e-09 1.6596340300053172e-11
3.6240258186883104e-02 2.1480649758894727e-09 1.6595365200768095e-11
3.8367977727035533e-02 2.1411623024558781e-09 1.6594407166534236e-11
4.0620618850753937e-02 2.1342685973699311e-09 1.6593434749187833e-11
4.3005515890287602e-02 2.1273844379273886e-09 1.6592452263224786e-11
4.5530433787456998e-02 2.1205113142152425e-09 1.6591471279566355e-11
4.8203593375383227e-02 2.1136482995401925e-09 1.6590484580870498e-11
5.1033698144545316e-02 2.1067969306569381e-09 1.6589504116368369e-11
5.4029962580312819e-02 2.0999556650128998e-09 1.6588517809709095e-11
5.7202142164216707e-02 2.0931236602135554e-09 1.6587518976464970e-11
6.0560565136640043e-02 2.0863033527956008e-09 1.6586526806258312e-11
6.4116166124343246e-02 2.0794929830800354e-09 1.6585527396220412e-11
6.7880521742311808e-02 2.0726931582282277e-09 1.6584525417508106e-11
7.1865888285840854e-02 2.0659040953343090e-09 1.6583522733587201e-11
7.6085241635578782e-02 2.0591246284096662e-09 1.6582509881788188e-11
8.0552319505455397e-02 2.0523566892253140e-09 1.6581502361403815e-11
8.5281666171048237e-02 2.0455989558512413e-09 1.6580489531470507e-11
9.0288679824018642e-02 2.0388504939004024e-09 1.6579463704437485e-11
9.5589662706796766e-02 2.0321136073213957e-09 1.6578443602918257e-11
1.0120187419074934e-01 2.0253868156244276e-09 1.6577417138400404e-11
1.0714358697064455e-01 2.0186707053218925e-09 1.6576389103754601e-11
1.1343414655837879e-01 2.0119638842317101e-09 1.6575347960765969e-11
1.2009403426966805e-01 2.0052694896056467e-09 1.6574319564446029e-11
1.2714493390878251e-01 1.9985852581321263e-09 1.6573285215631504e-11
1.3460980236843995e-01 1.9919111009981828e-09 1.6572244167247865e-11
1.4251294437472539e-01 1.9852467764831156e-09 1.6571194334446756e-11
1.5088009162039556e-01 1.9785933094126211e-09 1.6570144205473787e-11
1.5973848654421813e-01 1.9719511376517795e-09 1.6569097441472131e-11
1.6911697102911966e-01 1.9653185151683959e-09 1.6568039386362952e-11
1.7904608030793517e-01 1.9586960044136110e-09 1.6566974667080870e-11
1.8955814238250321e-01 1.9520850981525936e-09 1.6565915873448302e-11
2.0068738327980537e-01 1.9454840013267698e-09 1.6564847842182029e-11
2.1247003848784840e-01 1.9388931862294982e-09 1.6563774486102089e-11
2.2494447093411502e-01 1.9323138926147858e-09 1.6562706436622204e-11
2.3815129589070405e-01 1.9257440905665681e-09 1.6561626032819461e-11
2.5213351321283883e-01 1.9191841148015468e-09 1.6560536363013015e-11
2.6693664734129297e-01 1.9126358790195176e-09 1.6559453712698783e-11
2.8260889552456941e-01 1.9060975600198612e-09 1.6558362474496881e-11
2.9920128474342306e-01 1.8995706381222907e-09 1.6557275366233611e-11
3.1676783784865759e-01 1.8930529601440826e-09 1.6556173582891740e-11
3.3536574945311665e-01 1.8865466038213296e-09 1.6555075216579271e-11
3.5505557215055900e-01 1.8800507931246664e-09 1.6553973551497809e-11
3.7590141366771912e-01 1.8735654188226110e-09 1.6552867464279354e-11
3.9797114559146174e-01 1.8670902360079749e-09 1.6551754857354680e-11
4.2133662435061375e-01 1.8606254810567869e-09 1.6550637637641261e-11
4.4607392517197281e-01 1.8541715465953241e-09 1.6549519429192888e-11
4.7226358977222194e-01 1.8477277518358158e-09 1.6548394079425499e-11
4.9999088859220014e-01 1.8412949998632624e-09 1.6547269497734712e-11
5.2934609842734615e-01 1.8348716868006519e-09 1.6546131401439252e-11
5.6042479635822762e-01 1.8284604530335241e-09 1.6545003441582213e-11
5.9332817093818468e-01 1.8220585762390421e-09 1.6543861057588606e-11
6.2816335165124548e-01 1.8156680127360281e-09 1.6542721926754559e-11
6.6504375771302482e-01 1.8092873084507034e-09 1.6541572789272691e-11
7.0408946735023126e-01 1.8029168095181366e-09 1.6540416694978245e-11
7.4542760876112224e-01 1.7965581879351145e-09 1.6539268915682966e-11
7.8919277402984478e-01 1.7902089027331497e-09 1.6538106204022044e-11
8.3552745734228873e-01 1.7838696141729658e-09 1.6536934414040531e-11
8.8458251893024620e-01 1.7775429974417307e-09 1.6535778436762699e-11
9.3651767625444005e-01 1.7712251529359725e-09 1.6534601922920096e-11
9.9150202402561316e-01 1.7649186844306083e-09 1.6533429150027579e-11
1.0497145847568585e+00 1.7586227488138531e-09 1.6532252204336059e-11
1.1113448916396775e+00 1.7523364277464695e-09 1.6531062291592833e-11
1.1765936056415591e+00 1.7460610507642208e-09 1.6529872101696151e-11
1.2456731688342964e+00 1.7397964223769745e-09 1.6528679409217962e-11
1.3188084960801627e+00 1.7335427897425783e-09 1.6527486847542539e-11
1.3962377073280114e+00 1.7272988300744713e-09 1.6526281674176816e-11
1.4782129029035980e+00 1.7210662848815076e-09 1.6525080500559178e-11
1.5650009843183095e+00 1.7148435470804647e-09 1.6523867846040765e-11
1.6568845232688409e+00 1.7086320398171864e-09 1.6522657365175900e-11
1.7541626816571085e+00 1.7024304543836664e-09 1.6521436413882595e-11
1.8571521856258979e+00 1.6962390000828227e-09 1.6520206882269799e-11
1.9661883567816310e+00 1.6900595035944278e-09 1.6518986579966669e-11
2.0816262039617248e+00 1.6838896084945948e-09 1.6517752493424082e-11
2.2038415791012347e+00 1.6777303228242179e-09 1.6516514259507040e-11
2.3332324009621943e+00 1.6715814441783860e-09 1.6515270134105547e-11
2.4702199507098612e+00 1.6654433889382059e-09 1.6514023788105766e-11
2.6152502435542426e+00 1.6593159970002456e-09 1.6512773933514332e-11
2.7687954809226922e+00 1.6531996322358546e-09 1.6511524013444571e-11
2.9313555878917184e+00 1.6470931508112161e-09 1.6510262653671303e-11
3.1034598408837568e+00 1.6409974985543357e-09 1.6508999181103638e-11
3.2856685909283923e+00 1.6349118000225844e-09 1.6507724789040685e-11
3.4785750880988142e+00 1.6288378560328762e-09 1.6506457629617325e-11
3.6828074130637081e+00 1.6227735974120437e-09 1.6505176548712192e-11
3.8990305220433843e+00 1.6167198489143688e-09 1.6503890046497827e-11
4.1279484118283136e+00 1.6106775335185304e-09 1.6502607436004132e-11
4.3703064119092137e+00 1.6046447558215696e-09 1.6501309276690042e-11
4.6268936111813792e+00 1.5986234713086934e-09 1.6500015547928742e-11
4.8985454271245708e+00 1.5926127302020787e-09 1.6498716513080443e-11
5.1861463258231870e+00 1.5866117317980218e-09 1.6497403798526560e-11
5.4906327016828778e+00 1.5806219569947026e-09 1.6496092795775431e-11
5.8129959262196937e+00 1.5746425706753945e-09 1.6494774418252072e-11
6.1542855758481005e+00 1.5686737336602936e-09 1.6493450668869853e-11
6.5156128491772272e+00 1.5627149824617335e-09 1.6492116445445716e-11
6.8981541849417898e+00 1.5567683739517501e-09 1.6490793483048476e-11
7.3031550923469419e+00 1.5508314959302697e-09 1.6489456125827860e-11
7.7319342062985719e+00 1.5449053210462491e-09 1.6488114763784517e-11
8.1858875807220794e+00 1.5389888536896804e-09 1.6486758611664532e-11
8.6664932339482821e+00 1.5330846242541414e-09 1.6485414683549212e-11
9.1753159609658397e+00 1.5271898873109389e-09 1.6484053565615115e-11
9.7140124282080595e+00 1.5213058268453832e-09 1.6482687830787441e-11
1.0284336567462187e+01 1.5154329567850881e-09 1.6481323062973886e-11
1.0888145286463367e+01 1.5095701544559060e-09 1.6479947008046593e-11
1.1527404514765756e+01 1.5037177362817726e-09 1.6478562997727972e-11
1.2204195604576077e+01 1.4978769192194769e-09 1.6477184329422540e-11
1.2920722107389404e+01 1.4920462691713972e-09 1.6475795253443997e-11
1.3679316948491332e+01 1.4862259083655181e-09 1.6474396997555634e-11
1.4482450022686079e+01 1.4804163459123907e-09 1.6472995164780190e-11
1.5332736235980880e+01 1.4746179978332651e-09 1.6471594270234134e-11
1.6232944019409619e+01 1.4688294892500658e-09 1.6470179002018798e-11
1.7186004342716004e+01 1.4630516952315010e-09 1.6468759033069237e-11
1.8195020257243268e+01 1.4572852560054594e-09 1.6467341469800155e-11
1.9263276999101066e+01 1.4515286662523256e-09 1.6465909440954222e-11
2.0394252685504753e+01 1.4457829780786127e-09 1.6464474576525350e-11
2.1591629639112103e+01 1.4400484216414119e-09 1.6463039554166372e-11
2.2859306377229281e+01 1.4343239115929215e-09 1.6461592009063572e-11
2.4201410304920582e+01 1.4286099460920835e-09 1.6460137389561474e-11
2.5622311153349493e+01 1.4229071819657348e-09 1.6458683216673153e-11
2.7126635207105224e+01 1.4172147654188056e-09 1.6457219701954070e-11
2.8719280366836351e+01 1.4115331747845653e-09 1.6455752297961967e-11
3.0405432096234065e+01 1.4058616225360211e-09 1.6454271673313172e-11
3.2190580305287163e+01 1.4002013573817288e-09 1.6452792427970009e-11
3.4080537224777174e+01 1.3945521600938151e-09 1.6451311912436047e-11
3.6081456330212667e+01 1.3889133206958341e-09 1.6449821814465630e-11
3.8199852376815294e+01 1.3832846959889957e-09 1.6448320190963806e-11
4.0442622610789641e+01 1.3776662332877570e-09 1.6446806432020226e-11
4.2817069225939072e+01 1.3720596987030143e-09 1.6445301444031794e-11
4.5330923138742200e+01 1.3664629933743528e-09 1.6443780112698529e-11
4.7992369159299464e+01 1.3608774825543280e-09 1.6442258762632409e-11
5.0810072640104458e+01 1.3553027404299632e-09 1.6440732257534082e-11
5.3793207689402820e+01 1.3497379190963953e-09 1.6439190101712346e-11
5.6951487041000952e+01 1.3441843860778569e-09 1.6437648974800589e-11
6.0295193677774776e+01 1.3386416770096497e-09 1.6436103178290790e-11
6.3835214311841575e+01 1.3331092376297932e-09 1.6434545720854036e-11
6.7583074830403802e+01 1.3275877353053495e-09 1.6432984834054880e-11
7.1550977822670106e+01 1.3220773374436593e-09 1.6431422462472663e-11
7.5751842310037588e+01 1.3165767146232115e-09 1.6429842075906366e-11
8.0199345808893810e+01 1.3110874806975854e-09 1.6428263719704409e-11
8.4907968862986309e+01 1.3056086859096181e-09 1.6426675374065253e-11
8.9893042190356127e+01 1.3001410250454686e-09 1.6425085732045182e-11
9.5170796598336565e+01 1.2946833710713193e-09 1.6423480598349858e-11
1.0075841582913557e+02 1.2892369989212476e-09 1.6421875855450608e-11
1.0667409250806297e+02 1.2838006381253699e-09 1.6420255351897666e-11
1.1293708737655949e+02 1.2783750890659664e-09 1.6418629190852921e-11
1.1956779200288518e+02 1.2729609443785008e-09 1.6417004896670123e-11
1.2658779517464781e+02 1.2675574759278852e-09 1.6415373092951621e-11
1.3401995318933334e+02 1.2621644431540519e-09 1.6413730667333642e-11
1.4188846427169821e+02 1.2567821950053529e-09 1.6412081936800223e-11
1.5021894736032002e+02 1.2514107068590535e-09 1.6410426425826384e-11
1.5903852551982004e+02 1.2460496530507709e-09 1.6408759971979201e-11
1.6837591425034580e+02 1.2406997114035624e-09 1.6407091213822362e-11
1.7826151498183194e+02 1.2353603016967617e-09 1.6405412657031482e-11
1.8872751405744816e+02 1.2300316591366640e-09 1.6403727071076828e-11
1.9980798752851626e+02 1.2247140099159221e-09 1.6402037597267169e-11
2.1153901210208954e+02 1.2194066956064155e-09 1.6400335196819390e-11
2.2395878260242935e+02 1.2141105215455391e-09 1.6398630689299835e-11
2.3710773632882476e+02 1.2088250034338338e-09 1.6396917419382438e-11
2.5102868471463788e+02 1.2035499109694446e-09 1.6395192208585188e-11
2.6576695271625522e+02 1.1982858179045656e-09 1.6393462667292962e-11
2.8137052638576688e+02 1.1930325285159878e-09 1.6391726193785304e-11
2.9789020910785757e+02 1.1877896766502824e-09 1.6389977544475005e-11
3.1537978700960332e+02 1.1825580183325827e-09 1.6388227065295659e-11
3.3389620408171834e+02 1.1773372616469280e-09 1.6386470681425691e-11
3.5349974758143105e+02 1.1721263333250745e-09 1.6384693346746207e-11
3.7425424432064608e+02 1.1669273808152884e-09 1.6382924978542852e-11
3.9622726847846576e+02 1.1617388786602598e-09 1.6381144100497967e-11
4.1949036161470559e+02 1.1565606689136880e-09 1.6379348371394267e-11
4.4411926560072328e+02 1.1513935004747115e-09 1.6377548326935288e-11
4.7019416922596321e+02 1.1462368308514099e-09 1.6375736048003155e-11
4.9779996928314671e+02 1.1410913536919925e-09 1.6373921441170478e-11
5.2702654698215474e+02 1.1359568586980079e-09 1.6372101318732728e-11
5.5796906059258049e+02 1.1308327475309310e-09 1.6370267051515580e-11
5.9072825526777319e+02 1.1257199366666824e-09 1.6368431876297046e-11
6.2541079105909648e+02 1.1206171448904060e-09 1.6366576897472536e-11
6.6212959018840957e+02 1.1155257748126406e-09 1.6364722458397615e-11
7.0100420470942151e+02 1.1104449119984360e-09 1.6362855225358284e-11
7.4216120575499008e+02 1.1053750774505383e-09 1.6360982664109768e-11
7.8573459563772269e+02 1.1003152531542598e-09 1.6359089634919604e-11
8.3186624414560470e+02 1.0952671825679780e-09 1.6357201807125314e-11
8.8070635045319204e+02 1.0902301523485168e-09 1.6355308635489320e-11
9.3241393215231471e+02 1.0852029349919295e-09 1.6353391649323152e-11
9.8715734299448536e+02 1.0801874480532093e-09 1.6351479383338503e-11
1.0451148210307347e+03 1.0751822446894290e-09 1.6349550012235238e-11
1.1064750689335740e+03 1.0701878281312562e-09 1.6347610948112312e-11
1.1714378683904922e+03 1.0652044723945481e-09 1.6345666350885476e-11
1.2402147305694448e+03 1.0602319751878463e-09 1.6343712958402554e-11
1.3130295847741161e+03 1.0552704013704988e-09 1.6341751767157820e-11
1.3901195075311578e+03 1.0503193626852624e-09 1.6339776559088673e-11
1.4717354944832489e+03 1.0453793014231141e-09 1.6337794039250361e-11
1.5581432776011234e+03 1.0404504435382530e-09 1.6335807735861455e-11
1.6496241903753305e+03 1.0355319054118590e-09 1.6333803644674867e-11
1.7464760838047264e+03 1.0306243117576551e-09 1.6331791468846068e-11
1.8490142961639617e+03 1.0257279464402953e-09 1.6329775543896811e-11
1.9575726797075185e+03 1.0208417777838397e-09 1.6327739376388460e-11
2.0725046876530323e+03 1.0159672426794213e-09 1.6325705842332147e-11
2.1941845249830226e+03 1.0111031655043592e-09 1.6323655907073718e-11
2.3230083668119460e+03 1.0062498903119028e-09 1.6321595042915873e-11
2.4593956482853555e+03 1.0014079742809167e-09 1.6319532049087266e-11
2.6037904302109578e+03 9.9657661915942994e-10 1.6317453878984138e-11
2.7566628448679558e+03 9.9175597272522380e-10 1.6315362875096432e-11
2.9185106267019319e+03 9.8694632471065331e-10 1.6313263616138187e-11
3.0898607328891912e+03 9.8214734368286504e-10 1.6311150479118493e-11
3.2712710590467927e+03 9.7735951530001472e-10 1.6309031257770420e-11
3.4633322556744738e+03 9.7258253265558877e-10 1.6306900862712017e-11
3.6666696512426374e+03 9.6781667710939023e-10 1.6304763955122025e-11
3.8819452881876509e+03 9.6306175370578437e-10 1.6302616904397163e-11
4.1098600784434475e+03 9.5831721558268542e-10 1.6300450666372219e-11
4.3511560855276748e+03 9.5358391765577533e-10 1.6298279215948734e-11
4.6066189406124504e+03 9.4886152397631027e-10 1.6296097028371885e-11
4.8770804004462225e+03 9.4414974175773437e-10 1.6293898535971126e-11
5.1634210554551200e+03 9.3944934174991015e-10 1.6291697271103292e-11
5.4665731968408718e+03 9.3475965674716407e-10 1.6289481360607501e-11
5.7875238520103867e+03 9.3008095865107862e-10 1.6287255413409908e-11
6.1273179982197971e+03 9.2541280161293424e-10 1.6285011586763516e-11
6.4870619648965694e+03 9.2075603806361658e-10 1.6282764391772255e-11
6.8679270357167761e+03 9.1610988707782503e-10 1.6280500323562171e-11
7.2711532621658071e+03 9.1147496210692179e-10 1.6278229711519647e-11
7.6980535009989217e+03 9.0685079552673874e-10 1.6275944324837386e-11
8.1500176887469634e+03 9.0223781943098710e-10 1.6273651637538390e-11
8.6285173671849880e+03 8.9763552720548461e-10 1.6271342486581342e-11
9.1351104744975819e+03 8.9304432860060438e-10 1.6269024045659276e-11
9.6714464177407881e+03 8.8846389586979482e-10 1.6266690224435960e-11
1.0239271443115842e+04 8.8389441849280628e-10 1.6264344298660146e-11
1.0840434321539467e+04 8.7933629177873796e-10 1.6261993244762970e-11
1.1476892368022880e+04 8.7478856273652122e-10 1.6259619616569162e-11
1.2150717814457106e+04 8.7025237508950032e-10 1.6257244131767722e-11
1.2864104556554203e+04 8.6572662043243338e-10 1.6254846289893880e-11
1.3619375296911418e+04 8.6121189967865879e-10 1.6252436847620112e-11
1.4418989107455343e+04 8.5670852600289226e-10 1.6250021710772006e-11
1.5265549435888144e+04 8.5221616224531533e-10 1.6247594228048282e-11
1.6161812582204737e+04 8.4773459123855149e-10 1.6245150267002138e-11
1.7110696672878359e+04 8.4326379121230068e-10 1.6242689112505018e-11
1.8115291161934205e+04 8.3880416312365626e-10 1.6240218227868856e-11
1.9178866889845300e+04 8.3435589938032223e-10 1.6237741416622920e-11
2.0304886733000705e+04 8.2991828144164227e-10 1.6235244280522021e-11
2.1497016878420687e+04 8.2549172967467469e-10 1.6232734904514655e-11
2.2759138760426391e+04 8.2107625002943498e-10 1.6230213319824381e-11
2.4095361698129578e+04 8.1667171556296105e-10 1.6227676770226091e-11
2.5510036274888138e+04 8.1227829218762042e-10 1.6225128324190012e-11
2.7007768503289462e+04 8.0789539116621714e-10 1.6222556058228477e-11
2.8593434821780549e+04 8.0352397323152803e-10 1.6219978853683202e-11
3.0272197971773679e+04 7.9916364259135683e-10 1.6217389026994724e-11
3.2049523806919566e+04 7.9481416453746109e-10 1.6214781177352841e-11
3.3931199089278445e+04 7.9047581053271341e-10 1.6212160758988826e-11
3.5923350330330999e+04 7.8614874989592686e-10 1.6209531192818362e-11
3.8032463738172286e+04 7.8183249480891738e-10 1.6206882046295054e-11
4.0265406335836662e+04 7.7752698973855813e-10 1.6204212107835689e-11
4.2629448319509516e+04 7.7323303384840970e-10 1.6201537576040425e-11
4.5132286729423671e+04 7.6894978473135282e-10 1.6198840866851767e-11
4.7782070510509409e+04 7.6467792291383628e-10 1.6196136000902924e-11
5.0587427044391603e+04 7.6041674231194583e-10 1.6193407676236100e-11
5.3557490239121915e+04 7.5616701045546188e-10 1.6190672213008205e-11
5.6701930268099029e+04 7.5192780509471151e-10 1.6187909608390151e-11
6.0030985055006138e+04 7.4769997115151615e-10 1.6185137495886210e-11
6.3555493607275872e+04 7.4348308541627440e-10 1.6182346800834567e-11
6.7286931306612852e+04 7.3927782813735326e-10 1.6179552127510149e-11
7.1237447271474011e+04 7.3508320594936120e-10 1.6176731514651023e-11
7.5419903913158516e+04 7.3089974657885332e-10 1.6173896173416277e-11
7.9847918814292003e+04 7.2672777793250783e-10 1.6171053216686422e-11
8.4535909066060209e+04 7.2256600220800105e-10 1.6168173658688480e-11
8.9499138208547869e+04 7.1841605368615687e-10 1.6165293510671536e-11
9.4753765927012952e+04 7.1427693931766683e-10 1.6162390437109357e-11
1.0031690066590680e+05 7.1014937594152890e-10 1.6159480323462616e-11
1.0620665533193816e+05 7.0603261341444268e-10 1.6156546003386528e-11
1.1244220626754894e+05 7.0192702791719435e-10 1.6153595614887666e-11
1.1904385568681054e+05 6.9783237288272988e-10 1.6150623412637392e-11
1.2603309777702240e+05 6.9374892311800123e-10 1.6147635212945783e-11
1.3343268868123862e+05 6.8967656506715377e-10 1.6144628479078672e-11
1.4126672058956814e+05 6.8561538036242438e-10 1.6141604433970602e-11
1.4956070018048791e+05 6.8156554646660752e-10 1.6138567199197472e-11
1.5834163166756203e+05 6.7752674406055145e-10 1.6135509047445061e-11
1.6763810472195793e+05 6.7349889751869221e-10 1.6132428000461430e-11
1.7748038755702128e+05 6.6948267026529714e-10 1.6129339163929923e-11
1.8790052547799153e+05 6.6547716298057641e-10 1.6126221185138624e-11
1.9893244521771153e+05 6.6148297215689172e-10 1.6123087732944662e-11
2.1061206539804515e+05 6.5750003634543130e-10 1.6119937212997551e-11
2.2297741347664967e+05 6.5352848714800482e-10 1.6116772857345162e-11
2.3606874955986289e+05 6.4956761092025297e-10 1.6113576410865421e-11
2.4992869748483825e+05 6.4561804820149127e-10 1.6110363575429756e-11
2.6460238359769824e+05 6.4167962111185147e-10 1.6107129383956768e-11
2.8013758367956447e+05 6.3775289135176868e-10 1.6103887956283699e-11
2.9658487849883328e+05 6.3383701006893141e-10 1.6100617570886049e-11
3.1399781849615759e+05 6.2993219622197290e-10 1.6097323183841780e-11
3.3243309813832393e+05 6.2603870386090753e-10 1.6094011056206562e-11
3.5195074050871743e+05 6.2215654242849655e-10 1.6090681442948563e-11
3.7261429273535538e+05 6.1828545179735474e-10 1.6087326629696437e-11
3.9449103289279813e+05 6.1442586105065388e-10 1.6083958067012814e-11
4.1765218905157986e+05 6.1057711921608824e-10 1.6080558160100446e-11
4.4217317118834914e+05 6.0673982102250674e-10 1.6077142239060999e-11
4.6813381671181624e+05 6.0291375734565480e-10 1.6073704231811067e-11
4.9561865040387772e+05 5.9909901560818029e-10 1.6070246391120626e-11
5.2471715962227969e+05 5.9529516701127071e-10 1.6066756900019996e-11
5.5552408566084085e+05 5.9150317999138251e-10 1.6063261292722468e-11
5.8813973221585574e+05 5.8772197494505672e-10 1.6059730012932038e-11
6.2267029196304327e+05 5.8395208217590594e-10 1.6056177238325379e-11
6.5922819230829214e+05 5.8019361584041386e-10 1.6052605629454354e-11
6.9793246143795783e+05 5.7644625661840418e-10 1.6049006070782178e-11
7.3890911586051609e+05 5.7271039141505349e-10 1.6045388804863085e-11
7.8229157070136780e+05 5.6898580861560536e-10 1.6041747872246176e-11
8.2822107408664620e+05 5.6527198952100517e-10 1.6038067895016388e-11
8.7684716703037638e+05 5.6157005346833219e-10 1.6034380056113723e-11
9.2832817032226443e+05 5.5787928950248796e-10 1.6030664300627062e-11
9.8283170000140765e+05 5.5419975133442496e-10 1.6026921350210828e-11
1.0405352130942375e+06 5.5053141321655533e-10 1.6023150024083725e-11
1.1016265853935268e+06 5.4687468073651351e-10 1.6019361871071339e-11
1.1663047231597069e+06 5.4322903869786247e-10 1.6015541277105225e-11
1.2347802107360377e+06 5.3959486461537793e-10 1.6011699100737887e-11
1.3072759961862494e+06 5.3597192065731663e-10 1.6007827580523067e-11
1.3840281171869882e+06 5.3235995009254961e-10 1.6003918766556138e-11
1.4652864695384942e+06 5.2876021479885694e-10 1.6000010065199422e-11
1.5513156207956562e+06 5.2517137932328975e-10 1.5996060859587407e-11
1.6423956716686171e+06 5.2159374407024505e-10 1.5992079764283236e-11
1.7388231679974336e+06 5.1802759431484998e-10 1.5988074896429040e-11
1.8409120662701537e+06 5.1447267580042226e-10 1.5984038000565792e-11
1.9489947558279042e+06 5.1092929742976610e-10 1.5979978092564832e-11
2.0634231410851183e+06 5.0739727430399926e-10 1.5975889188947056e-11
2.1845697872886076e+06 5.0387662971232975e-10 1.5971771526833651e-11
2.3128291335457731e+06 5.0036742746739571e-10 1.5967626175473559e-11
2.4486187770715528e+06 4.9686941916422742e-10 1.5963445370336348e-11
2.5923808328354186e+06 4.9338284460714769e-10 1.5959235518148637e-11
2.7445833730352251e+06 4.8990777365242645e-10 1.5954999088909629e-11
2.9057219510848168e+06 4.8644418202303566e-10 1.5950734304837386e-11
3.0763212150771087e+06 4.8299179612896633e-10 1.5946431917151692e-11
3.2569366159760468e+06 4.7955112188678914e-10 1.5942107924143693e-11
3.4481562160990462e+06 4.7612173496349019e-10 1.5937747906949168e-11
3.6506026037781462e+06 4.7270382416378638e-10 1.5933357401919000e-11
3.8649349204336973e+06 4.6929724732600940e-10 1.5928931331813881e-11
4.0918510066607138e+06 4.6590215350116920e-10 1.5924473761379069e-11
4.3320896743150027e+06 4.6251851051549503e-10 1.5919983349314726e-11
4.5864331119969301e+06 4.5914626182842251e-10 1.5915457387168403e-11
4.8557094317647237e+06 4.5578562769359960e-10 1.5910903032351968e-11
5.1407953653690126e+06 4.5243642048197453e-10 1.5906313004531400e-11
5.4426191187875103e+06 4.4909861526778040e-10 1.5901686040115447e-11
5.7621633943534782e+06 4.4577239830687243e-10 1.5897027756295675e-11
6.1004685903179552e+06 4.4245766576204813e-10 1.5892334064415488e-11
6.4586361882630344e+06 4.3915430706727162e-10 1.5887600371329536e-11
6.8378323393952446e+06 4.3586248042953956e-10 1.5882831687244110e-11
7.2392916613954147e+06 4.3258223287365748e-10 1.5878029032266400e-11
7.6643212581875362e+06 4.2931348039638503e-10 1.5873188614162403e-11
8.1143049757139571e+06 4.2605644574389403e-10 1.5868318241425881e-11
8.5907079075736236e+06 4.2281059888522425e-10 1.5863397273173409e-11
9.0950811651930511e+06 4.1957642835368345e-10 1.5858443235490201e-11
9.6290669280609731e+06 4.1635380687368161e-10 1.5853450765196367e-11
1.0194403790470138e+07 4.1314277992530756e-10 1.5848420861273396e-11
1.0792932422173919e+07 4.0994331501431582e-10 1.5843351622125188e-11
1.1426601561388703e+07 4.0675532277974064e-10 1.5838238779751367e-11
1.2097474359654365e+07 4.0357912208227988e-10 1.5833093879589752e-11
1.2807735099210730e+07 4.0041403254445309e-10 1.5827889790509374e-11
1.3559696304761678e+07 3.9726105132739741e-10 1.5822664526935974e-11
1.4355806272781059e+07 3.9411937482251479e-10 1.5817385956561760e-11
1.5198657042875577e+07 3.9098922930239531e-10 1.5812062029752025e-11
1.6090992837158240e+07 3.8787080199021648e-10 1.5806699434158274e-11
1.7035718995110065e+07 3.8476403991884627e-10 1.5801295297071281e-11
1.8035911433020465e+07 3.8166875997162418e-10 1.5795841264876612e-11
1.9094826658806171e+07 3.7858533485871438e-10 1.5790351825265719e-11
2.0215912374814395e+07 3.7551333448130047e-10 1.5784808384108590e-11
2.1402818703132708e+07 3.7245291201044627e-10 1.5779216272079610e-11
2.2659410069953609e+07 3.6940445876047135e-10 1.5773591091415868e-11
2.3989777787687380e+07 3.6636732873022807e-10 1.5767904732509464e-11
2.5398253375790421e+07 3.6334216649316020e-10 1.5762183555480693e-11
2.6889422663678393e+07 3.6032842473434211e-10 1.5756403253923407e-11
2.8468140721642807e+07 3.5732628442446788e-10 1.5750570643928758e-11
3.0139547668384030e+07 3.5433606298301927e-10 1.5744698381586281e-11
3.1909085406627461e+07 3.5135749813993436e-10 1.5738774371131980e-11
3.3782515341313921e+07 3.4839052978401457e-10 1.5732794639578393e-11
3.5765937138050124e+07 3.4543545591305470e-10 1.5726771646351671e-11
3.7865808582896374e+07 3.4249193150824343e-10 1.5720688826181015e-11
4.0088966608151823e+07 3.3956016717932688e-10 1.5714554492026091e-11
4.2442649552595101e+07 3.3664021631923269e-10 1.5708370175482292e-11
4.4934520728655942e+07 3.3373184339478669e-10 1.5702123886847702e-11
4.7572693373252288e+07 3.3083515940594216e-10 1.5695819320685378e-11
5.0365757063526534e+07 3.2795042561723511e-10 1.5689468168702280e-11
5.3322805683489762e+07 3.2507746835610486e-10 1.5683060912426127e-11
5.6453467032629460e+07 3.2221620265859248e-10 1.5676592083214836e-11
5.9767934172881514e+07 3.1936668713437814e-10 1.5670063560339388e-11
6.3276998616031922e+07 3.1652907312294087e-10 1.5663481281280577e-11
6.6992085459597990e+07 3.1370326417015295e-10 1.5656839712817770e-11
7.0925290585590631e+07 3.1088894466049158e-10 1.5650121521889769e-11
7.5089420043271154e+07 3.0808677082069299e-10 1.5643358062615634e-11
7.9498031744128689e+07 3.0529643150379914e-10 1.5636532918995245e-11
8.4165479604830191e+07 3.0251773911655939e-10 1.5629634986633234e-11
8.9106960281872153e+07 2.9975098410220672e-10 1.5622677790499477e-11
9.4338562650089964e+07 2.9699597845125479e-10 1.5615650137167580e-11
9.9877320186125904e+07 2.9425295365401395e-10 1.5608562678543406e-11
1.0574126642740874e+08 2.9152173350845890e-10 1.5601405007580729e-11
1.1194949368721040e+08 2.8880246998622167e-10 1.5594183582954899e-11
1.1852221521695539e+08 2.8609492617155602e-10 1.5586884190235203e-11
1.2548083101816784e+08 2.8339932640155386e-10 1.5579517404748225e-11
1.3284799751833782e+08 2.8071573388387327e-10 1.5572085326690116e-11
1.4064770133756205e+08 2.7804393509080190e-10 1.5564574486934453e-11
1.4890533738613090e+08 2.7538419691887390e-10 1.5556998310405252e-11
1.5764779154734683e+08 2.7273631667009922e-10 1.5549343752125209e-11
1.6690352821476844e+08 2.7010031450489956e-10 1.5541610304061167e-11
1.7670268296889967e+08 2.6747628498628600e-10 1.5533801498740386e-11
1.8707716069506451e+08 2.6486417364993044e-10 1.5525912594206691e-11
1.9806073946192929e+08 2.6226404105240720e-10 1.5517945490583293e-11
2.0968918049888381e+08 2.5967590411554068e-10 1.5509899164868896e-11
2.2200034463036624e+08 2.5709992003146158e-10 1.5501781436625417e-11
2.3503431554621252e+08 2.5453572425900759e-10 1.5493568470990709e-11
2.4883353030939606e+08 2.5198354969871780e-10 1.5485272579778078e-11
2.6344291752607083e+08 2.4944350877454225e-10 1.5476898519484408e-11
2.7891004362777883e+08 2.4691535283496859e-10 1.5468429165053303e-11
2.9528526774211395e+08 2.4439928891704345e-10 1.5459875353204910e-11
3.1262190565606320e+08 2.4189525863934103e-10 1.5451231369761161e-11
3.3097640340588433e+08 2.3940331345294271e-10 1.5442498362737396e-11
3.5040852105870366e+08 2.3692338251320053e-10 1.5433669760752100e-11
3.7098152728420603e+08 2.3445562768813897e-10 1.5424753970286268e-11
3.9276240534991145e+08 2.3199986154330222e-10 1.5415736475244279e-11
4.1582207121075600e+08 2.2955622533940698e-10 1.5406624284139682e-11
4.4023560440302211e+08 2.2712466597041206e-10 1.5397411475588978e-11
4.6608249249440277e+08 2.2470521925129706e-10 1.5388098295815867e-11
4.9344688988609356e+08 2.2229790400599665e-10 1.5378683696903594e-11
5.2241789180953115e+08 2.1990284581141030e-10 1.5369173587036104e-11
5.5308982440990865e+08 2.1751981832526412e-10 1.5359550260315478e-11
5.8556255186090565e+08 2.1514897590743438e-10 1.5349821560033716e-11
6.1994180151059210e+08 2.1279028552877639e-10 1.5339983102297121e-11
6.5633950811713290e+08 2.1044380137447370e-10 1.5330035317364173e-11
6.9487417829507029e+08 2.0810939116352790e-10 1.5319966559590474e-11
7.3567127635881662e+08 2.0578730031912024e-10 1.5309791718864558e-11
7.7886363281956768e+08 2.0347736746249190e-10 1.5299496039421704e-11
8.2459187686568987e+08 2.0117985703695415e-10 1.5289096677979171e-11
8.7300489423467469e+08 1.9889432486299418e-10 1.5278557436260417e-11
9.2426031196743906e+08 1.9662117536791712e-10 1.5267905273149810e-11
9.7852501162325573e+08 1.9436015997388103e-10 1.5257118707314498e-11
1.0359756726263338e+09 1.9211151608552010e-10 1.5246212729238761e-11
1.0967993475130482e+09 1.8987503429244000e-10 1.5235167757876628e-11
1.1611940709528103e+09 1.8765091718965181e-10 1.5223996271051777e-11
1.2293695045254614e+09 1.8543908800078923e-10 1.5212689415471971e-11
1.3015476193544843e+09 1.8323955980162028e-10 1.5201244313162118e-11
1.3779634188186753e+09 1.8105236334035976e-10 1.5189660282202026e-11
1.4588657036952460e+09 1.7887751072503919e-10 1.5177934649901470e-11
1.5445178822256417e+09 1.7671492061429989e-10 1.5166056650663300e-11
1.6351988277415249e+09 1.7456474338272450e-10 1.5154035679724650e-11
1.7312037866432657e+09 1.7242691896951716e-10 1.5141862405343727e-11
1.8328453396871650e+09 1.7030142317414088e-10 1.5129530940724242e-11
1.9404544197113554e+09 1.6818842906847885e-10 1.5117052486381589e-11
2.0543813891138332e+09 1.6608769494447794e-10 1.5104401574310645e-11
2.1749971805908656e+09 1.6399938482989607e-10 1.5091588237325367e-11
2.3026945048498545e+09 1.6192353100168814e-10 1.5078611092562910e-11
2.4378891292287698e+09 1.5986008705764431e-10 1.5065461571379027e-11
2.5810212313853326e+09 1.5780905370478302e-10 1.5052135289052592e-11
2.7325568324632087e+09 1.5577052503944013e-10 1.5038636291042702e-11
2.8929893144015760e+09 1.5374431723666804e-10 1.5024942196317667e-11
3.0628410263281951e+09 1.5173068879438141e-10 1.5011072553306259e-11
3.2426649852661486e+09 1.4972943344140763e-10 1.4997002794975341e-11
3.4330466766917348e+09 1.4774070563086417e-10 1.4982741922486310e-11
3.6346059608056674e+09 1.4576445685349063e-10 1.4968280583183868e-11
3.8479990907243614e+09 1.4380075168161648e-10 1.4953619576171867e-11
4.0739208491622267e+09 1.4184947817145529e-10 1.4938741238779758e-11
4.3131068105617704e+09 1.3991080746517137e-10 1.4923657676013417e-11
4.5663357360366507e+09 1.3798459303625750e-10 1.4908347605471095e-11
4.8344321089255705e+09 1.3607099477614514e-10 1.4892821345386179e-11
5.1182688192121468e+09 1.3416981106418719e-10 1.4877050957087762e-11
5.4187700055511570e+09 1.3228124290641804e-10 1.4861050837171497e-11
5.7369140641543818e+09 1.3040529014892785e-10 1.4844815098909105e-11
6.0737368343325043e+09 1.2854185173229226e-10 1.4828325030172413e-11
6.4303349710651522e+09 1.2669096308060275e-10 1.4811576587037063e-11
6.8078695155793152e+09 1.2485272399174444e-10 1.4794574102180715e-11
7.2075696755618601e+09 1.2302709244694684e-10 1.4777304842880850e-11
7.6307368273139572e+09 1.2121400337201919e-10 1.4759752237178474e-11
8.0787487528778009e+09 1.1941360766574349e-10 1.4741926430265452e-11
8.5530641259316664e+09 1.1762578436571478e-10 1.4723803692081064e-11
9.0552272610582275e+09 1.1585060781442909e-10 1.4705384012826183e-11
9.5868731418496552e+09 1.1408812362789207e-10 1.4686663081945477e-11
1.0149732744220221e+10 1.1233827220158834e-10 1.4667624226868075e-11
1.0745638672258558e+10 1.1060108966304643e-10 1.4648261446986202e-11
1.1376531124968983e+10 1.0887659324077385e-10 1.4628566787828117e-11
1.2044464213329529e+10 1.0716482467864157e-10 1.4608533759198110e-11
1.2751612648233423e+10 1.0546569344155679e-10 1.4588139579290900e-11
1.3500278821089798e+10 1.0377939234971086e-10 1.4567398257578225e-11
1.4292900300137016e+10 1.0210578039833538e-10 1.4546278168493089e-11
1.5132057766875446e+10 1.0044498194450979e-10 1.4524784267496304e-11
1.6020483418460596e+10 9.8796951084441688e-11 1.4502896456706263e-11
1.6961069863412680e+10 9.7161699075643323e-11 1.4480602463435631e-11
1.7956879539606846e+10 9.5539300405748864e-11 1.4457899449599792e-11
1.9011154685207573e+10 9.3929725005432659e-11 1.4434768187025527e-11
2.0127327895011566e+10 9.2333062099066436e-11 1.4411206959940351e-11
2.1309033296568855e+10 9.0749233122882746e-11 1.4387188223904418e-11
2.2560118382471409e+10 8.9178333953075870e-11 1.4362710670115052e-11
2.3884656537332279e+10 8.7620411933446375e-11 1.4337765141852600e-11
2.5286960300242672e+10 8.6075419475828087e-11 1.4312327270844817e-11
2.6771595405887753e+10 8.4543357024384876e-11 1.4286378746005894e-11
2.8343395650036633e+10 8.3024372142544201e-11 1.4259926985703530e-11
3.0007478627808598e+10 8.1518404542998024e-11 1.4232942849982600e-11
3.1769262395955227e+10 8.0025474179618708e-11 1.4205411906823921e-11
3.3634483113410503e+10 7.8545601179209045e-11 1.4177317028233374e-11
3.5609213717543915e+10 7.7078814810802767e-11 1.4148644398618403e-11
3.7699883696923470e+10 7.5625088527144946e-11 1.4119369287541151e-11
3.9913300024968559e+10 7.4184478087204504e-11 1.4089480538654188e-11
4.2256669322647247e+10 7.2757000831253252e-11 1.4058961575141256e-11
4.4737621322379326e+10 7.1342544266831732e-11 1.4027769190235697e-11
4.7364233709539909e+10 6.9941216381329639e-11 1.3995903958516098e-11
5.0145058422444847e+10 6.8552931561286278e-11 1.3963325709567299e-11
5.3089149496446533e+10 6.7177669307228889e-11 1.3930009614918509e-11
5.6206092542800034e+10 6.5815353554989708e-11 1.3895916339617011e-11
5.9506035958275322e+10 6.4465983593331108e-11 1.3861025526123980e-11
6.2999723967133369e+10 6.3129433947511502e-11 1.3825288538185586e-11
6.6698531603045952e+10 6.1805713583213363e-11 1.3788686094984821e-11
7.0614501744854660e+10 6.0494612763925273e-11 1.3751154718923200e-11
7.4760384326757278e+10 5.9196056535628783e-11 1.3712659028616907e-11
7.9149677850579849e+10 5.7909881745934674e-11 1.3673150290323317e-11
8.3796673335297440e+10 5.6635835708372180e-11 1.3632564127610556e-11
8.8716500846896469e+10 5.5373823484575200e-11 1.3590879718543461e-11
9.3925178760074890e+10 5.4123470604753170e-11 1.3548027162132136e-11
9.9439665912168381e+10 5.2884328557825072e-11 1.3503936282031034e-11
1.0527791681911491e+11 5.1655943780339672e-11 1.3458565473815585e-11
1.1145894013322708e+11 5.0437573141071948e-11 1.3411842027277201e-11
1.1800286053310930e+11 4.9228369776277245e-11 1.3363732064000940e-11
1.2493098424722423e+11 4.8026962213377584e-11 1.3314150502473262e-11
1.3226586842444293e+11 4.6831725146629630e-11 1.3263070676450961e-11
1.4003139457744843e+11 4.5640226864746469e-11 1.3210422358628410e-11
1.4825284633810577e+11 4.4449232294937524e-11 1.3156155030650263e-11
1.5695699177796826e+11 4.3254279267359444e-11 1.3100215525713259e-11
1.6617217056194339e+11 4.2049196136783530e-11 1.3042523163749771e-11
1.7592838621887692e+11 4.0825762922993795e-11 1.2983052049888829e-11
1.8625740382948727e+11 3.9572479291643988e-11 1.2921673636220432e-11
1.9719285344969705e+11 3.8274079735721549e-11 1.2858336573141113e-11
2.0877033960610605e+11 3.6909713225195528e-11 1.2792897118080269e-11
2.2102755722010580e+11 3.5451390483404950e-11 1.2725155325134900e-11
2.3400441433807251e+11 3.3862665352698924e-11 1.2655139398883419e-11
2.4774316206722757e+11 3.2094543312507816e-11 1.2582501881963209e-11
2.6228853214023578e+11 3.0084623368105125e-11 1.2507102138221551e-11
2.7768788255641632e+11 2.7754576982724120e-11 1.2428743832585928e-11
2.9399135177377087e+11 2.5011202247274363e-11 1.2347346665488578e-11
3.1125202195385583e+11 2.1752723083505338e-11 1.2262679780103861e-11
3.2952609179099786e+11 1.7890452637574830e-11 1.2174630788295998e-11
3.4887305948858258e+11 1.3399722308117367e-11 1.2083024137335252e-11
3.6935591647814111e+11 8.4337898323922850e-12 1.1988014957008039e-11
3.9104135251197937e+11 3.5619720630389441e-12 1.1889432255816239e-11
4.1399997279709930e+11 2.5884073999131448e-13 1.1786967371075343e-11
4.3830652787737842e+11 1.8844981513206117e-12 1.1680407972869920e-11
4.6404015701246533e+11 1.5626465760629499e-11 1.1569399957146729e-11
4.9128464584583252e+11 5.6314819172892503e-11 1.1453447306295537e-11
5.2012869920087433e+11 1.5387668205113974e-10 1.1332432735821557e-11
5.5066622989331250e+11 3.6783638411144333e-10 1.1205791953248245e-11
5.8299666450015100e+11 8.1539360304831464e-10 1.1073460008125128e-11
6.1722526708084949e+11 1.7256730256358829e-09 1.0935687759389911e-11
6.5346348190457666e+11 3.5443686223045164e-09 1.0792365067157039e-11
6.9182929629956714e+11 7.1329660716499421e-09 1.0643146093389003e-11
7.3244762480582935e+11 1.4149776384562380e-08 1.0487504043787327e-11
7.7545071588208228e+11 2.7774176549712201e-08 1.0324473339024430e-11
8.2097858249106714e+11 5.4054406180889662e-08 1.0153799870273734e-11
8.6917945796509937e+11 1.0445333931668654e-07 9.9757313165125949e-12
9.2021027863626416e+11 2.0049298725600343e-07 9.7907429597293953e-12
9.7423719480244824e+11 3.8216277114744871e-07 9.5985171518136013e-12
1.0314361116930166e+12 7.2264093626106045e-07 9.3978323825292479e-12
1.0919932621953969e+12 1.3545534729770770e-06 9.1879620034741221e-12
1.1561058132072075e+12 2.5108783679180062e-06 8.9699241748790166e-12
1.2239825075883545e+12 4.5919274384828899e-06 8.7446381005410899e-12
1.2958443438029558e+12 8.2653122273235021e-06 8.5105352772070240e-12
1.3719252954641458e+12 1.4601965329163606e-05 8.2667086845005168e-12
1.4524730731244375e+12 2.5199653325069016e-05 8.0154337674628628e-12
1.5377499307918147e+12 4.2362765303286128e-05 7.7567929790245295e-12
1.6280335197977620e+12 6.9298351351235730e-05 7.4885324259803221e-12
1.7236177927969758e+12 1.0956645726583246e-04 7.2144234326900415e-12
1.8248139608423672e+12 1.6762997791468947e-04 6.9326921980698400e-12
1.9319515066513752e+12 2.4744202312366109e-04 6.6449119371541356e-12
2.0453792573625029e+12 3.5312274838002205e-04 6.3520529791587138e-12
2.1654665202752180e+12 4.8732025594559872e-04 6.0551742623924701e-12
2.2926042852705952e+12 6.5142869308392653e-04 5.7543985085877226e-12
2.4272064978280254e+12 8.4635822705560182e-04 5.4534932150368267e-12
2.5697114067826514e+12 1.0712929268176343e-03 5.1523655727539914e-12
2.7205829912114429e+12 1.3293392256249728e-03 4.8528347532782706e-12
2.8803124710941890e+12 1.6204967289371991e-03 4.5574310141969930e-12
3.0494199066673008e+12 1.9320842737991172e-03 4.2679415759469015e-12
3.2284558916784277e+12 2.2798023815440178e-03 3.9864540744884588e-12
3.4180033460542104e+12 2.6502377451918108e-03 3.7172054521175204e-12
3.6186794138184712e+12 3.0556924348589028e-03 3.4611296024006510e-12
3.8311374724400327e+12 3.4879685118045412e-03 3.2199551185795056e-12
4.0560692601520337e+12 3.9363818966071957e-03 2.9978443551003199e-12
4.2942071281697954e+12 4.4287823951240386e-03 2.7958928879834380e-12
4.5463264251392705e+12 4.9368513788581809e-03 2.6155922839944278e-12
4.8132480215803369e+12 5.4676653433544031e-03 2.4599279245389405e-12
5.0958409825439492e+12 6.0190904681018684e-03 2.3277167811437045e-12
5.3950253971845625e+12 6.6005454344611686e-03 2.2213236132819395e-12
5.7117753744615908e+12 7.2140647958214045e-03 2.1400934002805511e-12
6.0471222147223145e+12 7.8323673382018309e-03 2.0827833469875383e-12
6.4021577674935771e+12 8.4530386145690375e-03 2.0476835035649542e-12
6.7780379864144756e+12 9.0817059860312278e-03 2.0324572907199977e-12
7.1759866928839033e+12 9.6957891235708183e-03 2.0341641895962888e-12
7.5972995606782627e+12 1.0333543982310810e-02 2.0493855987172924e-12
8.0433483345111787e+12 1.0937605924935962e-02 2.0743962607705402e-12
8.5155852962716953e+12 1.1548389083020588e-02 2.1053771424405455e-12
9.0155479934820312e+12 1.2167911191100358e-02 2.1386522874932316e-12
9.5448642453694141e+12 1.2802613100744022e-02 2.1709374158316438e-12
1.0105257442852938e+13 1.3415776672449753e-02 2.1995743186652717e-12
1.0698552159699420e+13 1.4004687821273322e-02 2.2227377621512777e-12
1.1326680093119314e+13 1.4625714875452575e-02 2.2395366447183553e-12
1.1991686353143965e+13 1.5243832217974823e-02 2.2500187181991591e-12
1.2695736121260580e+13 1.5804982213701219e-02 2.2550152267808749e-12
1.3441121699987055e+13 1.6330710395847194e-02 2.2558774219952483e-12
1.4230269976336195e+13 1.6853009071512177e-02 2.2541177910032816e-12
1.5065750323472783e+13 1.7286465393309063e-02 2.2510680101743931e-12
1.5950282966286982e+13 1.7581596573739460e-02 2.2476943650865124e-12
1.6886747838124172e+13 1.7740940167042377e-02 2.2445180776683262e-12
1.7878193957506688e+13 1.7799428413164446e-02 2.2417913695301635e-12
1.8927849355375426e+13 1.7705103308908149e-02 2.2397416475936404e-12
2.0039131585176773e+13 1.7551755437218396e-02 2.2385469936217120e-12
2.1215658850010145e+13 1.7262470094654654e-02 2.2383833808635254e-12
2.2461261783068406e+13 1.6923495097155395e-02 2.2388943946740572e-12
2.3779995919725691e+13 1.6510782825250366e-02 2.2395455744650799e-12
2.5176154901878141e+13 1.6015975744916883e-02 2.2396813115425239e-12
2.6654284457534066e+13 1.5467610427054732e-02 2.2392448379229789e-12
2.8219197201163648e+13 1.4958489085694318e-02 2.2388618585320621e-12
2.9875988303001246e+13 1.4406216340439097e-02 2.2391320138114730e-12
3.1630052078315977e+13 1.3831905436937495e-02 2.2397860179704001e-12
3.3487099550660543e+13 1.3288282223945553e-02 2.2398882356914846e-12
3.5453177046288398e+13 1.2716450798449432e-02 2.2392574612959244e-12
3.7534685880272883e+13 1.2161251668526381e-02 2.2388830154621887e-12
3.9738403198430367e+13 1.1627940293982840e-02 2.2394566203943318e-12
4.2071504042904031e+13 1.1113359297589781e-02 2.2400195532015490e-12
4.4541584713247617e+13 1.0596835352800366e-02 2.2393166375161679e-12
4.7156687499078180e+13 1.0101122039177068e-02 2.2388953344826521e-12
4.9925326864814602e+13 9.6297761754869388e-03 2.2395999954971752e-12
5.2856517171764492e+13 9.1790424543726091e-03 2.2397829375610377e-12
5.5959802027816586e+13 8.7382162748268731e-03 2.2389947899306467e-12
5.9245285360292711e+13 8.3184489567077104e-03 2.2393178469260674e-12
6.2723664313140070e+13 7.9237863724206624e-03 2.2398418035006499e-12
6.6406264075559578e+13 7.5393620983968210e-03 2.2390300074624677e-12
7.0305074755479562e+13 7.1725165712228272e-03 2.2393596337751827e-12
7.4432790417926531e+13 6.8294080399998493e-03 2.2398119342949387e-12
7.8802850415390906e+13 6.4943534617087186e-03 2.2389935706735041e-12
8.3429483144768984e+13 6.1786262491619979e-03 2.2397254550265952e-12
8.8327752373330297e+13 5.8799082382753921e-03 2.2394046292171891e-12
9.3513606284561891e+13 5.5893392719053754e-03 2.2392790431882775e-12
9.9003929403556953e+13 5.3202575133872148e-03 2.2397797589369965e-12
1.0481659757102727e+14 5.0569881168503134e-03 2.2390858051992719e-12
1.1097053614492245e+14 4.8122023398493611e-03 2.2398361925096357e-12
1.1748578161914430e+14 4.5748854747339023e-03 2.2390634607395257e-12
1.2438354686000083e+14 4.3524442865957996e-03 2.2398218117264729e-12
1.3168629017277594e+14 4.1379369849475281e-03 2.2390660308372134e-12
1.3941778842330953e+14 3.9367689162148056e-03 2.2397932859250477e-12
1.4760321445265544e+14 3.7421293248102853e-03 2.2391277090833509e-12
1.5626921903685753e+14 3.5607809967155919e-03 2.2396798820493349e-12
1.6544401765872400e+14 3.3841560009670855e-03 2.2393390764900317e-12
1.7515748237408359e+14 3.2201122533142036e-03 2.2393880564941064e-12
1.8544123907165862e+14 3.0611162481332123e-03 2.2396630529770314e-12
1.9632877044321159e+14 2.9111675297315573e-03 2.2391565285386725e-12
2.0785552499920641e+14 2.7692284788676681e-03 2.2396747067438127e-12
2.2005903248496572e+14 2.6322149406132196e-03 2.2394032859915160e-12
2.3297902607305766e+14 2.5040610361313216e-03 2.2392950283249727e-12
2.4665757172979644e+14 2.3811064095130138e-03 2.2396841041847539e-12
2.6113920517704438e+14 2.2638067983682467e-03 2.2392931378176354e-12
2.7647107689522453e+14 2.1534699816499300e-03 2.2394286437655610e-12
2.9270310563970794e+14 2.0474610329172058e-03 2.2396022069868428e-12
3.0988814097034356e+14 1.9470235792768428e-03 2.2392665089871970e-12
3.2808213532336112e+14 1.8517474711122590e-03 2.2395640455317821e-12
3.4734432618587406e+14 1.7607041182179132e-03 2.2394137161558667e-12
3.6773742896609075e+14 1.6744517462685396e-03 2.2394125661899230e-12
3.8932784118726550e+14 1.5923008570190983e-03 2.2395026253412340e-12
4.1218585867013369e+14 1.5141491835874014e-03 2.2393814902449675e-12
4.3638590440778881e+14 1.4399880153678488e-03 2.2394717365225784e-12
4.6200677087809612e+14 1.3692096567192908e-03 2.2394615184280463e-12
4.8913187658266194e+14 1.3022580196208418e-03 2.2393457418979502e-12
5.1784953764759062e+14 1.2382599035731425e-03 2.2395249949013712e-12
5.4825325537028556e+14 1.1774218618928376e-03 2.2394610018197024e-12
5.8044202064861400e+14 1.1198037555317159e-03 2.2393380443208301e-12
6.1452063628349638e+14 1.0649091813965906e-03 2.2393618231233014e-12
6.5060005820440388e+14 1.0126639820021782e-03 2.2394491915821053e-12
6.8879775672871875e+14 9.6290536071344524e-04 2.2395092092654289e-12
7.2923809903111362e+14 9.1559689761514147e-04 2.2395260763274864e-12
7.7205275406836150e+14 8.7067186380446052e-04 2.2395175041248612e-12
8.1738112127779850e+14 8.2791248415426506e-04 2.2395007980478380e-12
8.6537078444536925e+14 7.8730302824257076e-04 2.2394846320349771e-12
9.1617799222094700e+14 7.4872444252540974e-04 2.2394697414089343e-12
9.6996816684535150e+14 7.1198048654793516e-04 2.2394586040860956e-12
1.0269164427455985e+15 6.7704854760140430e-04 2.2394512003202284e-12
1.0872082367517625e+15 6.4385226775158359e-04 2.2394452591477615e-12
1.1510398517922000e+15 6.1226747803642435e-04 2.2394401839764720e-12
1.2186191160326238e+15 5.8222341294345296e-04 2.2394357520570620e-12
1.2901660595398898e+15 5.5366102975770650e-04 2.2394332109303688e-12
1.3659136306738672e+15 5.2649811907679088e-04 2.2394310103746233e-12
1.4461084545395925e+15 5.0066244659407869e-04 2.2394294149399836e-12
1.5310116359693790e+15 4.7609547077980528e-04 2.2394283537242952e-12
1.6208996096492138e+15 4.5273406361985314e-04 2.2394283345510528e-12
1.7160650401572128e+15 4.3051721712491500e-04 2.2394280944793316e-12
1.8168177748448682e+15 4.0938964940612899e-04 2.2394272170978611e-12
1.9234858526631572e+15 3.8929886871310270e-04 2.2394268059791661e-12
2.0364165722185628e+15 3.7019321238211845e-04 2.2394264432232770e-12
2.1559776225360292e+15 3.5202455134066783e-04 2.2394262725948400e-12
2.2825582802108475e+15 3.3474718921296408e-04 2.2394258271614022e-12
2.4165706768471230e+15 3.1831668266232654e-04 2.2394222202353874e-12
2.5584511409092570e+15 3.0269346512616294e-04 2.2394263586814853e-12
2.7086616183558145e+15 2.8783498678491793e-04 2.2394196787421041e-12
2.8676911766806185e+15 2.7370661250710729e-04 2.2394214087421934e-12
3.0360575972585480e+15 2.6027158196730298e-04 2.2394247571271894e-12
3.2143090611803395e+15 2.4749452349168583e-04 2.2394197809172822e-12
3.4030259340650135e+15 2.3534541490650651e-04 2.2394239302989267e-12
3.6028226556616805e+15 2.2379137090598535e-04 2.2394195685530552e-12
3.8143497403922810e+15 2.1280516389235416e-04 2.2394244757180488e-12
4.0382958953494425e+15 2.0235696464395345e-04 2.2394194330767254e-12
4.2753902626451695e+15 1.9242227966632816e-04 2.2394238311633279e-12
4.5264047934108260e+15 1.8297396430810509e-04 2.2394162232716578e-12
4.7921567611787110e+15 1.7399057249438966e-04 2.2394248502418794e-12
5.0735114228274680e+15 1.6544719862561952e-04 2.2394240719036050e-12
5.3713848357559320e+15 1.5732314852069012e-04 2.2394250771769547e-12
5.6867468404574750e+15 1.4959774268677792e-04 2.2394261153216028e-12
6.0206242182052910e+15 1.4225080114660483e-04 2.2394180348920674e-12
6.3741040341307640e+15 1.3526529050367686e-04 2.2394246134899240e-12
6.7483371765782430e+15 1.2862212065621972e-04 2.2394238857099391e-12
7.1445421042610780e+15 1.2230455861160085e-04 2.2394158955736332e-12
7.5640088134188230e+15 1.1629763238061832e-04 2.2394194411976713e-12
8.0081030378915420e+15 1.1058512783943964e-04 2.2394159645358905e-12
8.4782706957876430e+15 1.0515304919239641e-04 2.2394139862153606e-12
8.9760425972211890e+15 9.9988051299165157e-05 2.2394233481477185e-12
9.5030394284485600e+15 9.5076181833327593e-05 2.2394245698247917e-12
1.0060977028630090e+16 9.0405296084692638e-05 2.2394238067578163e-12
1.0651671976399174e+16 8.5963721199488588e-05 2.2394247638544074e-12
1.1277047504426900e+16 8.1739683591262763e-05 2.2394127941184773e-12
1.1939139761238656e+16 7.7723410996652389e-05 2.2394132440128501e-12
1.2640104440673264e+16 7.3904599173515683e-05 2.2394241471060740e-12
1.3382223800565898e+16 7.0272912281944900e-05 2.2394248033850263e-12
1.4167914093508132e+16 6.6818988254537865e-05 2.2394083532947467e-12
1.4999733433880998e+16 6.3535023497071700e-05 2.2394060920326943e-12
1.5880390126771086e+16 6.0412808303122416e-05 2.2394242961456738e-12
1.6812751485891068e+16 5.7442990882289553e-05 2.2394083953272256e-12
1.7799853169211902e+16 5.4619341244886196e-05 2.2394074205949064e-12
1.8844909062706632e+16 5.1934189193636297e-05 2.2394009183608417e-12
1.9951321744381108e+16 4.9381083706120818e-05 2.2394041366216654e-12
2.1122693562663260e+16 4.6953354901519342e-05 2.2394086035824975e-12
2.2362838365224112e+16 4.4644679930353138e-05 2.2394063232060471e-12
2.3675793916412468e+16 4.2449492671690092e-05 2.2394104346975863e-12
2.5065835043735372e+16 4.0361928923114667e-05 2.2394059218237441e-12
2.6537487556191588e+16 3.8376893065915456e-05 2.2394022253083825e-12
2.8095542979767252e+16 3.6489424700779816e-05 2.2394039020373230e-12
2.9745074158076908e+16 3.4694620791081853e-05 2.2394041048776917e-12
3.1491451768938536e+16 3.2987911574504718e-05 2.2394008778900003e-12
3.3340361810666224e+16 3.1365071942116702e-05 2.2394012296593043e-12
3.5297824115004788e+16 2.9821959431199257e-05 2.2394032829465369e-12
3.7370211946985960e+16 2.8354878392622802e-05 2.2394248982950388e-12
3.9564272755526544e+16 2.6959313261875997e-05 2.2394011104590572e-12
4.1887150142319432e+16 2.5632580226067792e-05 2.2394014108995343e-12
4.4346407120554416e+16 2.4371020744019096e-05 2.2394015818146956e-12
4.6950050739189056e+16 2.3171439101292130e-05 2.2394022202180580e-12
4.9706558152954344e+16 2.2030818081623102e-05 2.2394058391565193e-12
5.2624904222962896e+16 2.0946168672208612e-05 2.2394023283225616e-12
5.5714590737789248e+16 1.9914856221237085e-05 2.2394036895392862e-12
5.8985677350171200e+16 1.8934182292015615e-05 2.2394011319103801e-12
6.2448814330043408e+16 1.8001721045975917e-05 2.2394013122136593e-12
6.6115277240549520e+16 1.7115082771933568e-05 2.2394014962341233e-12
6.9997003649944024e+16 1.6272014877136787e-05 2.2394017770620608e-12
7.4106631998894320e+16 1.5470377755451366e-05 2.2394015174916711e-12
7.8457542749746400e+16 1.4708142467842776e-05 2.2394011505832611e-12
8.3063901951717712e+16 1.3983401723141148e-05 2.2394056384895543e-12
8.7940707363880240e+16 1.3294245216614391e-05 2.2394032656363262e-12
9.3103837286081424e+16 1.2638989943968306e-05 2.2394051733790686e-12
9.8570102256799824e+16 1.2015931534860672e-05 2.2394035954019982e-12
1.0435729978627291e+17 1.1423510276258711e-05 2.2394030561428844e-12
1.1048427230307496e+17 1.0860255969768494e-05 2.2394106958813171e-12
1.1697096850282330e+17 1.0324721851665874e-05 2.2394249493909618e-12
1.2383850829877512e+17 9.8153891924071262e-06 2.2394056868332674e-12
1.3110925158575253e+17 9.3311959076083350e-06 2.2394098861149757e-12
1.3880687104131126e+17 8.8707710367620080e-06 2.2394021040104163e-12
1.4695642920116141e+17 8.4330228018069484e-06 2.2394018035294465e-12
1.5558446005982352e+17 8.0168283485515311e-06 2.2394070389392538e-12
1.6471905546216083e+17 7.6210754514396217e-06 2.2394028963222750e-12
1.7438995656708483e+17 7.2448736022427576e-06 2.2394252687667207e-12
1.8462865068125606e+17 6.8870525579872231e-06 2.2394022193104336e-12
1.9546847377800858e+17 6.5469697864419043e-06 2.2394266131670932e-12
2.0694471903533014e+17 6.2235495804303356e-06 2.2394252904575564e-12
2.1909475174624934e+17 5.9160641334972721e-06 2.2394268876431274e-12
2.3195813097581632e+17 5.6236491096884734e-06 2.2394019746534330e-12
2.4557673836071667e+17 5.3456992523907996e-06 2.2394071099593071e-12
2.5999491447089878e+17 5.0814102008256724e-06 2.2394029069190415e-12
2.7525960317723274e+17 4.8301402183272822e-06 2.2394012483548014e-12
2.9142050449517370e+17 4.5912958864094736e-06 2.2394275217481584e-12
3.0853023640210118e+17 4.3641352724855018e-06 2.2394089307397338e-12
3.2664450615523840e+17 4.1481810507470441e-06 2.2394015392610970e-12
3.4582229166785459e+17 3.9428781208499021e-06 2.2394003629486584e-12
3.6612603353436422e+17 3.7476864904216420e-06 2.2393981967667300e-12
3.8762183832947072e+17 3.5621522978852786e-06 2.2394287934561863e-12
4.1037969384336595e+17 3.3857039798328199e-06 2.2394087633923762e-12
4.3447369695365606e+17 3.2179591344191188e-06 2.2394001664953240e-12
4.5998229487598182e+17 3.0584960357462667e-06 2.2393997610538667e-12
4.8698854057888723e+17 2.9069260342250709e-06 2.2394295856563546e-12
5.1558036319441318e+17 2.7627723265304953e-06 2.2394039168109271e-12
5.4585085430489299e+17 2.6257468931132101e-06 2.2394006798732707e-12
5.7789857103814950e+17 2.4954859226543131e-06 2.2394003338062465e-12
6.1182785695777830e+17 2.3716471451915668e-06 2.2393985976883799e-12
6.4774918179343002e+17 2.2539418942967261e-06 2.2394283004150663e-12
6.8577950111710259e+17 2.1420051935793223e-06 2.2394023485596739e-12
7.2604263713666995e+17 2.0356037454654060e-06 2.2393970905561628e-12
7.6866968184627251e+17 1.9344611787788585e-06 2.2393968935689132e-12
8.1379942384625856e+17 1.8383086614189059e-06 2.2393944497373871e-12
8.6157880022247411e+17 1.7469047859797578e-06 2.2393925282969667e-12
9.1216337495593408e+17 1.6600168574610790e-06 2.2393938915327099e-12
9.6571784542071667e+17 1.5774196393321783e-06 2.2393930205199889e-12
1.0224165786190106e+18 1.4989203591909892e-06 2.2394323763994252e-12
1.0824441788994810e+18 1.4242638936160689e-06 2.2393895147391395e-12
1.1459960890070847e+18 1.3533329249443590e-06 2.2394350742907201e-12
1.2132792264214026e+18 1.2858960027598173e-06 2.2394431907739104e-12
1.2845126570555133e+18 1.2217659331686293e-06 2.2393866427960718e-12
1.3599283085085681e+18 1.1608328771050777e-06 2.2393878404215997e-12
1.4397717251944668e+18 1.1029091773768244e-06 2.2393856522759993e-12
1.5243028678054692e+18 1.0478689268038058e-06 2.2394391075075570e-12
1.6137969597132820e+18 9.9553715323934676e-07 2.2394409522635290e-12
1.7085453830637548e+18 9.4579645289328884e-07 2.2394376101709529e-12
1.8088566274824660e+18 8.9851528659476761e-07 2.2394350301799205e-12
1.9150572944805102e+18 8.5357743984952944e-07 2.2394329502254620e-12
2.0274931608301949e+18 8.1086960940178703e-07 2.2394502484206669e-12
2.1465303043730854e+18 7.7027280439751074e-07 2.2394388815773167e-12
2.2725562959262198e+18 7.3168733938761545e-07 2.2394378165930492e-12
2.4059814611666196e+18 6.9502022054254175e-07 2.2394481048067480e-12
2.5472402166028908e+18 6.6015251019684669e-07 2.2393653519943483e-12
2.6967924839840666e+18 6.2704651155584816e-07 2.2394532951329771e-12
2.8551251877501066e+18 5.9556713508526124e-07 2.2394532407082624e-12
3.0227538404001940e+18 5.6564851440089301e-07 2.2394467983379549e-12
3.2002242209400755e+18 5.3721956608454136e-07 2.2394433447535794e-12
3.3881141518740444e+18 5.1019821979142439e-07 2.2394478426848695e-12
3.5870353805263304e+18 4.8452358280309425e-07 2.2394574687295739e-12
3.7976355708176261e+18 4.6012389050541646e-07 2.2394579627632873e-12
4.0206004119823191e+18 4.3693762216801173e-07 2.2394635348106075e-12
4.2566558510911314e+18 4.1490421644605357e-07 2.2394661893666346e-12
4.5065704566484408e+18 3.9396383709438796e-07 2.2394576921472983e-12
4.7711579209605530e+18 3.7407345833410517e-07 2.2394693975210302e-12
5.0512797094210509e+18 3.5516464476737323e-07 2.2394659191450597e-12
5.3478478653400637e+18 3.3720463387823494e-07 2.2394750924409631e-12
5.6618279794487409e+18 3.2013591769796390e-07 2.2394708544574950e-12
5.9942423337486223e+18 3.0391789952147905e-07 2.2394680585639007e-12
6.3461732299403244e+18 2.8850639360308537e-07 2.2394521821922431e-12
6.7187665132691476e+18 2.7387103725897874e-07 2.2394479689665205e-12
7.1132353032618598e+18 2.5996042452958232e-07 2.2394530922900134e-12
7.5308639434995548e+18 2.4674667808620469e-07 2.2394530453017909e-12
7.9730121832882063e+18 2.3419279947579426e-07 2.2394450388220375e-12
8.4411196048405801e+18 2.2227012509256106e-07 2.2394582778283511e-12
8.9367103103858852e+18 2.1094014084656164e-07 2.2394751462539204e-12
9.4613978844654715e+18 2.0017560170829151e-07 2.2394298670839742e-12
1.0016890647572181e+19 1.8995936363400618e-07 2.2394793752613060e-12
1.0604997218240092e+19 1.8024400732267697e-07 2.2394018578025808e-12
1.1227632401691494e+19 1.7102033041075723e-07 2.2394166825949121e-12
1.1886823424214946e+19 1.6225893327124504e-07 2.2394429464724718e-12
1.2584716533574625e+19 1.5393766686685907e-07 2.2394559537731516e-12
1.3323583986937729e+19 1.4603260737586565e-07 2.2393990307436301e-12
1.4105831449074625e+19 1.3852674449941706e-07 2.2394263146303659e-12
1.4934005824917043e+19 1.3139610422198317e-07 2.2393658547105791e-12
1.5810803551979708e+19 1.2462435973944316e-07 2.2394320968312450e-12
1.6739079379640386e+19 1.1819651655000819e-07 2.2393798255542575e-12
1.7721855663864297e+19 1.1209232267911950e-07 2.2394359609085636e-12
1.8762332207638188e+19 1.0629255318041839e-07 2.2393394014872813e-12
1.9863896679148503e+19 1.0078786445406630e-07 2.2394261096487465e-12
2.1030135641626059e+19 9.5561102678774819e-08 2.2394428854784837e-12
2.2264846230772339e+19 9.0597533394220756e-08 2.2393855019340085e-12
2.3572048517781586e+19 8.5885287806088764e-08 2.2393855871163305e-12
2.4955998598216397e+19 8.1411993223903606e-08 2.2394199451632610e-12
2.6421202449348334e+19 7.7164472495251793e-08 2.2394067411399523e-12
2.7972430601087709e+19 7.3133905531041891e-08 2.2394268974703885e-12
2.9614733668261941e+19 6.9305022142684141e-08 2.2391700892098939e-12
3.1353458794816692e+19 6.5673736549649134e-08 2.2394030309148932e-12
3.3194267063485018e+19 6.2226115983226552e-08 2.2394076555078066e-12
3.5143151927599264e+19 5.8953815658290128e-08 2.2393970093248303e-12
3.7206458725065122e+19 5.5848271343213471e-08 2.2393733480888403e-12
3.9390905338026672e+19 5.2900703772088894e-08 2.2393692535705243e-12
4.1703604065497154e+19 5.0104323790354496e-08 2.2391571457451642e-12
4.4152084780159197e+19 4.7451214084646723e-08 2.2392821360639879e-12
4.6744319444734657e+19 4.4932691279087192e-08 2.2391921699142536e-12
4.9488748067753632e+19 4.2544338418851766e-08 2.2391759575534028e-12
5.2394306183219094e+19 4.0278355300809301e-08 2.2391908887038353e-12
5.5470453943642710e+19 3.8128425179233822e-08 2.2391940334086724e-12
5.8727206921184182e+19 3.6087763446165386e-08 2.2391242732682852e-12
6.2175168717162602e+19 3.4153210009343437e-08 2.2391574120102647e-12
6.5825565486126293e+19 3.2318707230072580e-08 2.2392023058608074e-12
6.9690282486875873e+19 3.0578542610465650e-08 2.2392161671651654e-12
7.3781902779463205e+19 2.8928528933316298e-08 2.2391297584555935e-12
7.8113748194139161e+19 2.7363404161030408e-08 2.2390952696474594e-12
8.2699922705648517e+19 2.5879777838884337e-08 2.2391443051185437e-12
8.7555358354105795e+19 2.4470777231245179e-08 2.2389224532593797e-12
9.2695863861943058e+19 2.3137045455374476e-08 2.2388734692179572e-12
9.8138176105229828e+19 2.1875017689049032e-08 2.2391442405030547e-12
1.0390001460696479e+20 2.0676287603614212e-08 2.2391268250795694e-12
1.1000013922973462e+20 1.9539897306853956e-08 2.2391918761793654e-12
1.1645841125560430e+20 1.8463212334634712e-08 2.2391832468842304e-12
1.2329585805208766e+20 1.7437208143194327e-08 2.2383234366017421e-12
1.3053474153477254e+20 1.6475276273263111e-08 2.2385952619205102e-12
1.3819863064947165e+20 1.5556050027740292e-08 2.2385855325808234e-12
1.4631247810990699e+20 1.4691074839562210e-08 2.2384018211161262e-12
1.5490270164079844e+20 1.3868637578178488e-08 2.2382296456422308e-12
1.6399726999083277e+20 1.3093287644104184e-08 2.2385405322061521e-12
1.7362579399559594e+20 1.2351777961608307e-08 2.2378994648404870e-12
1.8381962298692986e+20 1.1659018220156674e-08 2.2387989451631893e-12
1.9461194686265406e+20 1.0996347844286856e-08 2.2384361826380534e-12
2.0603790414892784e+20 1.0374883967704903e-08 2.2391163078044169e-12
2.1813469640711212e+20 9.7835439562227519e-09 2.2388486531522936e-12
2.3094170935765936e+20 9.2237933894384908e-09 2.2388293706431304e-12
2.4450064111533779e+20 8.6951877217865375e-09 2.2393122918192429e-12
2.5885563795333133e+20 8.1888882719460642e-09 2.2379986190631248e-12
