# k  Ps  Pt
4.573226247964919653e-05 2.999080051213245619e-09 1.668844049007298024e-11
4.841727462033457082e-05 2.991001554614050875e-09 1.668774719198174841e-11
5.125992799293650098e-05 2.982933598405623087e-09 1.668705352025920868e-11
5.426947795895751918e-05 2.974875601856171594e-09 1.668635616146580997e-11
5.745572327654476717e-05 2.966826106442321436e-09 1.668564698983667130e-11
6.082903800415160033e-05 2.958788295313190256e-09 1.668494378039602462e-11
6.440040527731095814e-05 2.950760719889957428e-09 1.668423837223490230e-11
6.818145306849744951e-05 2.942744430061084186e-09 1.668353679817418013e-11
7.218449204650436996e-05 2.934737007949626738e-09 1.668282525328925300e-11
7.642255565860576474e-05 2.926740400534299419e-09 1.668211481179795776e-11
8.090944256600215013e-05 2.918753533926692424e-09 1.668139934857057295e-11
8.565976157071954721e-05 2.910777394800055380e-09 1.668068441343434219e-11
9.068897918023397561e-05 2.902811743262967911e-09 1.667996864630180199e-11
9.601346996469165126e-05 2.894856756660622765e-09 1.667925307816485462e-11
1.016505698706767885e-04 2.886911918639628880e-09 1.667853482698227450e-11
1.076186326651166916e-04 2.878976306211683009e-09 1.667780839158965312e-11
1.139370896930928003e-04 2.871051544630794223e-09 1.667708314810737730e-11
1.206265131441290969e-04 2.863137440435128301e-09 1.667635809724279896e-11
1.277086830329389152e-04 2.855233628093984079e-09 1.667563097826623237e-11
1.352066581127192070e-04 2.847339798237940015e-09 1.667490004072153970e-11
1.431448509518705697e-04 2.839456611831177316e-09 1.667416907243305428e-11
1.515491074185913375e-04 2.831582043337581382e-09 1.667342626978708217e-11
1.604467908321337624e-04 2.823719630518638161e-09 1.667269229701369283e-11
1.698668710547115036e-04 2.815867407320790077e-09 1.667195561119225155e-11
1.798400188141316891e-04 2.808025075016046428e-09 1.667121447484547855e-11
1.903987055642547424e-04 2.800193803429460210e-09 1.667047569662301799e-11
2.015773092084170747e-04 2.792371908688231315e-09 1.666972943418191843e-11
2.134122260300400987e-04 2.784560270314845116e-09 1.666898073110979949e-11
2.259419891948590106e-04 2.776758328183475433e-09 1.666822624450717602e-11
2.392073942106014606e-04 2.768968506584110081e-09 1.666748059508962195e-11
2.532516317525988206e-04 2.761188339464996230e-09 1.666672884688466914e-11
2.681204282877951497e-04 2.753418409879639782e-09 1.666597458104776236e-11
2.838621949550103741e-04 2.745657697523096473e-09 1.666521151196420537e-11
3.005281851861946055e-04 2.737908534222295435e-09 1.666445382809400641e-11
3.181726615818712928e-04 2.730169634031192853e-09 1.666369365013323277e-11
3.368530725840964703e-04 2.722440774394022991e-09 1.666292966930545539e-11
3.566302395221620115e-04 2.714722862360808862e-09 1.666216739144346400e-11
3.775685546400426077e-04 2.707014252684031777e-09 1.666139673202532067e-11
3.997361907503411776e-04 2.699315983832105289e-09 1.666062392212116710e-11
4.232053231973437364e-04 2.691628979558715423e-09 1.665985478031519591e-11
4.480523648518689307e-04 2.683951233363691001e-09 1.665907689266586203e-11
4.743582149030310538e-04 2.676283996207921816e-09 1.665829792897915499e-11
5.022085222569533684e-04 2.668627473655140951e-09 1.665751912321258446e-11
5.316939644000266002e-04 2.660981484128793056e-09 1.665673938593959892e-11
5.629105426346698530e-04 2.653345544155690597e-09 1.665595560133181443e-11
5.959598946488285079e-04 2.645719447701805713e-09 1.665516658322875683e-11
6.309496254369291414e-04 2.638105159218302379e-09 1.665438459993148921e-11
6.679936576496992105e-04 2.630499323531698740e-09 1.665358846156839616e-11
7.072126025135884236e-04 2.622905463389067365e-09 1.665280055566008169e-11
7.487341525274240992e-04 2.615320768157669362e-09 1.665200275075669225e-11
7.926934972149195409e-04 2.607747505790671100e-09 1.665120970554676211e-11
8.392337632866333271e-04 2.600183069489451963e-09 1.665040471866588922e-11
8.885064806445472276e-04 2.592630321522451300e-09 1.664960603644390797e-11
9.406720757464683783e-04 2.585086625077437312e-09 1.664879672389889137e-11
9.959003939366500944e-04 2.577554856537974714e-09 1.664799531291531522e-11
1.054371252443225956e-03 2.570033260956259780e-09 1.664719046278598330e-11
1.116275025843011231e-03 2.562520193233065799e-09 1.664637153202131296e-11
1.181813265899821783e-03 2.555018171777855619e-09 1.664555468028156655e-11
1.251199357794489280e-03 2.547527112033186309e-09 1.664473947768229158e-11
1.324659214883144214e-03 2.540046512108220851e-09 1.664392257524971838e-11
1.402432014245840733e-03 2.532576519082287119e-09 1.664310498449360044e-11
1.484770975420384061e-03 2.525116658403561759e-09 1.664228355542993189e-11
1.571944184856828878e-03 2.517666132847292132e-09 1.664145298875775806e-11
1.664235468776982313e-03 2.510226558928796872e-09 1.664062391480157802e-11
1.761945317280843313e-03 2.502797999384846732e-09 1.663979676674006844e-11
1.865391862708766285e-03 2.495379082059848218e-09 1.663896239304800799e-11
1.974911915444785282e-03 2.487970658031996377e-09 1.663812649027193383e-11
2.090862060533562293e-03 2.480573367691964844e-09 1.663729327143464391e-11
2.213619818681416499e-03 2.473184339280674880e-09 1.663644347076401427e-11
2.343584875421527488e-03 2.465807887359782688e-09 1.663560609454097652e-11
2.481180382445337482e-03 2.458441736392613172e-09 1.663476571509900245e-11
2.626854335337140949e-03 2.451084294427339948e-09 1.663391166245718765e-11
2.781081032197606478e-03 2.443737861113280943e-09 1.663305934299386285e-11
2.944362617905361707e-03 2.436403179740927118e-09 1.663221394373762412e-11
3.117230719044546908e-03 2.429076463117147834e-09 1.663134958837261171e-11
3.300248174821561291e-03 2.421762149242814979e-09 1.663049651638325944e-11
3.494010869606529665e-03 2.414456686728312384e-09 1.662963044897279350e-11
3.699149673066230021e-03 2.407162452598821722e-09 1.662876763997917489e-11
3.916332494205128877e-03 2.399878755738972683e-09 1.662790336957348898e-11
4.146266456002464969e-03 2.392605250742531713e-09 1.662703519772128812e-11
4.389700197725538051e-03 2.385342685756978852e-09 1.662616826123161166e-11
4.647426312415512371e-03 2.378089947923545454e-09 1.662529483305178466e-11
4.920283927481658437e-03 2.370847303590706982e-09 1.662441679287376161e-11
5.209161436806416037e-03 2.363615442518529742e-09 1.662353885689452356e-11
5.514999393256506816e-03 2.356392876593679724e-09 1.662265053889833789e-11
5.838793571017892800e-03 2.349181674169632327e-09 1.662176642868613423e-11
6.181598207725180760e-03 2.341981028849166826e-09 1.662088081760171945e-11
6.544529436941463364e-03 2.334790998311506684e-09 1.661999415486560694e-11
6.928768922164393537e-03 2.327610029698022330e-09 1.661909520902914268e-11
7.335567704190392932e-03 2.320441018614332574e-09 1.661820473473308845e-11
7.766250274363585386e-03 2.313281960037947885e-09 1.661730838115564010e-11
8.222218886971506546e-03 2.306132260390600386e-09 1.661640177002891389e-11
8.704958124828257593e-03 2.298993880000940148e-09 1.661549903768816732e-11
9.216039732910125473e-03 2.291865987275020139e-09 1.661459418347932968e-11
9.757127735781481737e-03 2.284747642324298347e-09 1.661368027102567232e-11
1.032998385547267105e-02 2.277641000354274749e-09 1.661277305136356952e-11
1.093647324744994459e-02 2.270544001078237303e-09 1.661185744671089644e-11
1.157857057335308880e-02 2.263456516722414040e-09 1.661093243432228266e-11
1.225836643027290035e-02 2.256381439862128660e-09 1.661001928048035623e-11
1.297807415750154569e-02 2.249314974924318242e-09 1.660909004105143522e-11
1.374003704291778052e-02 2.242260782785392398e-09 1.660817167565953443e-11
1.454673595247025011e-02 2.235215178063215837e-09 1.660723693438149322e-11
1.540079740759959549e-02 2.228180833357628086e-09 1.660630551838241332e-11
1.630500213689855052e-02 2.221156996776093429e-09 1.660537190767213758e-11
1.726229412985329573e-02 2.214142574417550244e-09 1.660442788099556073e-11
1.827579022214399773e-02 2.207140187859511873e-09 1.660349298208703193e-11
1.934879024371325903e-02 2.200147352867706640e-09 1.660254864307427099e-11
2.048478776264341106e-02 2.193164155517477061e-09 1.660159537097350169e-11
2.168748145982350370e-02 2.186192462434976609e-09 1.660064728333880371e-11
2.296078717144069831e-02 2.179231080500966618e-09 1.659969535275588447e-11
2.430885063850498837e-02 2.172279722656156628e-09 1.659873729695631873e-11
2.573606100491835150e-02 2.165339420587540797e-09 1.659778104739201240e-11
2.724706510803647994e-02 2.158409365385269874e-09 1.659682034230961557e-11
2.884678260825149915e-02 2.151488860084271786e-09 1.659584981283338217e-11
3.054042200685620420e-02 2.144579303193486922e-09 1.659488012945036714e-11
3.233349760434173908e-02 2.137681009556570969e-09 1.659391378076959374e-11
3.423184745434337123e-02 2.130791845540916243e-09 1.659293419236514401e-11
3.624165237169031661e-02 2.123914368130402437e-09 1.659196116060250763e-11
3.836945605644761365e-02 2.117046641817398285e-09 1.659097964929112828e-11
4.062218639947184212e-02 2.110189340248299029e-09 1.658999488894811867e-11
4.300717803884897966e-02 2.103342576898854609e-09 1.658900763474192504e-11
4.553219624065587418e-02 2.096505557645479503e-09 1.658801169747741608e-11
4.820546218179821291e-02 2.089680347835631751e-09 1.658702332275538486e-11
5.103567971724318891e-02 2.082865111448119660e-09 1.658602798686856817e-11
5.403206371879799158e-02 2.076060258095699830e-09 1.658502897926785279e-11
5.720437007770194648e-02 2.069265414150946433e-09 1.658402310089572192e-11
6.056292746871743543e-02 2.062480468766212885e-09 1.658300952215013395e-11
6.411867097913993840e-02 2.055707936176590110e-09 1.658200838173976364e-11
6.788317771221943908e-02 2.048944479672348238e-09 1.658099286865636608e-11
7.186870448091402241e-02 2.042191248287759647e-09 1.657997205229870347e-11
7.608822771470222235e-02 2.035448554847498823e-09 1.657894857358435524e-11
8.055548570938633746e-02 2.028717307342539812e-09 1.657792981123385559e-11
8.528502335744726770e-02 2.021996107684081318e-09 1.657690426118388962e-11
9.029223950458799275e-02 2.015284695841830003e-09 1.657586976032439462e-11
9.559343708665317407e-02 2.008584198024923275e-09 1.657483551679298167e-11
1.012058762101651632e-01 2.001894869489847506e-09 1.657380367740436526e-11
1.071478303493008100e-01 1.995214854885968599e-09 1.657275885523131506e-11
1.134386458422799171e-01 1.988546285656368662e-09 1.657171863877804697e-11
1.200988048808790676e-01 1.981887006684064314e-09 1.657066509735371039e-11
1.271499921981576742e-01 1.975239041734714128e-09 1.656961502471341805e-11
1.346151656715238731e-01 1.968601041060587082e-09 1.656855715109433713e-11
1.425186310710161997e-01 1.961974307120804697e-09 1.656750238036748532e-11
1.508861211961727289e-01 1.955357359879841246e-09 1.656643827644095878e-11
1.597448796591489362e-01 1.948751230766404567e-09 1.656537335632549906e-11
1.691237495868722629e-01 1.942155520966891563e-09 1.656430438205186630e-11
1.790532675310382293e-01 1.935571066116627089e-09 1.656323832299265223e-11
1.895657628917073734e-01 1.928996107959049813e-09 1.656216024097592190e-11
2.006954631782175424e-01 1.922431884993602967e-09 1.656108060003444017e-11
2.124786054501262567e-01 1.915878194188001180e-09 1.655999761778820963e-11
2.249535543010244831e-01 1.909334983894137110e-09 1.655891089437895260e-11
2.381609267693633736e-01 1.902802013957422452e-09 1.655781831435111798e-11
2.521437245829893925e-01 1.896279145447273315e-09 1.655671851569922048e-11
2.669474741679614960e-01 1.889767612078015096e-09 1.655562226804156543e-11
2.826203748775036328e-01 1.883265992664640722e-09 1.655451715068337599e-11
2.992134559237085156e-01 1.876775565344372452e-09 1.655341432076268927e-11
3.167807425229464124e-01 1.870294781298067191e-09 1.655230006357451054e-11
3.353794317959278293e-01 1.863825694574360275e-09 1.655119263891173981e-11
3.550700789951328762e-01 1.857365995020021713e-09 1.655007139985664207e-11
3.759167946659413562e-01 1.850917332962915616e-09 1.654895094898547976e-11
3.979874533833997474e-01 1.844479533663762430e-09 1.654782982355952361e-11
4.213539147442473265e-01 1.838051173576295233e-09 1.654669519712071578e-11
4.460922573337275376e-01 1.831634101865455728e-09 1.654556355685770216e-11
4.722830264289545332e-01 1.825228097049306059e-09 1.654443297898353635e-11
5.000114962453259260e-01 1.818831589085912550e-09 1.654328914736205216e-11
5.293679475798381828e-01 1.812445482941822776e-09 1.654214032711608211e-11
5.604479617552579063e-01 1.806070416119343118e-09 1.654099219687635218e-11
5.933527318222292513e-01 1.799705692978308271e-09 1.653983835695434065e-11
6.281893920325219982e-01 1.793351699084257646e-09 1.653868234750229796e-11
6.650713666561843818e-01 1.787007897595050504e-09 1.653751910674911311e-11
7.041187392782725096e-01 1.780674863681414623e-09 1.653635408722660979e-11
7.454586437775861940e-01 1.774352143050098020e-09 1.653518286538033606e-11
7.892256782603497278e-01 1.768040278226876973e-09 1.653401050775398625e-11
8.355623432966067243e-01 1.761738462548146962e-09 1.653282943748682531e-11
8.846195058861282545e-01 1.755448269133894252e-09 1.653165437284245068e-11
9.365568906645069802e-01 1.749167096758928490e-09 1.653046084898126519e-11
9.915435999486951202e-01 1.742896982483537243e-09 1.652926795851458276e-11
1.049758664315253665e+00 1.736638649510136296e-09 1.652808239496121452e-11
1.111391625503874048e+00 1.730389030531061202e-09 1.652687528424610539e-11
1.176643153544103315e+00 1.724151354430495893e-09 1.652567713720173624e-11
1.245725700114503454e+00 1.717923438132562032e-09 1.652446718799480320e-11
1.318864190261577640e+00 1.711706342979255903e-09 1.652325539139115674e-11
1.396296754730549594e+00 1.705500037734000054e-09 1.652204158614178827e-11
1.478275505292463210e+00 1.699303795730339233e-09 1.652081862978910907e-11
1.565067355591892584e+00 1.693118205691509765e-09 1.651959210532825028e-11
1.656954890187946505e+00 1.686943785047123833e-09 1.651836710284078295e-11
1.754237284617967463e+00 1.680778940689839156e-09 1.651712805147290777e-11
1.857231279479651720e+00 1.674625103219195788e-09 1.651588881291121654e-11
1.966272211702989381e+00 1.668481497794831689e-09 1.651464172182002347e-11
2.081715106369837809e+00 1.662349202459273212e-09 1.651339747501117063e-11
2.203935832635857128e+00 1.656226583246558631e-09 1.651213973929369048e-11
2.333332327518482963e+00 1.650115602344068068e-09 1.651088805228558427e-11
2.470325891535318341e+00 1.644014625404260555e-09 1.650962606618222353e-11
2.615362560411549353e+00 1.637923629308469672e-09 1.650835348051147536e-11
2.768914557322349701e+00 1.631844161088019554e-09 1.650708578061354983e-11
2.931481830398749100e+00 1.625775130128838719e-09 1.650581182488967294e-11
3.103593680502859886e+00 1.619716782168174796e-09 1.650453430464360921e-11
3.285810484572252221e+00 1.613668401782495409e-09 1.650324572805273584e-11
3.478725520144651195e+00 1.607630898283649898e-09 1.650195532748060623e-11
3.682966897003199680e+00 1.601603882214174779e-09 1.650065905941633525e-11
3.899199602231733675e+00 1.595587328452199661e-09 1.649935659633883211e-11
4.128127665338304553e+00 1.589581698432658723e-09 1.649805271234929754e-11
4.370496450496592189e+00 1.583586246535146746e-09 1.649673962130799771e-11
4.627095083368238271e+00 1.577601918267163823e-09 1.649542709209898532e-11
4.898759020407826625e+00 1.571628171549572327e-09 1.649410945975229945e-11
5.186372769015600070e+00 1.565664666782031742e-09 1.649278297604346979e-11
5.490872767394725074e+00 1.559711715440657799e-09 1.649145096689013481e-11
5.813250433489282720e+00 1.553769541047292257e-09 1.649011579568502689e-11
6.154555392930313396e+00 1.547838962110262670e-09 1.648878598772917928e-11
6.515898896499408899e+00 1.541916844107139896e-09 1.648742831336990884e-11
6.898457438237088013e+00 1.536007121402066946e-09 1.648608439630285898e-11
7.303476585975726465e+00 1.530107079219160343e-09 1.648472539871222675e-11
7.732275036769245879e+00 1.524218379372153119e-09 1.648336900933208738e-11
8.186248910423143954e+00 1.518339870065069120e-09 1.648200283242823969e-11
8.666876295104575689e+00 1.512471607537712431e-09 1.648062718873457657e-11
9.175722059832017052e+00 1.506614610841526088e-09 1.647925339308989435e-11
9.714442949513934167e+00 1.500767921915670287e-09 1.647787080684208866e-11
1.028479297912479140e+01 1.494931764021441851e-09 1.647648174889875511e-11
1.088862914458182196e+01 1.489106695720901657e-09 1.647509232438619075e-11
1.152791746891591274e+01 1.483292001745070027e-09 1.647369474020935877e-11
1.220473940342291641e+01 1.477487963523194918e-09 1.647229195295357015e-11
1.292129860463613156e+01 1.471694432038068182e-09 1.647088223583375923e-11
1.367992810918574165e+01 1.465911164325066194e-09 1.646946279120484298e-11
1.448309792990499112e+01 1.460139250684086488e-09 1.646804573450476835e-11
1.533342309791597557e+01 1.454378381453294005e-09 1.646662771242468009e-11
1.623367217687835407e+01 1.448626839077803815e-09 1.646518914003394618e-11
1.718677627712311207e+01 1.442886465106153782e-09 1.646375085565894864e-11
1.819583859902013501e+01 1.437157242152616711e-09 1.646231254232228991e-11
1.926414453665135795e+01 1.431437827194673637e-09 1.646085885540864680e-11
2.039517237468679411e+01 1.425729656383251964e-09 1.645940616022104294e-11
2.159260461329015968e+01 1.420031461461483796e-09 1.645793981636326783e-11
2.286033995792793405e+01 1.414344624801458170e-09 1.645647570873598866e-11
2.420250601311803962e+01 1.408668319042888978e-09 1.645500424354603040e-11
2.562347272144895882e+01 1.403002608007830268e-09 1.645352600571886683e-11
2.712786659162373937e+01 1.397347541460010322e-09 1.645204162947198434e-11
2.872058576185538925e+01 1.391703737411697450e-09 1.645055826234061015e-11
3.040681594765672813e+01 1.386069799477183689e-09 1.644905941426123216e-11
3.219204732595066076e+01 1.380446757173573442e-09 1.644755706342231947e-11
3.408209241047182303e+01 1.374834743209934047e-09 1.644605291778821680e-11
3.608310497666182926e+01 1.369233172078173306e-09 1.644453979379231688e-11
3.820160009767342046e+01 1.363641992195359919e-09 1.644301703856711212e-11
4.044447535672068739e+01 1.358061897590034668e-09 1.644149290457629203e-11
4.281903330483807224e+01 1.352491817843356913e-09 1.643995438080327354e-11
4.533300523717058894e+01 1.346933177162165955e-09 1.643841877771169136e-11
4.799457636520558168e+01 1.341384798797602666e-09 1.643687154363401690e-11
5.081241246690672853e+01 1.335847690529913347e-09 1.643532505780564580e-11
5.379568810151729963e+01 1.330320419523478850e-09 1.643376155495230784e-11
5.695411648089989143e+01 1.324804284049015448e-09 1.643219709331770880e-11
6.029798109466725009e+01 1.319298702948053694e-09 1.643062430798380528e-11
6.383816919207538376e+01 1.313803699098632343e-09 1.642904333809907823e-11
6.758620722968873906e+01 1.308319717570485217e-09 1.642745976404271953e-11
7.155429840023482768e+01 1.302846350878230042e-09 1.642586838140442533e-11
7.575536236483405617e+01 1.297384116377298061e-09 1.642427565708046680e-11
8.020307731797274187e+01 1.291932270766206528e-09 1.642267220646464711e-11
8.491192452217362074e+01 1.286491012410693531e-09 1.642106035468021992e-11
8.989723545736848109e+01 1.281060456935196053e-09 1.641944155031358127e-11
9.517524173848104851e+01 1.275640374745855857e-09 1.641781273171572092e-11
1.007631279637515576e+02 1.270231251829086433e-09 1.641617994614868908e-11
1.066790876658656089e+02 1.264832746467134881e-09 1.641453888870687894e-11
1.129423825480626391e+02 1.259445645451748320e-09 1.641289965353965111e-11
1.195734051980884658e+02 1.254068964876837184e-09 1.641124936955707686e-11
1.265937454841789958e+02 1.248702378233587125e-09 1.640958359640913797e-11
1.340262608492587901e+02 1.243347283749190888e-09 1.640792062771528396e-11
1.418951507322172461e+02 1.238002621572528612e-09 1.640624652849542809e-11
1.502260353585775476e+02 1.232668439095051716e-09 1.640456174188839340e-11
1.590460391570839249e+02 1.227345055021819268e-09 1.640287038615952896e-11
1.683838790738106468e+02 1.222032905034625970e-09 1.640117824727195470e-11
1.782699580713247656e+02 1.216730934493300304e-09 1.639947101876657085e-11
1.887364641173351174e+02 1.211440611305966952e-09 1.639776853902044306e-11
1.998174749851128240e+02 1.206160306824438982e-09 1.639604865660351675e-11
2.115490692069134866e+02 1.200890768760333051e-09 1.639432133027956459e-11
2.239694435416404872e+02 1.195631816934799705e-09 1.639258413217485070e-11
2.371190373392238939e+02 1.190384390398677782e-09 1.639084965806929751e-11
2.510406642066184020e+02 1.185147208921682563e-09 1.638910048782928653e-11
2.657796514041234559e+02 1.179920330998796412e-09 1.638733712337142787e-11
2.813839874258703162e+02 1.174704853555880483e-09 1.638557467541356435e-11
2.979044782449967101e+02 1.169500113572217751e-09 1.638380390412568725e-11
3.153949127322096047e+02 1.164306240466226585e-09 1.638202656226141237e-11
3.339122377863380962e+02 1.159122649311941284e-09 1.638023424161736500e-11
3.535167437470627192e+02 1.153950441140246582e-09 1.637844243815155864e-11
3.742722606935250838e+02 1.148788561761105695e-09 1.637663611467661972e-11
3.962463662679219851e+02 1.143637809580900627e-09 1.637482661348696185e-11
4.195106057007573668e+02 1.138497792862113809e-09 1.637300806975934515e-11
4.441407247541064294e+02 1.133367755192520925e-09 1.637116958404066542e-11
4.702169163413529418e+02 1.128249683503318269e-09 1.636933971762569458e-11
4.978240816263408419e+02 1.123141703085209393e-09 1.636749130052207709e-11
5.270521064520770551e+02 1.118045144247464439e-09 1.636564343063767742e-11
5.579961539989770927e+02 1.112958637103028611e-09 1.636377621993533165e-11
5.907569746255469454e+02 1.107883664411478359e-09 1.636191108772505686e-11
6.254412339002756198e+02 1.102818879773578847e-09 1.636002827222456663e-11
6.621618598928071151e+02 1.097765503524446436e-09 1.635814556357380402e-11
7.010384108550991868e+02 1.092722330083456904e-09 1.635624502095420980e-11
7.421974644897246662e+02 1.087690222478329629e-09 1.635433946977318027e-11
7.857730300727222357e+02 1.082669161246118152e-09 1.635242835738874708e-11
8.319069847728025024e+02 1.077658509271461461e-09 1.635050217452521801e-11
8.807495355875565792e+02 1.072659101734274336e-09 1.634857339389281651e-11
9.324597084006303476e+02 1.067670274289941317e-09 1.634663160554321305e-11
9.872058657522323983e+02 1.062692380352706744e-09 1.634468234286701027e-11
1.045166255008722828e+03 1.057725426694057226e-09 1.634272560098043688e-11
1.106529588716122134e+03 1.052769187828663491e-09 1.634075771858648969e-11
1.171495659027040801e+03 1.047823681348680002e-09 1.633877861293698318e-11
1.240275988201604378e+03 1.042889192596077209e-09 1.633679298954919861e-11
1.313094517300261032e+03 1.037965457926889265e-09 1.633479642375473026e-11
1.390188335310850789e+03 1.033052542639560226e-09 1.633278985994470120e-11
1.471808451083817999e+03 1.028150476947044772e-09 1.633077361299147651e-11
1.558220610588980207e+03 1.023259161674159402e-09 1.632874601745030881e-11
1.649706162154666117e+03 1.018379150349982693e-09 1.632671583549962984e-11
1.746562972506436381e+03 1.013509909694109602e-09 1.632467430535760219e-11
1.849106396587805193e+03 1.008651176584452871e-09 1.632261713425765287e-11
1.957670304320701916e+03 1.003803794204105672e-09 1.632055781133622638e-11
2.072608167648570088e+03 9.989667396013050138e-10 1.631847964205586196e-11
2.194294211401522261e+03 9.941410563402940714e-10 1.631639937721534949e-11
2.323124631730504007e+03 9.893257242447803959e-10 1.631430037452616594e-11
2.459518886077692059e+03 9.845217376308742041e-10 1.631219876949178169e-11
2.603921058882985108e+03 9.797281789640874383e-10 1.631007914124015592e-11
2.756801307473318502e+03 9.749463249531955318e-10 1.630796266523323682e-11
2.918657392842302670e+03 9.701746383657106861e-10 1.630582368722186193e-11
3.090016300304403558e+03 9.654138900669357013e-10 1.630367489688249172e-11
3.271435955300146816e+03 9.606645412144027059e-10 1.630152378712036041e-11
3.463507039939012884e+03 9.559257310715434450e-10 1.629935590927766844e-11
3.666854916194281941e+03 9.511978106731826898e-10 1.629717690387253657e-11
3.882141662011739754e+03 9.464809410915134904e-10 1.629498942503653155e-11
4.110068226961385335e+03 9.417748506028091545e-10 1.629278872274016777e-11
4.351376714450867439e+03 9.370798021379520761e-10 1.629057913584400193e-11
4.606852797931219357e+03 9.323955413724702640e-10 1.628835609435178828e-11
4.877328278961708747e+03 9.277223992557748677e-10 1.628612527067385458e-11
5.163683795462710805e+03 9.230599771118831015e-10 1.628387948799735849e-11
5.466851688974373246e+03 9.184084984234646556e-10 1.628162252220873041e-11
5.787819040256294102e+03 9.137679884219727384e-10 1.627935474234380529e-11
6.127630883112167794e+03 9.091383899461500141e-10 1.627707488938372717e-11
6.487393606902950523e+03 9.045198696369384713e-10 1.627478587222163281e-11
6.868278558826998051e+03 8.999121982989436288e-10 1.627248333415454723e-11
7.271525857695404738e+03 8.953154569702295353e-10 1.627016861167703681e-11
7.698448431620279734e+03 8.907299068992638393e-10 1.626784639476257018e-11
8.150436292761799450e+03 8.861549163744714928e-10 1.626550487816522570e-11
8.628961063052498503e+03 8.815912649437048820e-10 1.626315817371426941e-11
9.135580765633525516e+03 8.770385835448176694e-10 1.626079953633301020e-11
9.671944897603889331e+03 8.724963542574847687e-10 1.625841893833428869e-11
1.023979980059848276e+04 8.679656783878861358e-10 1.625603683212229937e-11
1.084099434668133654e+04 8.634457979859536127e-10 1.625363886762466051e-11
1.147748595806605590e+04 8.589368943173233490e-10 1.625122826328672290e-11
1.215134698026383012e+04 8.544389256168836595e-10 1.624880418948924536e-11
1.286477142940857266e+04 8.499516257177024803e-10 1.624636120470937686e-11
1.362008213572833120e+04 8.454755258216608163e-10 1.624390922789629936e-11
1.441973830642043686e+04 8.410103975282507375e-10 1.624144393558333908e-11
1.526634353255535461e+04 8.365564495589540799e-10 1.623896897602643465e-11
1.616265426607793961e+04 8.321137147038002083e-10 1.623648487680995306e-11
1.711158879450699169e+04 8.276814929832225355e-10 1.623397807529730192e-11
1.811623674255269725e+04 8.232607469749383990e-10 1.623146690851620763e-11
1.917986913158943571e+04 8.188504818047486453e-10 1.622893165529152016e-11
2.030594902973545686e+04 8.144515687659796804e-10 1.622638938290710907e-11
2.149814282721574273e+04 8.100634998298500560e-10 1.622382992358705263e-11
2.276033217371809587e+04 8.056866839457452338e-10 1.622126099968375615e-11
2.409662661661078164e+04 8.013208585255807346e-10 1.621867742058174869e-11
2.551137698116914180e+04 7.969657521211491493e-10 1.621607338337616570e-11
2.700918953637603408e+04 7.926219956883517821e-10 1.621346140532818644e-11
2.859494099241898220e+04 7.882893665274267810e-10 1.621083691866303947e-11
3.027379437871258415e+04 7.839674397428556073e-10 1.620819099303919194e-11
3.205121585414533547e+04 7.796567071371539560e-10 1.620553329887389841e-11
3.393299250428148662e+04 7.753573506887758027e-10 1.620286780861085076e-11
3.592525118346504314e+04 7.710685653163511136e-10 1.620017723648206274e-11
3.803447846317156655e+04 7.667910206355846866e-10 1.619747551936506352e-11
4.026754175156008569e+04 7.625245385912260404e-10 1.619475865022067626e-11
4.263171165298577398e+04 7.582690448558499169e-10 1.619202481785145937e-11
4.513468564027544198e+04 7.540248537961357755e-10 1.618928054976791543e-11
4.778461311683720851e+04 7.497915810353315767e-10 1.618651725473510051e-11
5.059012195020743820e+04 7.455693278184341304e-10 1.618373713856350731e-11
5.356034656342217204e+04 7.413578837291777129e-10 1.618093523310353504e-11
5.670495767567798612e+04 7.371581202481088609e-10 1.617813021469721826e-11
6.003419378911100648e+04 7.329692301166442389e-10 1.617530439315324156e-11
6.355889452421572787e+04 7.287913134298276547e-10 1.617245956657712324e-11
6.729053591243678238e+04 7.246246691232351268e-10 1.616960218215605068e-11
7.124126776084507583e+04 7.204690965006710629e-10 1.616672755731918842e-11
7.542395321054938540e+04 7.163246921223478276e-10 1.616383779107453485e-11
7.985221061764638580e+04 7.121911881523772533e-10 1.616092608153228532e-11
8.454045789306469669e+04 7.080688691101802544e-10 1.615799919588833151e-11
8.950395944567190600e+04 7.039576889643855531e-10 1.615505547766501947e-11
9.475887588148092618e+04 6.998575455976269536e-10 1.615209239686966731e-11
1.003223166207772883e+05 6.957686634838275843e-10 1.614911478338080410e-11
1.062123956044776278e+05 6.916905893904414650e-10 1.614611208075779355e-11
1.124482902710974158e+05 6.876240589967471090e-10 1.614310095361983959e-11
1.190503039963437041e+05 6.835688649617955861e-10 1.614007655501749267e-11
1.260399321986377036e+05 6.795242794761259276e-10 1.613702126285802800e-11
1.334399323257924407e+05 6.754912472336734188e-10 1.613395721798942384e-11
1.412743979507202748e+05 6.714693315218222533e-10 1.613087384216267585e-11
1.495688372174086398e+05 6.674582642510853703e-10 1.612776444656950154e-11
1.583502558925866906e+05 6.634586902434217370e-10 1.612464397244970656e-11
1.676472452934813628e+05 6.594701823669558927e-10 1.612150212193147853e-11
1.774900753779481456e+05 6.554928645174140636e-10 1.611834151341770380e-11
1.879107933000720222e+05 6.515262186209608143e-10 1.611514912691400097e-11
1.989433277521130512e+05 6.475716314220661521e-10 1.611195868894958070e-11
2.106235994325372740e+05 6.436278435156233517e-10 1.610873896899102368e-11
2.229896379997923505e+05 6.396952486538546558e-10 1.610549953107036723e-11
2.360817058926265163e+05 6.357734641679343647e-10 1.610223003000014702e-11
2.499424294200814038e+05 6.318635615854534253e-10 1.609895756162199312e-11
2.646169375479912269e+05 6.279646992327217599e-10 1.609566031145057748e-11
2.801530088338467758e+05 6.240767673144353711e-10 1.609233533021383835e-11
2.966012269884406123e+05 6.202000923606131776e-10 1.608899039046220840e-11
3.140151455707658897e+05 6.163347604967745749e-10 1.608562760344892211e-11
3.324514623524205526e+05 6.124806403276344489e-10 1.608224317580401083e-11
3.519702039192086086e+05 6.086376149255333797e-10 1.607883346686306677e-11
3.726349211109969183e+05 6.048060291569290402e-10 1.607540764309357939e-11
3.945128959361347952e+05 6.009856218264699443e-10 1.607195818905613744e-11
4.176753606341549894e+05 5.971764755142534438e-10 1.606848702094313532e-11
4.421977295999767957e+05 5.933785804165628361e-10 1.606499348595246764e-11
4.681598449247499229e+05 5.895919101667322698e-10 1.606147655790713092e-11
4.956462363527643611e+05 5.858165678536483646e-10 1.605793863261436773e-11
5.247463965008523082e+05 5.820524592289958796e-10 1.605437690875293638e-11
5.555550722363370005e+05 5.782996061993376041e-10 1.605079140081844686e-11
5.881725731622468447e+05 5.745580856771852417e-10 1.604718401483475583e-11
6.227050982141520362e+05 5.708277468011819244e-10 1.604355006070633060e-11
6.592650814320323989e+05 5.671086699274852002e-10 1.603989154969683902e-11
6.979715580329335062e+05 5.634007789536209700e-10 1.603620564008613282e-11
7.389505519763332559e+05 5.597045310438615639e-10 1.603250518448209854e-11
7.823354862840451533e+05 5.560192529526995489e-10 1.602877052506437677e-11
8.282676174506676616e+05 5.523456316965462297e-10 1.602502089212634242e-11
8.768964953589291545e+05 5.486830720715746218e-10 1.602123874830127413e-11
9.283804501973962178e+05 5.450320020340758438e-10 1.601743624199249253e-11
9.828871079658418894e+05 5.413919903810392007e-10 1.601360009535901795e-11
1.040593936246769386e+06 5.377635513528808853e-10 1.600974507676601173e-11
1.101688822020012885e+06 5.341464253070010108e-10 1.600586319796295268e-11
1.166370683401728282e+06 5.305405103791801174e-10 1.600195080662993152e-11
1.234850117299553705e+06 5.269461868073241763e-10 1.599801905250110496e-11
1.307350085092563881e+06 5.233628499651872961e-10 1.599404907476627620e-11
1.384106638568606228e+06 5.197911073453389828e-10 1.599005896257871063e-11
1.465369688482513884e+06 5.162308372102980262e-10 1.598604438112082282e-11
1.551403818237602012e+06 5.126817956317368229e-10 1.598199767001166129e-11
1.642489145339607261e+06 5.091439389472823237e-10 1.597791673539565169e-11
1.738922233427984407e+06 5.056176687911166033e-10 1.597381350904685030e-11
1.841017057853940409e+06 5.021027031375936557e-10 1.596967886375978882e-11
1.949106027949098032e+06 4.985991450294154020e-10 1.596551546499315126e-11
2.063541069313063519e+06 4.951069256944880328e-10 1.596132060076274982e-11
2.184694769643853419e+06 4.916263743626557555e-10 1.595710443874869221e-11
2.312961591841760091e+06 4.881567572459853223e-10 1.595284265081441911e-11
2.448759158336478751e+06 4.846990619985614606e-10 1.594856686371919957e-11
2.592529610818985850e+06 4.812526589077163017e-10 1.594425589084214431e-11
2.744741049805476796e+06 4.778175616052911113e-10 1.593990974119842340e-11
2.905889058720281348e+06 4.743938245348032724e-10 1.593552973302220023e-11
3.076498317460121587e+06 4.709816392488382439e-10 1.593112134611474523e-11
3.257124310693114065e+06 4.675809869467805277e-10 1.592668385859798383e-11
3.448355136454778258e+06 4.641916722239692426e-10 1.592220963737820539e-11
3.650813420929450076e+06 4.608138998495937868e-10 1.591770547788763849e-11
3.865158345651571173e+06 4.574475767220157170e-10 1.591316748082169422e-11
4.092087793726965785e+06 4.540925612210781366e-10 1.590858997941542645e-11
4.332340622062250040e+06 4.507491532369402931e-10 1.590398278932789653e-11
4.586699067000265233e+06 4.474169960128675592e-10 1.589933287768751457e-11
4.855991291194209829e+06 4.440965310160286834e-10 1.589465524658370866e-11
5.141094080012518913e+06 4.407876604798578167e-10 1.588994584820453560e-11
5.442935696254052222e+06 4.374902945970610677e-10 1.588520062507099270e-11
5.762498902467942797e+06 4.342042215030340027e-10 1.588041157186546075e-11
6.100824160718540661e+06 4.309299184693125492e-10 1.587559520723760860e-11
6.459013020213637501e+06 4.276667636622096310e-10 1.587072792457526717e-11
6.838231703825363889e+06 4.244155501385838201e-10 1.586583855196000057e-11
7.239714905181545764e+06 4.211756497721957996e-10 1.586090295315540655e-11
7.664769808690028265e+06 4.179472205232466023e-10 1.585592622653011017e-11
8.114780345585060306e+06 4.147304092280091781e-10 1.585091341248081077e-11
8.591211699852447957e+06 4.115251899973590725e-10 1.584586254318536618e-11
9.095615078704897314e+06 4.083317118333505908e-10 1.584077885635028416e-11
9.629632763139151037e+06 4.051495209852256425e-10 1.583564410761321173e-11
1.019500345501944050e+07 4.019789102209695603e-10 1.583046858129767667e-11
1.079356793809608370e+07 3.988199567645906726e-10 1.582525480577665073e-11
1.142727507139168307e+07 3.956725641866027397e-10 1.581999799534173127e-11
1.209818813446809165e+07 3.925367865201462798e-10 1.581469973703795571e-11
1.280849154523413070e+07 3.894126543746225997e-10 1.580936028637785777e-11
1.356049797216574289e+07 3.863001197235860352e-10 1.580397698256648819e-11
1.435665586409612559e+07 3.831991332175080881e-10 1.579854687396537980e-11
1.519955742209122516e+07 3.801098576121533139e-10 1.579307589878254165e-11
1.609194703936678171e+07 3.770320893020418986e-10 1.578755463999588700e-11
1.703673023672538623e+07 3.739660919835359472e-10 1.578199340652468094e-11
1.803698312260754034e+07 3.709115536972789543e-10 1.577637796165783189e-11
1.909596240855662152e+07 3.678689532136872754e-10 1.577072782480583565e-11
2.021711601270779222e+07 3.648377432817953088e-10 1.576501870608922653e-11
2.140409428582343087e+07 3.618183062318703986e-10 1.575926611123101117e-11
2.266076189642731473e+07 3.588105253568832873e-10 1.575346388344152438e-11
2.399121041373299435e+07 3.558145182385235469e-10 1.574761655551171074e-11
2.539977162933600321e+07 3.528301314582470113e-10 1.574171594760147246e-11
2.689103166104231402e+07 3.498573398903341103e-10 1.573576037384920901e-11
2.846984588475546613e+07 3.468964118635862675e-10 1.572976049671389345e-11
3.014135474303731695e+07 3.439471494813994848e-10 1.572370648681024552e-11
3.191100048181470111e+07 3.410095350811147172e-10 1.571759660212045210e-11
3.378454486972285062e+07 3.380837526969441060e-10 1.571143782113849018e-11
3.576808795778027177e+07 3.351696012847643835e-10 1.570522027889727858e-11
3.786808794047255814e+07 3.322672961850737228e-10 1.569895266470284719e-11
4.009138218291132897e+07 3.293766148753628762e-10 1.569262318173637074e-11
4.244520948253107816e+07 3.264977512327257766e-10 1.568624010286817816e-11
4.493723363780318201e+07 3.236306773979547262e-10 1.567980107176224394e-11
4.757556840070735663e+07 3.207754191625304711e-10 1.567330588117910585e-11
5.036880389420042187e+07 3.179317573098053061e-10 1.566674276944079409e-11
5.332603458069687337e+07 3.151000831603178962e-10 1.566012967274473290e-11
5.645688887262032181e+07 3.122802043622032306e-10 1.565345592283672832e-11
5.977156048143842816e+07 3.094720343170201136e-10 1.564671591861440384e-11
6.328084160724708438e+07 3.066757243696626808e-10 1.563991592173891751e-11
6.699615807696814090e+07 3.038912927602152945e-10 1.563305559606741688e-11
7.092960654556259513e+07 3.011186241197960415e-10 1.562612761088415802e-11
7.509399388138751686e+07 2.983579123682137378e-10 1.561914077011785650e-11
7.950287886392666399e+07 2.956088247033966209e-10 1.561207624311374373e-11
8.417061632966159284e+07 2.928718292815290942e-10 1.560495718040785417e-11
8.911240390981206298e+07 2.901466354606296674e-10 1.559776677220743567e-11
9.434433151212516427e+07 2.874333502250908806e-10 1.559050946277602394e-11
9.988343370781488717e+07 2.847317218738463818e-10 1.558317013356028839e-11
1.057477451942225248e+08 2.820422441215125403e-10 1.557577379823615948e-11
1.119563595137729943e+08 2.793645149940732064e-10 1.556829696438691497e-11
1.185294912204141468e+08 2.766988175446404988e-10 1.556075390942128480e-11
1.254885416959442943e+08 2.740450099509833979e-10 1.555313519029631289e-11
1.328561688305180669e+08 2.714031904765205085e-10 1.554544444721330545e-11
1.406563607942029536e+08 2.687732453594540481e-10 1.553767382418967578e-11
1.489145141397785544e+08 2.661552982159325536e-10 1.552982851551478518e-11
1.576575164910713136e+08 2.635492030492073938e-10 1.552189848928195814e-11
1.669138340860559344e+08 2.609551697510314956e-10 1.551389407602291846e-11
1.767136044597355127e+08 2.583730627617562924e-10 1.550580555792363135e-11
1.870887345685904026e+08 2.558030135739545053e-10 1.549763880807530418e-11
1.980730046760592163e+08 2.532450130070431986e-10 1.548939190264254558e-11
2.097021783372991979e+08 2.506988924449717594e-10 1.548105221378707912e-11
2.220141188413225114e+08 2.481648648570204963e-10 1.547263099998080627e-11
2.350489124896312058e+08 2.456428962403104523e-10 1.546412421004762088e-11
2.488489991127322614e+08 2.431328123293955849e-10 1.545551927479697234e-11
2.634593102494778633e+08 2.406349448031654248e-10 1.544683433131484826e-11
2.789274154391397834e+08 2.381490137072669971e-10 1.543804994542635119e-11
2.953036771024973392e+08 2.356752395358304938e-10 1.542917814868882910e-11
3.126414145162558556e+08 2.332134979985688789e-10 1.542020843763421782e-11
3.309970774146473408e+08 2.307638903331944735e-10 1.541114559433591681e-11
3.504304297834523916e+08 2.283263648517658126e-10 1.540198380532033961e-11
3.710047444448550940e+08 2.259009482291488766e-10 1.539272233504569979e-11
3.927870090666764379e+08 2.234876390789791363e-10 1.538335907550273585e-11
4.158481442667264938e+08 2.210865066820115735e-10 1.537389592143325882e-11
4.402632345224187970e+08 2.186974705632010209e-10 1.536432527888798064e-11
4.661117726374124289e+08 2.163205119189974021e-10 1.535464312971842388e-11
4.934779185613049269e+08 2.139558490201279199e-10 1.534486235778080602e-11
5.224507734050134420e+08 2.116033823401015375e-10 1.533497316317031502e-11
5.531246695440282822e+08 2.092630502295423867e-10 1.532496863647805501e-11
5.855994777540789843e+08 2.069347815172832544e-10 1.531484075435888744e-11
6.199809323792116642e+08 2.046189047106031286e-10 1.530461080528125802e-11
6.563809755909847021e+08 2.023151254132076601e-10 1.529425413244192641e-11
6.949181218596820831e+08 2.000235832288926934e-10 1.528377829424096295e-11
7.357178438241449594e+08 1.977443932929697984e-10 1.527318906090840891e-11
7.789129808166730404e+08 1.954773832560387156e-10 1.526247039120603159e-11
8.246441713730306625e+08 1.932226262372858673e-10 1.525162466904711785e-11
8.730603111357927322e+08 1.909801187859137087e-10 1.524064852011756244e-11
9.243190376419067383e+08 1.887499298679426501e-10 1.522954389713495693e-11
9.785872435728847980e+08 1.865319717186181799e-10 1.521830080441896195e-11
1.036041620138703823e+09 1.843263404421799740e-10 1.520692328410012438e-11
1.096869232364660501e+09 1.821330458469936970e-10 1.519540881424671818e-11
1.161268128154124975e+09 1.799520722132491170e-10 1.518375291116637065e-11
1.229447983110400438e+09 1.777834407971760842e-10 1.517195325865782729e-11
1.301630783217033148e+09 1.756272005004471959e-10 1.516001008214555386e-11
1.378051547599349976e+09 1.734831671624052852e-10 1.514790478322639887e-11
1.458959093720451355e+09 1.713515652828851456e-10 1.513565160957918058e-11
1.544616847503045082e+09 1.692323711848916419e-10 1.512324550768065111e-11
1.635303701014795065e+09 1.671255963729416295e-10 1.511068279807405211e-11
1.731314920509691238e+09 1.650311195353314441e-10 1.509794871886828377e-11
1.832963107782011032e+09 1.629491749754982242e-10 1.508505995336054677e-11
1.940579217962721348e+09 1.608794843735518991e-10 1.507198688403474786e-11
2.054513637072431803e+09 1.588223513880094815e-10 1.505875255871965626e-11
2.175137322839081287e+09 1.567775848773427335e-10 1.504533505626704279e-11
2.302843012494819164e+09 1.547452868573987496e-10 1.503173891160077279e-11
2.438046501484513760e+09 1.527254732908224761e-10 1.501796077683466075e-11
2.581187997249226093e+09 1.507180521561555025e-10 1.500398641322615322e-11
2.732733552492389679e+09 1.487231653135230778e-10 1.498982509385076897e-11
2.893176582595382690e+09 1.467407492760426183e-10 1.497546447298892627e-11
3.063039472122706413e+09 1.447708436472362688e-10 1.496090368253219185e-11
3.242875275647795200e+09 1.428134381259047505e-10 1.494613600811796313e-11
3.433269518436842442e+09 1.408684899415775982e-10 1.493115059242157377e-11
3.634842102853590488e+09 1.389360498021399435e-10 1.491594690424352207e-11
3.848249326692106247e+09 1.370162024365860053e-10 1.490052753048905574e-11
4.074186020009009361e+09 1.351089024792892156e-10 1.488488191319888338e-11
4.313387807412402153e+09 1.332141338989416319e-10 1.486900107926769819e-11
4.566633503173471451e+09 1.313318822368864469e-10 1.485287703613360701e-11
4.834747646958456039e+09 1.294622465727955896e-10 1.483651325832578533e-11
5.118603188437739372e+09 1.276051969773796854e-10 1.481989926537680802e-11
5.419124329512314796e+09 1.257606860378329494e-10 1.480302217927073079e-11
5.737289533411837578e+09 1.239287838826889107e-10 1.478588230024212735e-11
6.074134710461474419e+09 1.221095033253912004e-10 1.476847278607156285e-11
6.430756590890089989e+09 1.203028154163881321e-10 1.475078202941234844e-11
6.808316295661169052e+09 1.185087327001876617e-10 1.473280273746259911e-11
7.208043116953054428e+09 1.167273535991110566e-10 1.471453781835915007e-11
7.631238520596487999e+09 1.149585398311808705e-10 1.469596137065386452e-11
8.079280383502035141e+09 1.132024353088195170e-10 1.467708080785443167e-11
8.553627479873168945e+09 1.114589786780551348e-10 1.465787900771771262e-11
9.055824230811954498e+09 1.097282370688150313e-10 1.463835431558479419e-11
9.587505732781444550e+09 1.080101763712141232e-10 1.461849092212157381e-11
1.015040308129693222e+10 1.063047157386991560e-10 1.459826685566552112e-11
1.074634900717935371e+10 1.046121162053050338e-10 1.457770563901478782e-11
1.137728384372181892e+10 1.029322076825501645e-10 1.455677229155352033e-11
1.204526184419819069e+10 1.012651235501849789e-10 1.453547259870224202e-11
1.275245787028149414e+10 9.961074222491125598e-11 1.451377653580032115e-11
1.350117447315067291e+10 9.796914099398047793e-11 1.449168184400010819e-11
1.429384939033966255e+10 9.634038744265868417e-11 1.446918413726334952e-11
1.513306348273819351e+10 9.472450420622194202e-11 1.444627236497148213e-11
1.602154913758625603e+10 9.312139622442653569e-11 1.442291732274825945e-11
1.696219916482139206e+10 9.153123623969903654e-11 1.439913002323278625e-11
1.795807621574422455e+10 8.995392544950438914e-11 1.437487922839700398e-11
1.901242275466920090e+10 8.838958188010052789e-11 1.435016747314787293e-11
2.012867161602492523e+10 8.683820042600180451e-11 1.432497676589717945e-11
2.131045718127979279e+10 8.529967379880224687e-11 1.429927269614023982e-11
2.256162721208144760e+10 8.377427366959251146e-11 1.427308176346221887e-11
2.388625537813847351e+10 8.226183525225843579e-11 1.424635843841089165e-11
2.528865452063340378e+10 8.076246886366129760e-11 1.421910258305192486e-11
2.677339069435134125e+10 7.927614204887614334e-11 1.419129063696257875e-11
2.834529803424350739e+10 7.780287526414671694e-11 1.416290556959051077e-11
3.000949449483097076e+10 7.634270206304560014e-11 1.413393378816753183e-11
3.177139851369092178e+10 7.489561111026309887e-11 1.410435323154806999e-11
3.363674665328438187e+10 7.346159135723383680e-11 1.407414083695804415e-11
3.561161227856187439e+10 7.204071835395281208e-11 1.404328967536987963e-11
3.770242533116054535e+10 7.063290420501451959e-11 1.401176156428334057e-11
3.991599326457511902e+10 6.923813720232601457e-11 1.397953336082539853e-11
4.225952320846522522e+10 6.785645283922953787e-11 1.394658949033438804e-11
4.474064543426327515e+10 6.648775079431913212e-11 1.391288739564458854e-11
4.736743819848642731e+10 6.513196946600974157e-11 1.387839361397538756e-11
5.014845404463434601e+10 6.378908314946460982e-11 1.384307970078626571e-11
5.309274764931581879e+10 6.245901099899999136e-11 1.380690662333279713e-11
5.620990530326295471e+10 6.114160464904332903e-11 1.376982337754789270e-11
5.951007612322178650e+10 5.983692699088396585e-11 1.373182572711852468e-11
6.300400509634149170e+10 5.854466032684735286e-11 1.369282795054167643e-11
6.670306806465098572e+10 5.726465365852705035e-11 1.365278454839414447e-11
7.061930876352848816e+10 5.599674084720876106e-11 1.361165458359997699e-11
7.476547803475650024e+10 5.474059710442811306e-11 1.356937172824547358e-11
7.915507534183918762e+10 5.349596812583682974e-11 1.352590179701619492e-11
8.380239272274246216e+10 5.226234054736034827e-11 1.348117281738161568e-11
8.872256132317364502e+10 5.103914506031736061e-11 1.343513388893518275e-11
9.393160066189938354e+10 4.982553844598977555e-11 1.338771656877996315e-11
9.944647078850732422e+10 4.862041571721355754e-11 1.333885943069306496e-11
1.052851275034309845e+11 4.742241323386181443e-11 1.328853730865376071e-11
1.114665808200281677e+11 4.622940623522640206e-11 1.323667025255135593e-11
1.180109568590575562e+11 4.503864282722363076e-11 1.318321288187653577e-11
1.249395633770812378e+11 4.384628069764688204e-11 1.312810335829688618e-11
1.322749591421316681e+11 4.264703484996210020e-11 1.307126775679715293e-11
1.400410273825414124e+11 4.143393733811701971e-11 1.301270010566840069e-11
1.482630535480629883e+11 4.019706742006344125e-11 1.295227621812402164e-11
1.569678076364657593e+11 3.892324134828711416e-11 1.288993120903430920e-11
1.661836313536550598e+11 3.759445342762033771e-11 1.282553113849146970e-11
1.759405303910973206e+11 3.618670465483514447e-11 1.275898148886723936e-11
1.862702721209946899e+11 3.466773175757020747e-11 1.269009628916070533e-11
1.972064890273023376e+11 3.299513759251555363e-11 1.261873758764673028e-11
2.087847882093266602e+11 3.111356024992764260e-11 1.254470366923735393e-11
2.210428673144645081e+11 2.895287164333575411e-11 1.246791023937994815e-11
2.340206372775261841e+11 2.642643237660585713e-11 1.238803737877306066e-11
2.477603522662762146e+11 2.343535302019382581e-11 1.230498094321086835e-11
2.623067472562784424e+11 1.988055770555489802e-11 1.221861494083988854e-11
2.777071836829741211e+11 1.569644265511118255e-11 1.212883162417667848e-11
2.940118036452170410e+11 1.092807128021054824e-11 1.203553780497386991e-11
3.112736931623496094e+11 5.897339771689304376e-12 1.193864391965177929e-11
3.295490550163318481e+11 1.546791705394008714e-12 1.183813354480855126e-11
3.488973917417233887e+11 1.357464736094351863e-13 1.173356338919563491e-11
3.693816993592802734e+11 6.626598527539788614e-12 1.162480259850262315e-11
3.910686724839536743e+11 3.141984022735941685e-11 1.151140969068067176e-11
4.140289214750983887e+11 9.570705508305448897e-11 1.139291113693481715e-11
4.383372023359064941e+11 2.419127211175146110e-10 1.126913493355892755e-11
4.640726601105947266e+11 5.539570704346102008e-10 1.113967495453366340e-11
4.913190865718176270e+11 1.196388582891743726e-09 1.100464447871411124e-11
5.201651930373095093e+11 2.490244388139106033e-09 1.086406677565820265e-11
5.507048992040102539e+11 5.057453589836269742e-09 1.071772896441116367e-11
5.830376389401141357e+11 1.009849352797995892e-08 1.056532114730495258e-11
6.172686840305986328e+11 1.991725710355298542e-08 1.040606919329986637e-11
6.535094869304019775e+11 3.892155380350949847e-08 1.023918557068104848e-11
6.918780436411492920e+11 7.547467076110738388e-08 1.006470648114483944e-11
7.324992778929383545e+11 1.453646493974390049e-07 9.883047555861284467e-12
7.755054478820356445e+11 2.780200868688853832e-07 9.694577562149774518e-12
8.210365768887736816e+11 5.279790140752065370e-07 9.498244370039859750e-12
8.692409091776866455e+11 9.940722574887886093e-07 9.292916848691201299e-12
9.202753926642858887e+11 1.852657847204603713e-06 9.078680621112815973e-12
9.743061899198815918e+11 3.413034609106407085e-06 8.857054486466937318e-12
1.031509219178360107e+12 6.192384147640807934e-06 8.627577440688892346e-12
1.092070727106275635e+12 1.104669673513373989e-05 8.388432105713468195e-12
1.156187895201168945e+12 1.928927726019722422e-05 8.140500246251488924e-12
1.224069481792474365e+12 3.289242781096582787e-05 7.885921785926183678e-12
1.295936501735294922e+12 5.447616483607402836e-05 7.622270618731945155e-12
1.372022946010045166e+12 8.767055830148877264e-05 7.350623851196578791e-12
1.452576543570962158e+12 1.364073032583304587e-04 7.073287807278242643e-12
1.537859567923811768e+12 2.048831765072672134e-04 6.787513522966404777e-12
1.628149691059138428e+12 2.970162360323928396e-04 6.498060462989802949e-12
1.723740887521204834e+12 4.173382787356105014e-04 6.201891961134730183e-12
1.824944391556234619e+12 5.679567357996268429e-04 5.903883267650650057e-12
1.932089710456314453e+12 7.478562666791151821e-04 5.602788785826036762e-12
2.045525697398290283e+12 9.603519519658087209e-04 5.300461639367383609e-12
2.165621687270699951e+12 1.199220182456606004e-03 4.999771884194729342e-12
2.292768699186851562e+12 1.472483602302825795e-03 4.702086807609318446e-12
2.427380709599403809e+12 1.773741089465816602e-03 4.409413030841897260e-12
2.569896000161294922e+12 2.104197212836783279e-03 4.124851580431175247e-12
2.720778584721865234e+12 2.460355645401783239e-03 3.848692380059570164e-12
2.880519720104043945e+12 2.861623272985784356e-03 3.586039818040746375e-12
3.049639505581631348e+12 3.269060823571419677e-03 3.337326830021879801e-12
3.228688576264373535e+12 3.706496387457880546e-03 3.104526708405077941e-12
3.418249895904305176e+12 4.173296726360263553e-03 2.892529674796631314e-12
3.618940654960506348e+12 4.681344051293616533e-03 2.701055150347454461e-12
3.831414280102337891e+12 5.197632093751644242e-03 2.534292842439197341e-12
4.056362561693435059e+12 5.744561026175750394e-03 2.389917675180123677e-12
4.294517906183884277e+12 6.331406642561811411e-03 2.270742442182045699e-12
4.546655720743697266e+12 6.922042239390953887e-03 2.177195548151773073e-12
4.813596937901844727e+12 7.531477389484868799e-03 2.108230664773002025e-12
5.096210688410773438e+12 8.125970426640571551e-03 2.062402891505433322e-12
5.395417131038941406e+12 8.772023029772339428e-03 2.037678036369047339e-12
5.712190448504830078e+12 9.389439719995980663e-03 2.031413157677166184e-12
6.047562019307119141e+12 1.001014990552082790e-02 2.040393608078849295e-12
6.402623775777469727e+12 1.063674405401847725e-02 2.061040076594973366e-12
6.778531759290277344e+12 1.125578369193675106e-02 2.089541764799239195e-12
7.176509884204061523e+12 1.184937106369291296e-02 2.122125016121538807e-12
7.597853922789757812e+12 1.249002365101704697e-02 2.155276704913508369e-12
8.043935724120331055e+12 1.313495888521422177e-02 2.185999613297476381e-12
8.516207680657951172e+12 1.371755006563372091e-02 2.212041295038895294e-12
9.016207457081359375e+12 1.431340718525225125e-02 2.232040973624194276e-12
9.545562996750412109e+12 1.495734588784168248e-02 2.245587787722349887e-12
1.010599782210717773e+13 1.552967036166585935e-02 2.253154954535292335e-12
1.069933664627256055e+13 1.608922627612282760e-02 2.255872573484025962e-12
1.132751131410810938e+13 1.666853792541053009e-02 2.255228195146008487e-12
1.199256709208685352e+13 1.706479237390563786e-02 2.252666026696727231e-12
1.269666932745223047e+13 1.744763077152524863e-02 2.249357995444157047e-12
1.344211049834656641e+13 1.766110651519828614e-02 2.246038068751657073e-12
1.423131767786356250e+13 1.780062288930684550e-02 2.243077445246905809e-12
1.506686043632674609e+13 1.778711487967349347e-02 2.240664992314447961e-12
1.595145920752359570e+13 1.761606123036648860e-02 2.239041878471322805e-12
1.688799414613302148e+13 1.742679470729063471e-02 2.238354741904411986e-12
1.787951450518739844e+13 1.709220088078005143e-02 2.238608371261422079e-12
1.892924856409933984e+13 1.669489845024552457e-02 2.239262592290816620e-12
2.004061413957846875e+13 1.623061067782671438e-02 2.239708543024887460e-12
2.121722971366042578e+13 1.574258116229540483e-02 2.239510707818920718e-12
2.246292621507973828e+13 1.521087896806982975e-02 2.239002166058294804e-12
2.378175949234519922e+13 1.465609038787584611e-02 2.238915699240777301e-12
2.517802351912982422e+13 1.412712063660203320e-02 2.239462040268027640e-12
2.665626437496784375e+13 1.356869074293165153e-02 2.239941957988280035e-12
2.822129504678202344e+13 1.299977929107483041e-02 2.239632086337546095e-12
2.987821109943070312e+13 1.244860870756122825e-02 2.238944163223754894e-12
3.163240726629717578e+13 1.189570955417865172e-02 2.239080168727292603e-12
3.348959501393829688e+13 1.136721364109530459e-02 2.239822337422267821e-12
3.545582113798092188e+13 1.084943128758364059e-02 2.239722703269825187e-12
3.753748745081199219e+13 1.034689912366377335e-02 2.238998715877565562e-12
3.974137162516496094e+13 9.858508310759225846e-03 2.239173600210313193e-12
4.207464926146256250e+13 9.400348366648393281e-03 2.239879564595487693e-12
4.454491725077050000e+13 8.954745904256886449e-03 2.239365597987825669e-12
4.716021850942499219e+13 8.522935012181803022e-03 2.238974135684373357e-12
4.992906816586894531e+13 8.116867481234198156e-03 2.239768795461339518e-12
5.286048128495796094e+13 7.728573550391362561e-03 2.239494417727402116e-12
5.596400222000339062e+13 7.350520446820882521e-03 2.238971460761357367e-12
5.924973568811898438e+13 6.997270941358783337e-03 2.239810347999204109e-12
6.272837967005170312e+13 6.659129236675142768e-03 2.239335046102510744e-12
6.641126024160794531e+13 6.331332550626032028e-03 2.239209626237134528e-12
7.031036845009168750e+13 6.027146052862427696e-03 2.239843795141224334e-12
7.443839935581315625e+13 5.730651598372976836e-03 2.239027502368454952e-12
7.880879336578556250e+13 5.451563289380299653e-03 2.239796310119323407e-12
8.343577999418739062e+13 5.186275982923421214e-03 2.239231932826076381e-12
8.833442419206931250e+13 4.930677692224712076e-03 2.239601385482952249e-12
9.352067539715025000e+13 4.692068778882509464e-03 2.239383870096215553e-12
9.901141946340212500e+13 4.459727818844767301e-03 2.239467784003812779e-12
1.048245336395054531e+14 4.244019710209407693e-03 2.239426224222738326e-12
1.109789447751671094e+14 4.033781726127079643e-03 2.239495439169392740e-12
1.174946909448296406e+14 3.838188904349255394e-03 2.239316246079235437e-12
1.243929866894001094e+14 3.648678177842672263e-03 2.239651845918504976e-12
1.316962920884229844e+14 3.470556227281623718e-03 2.239153250847516072e-12
1.394283858875875781e+14 3.300655098558456096e-03 2.239767009008053560e-12
1.476144429196649062e+14 3.137803851038369323e-03 2.239172189074845753e-12
1.562811160709467500e+14 2.985519145219284361e-03 2.239572168983084147e-12
1.654566230600680938e+14 2.837697284051255743e-03 2.239518702590267005e-12
1.751708383117359688e+14 2.699281679930377181e-03 2.239213718465018945e-12
1.854553902245206250e+14 2.567146735562450977e-03 2.239695591586983202e-12
1.963437641493831562e+14 2.440386871749736751e-03 2.239336103343820473e-12
2.078714114142337812e+14 2.321555278034260865e-03 2.239357531797946421e-12
2.200758647494912188e+14 2.207379107190371361e-03 2.239650829218245627e-12
2.329968604904556875e+14 2.098871546111965095e-03 2.239271101255842972e-12
2.466764679543713125e+14 1.996402692512290553e-03 2.239489408144742459e-12
2.611592264134265625e+14 1.898114069070290727e-03 2.239527363568815844e-12
2.764922901096320625e+14 1.805164438407145166e-03 2.239295909809847113e-12
2.927255817837675000e+14 1.716622031203442070e-03 2.239593238803793360e-12
3.099119552182408750e+14 1.632381170451219785e-03 2.239310859493035067e-12
3.281073673230937500e+14 1.552302006810364751e-03 2.239552480534332970e-12
3.473710603254431250e+14 1.476220324422719251e-03 2.239325319571706029e-12
3.677657546555479375e+14 1.403748528432513260e-03 2.239550628227029521e-12
3.893578531575133125e+14 1.334931569882914868e-03 2.239340010772190180e-12
4.122176572895378750e+14 1.269589643843549009e-03 2.239443134273249403e-12
4.364195960175818125e+14 1.207066234657777279e-03 2.239523374918965040e-12
4.620424681477691250e+14 1.147927459331622626e-03 2.239381956431155194e-12
4.891696988864856875e+14 1.091742308231865742e-03 2.239332715420376361e-12
5.178896114635224375e+14 1.038172664469578284e-03 2.239406084885292797e-12
5.482957147026346250e+14 9.872096858303419133e-04 2.239485143655094763e-12
5.804870074758155000e+14 9.386839461191704738e-04 2.239521935447630040e-12
6.145683010325527500e+14 8.926062176371556914e-04 2.239523501838672388e-12
6.506505602535315000e+14 8.487961606340102940e-04 2.239509999187792666e-12
6.888512649398980000e+14 8.071211096455788029e-04 2.239492442662646225e-12
7.292947923143235000e+14 7.675583201728962239e-04 2.239476394784370579e-12
7.721128219793538750e+14 7.299278813699212800e-04 2.239463978188391202e-12
8.174447646514653750e+14 6.941018254816125636e-04 2.239454543018221537e-12
8.654382160667673750e+14 6.600587909772151918e-04 2.239447374534141223e-12
9.162494375362150000e+14 6.276925779594446329e-04 2.239441269107312664e-12
9.700438647149631250e+14 5.968926716966166390e-04 2.239437148612313614e-12
1.026996646242351750e+15 5.676061149865824435e-04 2.239433800045891210e-12
1.087293214006322750e+15 5.397612975948486505e-04 2.239431816241455563e-12
1.151129886888862250e+15 5.132773047180918223e-04 2.239429912537162776e-12
1.218714509958359000e+15 4.880906324891407574e-04 2.239429498238598852e-12
1.290267131189897000e+15 4.641405856101998026e-04 2.239428123698966478e-12
1.366020717916856250e+15 4.413649153916469480e-04 2.239427660711009218e-12
1.446221915346497250e+15 4.197053203757311873e-04 2.239427282469379461e-12
1.531131849609176500e+15 3.991082097047433312e-04 2.239426310897052586e-12
1.621026977955812000e+15 3.795216681111650389e-04 2.239426404200282415e-12
1.716199988871830500e+15 3.608954759637905902e-04 2.239426062534972645e-12
1.816960755038069000e+15 3.431821141223226844e-04 2.239421698263526494e-12
1.923637342241622000e+15 3.263393200977597478e-04 2.239425761788147528e-12
2.036577077521347500e+15 3.103217780891741589e-04 2.239425331182119705e-12
2.156147680025864250e+15 2.950894099834552322e-04 2.239421378847874724e-12
2.282738458265980500e+15 2.806047978013290136e-04 2.239420451413695309e-12
2.416761577659670000e+15 2.668309207820069749e-04 2.239420771812052590e-12
2.558653402496563000e+15 2.537331891989661370e-04 2.239424584718417769e-12
2.708875916691358500e+15 2.412769273198801302e-04 2.239419658503279336e-12
2.867918227951667500e+15 2.294323697880196037e-04 2.239419704239515909e-12
3.036298160258095500e+15 2.181690420619085804e-04 2.239421326761192047e-12
3.214563939841196000e+15 2.074584682279178823e-04 2.239424221124716365e-12
3.403295980144775500e+15 1.972730804751878268e-04 2.239424433272434481e-12
3.603108771587158500e+15 1.875873720804804856e-04 2.239423793635409366e-12
3.814652882273276000e+15 1.783769206459888347e-04 2.239424106029619285e-12
4.038617076171666000e+15 1.696179204463588879e-04 2.239418199441980985e-12
4.275730555652897500e+15 1.612890710114427996e-04 2.239417051024987121e-12
4.526765335691086000e+15 1.533694835814416427e-04 2.239424312652600110e-12
4.792538757458115000e+15 1.458374248569904968e-04 2.239415842612025243e-12
5.073916149495225000e+15 1.386755521304263632e-04 2.239416273088996735e-12
5.371813645125945000e+15 1.318650364005037579e-04 2.239415587337632727e-12
5.687201165283753000e+15 1.253892790180839484e-04 2.239424903578564442e-12
6.021105576466168000e+15 1.192302831338681933e-04 2.239415472998117477e-12
6.374614034097239000e+15 1.133744715513637549e-04 2.239424218100113895e-12
6.748877522183980000e+15 1.078051593783079708e-04 2.239415192547895752e-12
7.145114600791809000e+15 1.025100132905452114e-04 2.239424571394658155e-12
7.564615373539528000e+15 9.747386235274240330e-05 2.239413911156610100e-12
8.008745688032656000e+15 9.268519341649164220e-05 2.239410628741040647e-12
8.478951582910444000e+15 8.813187549742564184e-05 2.239415590987735201e-12
8.976763995985981000e+15 8.380218357607241550e-05 2.239425049884140845e-12
9.503803748808518000e+15 7.968462776323181028e-05 2.239424140464571017e-12
1.006178682387718600e+16 7.576921361867659343e-05 2.239424345809759744e-12
1.065252995168802800e+16 7.204550901271246485e-05 2.239409626579878450e-12
1.127795652580569600e+16 6.850551663224278690e-05 2.239425320251286974e-12
1.194010286521729400e+16 6.513880293983022383e-05 2.239424574647144036e-12
1.264112484435963600e+16 6.193698197824093401e-05 2.239409741265948449e-12
1.338330491240523200e+16 5.889269990969478116e-05 2.239408483492027994e-12
1.416905952466158000e+16 5.599829208216679726e-05 2.239424606165062725e-12
1.500094701027941200e+16 5.324548898118025634e-05 2.239420052988216410e-12
1.588167590188633200e+16 5.062759950076196192e-05 2.239405315353528924e-12
1.681411375426603400e+16 4.813870577214622983e-05 2.239411461022204761e-12
1.780129648079654800e+16 4.577176100170780247e-05 2.239405780969321053e-12
1.884643823804392000e+16 4.352105934734087651e-05 2.239401106340603704e-12
1.995294189069708400e+16 4.138096266892327563e-05 2.239401496086774915e-12
2.112441009091464000e+16 3.934598823224426351e-05 2.239403583092882247e-12
2.236465700815741600e+16 3.741088284876587026e-05 2.239402456091249111e-12
2.367772074769772000e+16 3.557085725247491841e-05 2.239404661963126860e-12
2.506787649823853600e+16 3.382111212848984297e-05 2.239401456862982599e-12
2.653965045144988000e+16 3.215734874784581185e-05 2.239401606731206917e-12
2.809783453874249600e+16 3.057529993723584640e-05 2.239401821829995267e-12
2.974750203326159200e+16 2.907123659499584985e-05 2.239424733473970668e-12
3.149402406789552800e+16 2.764056754683802381e-05 2.239408295686333355e-12
3.334308712308478000e+16 2.628027522353785426e-05 2.239400718595156617e-12
3.530071154136612000e+16 2.498696767670783819e-05 2.239407272012246739e-12
3.737327112893471200e+16 2.375705905950628152e-05 2.239401514163309957e-12
3.956751390804432800e+16 2.258763698830262568e-05 2.239402161500212043e-12
4.189058408781321600e+16 2.147565657922152388e-05 2.239401716490446209e-12
4.435004532496971200e+16 2.041837907624116801e-05 2.239408561905367025e-12
4.695390535027418400e+16 1.941292597866844377e-05 2.239401495689720951e-12
4.971064204079283200e+16 1.845712213582864153e-05 2.239424974465978788e-12
5.262923102291872800e+16 1.754792260169852635e-05 2.239401271376841742e-12
5.571917489600733600e+16 1.668358191567283338e-05 2.239401154361227574e-12
5.899053417177740000e+16 1.586171908617639979e-05 2.239401126597467691e-12
6.245396003021204800e+16 1.508025182011935752e-05 2.239401699337718026e-12
6.612072899860980000e+16 1.433718989793127102e-05 2.239401239839771075e-12
7.000277966669584800e+16 1.363065253936627112e-05 2.239400718447842535e-12
7.411275155733745600e+16 1.295898401914418331e-05 2.239425407748133399e-12
7.846402627941361600e+16 1.232019985632309957e-05 2.239425185851340111e-12
8.307077109683945600e+16 1.171271022608790438e-05 2.239403028750982622e-12
8.794798505559264000e+16 1.113520485062337320e-05 2.239403988479653072e-12
9.311154781892990400e+16 1.058609310094127820e-05 2.239404211504650033e-12
9.857827136979480000e+16 1.006406850899690741e-05 2.239425150144935037e-12
1.043659547487542560e+17 9.567539608167314401e-06 2.239402488051723968e-12
1.104934420056832960e+17 9.095538818856972439e-06 2.239406950739971929e-12
1.169806835538878240e+17 8.646731017173526465e-06 2.239406018445195224e-12
1.238488011264140960e+17 8.219986708521407785e-06 2.239401310105472757e-12
1.311201565460531040e+17 7.814255976805336323e-06 2.239402186821694107e-12
1.388184245329340320e+17 7.428483030693293678e-06 2.239402037304995295e-12
1.469686697867656960e+17 7.061697560100808905e-06 2.239404008741520532e-12
1.555974285946958080e+17 6.713014068857090335e-06 2.239426474919840893e-12
1.647327952304946880e+17 6.381370128472605064e-06 2.239402709085046113e-12
1.744045134263688640e+17 6.066163038035792655e-06 2.239425664767089005e-12
1.846440732152255680e+17 5.766361811787668675e-06 2.239401995735738815e-12
1.954848134587046400e+17 5.481426083783770182e-06 2.239426994035469765e-12
2.069620303947748480e+17 5.210417842289190012e-06 2.239403237684160960e-12
2.191130925583437120e+17 4.952843385140956846e-06 2.239427085514068410e-12
2.319775624490269760e+17 4.707860144492809391e-06 2.239400401487396917e-12
2.455973253422232320e+17 4.474989018159996168e-06 2.239400538698212958e-12
2.600167256628868480e+17 4.253594794433838192e-06 2.239403890172613039e-12
2.752827113660167680e+17 4.043131872188917023e-06 2.239426794252193798e-12
2.914449867939457920e+17 3.843006433039845519e-06 2.239428977016873628e-12
3.085561745081302400e+17 3.652712338360259054e-06 2.239408202249031604e-12
3.266719866223119360e+17 3.471843759251162179e-06 2.239428033564823904e-12
3.458514061949393280e+17 3.299833767724909783e-06 2.239399080113650541e-12
3.661568792714081280e+17 3.136336273693218664e-06 2.239401043014936861e-12
3.876545182014019200e+17 2.980924560425993898e-06 2.239428254076340485e-12
4.104143168933096960e+17 2.833118361675950964e-06 2.239399221163880729e-12
4.345103787065648000e+17 2.692629775894556123e-06 2.239400018643804772e-12
4.600211577238924160e+17 2.559093359028770675e-06 2.239427209270618516e-12
4.870297141890451840e+17 2.432097419271491458e-06 2.239401986961184188e-12
5.156239849416464000e+17 2.311384431930399592e-06 2.239399582975669496e-12
5.458970697297207680e+17 2.196630135434256014e-06 2.239398481390632075e-12
5.779475343320597760e+17 2.087537138107060900e-06 2.239397989891219591e-12
6.118797314773749760e+17 1.983831184362080331e-06 2.239399754847098440e-12
6.478041406051138560e+17 1.885240978998560537e-06 2.239397125640774458e-12
6.858377275741600000e+17 1.791524417455571032e-06 2.239401933336420554e-12
7.261043254905904640e+17 1.702427083284684688e-06 2.239394746986766143e-12
7.687350378944143360e+17 1.617738985422941183e-06 2.239399322437116525e-12
8.138686656180643840e+17 1.537228734839830330e-06 2.239398907553130063e-12
8.616521587063484160e+17 1.460693636154466457e-06 2.239390178792486100e-12
9.122410948693872640e+17 1.387946521329124568e-06 2.239391691517538261e-12
9.658001860262351360e+17 1.318795651208174841e-06 2.239397693981576656e-12
1.022503814588469504e+18 1.253073107531091436e-06 2.239429658649624991e-12
1.082536601229822720e+18 1.190573283455457077e-06 2.239387907723885618e-12
1.146094005990451072e+18 1.131182026858416103e-06 2.239391130973496159e-12
1.213382964672957184e+18 1.074724177896501355e-06 2.239385347802857594e-12
1.284622562602263552e+18 1.021077167625484203e-06 2.239430613817231640e-12
1.360044747942871552e+18 9.700713460615304479e-07 2.239433426215302237e-12
1.439895086896187136e+18 9.215923596020744236e-07 2.239435663783327825e-12
1.524433563236602624e+18 8.755105696371393828e-07 2.239439413495734477e-12
1.613935424789592064e+18 8.317004374780918783e-07 2.239380087560513983e-12
1.708692079607853824e+18 7.900861215841240985e-07 2.239436697549701710e-12
1.809012044763341824e+18 7.505066419368804911e-07 2.239380282352131790e-12
1.915221950844336384e+18 7.129037866013830763e-07 2.239378562239836020e-12
2.027667605428176896e+18 6.771769682852941888e-07 2.239439612000191641e-12
2.146715118991972608e+18 6.432084756881760215e-07 2.239438166304836692e-12
2.272752096927434496e+18 6.109351811595404348e-07 2.239458638290385063e-12
2.406188901540673536e+18 5.802504471079610242e-07 2.239450477175775803e-12
2.547459988145979392e+18 5.510945646908174988e-07 2.239452696725879042e-12
2.697025319603743232e+18 5.233865188924605405e-07 2.239441575741775121e-12
2.855371863908092416e+18 4.970559614874548532e-07 2.239452136185793918e-12
3.023015179700203008e+18 4.720295968772317786e-07 2.239441304336941012e-12
3.200501094869679104e+18 4.482524678020330606e-07 2.239456739480940013e-12
3.388407483708980224e+18 4.256540713258878272e-07 2.239442412274251765e-12
3.587346148407590912e+18 4.041842528477154728e-07 2.239464776768545836e-12
3.797964811011514368e+18 3.837761789616657462e-07 2.239442502619974054e-12
4.020949222333820416e+18 3.643939465627085671e-07 2.239468250146985863e-12
4.257025394682609152e+18 3.459654994030156805e-07 2.239445053481530582e-12
4.506961965675902464e+18 3.284629880815612829e-07 2.239461126621034969e-12
4.771572700839772160e+18 3.118340218242606071e-07 2.239453095835503354e-12
5.051719143137854464e+18 2.960278540347870959e-07 2.239441536847670421e-12
5.348313418059061248e+18 2.810106229183177903e-07 2.239445356165572304e-12
5.662321203395931136e+18 2.667484043729774692e-07 2.239429602639059616e-12
5.994764873383695360e+18 2.531988894532416232e-07 2.239468777368416052e-12
6.346726827436420096e+18 2.403183595191081654e-07 2.239449112471178337e-12
6.719353014318461952e+18 2.280939776045197119e-07 2.239492457115503740e-12
7.113856663225498624e+18 2.164688966034630622e-07 2.239435655655758491e-12
7.531522233923118080e+18 2.054302052936101900e-07 2.239455921256910694e-12
7.973709598804120576e+18 1.949418380378217888e-07 2.239437860304253482e-12
8.441858470481217536e+18 1.849862489481107513e-07 2.239469014513574689e-12
8.937493089329918976e+18 1.755227236168412921e-07 2.239466569138565858e-12
9.462227186245007360e+18 1.665321036155345034e-07 2.239436362039753474e-12
1.001776923676780339e+19 1.579988750393321675e-07 2.239458184161167040e-12
1.060592802369148928e+19 1.498898770305758823e-07 2.239441572775496559e-12
1.122861852625560576e+19 1.421880592737968668e-07 2.239379804305832518e-12
1.188786815510432768e+19 1.348746793613779731e-07 2.239380387819859916e-12
1.258582335330869043e+19 1.279298868818430018e-07 2.239341389438733663e-12
1.332475658494561690e+19 1.213327950917828121e-07 2.239353870704223645e-12
1.410707373398623437e+19 1.150694161636349035e-07 2.239364673662296816e-12
1.493532193758544077e+19 1.091199206031636398e-07 2.239417182526311768e-12
1.581219787927554662e+19 1.034749802626827298e-07 2.239424161406620452e-12
1.674055656906630963e+19 9.811006355698681674e-08 2.239442252607712411e-12
1.772342063903825715e+19 9.301748128307939318e-08 2.239416090121639826e-12
1.876399018469473894e+19 8.818552176247211537e-08 2.239435217623420662e-12
1.986565318411487232e+19 8.359449376369339109e-08 2.239390331699704941e-12
2.103199652883195085e+19 7.923731710740271416e-08 2.239332041711690130e-12
2.226681770235023360e+19 7.509977264072629151e-08 2.239406133144773147e-12
2.357413714432718438e+19 7.117364607693307661e-08 2.239422431712687347e-12
2.495821134067527680e+19 6.744669594737944540e-08 2.239419669559567254e-12
2.642354668220414362e+19 6.390785698408069371e-08 2.239397007570917792e-12
2.797491413692511846e+19 6.055029716892690570e-08 2.239403398159752423e-12
2.961736478378957210e+19 5.736379183023818930e-08 2.239417756258940135e-12
3.135624625843715277e+19 5.433954979652953491e-08 2.239406831553070046e-12
3.319722016449913651e+19 5.146904206452103671e-08 2.239238618358125072e-12
3.514628050714783744e+19 4.874417310548137206e-08 2.239114887798250847e-12
3.720977320890558874e+19 4.616071981415294670e-08 2.239147915182346608e-12
3.939441677125984256e+19 4.370750058674916843e-08 2.239066152547863981e-12
4.170732414935253811e+19 4.138086909013677917e-08 2.239031106234017032e-12
4.415602591096655872e+19 3.917419512489291353e-08 2.239027746201839382e-12
4.674849475521239450e+19 3.708295598025553077e-08 2.239163443236653339e-12
4.949317147074485453e+19 3.509614289522188016e-08 2.239097739771335299e-12
5.239899241802663526e+19 3.321195684096046126e-08 2.239050241201795580e-12
5.547541862512037888e+19 3.142592136484687311e-08 2.239043427011081327e-12
5.873246659173552947e+19 2.973301369314415009e-08 2.239194195409851062e-12
6.218074090183298253e+19 2.812665182879214792e-08 2.239122164762756899e-12
6.583146875096418714e+19 2.660364451897842702e-08 2.239173537319400847e-12
6.969653650076436070e+19 2.515726431420907836e-08 2.239226265263116668e-12
7.378852837961682125e+19 2.378537703360586870e-08 2.238741459750754008e-12
7.812076745549335757e+19 2.248771770430663010e-08 2.238750821897882467e-12
8.270735901437301555e+19 2.125981309746983129e-08 2.239073963599600850e-12
8.756323648547859661e+19 2.009399199058259032e-08 2.239123342428895593e-12
9.270421006284834406e+19 1.898682527563981099e-08 2.238659581497413473e-12
9.814701818156236800e+19 1.794113829093325120e-08 2.239006898039849728e-12
1.039093820162148106e+20 1.694356036220944461e-08 2.238343772265007771e-12
1.100100631790766981e+20 1.600873115113134893e-08 2.239127495423583419e-12
1.164689248058074726e+20 1.511163272529663265e-08 2.238158692609705757e-12
1.233069962276035297e+20 1.427372399953223830e-08 2.239101638137013645e-12
1.305465414403478815e+20 1.347400838528415725e-08 2.238541806458627536e-12
1.382111315936953467e+20 1.271754019973276025e-08 2.239059921509472612e-12
1.463257217360937124e+20 1.199710992332211761e-08 2.238078884466186518e-12
1.549167320656350413e+20 1.132354610547579198e-08 2.238948172503628308e-12
1.640121339512651776e+20 1.067885760132780865e-08 2.238308832729025505e-12
1.736415410044331295e+20 1.007092346340405244e-08 2.238691984849977428e-12
1.838363054976985334e+20 9.494501100056413490e-09 2.238539734845429711e-12
1.946296204442249134e+20 8.951797608934435392e-09 2.239060332349509173e-12
2.060566276705190216e+20 8.437336396865241319e-09 2.238650790453055798e-12
2.181545322342862356e+20 7.950103465418910429e-09 2.238877092803038532e-12
2.309627235599451095e+20 7.489228095452926973e-09 2.238650751716275358e-12
2.445229036861781770e+20 7.049191676850357795e-09 2.237687900114106425e-12
2.588792230431133860e+20 6.637068403935000353e-09 2.237712547422392546e-12
