# #Columns: f_hz, Omega_GW
7.0702077793537667e-20 2.7492374026385826e-23
7.4853106563037250e-20 2.8380873650862883e-23
7.9247848677079831e-20 3.0300168196859756e-23
8.3900612924548335e-20 4.3550647919112662e-23
8.8826548185538214e-20 5.2094239156397336e-23
9.4041692754418377e-20 5.9512312905138981e-23
9.9563026558722751e-20 6.6016304655616712e-23
1.0540852644389706e-19 8.0468498922093084e-23
1.1159722470389577e-19 8.4856068089765718e-23
1.1814927104820451e-19 9.0450750337469621e-23
1.2508599820703933e-19 9.3493606158057553e-23
1.3242999138833243e-19 1.0006388539080223e-22
1.4020516181264174e-19 1.0203134550909454e-22
1.4843682456541329e-19 1.0295478107152957e-22
1.5715178102006632e-19 1.0352618312040837e-22
1.6637840610027041e-19 1.0445105727408217e-22
1.7614674066552147e-19 1.0471959252151819e-22
1.8648858932082360e-19 1.0439712285161591e-22
1.9743762396892358e-19 1.0397200030561830e-22
2.0902949344226391e-19 1.0350820976266060e-22
2.2130193957159192e-19 1.0308934167869007e-22
2.3429492006914223e-19 1.0257069815547876e-22
2.4805073862647880e-19 1.0204319603906436e-22
2.6261418265058400e-19 1.0150938071652749e-22
2.7803266908664763e-19 1.0099381915211107e-22
2.9435639880233786e-19 1.0044790412678436e-22
3.1163852003621282e-19 9.9900780574069068e-23
3.2993530144244200e-19 9.9353147139572038e-23
3.4930631529525205e-19 9.8813795888728100e-23
3.6981463144958986e-19 9.8265050882626563e-23
3.9152702268951781e-19 9.7717347578418648e-23
4.1451418213293134e-19 9.7170926640797379e-23
4.3885095340044604e-19 9.6625965952266534e-23
4.6461657429785686e-19 9.6085166990802250e-23
4.9189493480557309e-19 9.5543053811446012e-23
5.2077485021501321e-19 9.5002825531899834e-23
5.5135035030126249e-19 9.4464543317045787e-23
5.8372098547350591e-19 9.3929239355434829e-23
6.1799215090002751e-19 9.3394830273204085e-23
6.5427542966309341e-19 9.2862525670677100e-23
6.9268895606098940e-19 9.2332342303667545e-23
7.3335780024008606e-19 9.1804676289171783e-23
7.7641437540924998e-19 9.1278704245560789e-23
8.2199886896244113e-19 9.0754896543583775e-23
8.7025969891319956e-19 9.0233258236789449e-23
9.2135399712708884e-19 8.9713791597671866e-23
9.7544812092549243e-19 8.9196616808957714e-23
1.0327181947264350e-18 8.8681475799648007e-23
1.0933506834860078e-18 8.8168512756093806e-23
1.1575429998073978e-18 8.7657720946594433e-23
1.2255041466942656e-18 8.7149149937333220e-23
1.2974553980411353e-18 8.6642682930322063e-23
1.3736310190764700e-18 8.6138379197822086e-23
1.4542790291040402e-18 8.5636228128540636e-23
1.5396620090260612e-18 8.5136247894677759e-23
1.6300579562772274e-18 8.4638389440085237e-23
1.7257611899532955e-18 8.4142675057901290e-23
1.8270833090811245e-18 8.3649096103871742e-23
1.9343542071502804e-18 8.3157647640769125e-23
2.0479231462093410e-18 8.2668326615571982e-23
2.1681598940240697e-18 8.2181120415454068e-23
2.2954559279999138e-18 8.1696028524769753e-23
2.4302257097886575e-18 8.1213044916149440e-23
2.5729080347292150e-18 8.0732163443086115e-23
2.7239674605161839e-18 8.0253377997712374e-23
2.8838958197477527e-18 7.9776683823522984e-23
3.0532138212776383e-18 7.9302075061609971e-23
3.2324727455848874e-18 7.8829546837195220e-23
3.4222562396814702e-18 7.8359091267043191e-23
3.6231822174016819e-18 7.7890703549315521e-23
3.8359048712604922e-18 7.7424377206523317e-23
4.0611168024312200e-18 7.6960107135426962e-23
4.2995512757775001e-18 7.6497886125257147e-23
4.5519846072816896e-18 7.6037709723885123e-23
4.8192386916428695e-18 7.5579569861499268e-23
5.1021836782741337e-18 7.5123466218109058e-23
5.4017408044116949e-18 7.4669389261494119e-23
5.7188853945603921e-18 7.4217333994571751e-23
6.0546500360411292e-18 7.3767293861686990e-23
6.4101279409798111e-18 7.3319264408549908e-23
6.7864765056836819e-18 7.2873236645223377e-23
7.1849210789943832e-18 7.2429207244797390e-23
7.6067589518866448e-18 7.1987168787673233e-23
8.0533635813027189e-18 7.1547118185966389e-23
8.5261890619745606e-18 7.1109047870470733e-23
9.0267748607936622e-18 7.0672953255834371e-23
9.5567508291431302e-18 7.0238826656009248e-23
1.0117842509511503e-17 6.9806665228671617e-23
1.0711876753666153e-17 6.9376460558373786e-23
1.1340787670678347e-17 6.8948208361557868e-23
1.2006622924166103e-17 6.8521901379337845e-23
1.2711550399257949e-17 6.8097535950514285e-23
1.3457865260984486e-17 6.7675105447154380e-23
1.4247997427079054e-17 6.7254604200558427e-23
1.5084519479518172e-17 6.6836025367650563e-23
1.5970155040560751e-17 6.6419366150557408e-23
1.6907787640557616e-17 6.6004620010530674e-23
1.7900470106403877e-17 6.5591780080851744e-23
1.8951434501201905e-17 6.5180842190445917e-23
2.0064102647497392e-17 6.4771798540867203e-23
2.1242097268350890e-17 6.4364645894076162e-23
2.2489253782519008e-17 6.3959377082922967e-23
2.3809632792148976e-17 6.3555987268245733e-23
2.5207533303645161e-17 6.3154469654871754e-23
2.6687506724753196e-17 6.2754819885664485e-23
2.8254371683434625e-17 6.2357031032484803e-23
2.9913229716780698e-17 6.1961099295069179e-23
3.1669481881046717e-17 6.1567018507819593e-23
3.3528846336887141e-17 6.1174783245222719e-23
3.5497376967047324e-17 6.0784386892868683e-23
3.7581483087128714e-17 6.0395824083454946e-23
3.9787950313603771e-17 6.0009089981560787e-23
4.2123962657024399e-17 5.9624179568395606e-23
4.4597125912356821e-17 5.9241086323667366e-23
4.7215492422599696e-17 5.8859805265574900e-23
4.9987587296312333e-17 5.8480330983804262e-23
5.2922436164414857e-17 5.8102656735579947e-23
5.6029594566633229e-17 5.7726778760968052e-23
5.9319179063268013e-17 5.7352690169392444e-23
6.2801900173583476e-17 5.6980386441507023e-23
6.6489097248060530e-17 5.6609862726741720e-23
7.0392775388053981e-17 5.6241112304116189e-23
7.4525644533060037e-17 5.5874129177490147e-23
7.8901160842857977e-17 5.5508908142134734e-23
8.3533570509261702e-17 5.5145444833999875e-23
8.8437956140127218e-17 5.4783733637054518e-23
9.3630285866637158e-17 5.4423767571565090e-23
9.9127465333750356e-17 5.4065541467038581e-23
1.0494739274309126e-16 5.3709051048559199e-23
1.1110901712749308e-16 5.3354292209929386e-23
1.1763240004692964e-16 5.3001257444089863e-23
1.2453878090671127e-16 5.2649941153635179e-23
1.3185064611061347e-16 5.2300338893797277e-23
1.3959180227409305e-16 5.1952446918823708e-23
1.4778745373596582e-16 5.1606257084946990e-23
1.5646428462091536e-16 5.1261763900409197e-23
1.6565054572001905e-16 5.0918962286318619e-23
1.7537614647216476e-16 5.0577849687234386e-23
1.8567275234583904e-16 5.0238417696731810e-23
1.9657388793835178e-16 4.9900662548826084e-23
2.0811504612817591e-16 4.9564577977056454e-23
2.2033380363579106e-16 4.9230161504931839e-23
2.3326994336928306e-16 4.8897405190134416e-23
2.4696558395304427e-16 4.8566305550042658e-23
2.6146531686130453e-16 4.8236854871108992e-23
2.7681635160298513e-16 4.7909049668163961e-23
2.9306866943057963e-16 4.7582883052501547e-23
3.1027518607352434e-16 4.7258350998797025e-23
3.2849192402589521e-16 4.6935446229244310e-23
3.4777819494938386e-16 4.6614164870360401e-23
3.6819679278543579e-16 4.6294501842309197e-23
3.8981419820530160e-16 4.5976452486997203e-23
4.1270079506366851e-16 4.5660010659795377e-23
4.3693109956062063e-16 4.5345171075237616e-23
4.6258400285805340e-16 4.5031930120342491e-23
4.8974302794047517e-16 4.4720281057127007e-23
5.1849660155650447e-16 4.4410219562340044e-23
5.4893834212647545e-16 4.4101739481901745e-23
5.8116736455354537e-16 4.3794837049783503e-23
6.1528860293073604e-16 4.3489506051995480e-23
6.5141315219460640e-16 4.3185741641456012e-23
6.8965862983794282e-16 4.2883537720926616e-23
7.3014955885916378e-16 4.2582889940696271e-23
7.7301777319527389e-16 4.2283792778443908e-23
8.1840284695842986e-16 4.1986241877109991e-23
8.6645254887362875e-16 4.1690231398997356e-23
9.1732332339716646e-16 4.1395755540266775e-23
9.7118080008227897e-16 4.1102810240715398e-23
1.0282003328504611e-15 4.0811390747917894e-23
1.0885675709242094e-15 4.0521491237863892e-23
1.1524790632801482e-15 4.0233106059107556e-23
1.2201428985905008e-15 3.9946231555821217e-23
1.2917793827365541e-15 3.9660861279823755e-23
1.3676217560999543e-15 3.9376991679008185e-23
1.4479169529673279e-15 3.9094616669924412e-23
1.5329264055206828e-15 3.8813731792056217e-23
1.6229268950313822e-15 3.8534331776871358e-23
1.7182114530289893e-15 3.8256411241510638e-23
1.8190903153791838e-15 3.7979966167652085e-23
1.9258919323770224e-15 3.7704990921714990e-23
2.0389640381443991e-15 3.7431479860686417e-23
2.1586747828134298e-15 3.7159428289323929e-23
2.2854139311821482e-15 3.6888831858377398e-23
2.4195941317450660e-15 3.6619684052636775e-23
2.5616522602305656e-15 3.6351980812185456e-23
2.7120508420193780e-15 3.6085716885452869e-23
2.8712795580755415e-15 3.5820888446440078e-23
3.0398568392928215e-15 3.5557489194843669e-23
3.2183315544477695e-15 3.5295514995615243e-23
3.4072847972550354e-15 3.5034959994600325e-23
3.6073317783435750e-15 3.4775821161906064e-23
3.8191238283136021e-15 3.4518092118785489e-23
4.0433505183962557e-15 3.4261768803984028e-23
4.2807419056203530e-15 3.4006845228721092e-23
4.5320709097964661e-15 3.3753316629977377e-23
4.7981558300574218e-15 3.3501178091704313e-23
5.0798630091487023e-15 3.3250425305346456e-23
5.3781096541436309e-15 3.3001052740830799e-23
5.6938668227669471e-15 3.2753055626338866e-23
6.0281625850502607e-15 3.2506429513903382e-23
6.3820853706130195e-15 3.2261169832835363e-23
6.7567875124677316e-15 3.2017271002307189e-23
7.1534889988872971e-15 3.1774728472506996e-23
7.5734814455505002e-15 3.1533537524022254e-23
8.0181323008981185e-15 3.1293693588295445e-23
8.4888892983922462e-15 3.1055191526854029e-23
8.9872851701744308e-15 3.0818025686719384e-23
9.5149426374702653e-15 3.0582192666614298e-23
1.0073579693988087e-14 3.0347686856694278e-23
1.0665015199514538e-14 3.0114504472473447e-23
1.1291174801918473e-14 2.9882638632923143e-23
1.1954097206845255e-14 2.9652086158245930e-23
1.2655940815514180e-14 2.9422842096164951e-23
1.3398990752231675e-14 2.9194902225518303e-23
1.4185666304500298e-14 2.8968260372767653e-23
1.5018528799948543e-14 2.8742913103857353e-23
1.5900289945726927e-14 2.8518854947829790e-23
1.6833820657523497e-14 2.8296081641864140e-23
1.7822160406944001e-14 2.8074587734055459e-23
1.8868527117691830e-14 2.7854369317769519e-23
1.9976327642767462e-14 2.7635421669413716e-23
2.1149168856801158e-14 2.7417739905654149e-23
2.2390869399633118e-14 2.7201318278626397e-23
2.3705472109378100e-14 2.6986153188278882e-23
2.5097257185453935e-14 2.6772239673442522e-23
2.6570756124432332e-14 2.6559573003043366e-23
2.8130766474085130e-14 2.6348148083504063e-23
2.9782367453662998e-14 2.6137960357536826e-23
3.1530936491265787e-14 2.5929006435385954e-23
3.3382166732146590e-14 2.5721281092641101e-23
3.5342085574956589e-14 2.5514779323513506e-23
3.7417074296280489e-14 2.5309496858596957e-23
3.9613888827360089e-14 2.5105429845609881e-23
4.1939681750650303e-14 2.4902572613586912e-23
4.4402025587828432e-14 2.4700921046629571e-23
4.7008937455077305e-14 2.4500470169035373e-23
4.9768905165919726e-14 2.4301215917644426e-23
5.2690914866589440e-14 2.4103152943641350e-23
5.5784480293919190e-14 2.3906276938861957e-23
5.9059673751003109e-14 2.3710583422602500e-23
6.2527158901490180e-14 2.3516068555745257e-23
6.6198225489279663e-14 2.3322726443139105e-23
7.0084826096665733e-14 2.3130553377465339e-23
7.4199615060607832e-14 2.2939544087350423e-23
7.8555989673837808e-14 2.2749694786404724e-23
8.3168133804945743e-14 2.2561000225045811e-23
8.8051064079471235e-14 2.2373456996794374e-23
9.3220678772355572e-14 2.2187059953498043e-23
9.8693809570948552e-14 2.2001805300816291e-23
1.0448827637709880e-13 2.1817687981244673e-23
1.1062294532676304e-13 2.1634703616206305e-23
1.1711779021603345e-13 2.1452847266506963e-23
1.2399395753358587e-13 2.1272114896346337e-23
1.3127383531128043e-13 2.1092501969437519e-23
1.3898112601709167e-13 2.0914004364191235e-23
1.4714092372769171e-13 2.0736617472742785e-23
1.5577979583195991e-13 2.0560337253501113e-23
1.6492586953142824e-13 2.0385158764111051e-23
1.7460892341930484e-13 2.0211077552809960e-23
1.8486048443624477e-13 2.0038089416381820e-23
1.9571393051854073e-13 1.9866189940810229e-23
2.0720459927295410e-13 1.9695374596473412e-23
2.1936990303200786e-13 1.9525638871858024e-23
2.3224945066436091e-13 1.9356979103531129e-23
2.4588517653685176e-13 1.9189390735610669e-23
2.6032147704811125e-13 1.9022869272413717e-23
2.7560535517826808e-13 1.8857409715160477e-23
2.9178657352540011e-13 1.8693008701382161e-23
3.0891781632698444e-13 1.8529661388534653e-23
3.2705486099388827e-13 1.8367363632056503e-23
3.4625675971537622e-13 1.8206110531707199e-23
3.6658603172644017e-13 1.8045898273532362e-23
3.8810886686343205e-13 1.7886722549588929e-23
4.1089534107077490e-13 1.7728579558218842e-23
4.3501964456039552e-13 1.7571464346833464e-23
4.6056032336676489e-13 1.7415372546618753e-23
4.8760053508399604e-13 1.7260300414573967e-23
5.1622831961767869e-13 1.7106243642517991e-23
5.4653688583295897e-13 1.6953197657184199e-23
5.7862491503218981e-13 1.6801157807455322e-23
6.1259688225020742e-13 1.6650120519383031e-23
6.4856339641337087e-13 1.6500081869337763e-23
6.8664156046984855e-13 1.6351037118721829e-23
7.2695535266373171e-13 1.6202982170276442e-23
7.6963603019432293e-13 1.6055912599267632e-23
8.1482255657491115e-13 1.5909824886783056e-23
8.6266205408241860e-13 1.5764714200064494e-23
9.1331028277109572e-13 1.5620576714119676e-23
9.6693214760982611e-13 1.5477407467846980e-23
1.0237022353942799e-12 1.5335203444250130e-23
1.0838053831819835e-12 1.5193959746203034e-23
1.1474372801011144e-12 1.5053672614920871e-23
1.2148051044924286e-12 1.4914337482799059e-23
1.2861281984587528e-12 1.4775950776466993e-23
1.3616387820183625e-12 1.4638508046440587e-23
1.4415827091873746e-12 1.4502005374184739e-23
1.5262202684529514e-12 1.4366438149878711e-23
1.6158270302434855e-12 1.4231802695212095e-23
1.7106947441551250e-12 1.4098094741751259e-23
1.8111322888558053e-12 1.3965310179737899e-23
1.9174666777596805e-12 1.3833444882636858e-23
2.0300441237462035e-12 1.3702494936206942e-23
2.1492311663905753e-12 1.3572456391549766e-23
2.2754158653755828e-12 1.3443325309638436e-23
2.4090090639705635e-12 1.3315097359831002e-23
2.5504457266911141e-12 1.3187768456498655e-23
2.7001863554949507e-12 1.3061334769120932e-23
2.8587184891247468e-12 1.2935792077855294e-23
3.0265582904798053e-12 1.2811136497625865e-23
3.2042522271846897e-12 1.2687363719984804e-23
3.3923788508267536e-12 1.2564470205233121e-23
3.5915506806553595e-12 1.2442451698299120e-23
3.8024161978761125e-12 1.2321304574950064e-23
4.0256619570330954e-12 1.2201024201707290e-23
4.2620148213537506e-12 1.2081607321365729e-23
4.5122443293342001e-12 1.1963049562417072e-23
4.7771652002706080e-12 1.1845347275985689e-23
5.0576399868940270e-12 1.1728496063449698e-23
5.3545818837457142e-12 1.1612492278007480e-23
5.6689577004363604e-12 1.1497331942593701e-23
6.0017910094701503e-12 1.1383011373848381e-23
6.3541654788823019e-12 1.1269526106938868e-23
6.7272284005410416e-12 1.1156872595584665e-23
7.1221944256016653e-12 1.1045046848315039e-23
7.5403495192748015e-12 1.0934045055146818e-23
7.9830551477853521e-12 1.0823863125656382e-23
8.4517527111543813e-12 1.0714497490381381e-23
8.9479682362362305e-12 1.0605944173794423e-23
9.4733173452914112e-12 1.0498199352074538e-23
1.0029510516271963e-11 1.0391259152372172e-23
1.0618358651946539e-11 1.0285119883420087e-23
1.1241778975997097e-11 1.0179777572874789e-23
1.1901801275284953e-11 1.0075228540934820e-23
1.2600574508609743e-11 9.9714688185061412e-24
1.3340373803479164e-11 9.8684947528597092e-24
1.4123607863669432e-11 9.7663025249085163e-24
1.4952826811695614e-11 9.6648882342926894e-24
1.5830730491725254e-11 9.5642480188995736e-24
1.6760177259969348e-11 9.4643779504473803e-24
1.7744193291170124e-11 9.3652743751290747e-24
1.8785982431487882e-11 9.2669337707660254e-24
1.9888936629865655e-11 9.1693523510103216e-24
2.1056646981836002e-11 9.0725262988647069e-24
2.2292915421725997e-11 8.9764519673722694e-24
2.3601767101330578e-11 8.8811255123556224e-24
2.4987463495356494e-11 8.7865432871916931e-24
2.6454516276307811e-11 8.6927014594691277e-24
2.8007702003986471e-11 8.5995965484249183e-24
2.9652077677437269e-11 8.5072246350298876e-24
3.1392997199971016e-11 8.4155822569586448e-24
3.3236128810875539e-11 8.3246654966438500e-24
3.5187473540568177e-11 8.2344708999429918e-24
3.7253384749280273e-11 8.1449947294494936e-24
3.9440588812887492e-11 8.0562334877051320e-24
4.1756207023237353e-11 7.9681833057944590e-24
4.4207778774279748e-11 7.8808406542600395e-24
4.6803286109489658e-11 7.7942018910858863e-24
4.9551179710508689e-11 7.7082633989846369e-24
5.2460406411619181e-11 7.6230214706270683e-24
5.5540438329636958e-11 7.5384725288086136e-24
5.8801303704063246e-11 7.4546131132360046e-24
6.2253619547911894e-11 7.3714395239858809e-24
6.5908626215516005e-11 7.2889479803477914e-24
6.9778223999865841e-11 7.2071350795161660e-24
7.3875011878630332e-11 7.1259973746720993e-24
7.8212328535020698e-11 7.0455313528110216e-24
8.2804295787050687e-11 6.9657333229394666e-24
8.7665864566598166e-11 6.8865998275318338e-24
9.2812863597965626e-11 6.8081272942875703e-24
9.8262050934437516e-11 6.7303123457776004e-24
1.0403116852062727e-10 6.6531513118739778e-24
1.1013899995826649e-10 6.5766405534071291e-24
1.1660543166350936e-10 6.5007766393541225e-24
1.2345151761488131e-10 6.4255561477543034e-24
1.3069954790267804e-10 6.3509755561279374e-24
1.3837312130300876e-10 6.2770313434391209e-24
1.4649722211276953e-10 6.2037201313148101e-24
1.5509830149572170e-10 6.1310386463407104e-24
1.6420436360452241e-10 6.0589833574695219e-24
1.7384505675911661e-10 5.9875506889049858e-24
1.8405176997834739e-10 5.9167372809009704e-24
1.9485773517909389e-10 5.8465397552293656e-24
2.0629813537567513e-10 5.7769547011715455e-24
2.1841021923181354e-10 5.7079785573835209e-24
2.3123342233811376e-10 5.6396079175899983e-24
2.4480949560993903e-10 5.5718395526862752e-24
2.5918264122372221e-10 5.5046699987689920e-24
2.7439965653430787e-10 5.4380959518143647e-24
2.9051008644191134e-10 5.3721139357786972e-24
3.0756638470476681e-10 5.3067207313140832e-24
3.2562408472270265e-10 5.2419127300913999e-24
3.4474198034767897e-10 5.1776870199740901e-24
3.6498231731000059e-10 5.1140399287585907e-24
3.8641099588344585e-10 5.0509681478887497e-24
4.0909778544919446e-10 4.9884681873724049e-24
4.3311655165712715e-10 4.9265371828179194e-24
4.5854549692412920e-10 4.8651715922918530e-24
4.8546741505240411e-10 4.8043681038744721e-24
5.1396996079684217e-10 4.7441233731033437e-24
5.4414593525909656e-10 4.6844344442644514e-24
5.7609358803760125e-10 4.6252978654076657e-24
6.0991693711726441e-10 4.5667103254110729e-24
6.4572610754040362e-10 4.5086685975456304e-24
6.8363768996156420e-10 4.4511695931194432e-24
7.2377512025366345e-10 4.3942099390751681e-24
7.6626908140137374e-10 4.3377863610677770e-24
8.1125792899031773e-10 4.2818956542030343e-24
8.5888814167737701e-10 4.2265346178990670e-24
9.0931479810883363e-10 4.1717000571025467e-24
9.6270208183907909e-10 4.1173887743393851e-24
1.0192238158939222e-09 4.0635976802648175e-24
1.0790640287189154e-09 4.0103235092371282e-24
1.1424175533554113e-09 3.9575631761374900e-24
1.2094906617951339e-09 3.9053133951701847e-24
1.2805017365787324e-09 3.8535711904868722e-24
1.3556819818249045e-09 3.8023332464301935e-24
1.4352761760051746e-09 3.7515965954292454e-24
1.5195434689151916e-09 3.7013579619665065e-24
1.6087582254375055e-09 3.6516143671726017e-24
1.7032109188429401e-09 3.6023625747481747e-24
1.8032090765390720e-09 3.5535995827830194e-24
1.9090782813451102e-09 3.5053222789863709e-24
2.0211632315531038e-09 3.4575275715316023e-24
2.1398288632270652e-09 3.4102123072797484e-24
2.2654615383939664e-09 3.3633734237753207e-24
2.3984703029953327e-09 3.3170079059859954e-24
2.5392882186950330e-09 3.2711127150493092e-24
2.6883737728796642e-09 3.2256847997087393e-24
2.8462123714421921e-09 3.1807210661965731e-24
3.0133179192093058e-09 3.1362186184713437e-24
3.1902344931579965e-09 3.0921744008947874e-24
3.3775381138693974e-09 3.0485854588714752e-24
3.5758386209873612e-09 3.0054486481867694e-24
3.7857816587881966e-09 2.9627611218548828e-24
4.0080507783261522e-09 2.9205197864860432e-24
4.2433696629992673e-09 2.8787218080286957e-24
4.4925044847815552e-09 2.8373641617789374e-24
4.7562663987933481e-09 2.7964438995090187e-24
5.0355141843315550e-09 2.7559579702916057e-24
5.3311570409590875e-09 2.7159035276081243e-24
5.6441575487569301e-09 2.6762775839184752e-24
5.9755348023773293e-09 2.6370772313194875e-24
6.3263677291018894e-09 2.5982995287389529e-24
6.6977986017082390e-09 2.5599417072694570e-24
7.0910367575824104e-09 2.5220007989578953e-24
7.5073625361862488e-09 2.4844739127686712e-24
7.9481314476993551e-09 2.4473581088450350e-24
8.4147785864087659e-09 2.4106506254269454e-24
8.9088233032154401e-09 2.3743485225431065e-24
9.4318741524708647e-09 2.3384490151674782e-24
9.9856341292502844e-09 2.3029491173682108e-24
1.0571906214114013e-08 2.2678461362256875e-24
1.1192599243410669e-08 2.2331372032635874e-24
1.1849734124234784e-08 2.1988195525189410e-24
1.2545450414274504e-08 2.1648902865752435e-24
1.3282013287971886e-08 2.1313466087551520e-24
1.4061820911677772e-08 2.0981857113563216e-24
1.4887412251813128e-08 2.0654048990536592e-24
1.5761475341460055e-08 2.0330013557863754e-24
1.6686856032296545e-08 2.0009722862550271e-24
1.7666567260371542e-08 1.9693149444950715e-24
1.8703798855887669e-08 1.9380266173198698e-24
1.9801927928931968e-08 1.9071045410982947e-24
2.0964529864968239e-08 1.8765459591923470e-24
2.2195389965892610e-08 1.8463481515452448e-24
2.3498515774553035e-08 1.8165084516656352e-24
2.4878150122861045e-08 1.7870241020720668e-24
2.6338784945977449e-08 1.7578924344001299e-24
2.7885175907551258e-08 1.7291107255730170e-24
2.9522357883628538e-08 1.7006763572255710e-24
3.1255661355646251e-08 1.6725866028686678e-24
3.3090729765883027e-08 1.6448388581298948e-24
3.5033537891876628e-08 1.6174303988645999e-24
3.7090411299631213e-08 1.5903586276318549e-24
3.9268046938953465e-08 1.5636208862481033e-24
4.1573534947971418e-08 1.5372145859025785e-24
4.4014381737831950e-08 1.5111370542284898e-24
4.6598534432735696e-08 1.4853857005950590e-24
4.9334406744885532e-08 1.4599579154498403e-24
5.2230906368591532e-08 1.4348511358152709e-24
5.5297463982728301e-08 1.4100627283205990e-24
5.8544063955970577e-08 1.3855901501460837e-24
6.1981276854780916e-08 1.3614308317073292e-24
6.5620293859993046e-08 1.3375822296929892e-24
6.9472963204043726e-08 1.3140417601050921e-24
7.3551828747493573e-08 1.2908069348745633e-24
7.7870170820433853e-08 1.2678752015771520e-24
8.2442049461757375e-08 1.2452440511641734e-24
8.7282350197071016e-08 1.2229109464046918e-24
9.2406832504303817e-08 1.2008734137341918e-24
9.7832181124803999e-08 1.1791289527476208e-24
1.0357606038699275e-07 1.1576750782110057e-24
1.0965717171943978e-07 1.1365092765906659e-24
1.1609531454062510e-07 1.1156291459820194e-24
1.2291145072363062e-07 1.0950321727352919e-24
1.3012777284565684e-07 1.0747159137202759e-24
1.3776777644456945e-07 1.0546778912769010e-24
1.4585633651774551e-07 1.0349157557924931e-24
1.5441978851228182e-07 1.0154270385762320e-24
1.6348601407026804e-07 9.9620936381838246e-25
1.7308453180829306e-07 9.7726026231461660e-25
1.8324659342676027e-07 9.5857740838276132e-25
1.9400528546192989e-07 9.4015836744177885e-25
2.0539563701198094e-07 9.2200077717711416e-25
2.1745473378783778e-07 9.0410223258505219e-25
2.3022183886009767e-07 8.8646044100361249e-25
2.4373852049519628e-07 8.6907300424399855e-25
2.5804878749704249e-07 8.5193761520964660e-25
2.7319923249475110e-07 8.3505190598833795e-25
2.8923918364304080e-07 8.1841357474795172e-25
3.0622086522918754e-07 8.0202029007879604e-25
3.2419956770946460e-07 7.8586975920448078e-25
3.4323382772868460e-07 7.6995966175251121e-25
3.6338561870896987e-07 7.5428773263816028e-25
3.8472055262828411e-07 7.3885167163348885e-25
4.0730809364569282e-07 7.2364924330712926e-25
4.3122178426891012e-07 7.0867815782346438e-25
4.5653948480046092e-07 6.9393618197007712e-25
4.8334362684213155e-07 6.7942106260157679e-25
5.1172148168304483e-07 6.6513058230847817e-25
5.4176544444521741e-07 6.5106248756056852e-25
5.7357333491174599e-07 6.3721458777847183e-25
6.0724871601708178e-07 6.2358466345041479e-25
6.4290123103635914e-07 6.1017053223448356e-25
6.8064696057165945e-07 5.9697000331381029e-25
7.2060880049743967e-07 5.8398089830143997e-25
7.6291686209577741e-07 5.7120103361989469e-25
8.0770889568415083e-07 5.5862824735265074e-25
8.5513073911506772e-07 5.4626041046007535e-25
9.0533679260780616e-07 5.3409537764772635e-25
9.5849052145826138e-07 5.2213101657414308e-25
1.0147649882636624e-06 5.1036519012288874e-25
1.0743434163950686e-06 4.9879580491976435e-25
1.1374197865521282e-06 4.8742074259880898e-25
1.2041994683425766e-06 4.7623790176928978e-25
1.2748998889427054e-06 4.6524519745330675e-25
1.3497512410159357e-06 4.5444056587746211e-25
1.4289972321943878e-06 4.4382193024242403e-25
1.5128958785636799e-06 4.3338723577245063e-25
1.6017203447344362e-06 4.2313443907842581e-25
1.6957598332357653e-06 4.1306149269984850e-25
1.7953205261262773e-06 4.0316636342507059e-25
1.9007265818886793e-06 3.9344702979727686e-25
2.0123211908535333e-06 3.8390149388884029e-25
2.1304676925885950e-06 3.7452774729544057e-25
2.2555507588918181e-06 3.6532380025121341e-25
2.3879776462397076e-06 3.5628765545640460e-25
2.5281795217688733e-06 3.4741735515173296e-25
2.6766128671079828e-06 3.3871092364848240e-25
2.8337609646309893e-06 3.3016642314815712e-25
3.0001354709703673e-06 3.2178188096803549e-25
3.1762780829139798e-06 3.1355538358934626e-25
3.3627623011092200e-06 3.0548499101904097e-25
3.5601952973169907e-06 2.9756879417388855e-25
3.7692198912950585e-06 2.8980487677163928e-25
3.9905166437473038e-06 2.8219134860160892e-25
4.2248060721532348e-06 2.7472631169117339e-25
4.4728509966924618e-06 2.6740789457410171e-25
4.7354590239017046e-06 2.6023423329952553e-25
5.0134851761514918e-06 2.5320348970255148e-25
5.3078346755033586e-06 2.4631382843701908e-25
5.6194658910116511e-06 2.3956341467749287e-25
5.9493934590659968e-06 2.3295049379846760e-25
6.2986915869339285e-06 2.2647401655559872e-25
6.6684975502595737e-06 2.2013702333185742e-25
7.0600153959061874e-06 2.1396246494960871e-25
7.4745198621977733e-06 2.0806121424169916e-25
7.9133605293247463e-06 2.0291028180054694e-25
8.3779662134260383e-06 2.0045412880169160e-25
8.8698496186547010e-06 2.0836597087182204e-25
9.3906122623734400e-06 2.5625242118196933e-25
9.9419496895160792e-06 4.5644617916918519e-25
1.0525656993092167e-05 1.2291113502033030e-24
1.1143634658809423e-05 4.1253523575956845e-24
1.1797894752842172e-05 1.4791978936154328e-23
1.2490567472894148e-05 5.3488818021130411e-23
1.3223908083883920e-05 1.9160696189660862e-22
1.4000304260835283e-05 6.7521826365417015e-22
1.4822283862880114e-05 2.3316365227729634e-21
1.5692523163685057e-05 7.8507248901823794e-21
1.6613855565099282e-05 2.5654444820445307e-20
1.7589280822393934e-05 8.0886795720914402e-20
1.8621974811130403e-05 2.4465252934988681e-19
1.9715299867455191e-05 7.0490664361726522e-19
2.0872815735490941e-05 1.9266357861397250e-18
2.2098291157465119e-05 4.9727327112103029e-18
2.3395716144313249e-05 1.2067288481124467e-17
2.4769314966708354e-05 2.7483026083416075e-17
2.6223559908813872e-05 5.8886983792640133e-17
2.7763185829540573e-05 1.1902751311654628e-16
2.9393205578718587e-05 2.2716049256523883e-16
3.1118926318374534e-05 4.1116663099735285e-16
3.2945966802258562e-05 7.0855985644838397e-16
3.4880275669877921e-05 1.1696613830783428e-15
3.6928150814602082e-05 1.8598070158182167e-15
3.9096259888899246e-05 2.8598587479819571e-15
4.1391662013467175e-05 4.2679075074643747e-15
4.3821830760940468e-05 6.2140432921029325e-15
4.6394678489008686e-05 8.8410545203299327e-15
4.9118582102166165e-05 1.2309803253416281e-14
5.2002410325977658e-05 1.6821477882884628e-14
5.5055552582656662e-05 2.2630517587559495e-14
5.8287949561974209e-05 3.0005663035439906e-14
6.1710125587033141e-05 3.9250715561227569e-14
6.5333222880287244e-05 5.0737851098463651e-14
6.9169037841371029e-05 6.4874899232896630e-14
7.3230059454860023e-05 8.2081755599833432e-14
7.7529509953004706e-05 1.0279046495574285e-13
8.2081387865842257e-05 1.2752488107213636e-13
8.6900513598844536e-05 1.5685863342369988e-13
9.2002577686500881e-05 1.9132955308087521e-13
9.7404191878943945e-05 2.3155944167095560e-13
1.0312294322795042e-04 2.7820547214665501e-13
1.0917745134841505e-04 3.3191255088834109e-13
1.1558742904173355e-04 3.9358735739523477e-13
1.2237374647848339e-04 4.6416259465362393e-13
1.2955849914935986e-04 5.4445184562302804e-13
1.3716507980562645e-04 6.3527466277217821e-13
1.4521825462329645e-04 7.3803038084919702e-13
1.5374424383903234e-04 8.5377842679520561e-13
1.6277080712030431e-04 9.8370869480388718e-13
1.7232733394776354e-04 1.1291674994438631e-12
1.8244493930410298e-04 1.2912001114047905e-12
1.9315656498096760e-04 1.4709048339974175e-12
2.0449708683373556e-04 1.6694970188886358e-12
2.1650342833340902e-04 1.8879890407391922e-12
2.2921468078530540e-04 2.1277111615564776e-12
2.4267223060597608e-04 2.3902132920389501e-12
2.5691989407275071e-04 2.6774747376057876e-12
2.7200405998463646e-04 2.9921227022444370e-12
2.8797384069905780e-04 3.3367547470721940e-12
3.0488123203620943e-04 3.7156324462747527e-12
3.2278128257161906e-04 4.1326511454280112e-12
3.4173227286816212e-04 4.5937607611324181e-12
3.6179590523105552e-04 5.1045414541518255e-12
3.8303750460366302e-04 5.6729412779942676e-12
4.0552623125820651e-04 6.3070199634976981e-12
4.2933530597387800e-04 7.0169613438486366e-12
4.5454224843550557e-04 7.8132453099475458e-12
4.8122912962899250e-04 8.7085400836653401e-12
5.0948283905524901e-04 9.7178526716754143e-12
5.3939536763270436e-04 1.0857087588005494e-11
5.7106410720944730e-04 1.2144493710601593e-11
6.0459216766019241e-04 1.3600014920398562e-11
6.4008871260050218e-04 1.5249242047917966e-11
6.7766931481131145e-04 1.7116091733032460e-11
7.1745633253097953e-04 1.9232146691960053e-11
7.5957930784003008e-04 2.1627572311038656e-11
8.0417538843568050e-04 2.4342236954463361e-11
8.5138977416939984e-04 2.7414203000888261e-11
9.0137618980141651e-04 3.0891363092689078e-11
9.5429738551130550e-04 3.4818680061380423e-11
1.0103256667944014e-03 3.9250635449399819e-11
1.0696434554692169e-03 4.4244809640138808e-11
1.1324438836224828e-03 4.9862625732668196e-11
1.1989314224256271e-03 5.6164669409142702e-11
1.2693225478700441e-03 6.3216009558585742e-11
1.3438464455887036e-03 7.1094793869371248e-11
1.4227457570589860e-03 7.9865001787752371e-11
1.5062773696161371e-03 8.9606184274970315e-11
1.5947132528497448e-03 1.0038170362690421e-10
1.6883413441063022e-03 1.1228331924203533e-10
1.7874664859810073e-03 1.2536710803378879e-10
1.8924114188511654e-03 1.3971819207849414e-10
2.0035178316827659e-03 1.5538333970117966e-10
2.1211474745315298e-03 1.7243217416276469e-10
2.2456833363607076e-03 1.9090718054026143e-10
2.3775308920102132e-03 2.1086100975898403e-10
2.5171194223774281e-03 2.3231488366619695e-10
2.6649034121077829e-03 2.5529625205248944e-10
2.8213640293459387e-03 2.7986682959354860e-10
2.9870106923654623e-03 3.0605408066504967e-10
3.1623827281777568e-03 3.3393473041132521e-10
3.3480511285205023e-03 3.6356725904965035e-10
3.5446204089428727e-03 3.9512193406914720e-10
3.7527305770406784e-03 4.2867413074407442e-10
3.9730592162493623e-03 4.6445675865894104e-10
4.2063236919800042e-03 5.0260746515870376e-10
4.4532834872808525e-03 5.4337936217635922e-10
4.7147426756292020e-03 5.8695374211196544e-10
4.9915525389047219e-03 6.3365294930660074e-10
5.2846143390680557e-03 6.8367962322144892e-10
5.5948822525689430e-03 7.3727451719748867e-10
5.9233664770382147e-03 7.9473410456627042e-10
6.2711365203780506e-03 8.5632400065095343e-10
6.6393246829602858e-03 9.2214755127472597e-10
7.0291297442697563e-03 9.9229764461484395e-10
7.4418208659962522e-03 1.0670039319081124e-09
7.8787417242830553e-03 1.1460598092203588e-09
8.3413148845862036e-03 1.2294068221987097e-09
8.8310464333884679e-03 1.3167770924071162e-09
9.3495308818488075e-03 1.4082554417939298e-09
9.8984563573519691e-03 1.5033864478872308e-09
1.0479610099862769e-02 1.6021344497896067e-09
1.1094884280979480e-02 1.7043173174815984e-09
1.1746282164632965e-02 1.8099620794019077e-09
1.2435924629490032e-02 1.9188968745220938e-09
1.3166057074297194e-02 2.0313249881108482e-09
1.3939056728647783e-02 2.1468933242344998e-09
1.4757440392976138e-02 2.2647781546750093e-09
1.5623872632977697e-02 2.3835409603545854e-09
1.6541174455137378e-02 2.5015477246055101e-09
1.7512332491611139e-02 2.6160058795720852e-09
1.8540508724366276e-02 2.7228164420234142e-09
1.9629050780241148e-02 2.8190228353121754e-09
2.0781502830443794e-02 2.9000039749049639e-09
2.2001617129977068e-02 2.9620231729019394e-09
2.3293366234561151e-02 3.0017896470828220e-09
2.4660955934831481e-02 3.0173989579059942e-09
2.6108838949921654e-02 3.0069655455283876e-09
2.7641729425019718e-02 2.9708667969413544e-09
2.9264618280097580e-02 2.9107816991722952e-09
3.0982789459788315e-02 2.8289458004771324e-09
3.2801837137319018e-02 2.7282099251361949e-09
3.4727683928513275e-02 2.6119824264886276e-09
3.6766600175165677e-02 2.4841030757889503e-09
3.8925224360574710e-02 2.3478132472553413e-09
4.1210584723700289e-02 2.2063250987370042e-09
4.3630122142325013e-02 2.0628799163762006e-09
4.6191714359719867e-02 1.9200921632112213e-09
4.8903701633695437e-02 1.7797915443026872e-09
5.1774913891548612e-02 1.6438740223662969e-09
5.4814699479318510e-02 1.5136478006517693e-09
5.8032955598955341e-02 1.3900677866098834e-09
6.1440160532505034e-02 1.2735190468363349e-09
6.5047407758221126e-02 1.1644155822900236e-09
6.8866442069691197e-02 1.0628314737164132e-09
7.2909697815571037e-02 9.6871858684718855e-10
7.7190339384433398e-02 8.8181103911967537e-10
8.1722304066545015e-02 8.0184144884152532e-10
8.6520347432125250e-02 7.2847060130339620e-10
9.1600091373831960e-02 6.6133919559977123e-10
9.6978074969899936e-02 5.9999769609402315e-10
1.0267180833352589e-01 5.4404229325282880e-10
1.0869982962384175e-01 4.9310421420942858e-10
1.1508176540408714e-01 4.4676668794652903e-10
1.2183839454350448e-01 4.0465301083077235e-10
1.2899171587101371e-01 3.6641796464484617e-10
1.3656501980093916e-01 3.3172077681313023e-10
1.4458296416399430e-01 3.0025853642925451e-10
1.5307165449041971e-01 2.7173406340219561e-10
1.6205872900667545e-01 2.4589432321689690e-10
1.7157344862240836e-01 2.2247982630075021e-10
1.8164679220070665e-01 2.0128637506417013e-10
1.9231155742181258e-01 1.8208942915695012e-10
2.0360246756870196e-01 1.6471920552203412e-10
2.1555628458221041e-01 1.4899524441837027e-10
2.2821192875380195e-01 1.3476712033219959e-10
2.4161060544568369e-01 1.2189315389214382e-10
2.5579593925086530e-01 1.1024619019761844e-10
2.7081411602994382e-01 9.9708208505500823e-11
2.8671403328710893e-01 9.0177293280297259e-11
3.0354745937494637e-01 8.1554350263475633e-11
3.2136920204640546e-01 7.3755857844633159e-11
3.4023728690271343e-01 6.6701884340759860e-11
3.6021314631824453e-01 6.0321698222247600e-11
3.8136181945745806e-01 5.4551619092926070e-11
4.0375216403515751e-01 4.9332921079545189e-11
4.2745708050949122e-01 4.4613125546577932e-11
4.5255374943770460e-01 4.0344756098705277e-11
4.7912388276740042e-01 3.6484849977907797e-11
5.0725398988150294e-01 3.2993677172236397e-11
5.3703565926313512e-01 2.9836890404849804e-11
5.6856585669747717e-01 2.6981798040033326e-11
6.0194724098151564e-01 2.4399908875692490e-11
6.3728849816962563e-01 2.2065230918509456e-11
6.7470469544318157e-01 1.9953774094564009e-11
7.1431765575645112e-01 1.8044279856218702e-11
7.5625635447850692e-01 1.6317270427898953e-11
8.0065733932260574e-01 1.4755389919887520e-11
8.4766517493027316e-01 1.3343089369856772e-11
8.9743291355761079e-01 1.2065927701524778e-11
9.5012259339632654e-01 1.0910917689347761e-11
1.0059057661519597e+00 9.8665120749461001e-12
1.0649640555970823e+00 8.9221237992564629e-12
1.1274897489179443e+00 8.0681228361607996e-12
1.1936864227800812e+00 7.2958460718705952e-12
1.2637696061511656e+00 6.5975041704354159e-12
1.3379674820392224e+00 5.9660169110864807e-12
1.4165216304309884e+00 5.3949651537675092e-12
1.4996878148493331e+00 4.8785489395704281e-12
1.5877368150906759e+00 4.4115719885237029e-12
1.6809553088537750e+00 3.9892970105417524e-12
1.7796468051301810e+00 3.6074273623330204e-12
1.8841326323956231e+00 3.2621081908488430e-12
1.9947529848195809e+00 2.9498412597503157e-12
2.1118680298994597e+00 2.6674584082954800e-12
2.2358590811256849e+00 2.4121003391886012e-12
2.3671298394957869e+00 2.1811820249969798e-12
2.5061077079196856e+00 1.9723646627173612e-12
2.6532451827958501e+00 1.7835321331453024e-12
2.8090213272888547e+00 1.6127717308462747e-12
2.9739433311055476e+00 1.4583556468810585e-12
3.1485481618480033e+00 1.3187198288103844e-12
3.3334043133199862e+00 1.1924497477479157e-12
3.5291136564792058e+00 1.0782666828579074e-12
3.7363133990618498e+00 9.7501399158856331e-13
3.9556781602596867e+00 8.8164568339280180e-13
4.1879221672048406e+00 7.9721594526330117e-13
4.4338015804132782e+00 7.2086920409725295e-13
4.6941169557590161e+00 6.5183159085714681e-13
4.9697158509944890e+00 5.8940364231877789e-13
5.2614955853038232e+00 5.3295280489560329e-13
5.5704061608737474e+00 4.8190692487089071e-13
5.8974533559944851e+00 4.3574857432630549e-13
6.2437019997613961e+00 3.9400995072101243e-13
6.6102794390393802e+00 3.5626798125642327e-13
6.9983792089784194e+00 3.2214011418485593e-13
7.4092649190302460e+00 2.9128031572920621e-13
7.8442743671196187e+00 2.6337578681167221e-13
8.3048238953647111e+00 2.3814347250524510e-13
8.7924130015286828e+00 2.1532762660604519e-13
9.3086292212166963e+00 1.9469681692048353e-13
9.8551532967143327e+00 1.7604196382342928e-13
1.0433764649296434e+01 1.5917373308516173e-13
1.1046347172824138e+01 1.4392121985810671e-13
1.1694895367492110e+01 1.3012964857098016e-13
1.2381520833698486e+01 1.1765915816650593e-13
1.3108459147179547e+01 1.0638314697934576e-13
1.3878077137794328e+01 9.6187320745149423e-14
1.4692880595657970e+01 8.6968198883083856e-14
1.5555522429714131e+01 7.8632309691928450e-14
1.6468811305309693e+01 7.1094977908895126e-14
1.7435720788895608e+01 6.4279786494792750e-14
1.8459399029625938e+01 5.8117564044405945e-14
1.9543179009379998e+01 5.2545803237508915e-14
2.0690589394578488e+01 4.7507891458751311e-14
2.1905366025126803e+01 4.2952717604489754e-14
2.3191464077891972e+01 3.8834052612078628e-14
2.4553070944316271e+01 3.5110108732247470e-14
2.5994619864095291e+01 3.1743048552745249e-14
2.7520804359311466e+01 2.8698681678282660e-14
2.9136593516015903e+01 2.5946116135224001e-14
3.0847248163017692e+01 2.3457397493657732e-14
3.2658338000554032e+01 2.1207233857991094e-14
3.4575759734611367e+01 1.9172774003152958e-14
3.6605756275940678e+01 1.7333360970694806e-14
3.8754937066276781e+01 1.5670297364161271e-14
4.1030299597941514e+01 1.4166682123639278e-14
4.3439252196895900e+01 1.2807229054252534e-14
4.5989638143422425e+01 1.1578134785856184e-14
4.8689761208966488e+01 1.0466903868236603e-14
5.1548412692289070e+01 9.4622427937545219e-15
5.4574900042952024e+01 8.5539324024476138e-15
5.7779077165333071e+01 7.7327422141481800e-15
6.1171376501836534e+01 6.9903220095201785e-15
6.4762842999759229e+01 6.3191193327323122e-15
6.8565170072403177e+01 5.7123043365987356e-15
7.2590737671523897e+01 5.1637039007185883e-15
7.6852652595065720e+01 4.6677424745115728e-15
8.1364791161432350e+01 4.2193695808437805e-15
8.6141844389227344e+01 3.8140250845575353e-15
9.1199365829567867e+01 3.4475810632747858e-15
9.6553822206707835e+01 3.1163085266748911e-15
1.0222264703185076e+02 2.8168331974344361e-15
1.0822429736471179e+02 2.5461051094322177e-15
1.1457831390764372e+02 2.3013661329204282e-15
1.2130538462797345e+02 2.0801257605696050e-15
1.2842741211571379e+02 1.8801293527174347e-15
1.3596758489594623e+02 1.6993383290922603e-15
1.4395045292806563e+02 1.5359085583853402e-15
1.5240200753770276e+02 1.3881765699146295e-15
1.6134976604157410e+02 1.2546357534168508e-15
1.7082286134078637e+02 1.1339244306771800e-15
1.8085213677431059e+02 1.0248103589008652e-15
1.9147024654143621e+02 9.2618159168469618e-16
2.0271176202019811e+02 8.3703153938442919e-16
2.1461328432791603e+02 7.5645006183769455e-16
2.2721356349033977e+02 6.8361384545748073e-16
2.4055362460739974e+02 6.1778020930395490e-16
2.5467690142634481e+02 5.5827621712406840e-16
2.6962937775716625e+02 5.0449444407405935e-16
2.8545973719073874e+02 4.5588443671091902e-16
3.0221952160715739e+02 4.1195039787230256e-16
3.1996329899032190e+02 3.7224257697765155e-16
3.3874884109519940e+02 3.3635570209785078e-16
3.5863731154619575e+02 3.0392192101527430e-16
3.7969346497907713e+02 2.7460994625450735e-16
4.0198585787482307e+02 2.4811918231403997e-16
4.2558707177186193e+02 2.2417883608914114e-16
4.5057394958344020e+02 2.0254361565824832e-16
4.7702784578956937e+02 1.8299206824005077e-16
5.0503489131809425e+02 1.6532368442696391e-16
5.3468627397737623e+02 1.4935748434050694e-16
5.6607853535359698e+02 1.3492969713070190e-16
5.9931388513936736e+02 1.2189243852201355e-16
6.3450053391705683e+02 1.1011182604786316e-16
6.7175304548034921e+02 9.9466991419635186e-17
7.1119270984113768e+02 8.9848650458140626e-17
7.5294793813626393e+02 8.1157992533249958e-17
7.9715468071978535e+02 7.3305763939915268e-17
8.4395686980214839e+02 6.6211212436554357e-17
8.9350688807736447e+02 5.9801360934430931e-17
9.4596606486402175e+02 5.4010300348946652e-17
1.0015052013755061e+03 4.8778432446053081e-17
1.0603051268296515e+03 4.4051847292565299e-17
1.1225572872084529e+03 3.9781870160679372e-17
1.1884643685847645e+03 3.5924510748772357e-17
1.2582409570455277e+03 3.2439984147821716e-17
1.3321142373600146e+03 2.9292338352887650e-17
1.4103247326680728e+03 2.6449078085893262e-17
1.4931270875965597e+03 2.3880846132352293e-17
1.5807908973537740e+03 2.1561134771276253e-17
1.6736015855013061e+03 1.9465951222802394e-17
1.7718613332612374e+03 1.7573628137764917e-17
1.8758900633843919e+03 1.5864548826614135e-17
1.9860264817830996e+03 1.4321037027516841e-17
2.1026291803196796e+03 1.2927094678201711e-17
2.2260778043415053e+03 1.1668281106079187e-17
2.3567742887637878e+03 1.0531533863873019e-17
2.4951441667247095e+03 9.5050556429168360e-18
2.6416379550737420e+03 8.5781980192780554e-18
2.7967326212041266e+03 7.7413202079233953e-18
2.9609331360053443e+03 6.9857134600657040e-18
3.1347741179919617e+03 6.3035109982764379e-18
3.3188215739615898e+03 5.6876063725091434e-18
3.5136747418498139e+03 5.1315867038359188e-18
3.7199680417818813e+03 4.6296484007832751e-18
3.9383731416736841e+03 4.1765495504652561e-18
4.1696011441073870e+03 3.7675575335422107e-18
4.4144049016019108e+03 3.3984015912815170e-18
4.6735814678165143e+03 3.0652144315175233e-18
4.9479746926685239e+03 2.7645083706323138e-18
5.2384779698140837e+03 2.4931280712520660e-18
5.5460371454381357e+03 2.2482309094839546e-18
5.8716535978238016e+03 2.0272410079870941e-18
6.2163874977280866e+03 1.8278380388772898e-18
6.5813612601793138e+03 1.6479204189316931e-18
6.9677631989349456e+03 1.4855972657827139e-18
7.3768513954982882e+03 1.3391545950604479e-18
7.8099577952911231e+03 1.2070498371002482e-18
8.2684925443193097e+03 1.0878848872258960e-18
8.7539485804501091e+03 9.8039935224809200e-19
9.2679064942511941e+03 8.8345463966513624e-19
9.8120396752167053e+03 7.9602346329353000e-19
1.0388119760136342e+04 7.1717893317874390e-19
1.0998022401346621e+04 6.4608090788116011e-19
1.1643733373645142e+04 5.8197467138007576e-19
1.2327355039751172e+04 5.2417580614454851e-19
1.3051113195363963e+04 4.7206845819991226e-19
1.3817364316104055e+04 4.2509543876781245e-19
1.4628603229934783e+04 3.8275525642471614e-19
1.5487471240043025e+04 3.4459331047952998e-19
1.6396764724627043e+04 3.1020058512599992e-19
1.7359444241591169e+04 2.7920763502964371e-19
1.8378644167791292e+04 2.5128127550232165e-19
1.9457682904215235e+04 2.2611986255629196e-19
2.0600073680325924e+04 2.0345211350358426e-19
2.1809535992742720e+04 1.8303326515751081e-19
2.3090007715507094e+04 1.6464163605233145e-19
2.4445657921359998e+04 1.4807768467244200e-19
2.5880900455776515e+04 1.3316158259173863e-19
2.7400408307953148e+04 1.1973084845793155e-19
2.9009128825538068e+04 1.0763876432187242e-19
3.0712299822641595e+04 9.6752937153423944e-20
3.2515466633574197e+04 8.6954770333330932e-20
3.4424500167833459e+04 7.8136465031129069e-20
3.6445616025129828e+04 7.0200874876718481e-20
3.8585394732683977e+04 6.3060654573468182e-20
4.0850803170687606e+04 5.6636453050377252e-20
4.3249217255686235e+04 5.0857981772232772e-20
4.5788445955738680e+04 4.5660617088718900e-20
4.8476756715543837e+04 4.0986641056254069e-20
5.1322902374315665e+04 3.6783191409003462e-20
5.4336149664050557e+04 3.3004900507677654e-20
5.7526309380968043e+04 2.9608669803461686e-20
6.0903768328367718e+04 2.6556311900020698e-20
6.4479523134899027e+04 2.3812075833473197e-20
6.8265216058354301e+04 2.1347607189246646e-20
7.2273172891558366e+04 1.9133769674059726e-20
7.6516443093771552e+04 1.7145372424781445e-20
8.1008842278269178e+04 1.5359787268669582e-20
8.5764997194436117e+04 1.3753870289867951e-20
9.0800393350823128e+04 1.2314234658260435e-20
9.6131425434233795e+04 1.1022013003532500e-20
1.0177545068899063e+05 9.8624377460510257e-21
1.0775084543018171e+05 8.8179332846108889e-21
1.1407706487488761e+05 7.8843268210567569e-21
1.2077470648619274e+05 7.0468458296067492e-21
1.2786557703622068e+05 6.2957732846584236e-21
1.3537276360654991e+05 5.6161979537685362e-21
1.4332070875716355e+05 5.0122204237716199e-21
1.5173529010869542e+05 4.4709730899056706e-21
1.6064390459706812e+05 3.9859604616174822e-21
1.7007555767485258e+05 3.5435120596970215e-21
1.8006095774977838e+05 3.1545430332888310e-21
1.9063261616787507e+05 2.8066282246683113e-21
2.0182495306677785e+05 2.4955791439390297e-21
2.1367440944385302e+05 2.2179221080329900e-21
2.2621956580400089e+05 1.9638359112286629e-21
2.3950126777347177e+05 1.7447372361001643e-21
2.5356275908865596e+05 1.5503615237295658e-21
2.6844982239285362e+05 1.3781564990675357e-21
2.8421092829944193e+05 1.2207323034705990e-21
3.0089739320677175e+05 1.0684792704400727e-21
3.1856354637862241e+05 8.9594870403147046e-22
3.3726690683420654e+05 7.2707648303841133e-22
3.5706837062367518e+05 4.6181514694531737e-22
3.7803240909883147e+05 3.2967429938923399e-22
4.0022727882465330e+05 2.0924825522910650e-22
