# k_modes P_scalar P_tensor
4.5653584059835175e-05 2.8347255605929184e-09 7.3957599804900777e-12
4.6297741126279583e-05 2.8335309317480573e-09 7.3957175029699707e-12
4.6950987037220989e-05 2.8323366865170225e-09 7.3956753429739969e-12
4.7613450033268077e-05 2.8311436300287156e-09 7.3956356181599337e-12
4.8285260164462269e-05 2.8299506432592646e-09 7.3955954276035795e-12
4.8966549315808638e-05 2.8287565314459565e-09 7.3955516163614540e-12
4.9657451233166028e-05 2.8275626423403014e-09 7.3955076989697770e-12
5.0358101549503494e-05 2.8263690956344325e-09 7.3954640125447824e-12
5.1068637811526711e-05 2.8251776985997863e-09 7.3954252782793008e-12
5.1789199506680153e-05 2.8239856957474655e-09 7.3953842965335037e-12
5.2519928090530314e-05 2.8227937514295686e-09 7.3953427989996622e-12
5.3260967014535208e-05 2.8216016254680361e-09 7.3953001347180962e-12
5.4012461754205697e-05 2.8204099656016402e-09 7.3952580366807647e-12
5.4774559837664597e-05 2.8192197281285828e-09 7.3952189774763270e-12
5.5547410874607722e-05 2.8180289794291189e-09 7.3951779181178969e-12
5.6331166585674650e-05 2.8168368835881450e-09 7.3951326375833693e-12
5.7125980832233290e-05 2.8156466887932413e-09 7.3950916833585255e-12
5.7932009646584916e-05 2.8144560741420849e-09 7.3950489569684101e-12
5.8749411262595257e-05 2.8132672236262926e-09 7.3950101891304688e-12
5.9578346146757915e-05 2.8120758399805126e-09 7.3949640778868783e-12
6.0418977029695832e-05 2.8108872283365690e-09 7.3949245865726768e-12
6.1271468938107939e-05 2.8096975894994525e-09 7.3948817089875083e-12
6.2135989227165257e-05 2.8085086789577311e-09 7.3948400951477687e-12
6.3012707613365417e-05 2.8073206836182649e-09 7.3948001950890821e-12
6.3901796207850055e-05 2.8061311830145940e-09 7.3947556552168474e-12
6.4803429550192422e-05 2.8049424861605384e-09 7.3947125689384499e-12
6.5717784642661792e-05 2.8037553440525809e-09 7.3946728955630865e-12
6.6645040984971313e-05 2.8025676671508636e-09 7.3946311245430718e-12
6.7585380609515907e-05 2.8013798210797930e-09 7.3945882445286483e-12
6.8538988117108196e-05 2.8001923606929985e-09 7.3945457045362457e-12
6.9506050713217203e-05 2.7990048931899790e-09 7.3945024629354450e-12
7.0486758244719686e-05 2.7978186991841391e-09 7.3944618982823533e-12
7.1481303237169494e-05 2.7966319414556754e-09 7.3944191908988822e-12
7.2489880932592705e-05 2.7954457256382871e-09 7.3943772110740774e-12
7.3512689327816260e-05 2.7942593558238350e-09 7.3943341598940907e-12
7.4549929213337074e-05 2.7930741492405186e-09 7.3942935012666365e-12
7.5601804212740466e-05 2.7918872870938003e-09 7.3942477822617898e-12
7.6668520822673134e-05 2.7907033963416781e-09 7.3942092550847404e-12
7.7750288453381765e-05 2.7895184611270496e-09 7.3941672676976841e-12
7.8847319469822801e-05 2.7883339507404549e-09 7.3941257416673768e-12
7.9959829233352419e-05 2.7871483013592808e-09 7.3940805023400808e-12
8.1088036144004734e-05 2.7859643342981010e-09 7.3940390535380277e-12
8.2232161683366573e-05 2.7847808152354309e-09 7.3939980995257726e-12
8.3392430458057020e-05 2.7835964232578177e-09 7.3939541481786690e-12
8.4569070243821200e-05 2.7824135935041395e-09 7.3939136849163685e-12
8.5762312030244656e-05 2.7812304686054609e-09 7.3938717402593833e-12
8.6972390066100236e-05 2.7800463705139471e-09 7.3938265284495752e-12
8.8199541905333961e-05 2.7788639412941272e-09 7.3937850653285232e-12
8.9444008453699972e-05 2.7776817336184932e-09 7.3937435133202970e-12
9.0706034016053438e-05 2.7764991442902715e-09 7.3937002655783297e-12
9.1985866344310711e-05 2.7753162604917640e-09 7.3936555418858187e-12
9.3283756686086085e-05 2.7741351962735938e-09 7.3936149861154157e-12
9.4599959834015674e-05 2.7729520405466068e-09 7.3935681803693074e-12
9.5934734175775398e-05 2.7717723753653046e-09 7.3935299694129227e-12
9.7288341744806533e-05 2.7705912040354875e-09 7.3934870800281779e-12
9.8661048271756082e-05 2.7694107402216904e-09 7.3934453922079440e-12
1.0005312323664318e-04 2.7682299756056253e-09 7.3934022089036906e-12
1.0146483992176131e-04 2.7670496378749142e-09 7.3933594787647054e-12
1.0289647546532764e-04 2.7658701693056681e-09 7.3933183867502897e-12
1.0434831091588819e-04 2.7646890781445453e-09 7.3932722684353987e-12
1.0582063128749159e-04 2.7635095975981711e-09 7.3932297719423534e-12
1.0731372561564130e-04 2.7623314013713484e-09 7.3931900356160913e-12
1.0882788701403649e-04 2.7611521192209068e-09 7.3931466991111786e-12
1.1036341273211433e-04 2.7599731193780394e-09 7.3931034271920791e-12
1.1192060421340389e-04 2.7587945533122379e-09 7.3930606193019873e-12
1.1349976715470325e-04 2.7576162622871309e-09 7.3930178783394488e-12
1.1510121156609218e-04 2.7564378716882709e-09 7.3929741740821512e-12
1.1672525183179041e-04 2.7552606817407077e-09 7.3929330047223788e-12
1.1837220677187573e-04 2.7540831971247498e-09 7.3928903504056636e-12
1.2004239970487276e-04 2.7529050359199825e-09 7.3928451933693323e-12
1.2173615851122391e-04 2.7517279775311732e-09 7.3928023093220899e-12
1.2345381569765697e-04 2.7505518412240947e-09 7.3927611912770210e-12
1.2519570846246039e-04 2.7493752332914996e-09 7.3927181428200741e-12
1.2696217876167953e-04 2.7481989640119860e-09 7.3926752960025347e-12
1.2875357337624747e-04 2.7470226464645332e-09 7.3926316436020539e-12
1.3057024398006203e-04 2.7458463727772524e-09 7.3925874173371731e-12
1.3241254720902402e-04 2.7446702148846220e-09 7.3925427974951314e-12
1.3428084473105002e-04 2.7434958545100644e-09 7.3925023358616981e-12
1.3617550331707174e-04 2.7423208915429418e-09 7.3924595617638100e-12
1.3809689491303822e-04 2.7411464603003949e-09 7.3924175239539900e-12
1.4004539671293346e-04 2.7399710974175417e-09 7.3923722771462365e-12
1.4202139123282512e-04 2.7387973270645932e-09 7.3923306423637200e-12
1.4402526638595633e-04 2.7376236921486422e-09 7.3922886648261214e-12
1.4605741555889863e-04 2.7364499478181035e-09 7.3922457160377142e-12
1.4811823768877923e-04 2.7352763134416160e-09 7.3922023573433279e-12
1.5020813734159663e-04 2.7341021879586137e-09 7.3921569901336087e-12
1.5232752479164279e-04 2.7329296248247513e-09 7.3921151559705019e-12
1.5447681610204506e-04 2.7317567212324941e-09 7.3920716912131336e-12
1.5665643320644459e-04 2.7305854664044089e-09 7.3920319881867218e-12
1.5886680399182808e-04 2.7294116260706936e-09 7.3919846110665602e-12
1.6110836238252639e-04 2.7282400496680786e-09 7.3919426707178920e-12
1.6338154842540021e-04 2.7270682475802850e-09 7.3918993957494525e-12
1.6568680837622719e-04 2.7258960654262412e-09 7.3918544014068379e-12
1.6802459478730691e-04 2.7247245579778219e-09 7.3918105540958410e-12
1.7039536659630325e-04 2.7235547513912301e-09 7.3917706164879206e-12
1.7279958921633979e-04 2.7223828020432382e-09 7.3917241692012934e-12
1.7523773462736604e-04 2.7212130791552170e-09 7.3916830603796211e-12
1.7771028146881408e-04 2.7200427154134202e-09 7.3916395281444693e-12
1.8021771513356054e-04 2.7188728563810179e-09 7.3915966601877138e-12
1.8276052786321588e-04 2.7177024156798353e-09 7.3915515156186228e-12
1.8533921884475866e-04 2.7165330481701020e-09 7.3915085860828299e-12
1.8795429430853088e-04 2.7153645118612698e-09 7.3914672235606922e-12
1.9060626762761865e-04 2.7141948530703749e-09 7.3914221112778968e-12
1.9329565941863345e-04 2.7130266215394645e-09 7.3913801783309893e-12
1.9602299764391595e-04 2.7118574720512535e-09 7.3913350382904844e-12
1.9878881771518244e-04 2.7106887381473595e-09 7.3912903393587753e-12
2.0159366259863204e-04 2.7095200373264420e-09 7.3912450347355479e-12
2.0443808292153841e-04 2.7083538120445405e-09 7.3912057760677823e-12
2.0732263708034574e-04 2.7071866657534362e-09 7.3911632923840795e-12
2.1024789135028787e-04 2.7060187988296087e-09 7.3911181669345785e-12
2.1321441999655631e-04 2.7048518619519091e-09 7.3910748502761070e-12
2.1622280538703565e-04 2.7036843069349528e-09 7.3910291679294364e-12
2.1927363810662971e-04 2.7025182532171388e-09 7.3909868659854535e-12
2.2236751707320192e-04 2.7013518368213516e-09 7.3909428885233243e-12
2.2550504965514895e-04 2.7001854241283474e-09 7.3908982140920280e-12
2.2868685179063688e-04 2.6990191551459313e-09 7.3908532158124714e-12
2.3191354810851622e-04 2.6978547473754527e-09 7.3908126147067821e-12
2.3518577205094542e-04 2.6966879672974851e-09 7.3907648137183610e-12
2.3850416599774366e-04 2.6955243238889500e-09 7.3907249122189745e-12
2.4186938139249793e-04 2.6943578276804878e-09 7.3906764731574182e-12
2.4528207887045096e-04 2.6931946498335189e-09 7.3906364396136848e-12
2.4874292838819080e-04 2.6920306363035613e-09 7.3905934023974843e-12
2.5225260935517283e-04 2.6908660944560459e-09 7.3905482143514201e-12
2.5581181076709728e-04 2.6897023792989328e-09 7.3905045916029425e-12
2.5942123134116646e-04 2.6885393239303001e-09 7.3904620613670723e-12
2.6308157965325310e-04 2.6873757203596944e-09 7.3904173373470738e-12
2.6679357427700250e-04 2.6862127593760178e-09 7.3903736626565005e-12
2.7055794392489782e-04 2.6850503000876878e-09 7.3903306619060226e-12
2.7437542759131651e-04 2.6838876333897583e-09 7.3902863934978017e-12
2.7824677469760311e-04 2.6827251930319372e-09 7.3902420273826645e-12
2.8217274523919086e-04 2.6815626012877084e-09 7.3901965328054081e-12
2.8615410993479981e-04 2.6804007461802232e-09 7.3901523829076428e-12
2.9019165037773688e-04 2.6792394170671644e-09 7.3901089596424393e-12
2.9428615918933402e-04 2.6780778909188726e-09 7.3900642669244608e-12
2.9843844017454958e-04 2.6769170092746040e-09 7.3900206822061273e-12
3.0264930847976549e-04 2.6757561292131198e-09 7.3899763653032912e-12
3.0691959075281207e-04 2.6745947699423169e-09 7.3899300155527450e-12
3.1125012530524790e-04 2.6734360198497830e-09 7.3898901742800187e-12
3.1564176227693219e-04 2.6722752058076813e-09 7.3898439221884303e-12
3.2009536380291911e-04 2.6711159916183854e-09 7.3898013628745717e-12
3.2461180418270403e-04 2.6699565263798347e-09 7.3897574159853367e-12
3.2919197005186127e-04 2.6687968963622594e-09 7.3897122942833953e-12
3.3383676055610167e-04 2.6676378076353661e-09 7.3896679697588443e-12
3.3854708752778620e-04 2.6664792854590374e-09 7.3896244870780554e-12
3.4332387566493177e-04 2.6653203103846431e-09 7.3895790582543989e-12
3.4816806271273896e-04 2.6641618761023627e-09 7.3895344016253057e-12
3.5308059964768651e-04 2.6630047989252768e-09 7.3894927982153767e-12
3.5806245086421746e-04 2.6618469373918692e-09 7.3894482906233128e-12
3.6311459436406393e-04 2.6606890227500844e-09 7.3894029496973384e-12
3.6823802194824103e-04 2.6595321392112616e-09 7.3893597463296803e-12
3.7343373941174982e-04 2.6583746215473543e-09 7.3893140717295594e-12
3.7870276674102952e-04 2.6572177842612665e-09 7.3892695575855368e-12
3.8404613831419151e-04 2.6560612146297459e-09 7.3892250992990921e-12
3.8946490310408236e-04 2.6549054616482553e-09 7.3891821706765259e-12
3.9496012488421194e-04 2.6537487845505305e-09 7.3891359774332643e-12
4.0053288243758350e-04 2.6525926342811404e-09 7.3890905169580215e-12
4.0618426976847451e-04 2.6514381369513072e-09 7.3890489509716804e-12
4.1191539631720291e-04 2.6502824147528932e-09 7.3890032673322946e-12
4.1772738717792471e-04 2.6491279272262587e-09 7.3889602880211765e-12
4.2362138331950591e-04 2.6479721486671471e-09 7.3889130113103418e-12
4.2959854180950688e-04 2.6468174333553544e-09 7.3888679886525125e-12
4.3566003604133098e-04 2.6456636120639429e-09 7.3888247154130065e-12
4.4180705596457825e-04 2.6445079521896263e-09 7.3887755942070916e-12
4.4804080831864506e-04 2.6433563278379698e-09 7.3887370453246534e-12
4.5436251686962456e-04 2.6422021964913485e-09 7.3886907636372632e-12
4.6077342265054720e-04 2.6410492474686874e-09 7.3886470819791183e-12
4.6727478420501126e-04 2.6398957452454844e-09 7.3886011198162668e-12
4.7386787783425287e-04 2.6387431748129998e-09 7.3885570542154454e-12
4.8055399784769726e-04 2.6375908990551997e-09 7.3885130832301952e-12
4.8733445681705214e-04 2.6364381590076779e-09 7.3884670969087051e-12
4.9421058583397923e-04 2.6352859333066869e-09 7.3884218428034026e-12
5.0118373477140658e-04 2.6341338494863013e-09 7.3883762518469824e-12
5.0825527254852562e-04 2.6329818799973979e-09 7.3883302510657855e-12
5.1542658739952760e-04 2.6318318542177495e-09 7.3882890013057830e-12
5.2269908714613141e-04 2.6306793232803218e-09 7.3882399954044220e-12
5.3007419947395944e-04 2.6295291349553596e-09 7.3881968416020159e-12
5.3755337221280666e-04 2.6283793010384940e-09 7.3881539582155389e-12
5.4513807362087299e-04 2.6272289660639644e-09 7.3881089556300032e-12
5.5282979267299692e-04 2.6260784325148168e-09 7.3880626638012592e-12
5.6063003935296360e-04 2.6249286748147351e-09 7.3880178270992117e-12
5.6854034494993285e-04 2.6237793150308453e-09 7.3879733982914484e-12
5.7656226235905134e-04 2.6226297400568084e-09 7.3879276184852190e-12
5.8469736638630499e-04 2.6214808196225077e-09 7.3878829824209684e-12
5.9294725405767694e-04 2.6203319375984260e-09 7.3878377310566710e-12
6.0131354493265924e-04 2.6191841367128933e-09 7.3877947931116905e-12
6.0979788142219850e-04 2.6180357070511333e-09 7.3877493497714941e-12
6.1840192911111853e-04 2.6168871864200998e-09 7.3877029384504424e-12
6.2712737708509785e-04 2.6157398950713550e-09 7.3876592510958374e-12
6.3597593826225890e-04 2.6145911644720833e-09 7.3876107961303541e-12
6.4494934972943575e-04 2.6134443723651958e-09 7.3875670835553951e-12
6.5404937308318628e-04 2.6122987216968848e-09 7.3875258557270251e-12
6.6327779477561878e-04 2.6111514856619181e-09 7.3874794334248309e-12
6.7263642646509078e-04 2.6100043079614414e-09 7.3874324653227784e-12
6.8212710537186687e-04 2.6088576956449571e-09 7.3873863557027754e-12
6.9175169463878334e-04 2.6077119759807712e-09 7.3873420352399009e-12
7.0151208369701053e-04 2.6065666152765136e-09 7.3872980056863116e-12
7.1141018863697138e-04 2.6054206732375115e-09 7.3872516026353277e-12
7.2144795258449431e-04 2.6042748619604965e-09 7.3872048436139446e-12
7.3162734608227687e-04 2.6031305273359304e-09 7.3871615444429888e-12
7.4195036747672321e-04 2.6019850802172404e-09 7.3871143634373630e-12
7.5241904331025181e-04 2.6008414944475187e-09 7.3870717261492448e-12
7.6303542871912586e-04 2.5996965834239149e-09 7.3870245960218635e-12
7.7380160783690707e-04 2.5985526685205924e-09 7.3869795647161274e-12
7.8471969420359643e-04 2.5974084623056987e-09 7.3869329805133906e-12
7.9579183118054964e-04 2.5962651558950506e-09 7.3868882256073049e-12
8.0702019237124608e-04 2.5951219806489622e-09 7.3868431106284855e-12
8.1840698204799819e-04 2.5939784901176105e-09 7.3867963621685364e-12
8.2995443558467297e-04 2.5928368667337713e-09 7.3867542040397791e-12
8.4166481989553146e-04 2.5916931405042602e-09 7.3867053079470806e-12
8.5354043388024701e-04 2.5905509260931707e-09 7.3866600000679443e-12
8.6558360887521312e-04 2.5894098687781613e-09 7.3866172679763912e-12
8.7779670911121324e-04 2.5882675912715102e-09 7.3865703129983540e-12
8.9018213217755026e-04 2.5871263593231639e-09 7.3865255967838692e-12
9.0274230949272311e-04 2.5859842521227575e-09 7.3864776641822464e-12
9.1547970678174952e-04 2.5848446228458659e-09 7.3864360656468426e-12
9.2839682456021314e-04 2.5837035017998610e-09 7.3863894709157946e-12
9.4149619862515419e-04 2.5825629660642337e-09 7.3863438143592681e-12
9.5478040055287322e-04 2.5814223780252893e-09 7.3862972881026368e-12
9.6825203820376791e-04 2.5802817098445646e-09 7.3862497735996129e-12
9.8191375623428901e-04 2.5791422787034164e-09 7.3862050607757867e-12
9.9576823661612075e-04 2.5780024365418049e-09 7.3861584513518575e-12
1.0098181991626853e-03 2.5768636690451789e-09 7.3861141853690045e-12
1.0240664020630811e-03 2.5757246207172249e-09 7.3860683745309104e-12
1.0385156424235448e-03 2.5745863327647514e-09 7.3860240022052025e-12
1.0531687568165662e-03 2.5734475914583482e-09 7.3859775993347006e-12
1.0680286218377379e-03 2.5723089053028293e-09 7.3859306049750565e-12
1.0830981546704717e-03 2.5711708622233759e-09 7.3858847293339740e-12
1.0983803136586790e-03 2.5700328593388081e-09 7.3858382270159124e-12
1.1138780988875299e-03 2.5688958673861271e-09 7.3857938806190710e-12
1.1295945527724138e-03 2.5677580945758773e-09 7.3857465823946337e-12
1.1455327606561968e-03 2.5666205524910471e-09 7.3856991740024519e-12
1.1616958514149233e-03 2.5654846194063586e-09 7.3856556722463692e-12
1.1780869980720469e-03 2.5643474241652041e-09 7.3856077834405558e-12
1.1947094184213405e-03 2.5632110585036737e-09 7.3855615489643391e-12
1.2115663756585896e-03 2.5620754802075028e-09 7.3855168437740910e-12
1.2286611790221997e-03 2.5609397701540108e-09 7.3854710089992559e-12
1.2459971844428412e-03 2.5598033752566461e-09 7.3854224776389094e-12
1.2635777952022672e-03 2.5586687034781764e-09 7.3853781562887157e-12
1.2814064626014126e-03 2.5575338190925461e-09 7.3853324939421252e-12
1.2994866866379395e-03 2.5563985538876562e-09 7.3852849799585433e-12
1.3178220166933229e-03 2.5552637114529257e-09 7.3852379493790771e-12
1.3364160522296446e-03 2.5541302750918078e-09 7.3851942312767874e-12
1.3552724434962140e-03 2.5529964525039012e-09 7.3851486630059909e-12
1.3743948922461582e-03 2.5518625959681487e-09 7.3851022408780959e-12
1.3937871524631231e-03 2.5507294929451360e-09 7.3850572598785023e-12
1.4134530310982341e-03 2.5495940674090877e-09 7.3850048146729191e-12
1.4333963888174400e-03 2.5484617257191540e-09 7.3849605569228543e-12
1.4536211407594234e-03 2.5473295289531598e-09 7.3849159666486162e-12
1.4741312573041824e-03 2.5461977226177644e-09 7.3848717670465276e-12
1.4949307648524732e-03 2.5450650147470118e-09 7.3848242009516043e-12
1.5160237466162439e-03 2.5439331557644737e-09 7.3847783562407112e-12
1.5374143434202204e-03 2.5427999232257132e-09 7.3847277781781452e-12
1.5591067545148037e-03 2.5416695652827982e-09 7.3846848033930653e-12
1.5811052384004421e-03 2.5405387105313054e-09 7.3846396475507175e-12
1.6034141136636194e-03 2.5394075088847032e-09 7.3845927174476105e-12
1.6260377598246621e-03 2.5382763681876074e-09 7.3845452265386696e-12
1.6489806181974834e-03 2.5371461333949304e-09 7.3844996157090170e-12
1.6722471927614786e-03 2.5360148741638202e-09 7.3844502744650216e-12
1.6958420510457119e-03 2.5348853996822219e-09 7.3844053990179716e-12
1.7197698250255790e-03 2.5337562797869271e-09 7.3843607867161142e-12
1.7440352120321318e-03 2.5326263362426859e-09 7.3843130430698677e-12
1.7686429756742126e-03 2.5314966970679061e-09 7.3842654077649461e-12
1.7935979467736257e-03 2.5303676949387973e-09 7.3842189121759924e-12
1.8189050243134781e-03 2.5292396158439408e-09 7.3841743365046555e-12
1.8445691763999202e-03 2.5281106128258213e-09 7.3841263283274159e-12
1.8705954412374468e-03 2.5269813953039562e-09 7.3840769347386429e-12
1.8969889281179630e-03 2.5258542123211712e-09 7.3840327361369776e-12
1.9237548184238011e-03 2.5247268271088176e-09 7.3839871844883641e-12
1.9508983666449010e-03 2.5235982480065916e-09 7.3839374046716781e-12
1.9784249014103213e-03 2.5224715117897390e-09 7.3838922553786426e-12
2.0063398265343321e-03 2.5213450713119994e-09 7.3838472193375092e-12
2.0346486220772426e-03 2.5202170408012364e-09 7.3837967718887894e-12
2.0633568454212123e-03 2.5190909093915660e-09 7.3837511437948030e-12
2.0924701323612369e-03 2.5179647430977714e-09 7.3837046376751389e-12
2.1219941982115278e-03 2.5168387552968397e-09 7.3836579352520625e-12
2.1519348389274985e-03 2.5157136925734688e-09 7.3836131577179825e-12
2.1822979322435958e-03 2.5145876798739266e-09 7.3835648700722170e-12
2.2130894388271583e-03 2.5134627189301819e-09 7.3835188892583507e-12
2.2443154034485907e-03 2.5123376010483775e-09 7.3834717142421183e-12
2.2759819561680153e-03 2.5112124127939810e-09 7.3834235484548929e-12
2.3080953135386894e-03 2.5100882186565283e-09 7.3833775675484390e-12
2.3406617798273945e-03 2.5089631608527074e-09 7.3833282872429734e-12
2.3736877482520434e-03 2.5078399209876763e-09 7.3832835902144405e-12
2.4071797022367507e-03 2.5067158324914023e-09 7.3832356390203405e-12
2.4411442166846213e-03 2.5055923692831068e-09 7.3831887869436926e-12
2.4755879592684728e-03 2.5044684105124614e-09 7.3831396979385522e-12
2.5105176917398042e-03 2.5033459187975698e-09 7.3830941865523638e-12
2.5459402712561989e-03 2.5022228453551085e-09 7.3830462076140153e-12
2.5818626517274813e-03 2.5010999621847323e-09 7.3829980119301061e-12
2.6182918851808596e-03 2.4999784819473549e-09 7.3829532145414991e-12
2.6552351231453244e-03 2.4988562806247726e-09 7.3829055120269572e-12
2.6926996180555982e-03 2.4977347456326792e-09 7.3828590285163348e-12
2.7306927246758634e-03 2.4966131794897005e-09 7.3828116856577309e-12
2.7692219015436181e-03 2.4954918810833019e-09 7.3827643938060563e-12
2.8082947124338656e-03 2.4943716114753067e-09 7.3827193502680347e-12
2.8479188278439905e-03 2.4932506599295696e-09 7.3826715597297998e-12
2.8881020264995751e-03 2.4921293742756267e-09 7.3826220122686211e-12
2.9288521968814630e-03 2.4910088315374674e-09 7.3825738976520098e-12
2.9701773387743667e-03 2.4898892176405130e-09 7.3825277689823523e-12
3.0120855648373408e-03 2.4887698523995850e-09 7.3824816111031589e-12
3.0545851021963810e-03 2.4876497335673368e-09 7.3824324678651737e-12
3.0976842940595383e-03 2.4865298055120942e-09 7.3823831229046833e-12
3.1413916013547792e-03 2.4854118583698892e-09 7.3823388798211123e-12
3.1857156043909847e-03 2.4842934296500295e-09 7.3822924560557455e-12
3.2306650045423753e-03 2.4831749371352642e-09 7.3822450759411821e-12
3.2762486259567012e-03 2.4820558510337631e-09 7.3821951781730142e-12
3.3224754172875345e-03 2.4809375971725631e-09 7.3821469761027019e-12
3.3693544534510174e-03 2.4798198319385177e-09 7.3820994618789791e-12
3.4168949374073624e-03 2.4787030718965253e-09 7.3820541779263635e-12
3.4651062019675416e-03 2.4775845199331017e-09 7.3820027974563104e-12
3.5139977116254101e-03 2.4764678961191523e-09 7.3819563950184240e-12
3.5635790644157252e-03 2.4753512232977993e-09 7.3819090530401148e-12
3.6138599937983601e-03 2.4742346290590471e-09 7.3818612068600799e-12
3.6648503705691074e-03 2.4731187513873836e-09 7.3818147156629576e-12
3.7165602047974401e-03 2.4720036971452898e-09 7.3817699236330028e-12
3.7689996477916340e-03 2.4708872132572434e-09 7.3817200957607129e-12
3.8221789940915719e-03 2.4697717360748962e-09 7.3816725075454081e-12
3.8761086834897271e-03 2.4686560439957689e-09 7.3816234987874160e-12
3.9307993030806010e-03 2.4675415557731144e-09 7.3815773229029774e-12
3.9862615893391249e-03 2.4664246386133622e-09 7.3815231061920479e-12
4.0425064302283594e-03 2.4653112520810516e-09 7.3814786896155974e-12
4.0995448673369437e-03 2.4641963427873766e-09 7.3814289411983336e-12
4.1573880980467154e-03 2.4630829511961427e-09 7.3813829711366585e-12
4.2160474777308736e-03 2.4619698380460704e-09 7.3813370650594136e-12
4.2755345219832163e-03 2.4608557975272561e-09 7.3812876034912303e-12
4.3358609088787747e-03 2.4597423309721807e-09 7.3812390938798660e-12
4.3970384812663833e-03 2.4586304450090965e-09 7.3811945650257514e-12
4.4590792490935829e-03 2.4575166410096074e-09 7.3811434941282687e-12
4.5219953917643241e-03 2.4564043280568543e-09 7.3810961250154029e-12
4.5857992605299420e-03 2.4552926499345627e-09 7.3810499050624212e-12
4.6505033809138823e-03 2.4541804445526195e-09 7.3810013165323994e-12
4.7161204551705955e-03 2.4530688793728611e-09 7.3809538873255487e-12
4.7826633647791673e-03 2.4519565409005707e-09 7.3809033452002531e-12
4.8501451729721350e-03 2.4508459135018694e-09 7.3808571826054888e-12
4.9185791272999373e-03 2.4497350577162869e-09 7.3808095558624601e-12
4.9879786622316026e-03 2.4486239989824105e-09 7.3807605474149710e-12
5.0583574017920947e-03 2.4475128226226925e-09 7.3807104169668211e-12
5.1297291622369092e-03 2.4464025754653277e-09 7.3806622905873994e-12
5.2021079547643501e-03 2.4452926787248406e-09 7.3806144550121674e-12
5.2755079882661282e-03 2.4441829485478979e-09 7.3805663461954735e-12
5.3499436721167418e-03 2.4430737738050225e-09 7.3805191331891798e-12
5.4254296190022451e-03 2.4419639149117964e-09 7.3804690860658347e-12
5.5019806477888712e-03 2.4408548874951552e-09 7.3804207638655991e-12
5.5796117864321928e-03 2.4397471757073282e-09 7.3803756380472967e-12
5.6583382749272899e-03 2.4386380715691344e-09 7.3803255385381930e-12
5.7381755683005818e-03 2.4375298119081383e-09 7.3802772031709627e-12
5.8191393396438132e-03 2.4364216792130834e-09 7.3802284723605990e-12
5.9012454831909086e-03 2.4353139866006303e-09 7.3801803094957882e-12
5.9845101174382034e-03 2.4342065589411712e-09 7.3801321451204357e-12
6.0689495883087365e-03 2.4330996002103873e-09 7.3800846512786387e-12
6.1545804723611309e-03 2.4319919249132740e-09 7.3800341792886043e-12
6.2414195800438088e-03 2.4308853912260641e-09 7.3799864061748676e-12
6.3294839589950885e-03 2.4297789403888842e-09 7.3799380928172606e-12
6.4187908973898818e-03 2.4286727198864808e-09 7.3798897087578723e-12
6.5093579273335480e-03 2.4275667943325327e-09 7.3798414166737690e-12
6.6012028283036882e-03 2.4264608319871737e-09 7.3797922486946679e-12
6.6943436306405113e-03 2.4253553165272752e-09 7.3797436472241987e-12
6.7887986190863807e-03 2.4242504384054444e-09 7.3796962033894004e-12
6.8845863363753684e-03 2.4231441124080451e-09 7.3796435780495773e-12
6.9817255868734268e-03 2.4220403653676924e-09 7.3795980188110939e-12
7.0802354402699514e-03 2.4209359805028650e-09 7.3795497206716957e-12
7.1801352353213664e-03 2.4198315015881475e-09 7.3795003626361181e-12
7.2814445836475979e-03 2.4187271719258158e-09 7.3794506839146870e-12
7.3841833735820810e-03 2.4176234617466505e-09 7.3794020990877267e-12
7.4883717740761163e-03 2.4165206808723161e-09 7.3793555583331815e-12
7.5940302386582597e-03 2.4154175216121238e-09 7.3793070842738105e-12
7.7011795094496386e-03 2.4143140952306848e-09 7.3792570127545730e-12
7.8098406212358841e-03 2.4132109580965808e-09 7.3792070236626750e-12
7.9200349055965642e-03 2.4121089895394888e-09 7.3791598183104968e-12
8.0317839950928005e-03 2.4110059619693480e-09 7.3791086048858025e-12
8.1451098275140462e-03 2.4099042431212581e-09 7.3790605875502341e-12
8.2600346501847492e-03 2.4088023796596818e-09 7.3790113642712995e-12
8.3765810243318188e-03 2.4077012262797165e-09 7.3789635086116795e-12
8.4947718295136313e-03 2.4065998625810183e-09 7.3789142348261275e-12
8.6146302681116248e-03 2.4054986562051711e-09 7.3788646391529239e-12
8.7361798698852057e-03 2.4043981585419467e-09 7.3788164276429671e-12
8.8594444965909725e-03 2.4032975736211514e-09 7.3787671620428664e-12
8.9844483466670483e-03 2.4021967323084017e-09 7.3787163271838951e-12
9.1112159599835672e-03 2.4010976366546427e-09 7.3786700431637684e-12
9.2397722226601597e-03 2.3999975194597854e-09 7.3786198564894963e-12
9.3701423719514537e-03 2.3988981958632312e-09 7.3785713020967902e-12
9.5023520012014143e-03 2.3977984920236033e-09 7.3785207827373372e-12
9.6364270648676906e-03 2.3966999857315056e-09 7.3784731702363149e-12
9.7723938836167864e-03 2.3956008467610988e-09 7.3784227930622459e-12
9.9102791494911913e-03 2.3945029752559062e-09 7.3783755494824198e-12
1.0050109931149312e-02 2.3934035319639710e-09 7.3783226793744073e-12
1.0191913679179427e-02 2.3923057933324456e-09 7.3782742521856295e-12
1.0335718231488624e-02 2.3912080300872897e-09 7.3782249549846284e-12
1.0481551818767681e-02 2.3901104817004432e-09 7.3781755136357992e-12
1.0629443070033153e-02 2.3890120810527639e-09 7.3781226578191412e-12
1.0779421018247602e-02 2.3879167989777755e-09 7.3780786404941022e-12
1.0931515106019179e-02 2.3868196161861355e-09 7.3780279481439023e-12
1.1085755191381526e-02 2.3857226146726140e-09 7.3779770329155893e-12
1.1242171553655341e-02 2.3846269637193431e-09 7.3779294937340535e-12
1.1400794899392570e-02 2.3835307304345756e-09 7.3778793546499313e-12
1.1561656368404552e-02 2.3824346707503251e-09 7.3778289519228202e-12
1.1724787539875095e-02 2.3813396711323490e-09 7.3777810373700134e-12
1.1890220438559923e-02 2.3802437284345978e-09 7.3777294099245057e-12
1.2057987541073520e-02 2.3791492377797570e-09 7.3776814664221804e-12
1.2228121782264775e-02 2.3780544419517405e-09 7.3776318048010219e-12
1.2400656561682422e-02 2.3769602908725501e-09 7.3775833267843946e-12
1.2575625750131870e-02 2.3758653228882387e-09 7.3775315129095942e-12
1.2753063696324443e-02 2.3747714198379621e-09 7.3774822156022907e-12
1.2933005233620534e-02 2.3736772131103288e-09 7.3774311606402293e-12
1.3115485686867764e-02 2.3725830069888256e-09 7.3773793323560734e-12
1.3300540879335755e-02 2.3714914031217177e-09 7.3773347619534521e-12
1.3488207139748676e-02 2.3703982662200555e-09 7.3772846419627247e-12
1.3678521309417100e-02 2.3693043258712716e-09 7.3772312208928414e-12
1.3871520749470335e-02 2.3682118155141130e-09 7.3771814323767728e-12
1.4067243348190962e-02 2.3671199856965736e-09 7.3771329828242317e-12
1.4265727528452765e-02 2.3660283957760269e-09 7.3770844870846088e-12
1.4467012255263688e-02 2.3649363369859389e-09 7.3770336898905086e-12
1.4671137043415088e-02 2.3638453770498719e-09 7.3769855300295702e-12
1.4878141965239058e-02 2.3627544329966533e-09 7.3769366289248988e-12
1.5088067658475108e-02 2.3616627121408830e-09 7.3768844971426315e-12
1.5300955334247945e-02 2.3605720361960667e-09 7.3768348184065164e-12
1.5516846785157652e-02 2.3594815371804586e-09 7.3767848931403269e-12
1.5735784393484168e-02 2.3583904457913649e-09 7.3767323023578383e-12
1.5957811139507512e-02 2.3573010567490299e-09 7.3766842450735918e-12
1.6182970609945290e-02 2.3562108873425385e-09 7.3766329250851127e-12
1.6411307006509380e-02 2.3551224196202402e-09 7.3765861292222618e-12
1.6642865154583266e-02 2.3540326746592913e-09 7.3765345341633599e-12
1.6877690512021919e-02 2.3529435671736545e-09 7.3764841109683431e-12
1.7115829178075640e-02 2.3518544048158956e-09 7.3764327376689442e-12
1.7357327902440035e-02 2.3507660747922330e-09 7.3763831537702932e-12
1.7602234094433521e-02 2.3496774155278871e-09 7.3763317118354877e-12
1.7850595832304469e-02 2.3485896982956369e-09 7.3762824458317246e-12
1.8102461872669486e-02 2.3475021083202817e-09 7.3762327421269672e-12
1.8357881660085024e-02 2.3464148428111766e-09 7.3761832744969313e-12
1.8616905336753968e-02 2.3453276134182524e-09 7.3761330872697762e-12
1.8879583752369252e-02 2.3442410780925691e-09 7.3760842986545337e-12
1.9145968474096216e-02 2.3431540351569650e-09 7.3760330646786663e-12
1.9416111796695969e-02 2.3420670164750409e-09 7.3759811324407437e-12
1.9690066752791495e-02 2.3409812668641231e-09 7.3759323703784820e-12
1.9967887123278714e-02 2.3398955367864849e-09 7.3758828724460414e-12
2.0249627447884253e-02 2.3388094959790638e-09 7.3758315760216179e-12
2.0535343035872386e-02 2.3377239226268177e-09 7.3757809421671623e-12
2.0825089976902890e-02 2.3366387766530902e-09 7.3757308345128676e-12
2.1118925152042282e-02 2.3355536710488215e-09 7.3756800408511324e-12
2.1416906244930169e-02 2.3344683019470591e-09 7.3756276221798957e-12
2.1719091753103371e-02 2.3333841350159662e-09 7.3755781646848159e-12
2.2025540999479704e-02 2.3322998349117242e-09 7.3755274856522513e-12
2.2336314144003926e-02 2.3312157127555920e-09 7.3754765312577667e-12
2.2651472195457781e-02 2.3301319240137764e-09 7.3754258391810954e-12
2.2971077023436884e-02 2.3290483877971585e-09 7.3753751247932336e-12
2.3295191370496498e-02 2.3279653225663349e-09 7.3753251015295287e-12
2.3623878864468782e-02 2.3268822046679643e-09 7.3752740681228279e-12
2.3957204030953624e-02 2.3257993380987154e-09 7.3752230337315157e-12
2.4295232305985924e-02 2.3247163352625187e-09 7.3751707464079444e-12
2.4638030048881598e-02 2.3236347058177176e-09 7.3751219963895292e-12
2.4985664555264624e-02 2.3225520120263399e-09 7.3750690474772589e-12
2.5338204070278147e-02 2.3214709085224871e-09 7.3750203469018702e-12
2.5695717801981821e-02 2.3203894547979055e-09 7.3749696850150293e-12
2.6058275934938355e-02 2.3193082947134844e-09 7.3749191566887203e-12
2.6425949643991493e-02 2.3182268137131036e-09 7.3748667879946781e-12
2.6798811108238660e-02 2.3171468102597100e-09 7.3748182950951329e-12
2.7176933525200595e-02 2.3160659929559142e-09 7.3747664047018526e-12
2.7560391125191073e-02 2.3149854595448928e-09 7.3747145799696167e-12
2.7949259185889128e-02 2.3139060642238809e-09 7.3746655723116230e-12
2.8343614047117119e-02 2.3128259460287378e-09 7.3746134436062463e-12
2.8743533125827194e-02 2.3117458441108739e-09 7.3745605342691141e-12
2.9149094931299330e-02 2.3106670875653749e-09 7.3745111023835735e-12
2.9560379080553551e-02 2.3095878176234058e-09 7.3744592064775787e-12
2.9977466313979906e-02 2.3085090756169630e-09 7.3744081649133148e-12
3.0400438511188767e-02 2.3074310208795694e-09 7.3743585033485435e-12
3.0829378707085006e-02 2.3063528002054304e-09 7.3743075004563465e-12
3.1264371108168605e-02 2.3052751812568043e-09 7.3742575812994916e-12
3.1705501109065629e-02 2.3041974163638468e-09 7.3742063806614086e-12
3.2152855309292204e-02 2.3031189967728168e-09 7.3741522651242856e-12
3.2606521530255270e-02 2.3020422828998043e-09 7.3741027629166767e-12
3.3066588832492867e-02 2.3009649693306189e-09 7.3740505339020200e-12
3.3533147533157982e-02 2.2998882661912050e-09 7.3739994290183533e-12
3.4006289223748903e-02 2.2988112787378797e-09 7.3739465860555635e-12
3.4486106788089971e-02 2.2977357108832669e-09 7.3738974673200316e-12
3.4972694420565650e-02 2.2966594731262176e-09 7.3738453798073026e-12
3.5466147644612256e-02 2.2955837715516933e-09 7.3737941777765075e-12
3.5966563331470351e-02 2.2945081741359474e-09 7.3737425043446319e-12
3.6474039719201969e-02 2.2934333566314481e-09 7.3736924749080724e-12
3.6988676431975814e-02 2.2923582755266398e-09 7.3736408066591926e-12
3.7510574499624902e-02 2.2912835053774022e-09 7.3735892757274337e-12
3.8039836377479937e-02 2.2902080540820539e-09 7.3735347378093477e-12
3.8576565966482804e-02 2.2891348501616640e-09 7.3734865947693710e-12
3.9120868633583383e-02 2.2880603420288610e-09 7.3734334410200877e-12
3.9672851232424609e-02 2.2869873640025152e-09 7.3733843686754440e-12
4.0232622124319328e-02 2.2859127709205728e-09 7.3733292771584822e-12
4.0800291199522741e-02 2.2848403423576488e-09 7.3732803217835620e-12
4.1375969898805508e-02 2.2837673295174007e-09 7.3732286662951807e-12
4.1959771235330873e-02 2.2826940766705783e-09 7.3731753894655209e-12
4.2551809816840806e-02 2.2816213512369496e-09 7.3731229957553220e-12
4.3152201868154716e-02 2.2805499215867293e-09 7.3730739381006822e-12
4.3761065253986077e-02 2.2794764551464772e-09 7.3730174689693466e-12
4.4378519502080653e-02 2.2784061338533011e-09 7.3729703479710730e-12
4.5004685826681573e-02 2.2773346360570298e-09 7.3729185678097406e-12
4.5639687152324970e-02 2.2762635433503857e-09 7.3728672855034388e-12
4.6283648137971811e-02 2.2751918671865078e-09 7.3728132782255591e-12
4.6936695201479986e-02 2.2741210123947956e-09 7.3727610773431470e-12
4.7598956544421964e-02 2.2730506986145435e-09 7.3727098183563381e-12
4.8270562177252112e-02 2.2719803525398332e-09 7.3726576049228738e-12
4.8951643944829627e-02 2.2709105218203100e-09 7.3726062353975543e-12
4.9642335552301298e-02 2.2698403437375903e-09 7.3725528858744853e-12
5.0342772591349720e-02 2.2687713007241377e-09 7.3725023971462928e-12
5.1053092566811446e-02 2.2677020957642407e-09 7.3724505420890907e-12
5.1773434923671105e-02 2.2666333307743194e-09 7.3723992860895702e-12
5.2503941074436185e-02 2.2655645536084356e-09 7.3723471390516868e-12
5.3244754426898334e-02 2.2644953088763142e-09 7.3722926491355088e-12
5.3996020412285857e-02 2.2634279341552293e-09 7.3722434128560771e-12
5.4757886513813921e-02 2.2623602483366019e-09 7.3721923009985379e-12
5.5530502295637364e-02 2.2612919032121375e-09 7.3721382039526320e-12
5.6314019432212238e-02 2.2602247835325865e-09 7.3720872701506262e-12
5.7108591738071160e-02 2.2591570652828299e-09 7.3720335513365466e-12
5.7914375198019306e-02 2.2580899781460772e-09 7.3719810385807143e-12
5.8731527997756119e-02 2.2570228705130359e-09 7.3719276273950723e-12
5.9560210554929466e-02 2.2559563918664780e-09 7.3718753987588232e-12
6.0400585550627300e-02 2.2548899100739417e-09 7.3718223626752194e-12
6.1252817961314279e-02 2.2538242887467683e-09 7.3717712555065536e-12
6.2117075091218929e-02 2.2527583931172327e-09 7.3717184282097293e-12
6.2993526605177264e-02 2.2516928479496097e-09 7.3716659075919928e-12
6.3882344561940446e-02 2.2506281280623483e-09 7.3716152330994978e-12
6.4783703447951993e-02 2.2495629857071052e-09 7.3715623297559015e-12
6.5697780211601997e-02 2.2484978872930007e-09 7.3715087371244520e-12
6.6624754297963967e-02 2.2474336332328793e-09 7.3714570606617366e-12
6.7564807684022510e-02 2.2463687165053692e-09 7.3714023791316917e-12
6.8518124914397585e-02 2.2453060621396530e-09 7.3713542504945241e-12
6.9484893137573306e-02 2.2442414322153783e-09 7.3712988014266196e-12
7.0465302142637173e-02 2.2431784456851617e-09 7.3712479189048972e-12
7.1459544396538413e-02 2.2421154111715195e-09 7.3711960132739757e-12
7.2467815081871570e-02 2.2410524473534606e-09 7.3711434942556657e-12
7.3490312135193664e-02 2.2399890787638558e-09 7.3710887988960446e-12
7.4527236285881288e-02 2.2389266924308069e-09 7.3710364981837231e-12
7.5578791095536599e-02 2.2378647897719893e-09 7.3709849262918657e-12
7.6645182997949007e-02 2.2368027773690226e-09 7.3709321637245836e-12
7.7726621339621063e-02 2.2357406866920981e-09 7.3708782721950322e-12
7.8823318420865429e-02 2.2346791702892913e-09 7.3708254380149633e-12
7.9935489537482515e-02 2.2336179004851548e-09 7.3707725498015441e-12
8.1063353023025572e-02 2.2325568246508870e-09 7.3707194503374909e-12
8.2207130291662836e-02 2.2314953487190068e-09 7.3706641874711735e-12
8.3367045881643398e-02 2.2304360128375370e-09 7.3706151517858320e-12
8.4543327499377346e-02 2.2293759162609191e-09 7.3705627365059761e-12
8.5736206064137302e-02 2.2283152285831451e-09 7.3705075246425974e-12
8.6945915753391168e-02 2.2272557911070457e-09 7.3704555875757544e-12
8.8172694048773689e-02 2.2261968281906820e-09 7.3704043703989430e-12
8.9416781782707538e-02 2.2251374507565229e-09 7.3703509124316442e-12
9.0678423185681603e-02 2.2240781200363889e-09 7.3702967810629144e-12
9.1957865934196983e-02 2.2230198003532206e-09 7.3702451278449726e-12
9.3255361199388528e-02 2.2219613561647311e-09 7.3701922343798176e-12
9.4571163696333269e-02 2.2209030200838239e-09 7.3701388137078324e-12
9.5905531734054528e-02 2.2198440812818669e-09 7.3700825597161009e-12
9.7258727266230735e-02 2.2187872732705617e-09 7.3700324933100658e-12
9.8631015942620762e-02 2.2177291941720023e-09 7.3699773706558996e-12
1.0002266716121416e-01 2.2166724705090672e-09 7.3699258958792515e-12
1.0143395412111787e-01 2.2156152370555014e-09 7.3698718675254836e-12
1.0286515387618815e-01 2.2145585998814371e-09 7.3698189548359402e-12
1.0431654738942019e-01 2.2135017101601776e-09 7.3697643602776375e-12
1.0578841958810460e-01 2.2124447568551763e-09 7.3697086860612726e-12
1.0728105941976276e-01 2.2113891623970542e-09 7.3696566783404631e-12
1.0879475990887026e-01 2.2103332876416003e-09 7.3696028797205102e-12
1.1032981821438187e-01 2.2092777987548866e-09 7.3695494992856015e-12
1.1188653568806739e-01 2.2082227819746497e-09 7.3694968460647220e-12
1.1346521793367143e-01 2.2071675944592361e-09 7.3694427465311189e-12
1.1506617486690664e-01 2.2061132744710761e-09 7.3693906976370681e-12
1.1668972077629462e-01 2.2050585627717813e-09 7.3693364685663542e-12
1.1833617438486464e-01 2.2040034915592146e-09 7.3692801871350045e-12
1.2000585891272345e-01 2.2029507643907849e-09 7.3692308663039542e-12
1.2169910214050698e-01 2.2018968291871273e-09 7.3691766575935867e-12
1.2341623647372828e-01 2.2008427569305452e-09 7.3691211203464501e-12
1.2515759900803283e-01 2.1997894706536719e-09 7.3690673426375860e-12
1.2692353159537528e-01 2.1987373634948249e-09 7.3690166663904503e-12
1.2871438091112858e-01 2.1976843490450493e-09 7.3689620778334932e-12
1.3053049852214141e-01 2.1966307394749761e-09 7.3689046263001127e-12
1.3237224095575498e-01 2.1955793609980774e-09 7.3688538047431718e-12
1.3423996976979455e-01 2.1945266331551977e-09 7.3687975618359901e-12
1.3613405162354703e-01 2.1934757578860650e-09 7.3687467016967508e-12
1.3805485834974152e-01 2.1924239545210026e-09 7.3686918469489270e-12
1.4000276702754452e-01 2.1913726643575080e-09 7.3686378544918621e-12
1.4197816005658612e-01 2.1903220481334067e-09 7.3685852473791722e-12
1.4398142523202909e-01 2.1892713475602716e-09 7.3685315117153687e-12
1.4601295582069856e-01 2.1882201264909779e-09 7.3684751393905053e-12
1.4807315063828527e-01 2.1871699046230028e-09 7.3684212728160785e-12
1.5016241412763867e-01 2.1861210780640269e-09 7.3683712218942506e-12
1.5228115643816340e-01 2.1850700492062522e-09 7.3683129015920769e-12
1.5442979350633748e-01 2.1840212694994086e-09 7.3682612690225504e-12
1.5660874713736631e-01 2.1829719864928335e-09 7.3682070825454843e-12
1.5881844508798773e-01 2.1819223485072320e-09 7.3681508332875605e-12
1.6105932115044666e-01 2.1808743259699051e-09 7.3680991702230724e-12
1.6333181523765386e-01 2.1798262434846502e-09 7.3680464170566284e-12
1.6563637346954721e-01 2.1787774055356178e-09 7.3679902536702983e-12
1.6797344826066973e-01 2.1777301440344211e-09 7.3679385400444033e-12
1.7034349840898522e-01 2.1766820369686845e-09 7.3678831014461836e-12
1.7274698918594564e-01 2.1756346459463246e-09 7.3678292174990528e-12
1.7518439242783090e-01 2.1745867921758597e-09 7.3677728882590144e-12
1.7765618662837512e-01 2.1735397763983110e-09 7.3677185285898734e-12
1.8016285703270191e-01 2.1724937663785593e-09 7.3676666719289732e-12
1.8270489573258400e-01 2.1714461418509210e-09 7.3676085004195602e-12
1.8528280176304776e-01 2.1704013660284656e-09 7.3675591068610084e-12
1.8789708120033927e-01 2.1693550423092346e-09 7.3675035846742395e-12
1.9054824726127426e-01 2.1683089243933883e-09 7.3674478878172626e-12
1.9323682040398890e-01 2.1672635433293849e-09 7.3673937989432678e-12
1.9596332843011316e-01 2.1662177518453226e-09 7.3673374627697547e-12
1.9872830658838395e-01 2.1651741603528589e-09 7.3672877130188318e-12
2.0153229767972219e-01 2.1641288596676334e-09 7.3672312916317714e-12
2.0437585216379112e-01 2.1630844759460590e-09 7.3671771131041242e-12
2.0725952826705957e-01 2.1620393930666957e-09 7.3671196640304671e-12
2.1018389209238775e-01 2.1609957722314577e-09 7.3670662965924027e-12
2.1314951773016139e-01 2.1599524108747186e-09 7.3670129667130201e-12
2.1615698737099265e-01 2.1589088113932491e-09 7.3669579359253874e-12
2.1920689142001251e-01 2.1578651640982978e-09 7.3669018529363307e-12
2.2229982861277373e-01 2.1568219630555866e-09 7.3668464196000186e-12
2.2543640613279103e-01 2.1557797098559001e-09 7.3667933478257330e-12
2.2861723973073886e-01 2.1547369620833727e-09 7.3667376763397620e-12
2.3184295384533191e-01 2.1536949095918467e-09 7.3666835195208577e-12
2.3511418172590931e-01 2.1526528941157156e-09 7.3666286137910364e-12
2.3843156555675010e-01 2.1516095792695403e-09 7.3665684033561101e-12
2.4179575658314328e-01 2.1505701975942730e-09 7.3665207218070618e-12
2.4520741523923406e-01 2.1495281816007743e-09 7.3664631623277908e-12
2.4866721127767660e-01 2.1484871538078712e-09 7.3664081066100152e-12
2.5217582390111470e-01 2.1474461961239227e-09 7.3663523777488098e-12
2.5573394189551890e-01 2.1464060358295973e-09 7.3662985370305497e-12
2.5934226376540270e-01 2.1453654867232303e-09 7.3662424505903599e-12
2.6300149787094906e-01 2.1443263993243525e-09 7.3661905045427233e-12
2.6671236256706982e-01 2.1432858278899642e-09 7.3661325875342910e-12
2.7047558634442953e-01 2.1422455957515586e-09 7.3660749297915935e-12
2.7429190797245567e-01 2.1412064166357846e-09 7.3660200089668941e-12
2.7816207664436993e-01 2.1401679437527484e-09 7.3659666320464043e-12
2.8208685212426371e-01 2.1391295253260850e-09 7.3659125599518087e-12
2.8606700489625092e-01 2.1380916499098490e-09 7.3658594825043356e-12
2.9010331631572223e-01 2.1370523557760352e-09 7.3658006046281566e-12
2.9419657876273647e-01 2.1360093593010882e-09 7.3657280695969625e-12
2.9834759579757419e-01 2.1349770525746645e-09 7.3656915166529071e-12
3.0255718231848849e-01 2.1339396447394221e-09 7.3656364711046370e-12
3.0682616472167790e-01 2.1329030853543993e-09 7.3655834729964023e-12
3.1115538106352009e-01 2.1318643860765124e-09 7.3655221997942820e-12
3.1554568122509252e-01 2.1308286153976426e-09 7.3654701550866052e-12
3.1999792707901625e-01 2.1297930653410795e-09 7.3654179777470022e-12
3.2451299265865075e-01 2.1287559872727712e-09 7.3653596172236171e-12
3.2909176432967929e-01 2.1277181283949428e-09 7.3652976503523943e-12
3.3373514096411327e-01 2.1266841148057012e-09 7.3652481092690269e-12
3.3844403411675378e-01 2.1256478708346056e-09 7.3651899761057022e-12
3.4321936820413945e-01 2.1246135318105825e-09 7.3651375016500383e-12
3.4806208068602301e-01 2.1235777521642878e-09 7.3650791777082054e-12
3.5297312224940558e-01 2.1225424880703983e-09 7.3650217194656017e-12
3.5795345699517062e-01 2.1215064111170731e-09 7.3649605660821118e-12
3.6300406262734708e-01 2.1204754637245206e-09 7.3649163105898461e-12
3.6812593064504640e-01 2.1194395930297991e-09 7.3648540659164575e-12
3.7332006653710781e-01 2.1184077263897032e-09 7.3648048309806611e-12
3.7858748997948632e-01 2.1173719546701442e-09 7.3647411331414753e-12
3.8392923503543014e-01 2.1163389659409928e-09 7.3646862076422700e-12
3.8934635035847942e-01 2.1153077916859840e-09 7.3646367003230970e-12
3.9483989939833242e-01 2.1142704452777054e-09 7.3645648152756036e-12
4.0041096060961195e-01 2.1132423180701571e-09 7.3645241296742161e-12
4.0606062766358142e-01 2.1122101480910455e-09 7.3644684700008479e-12
4.1179000966284590e-01 2.1111783759586337e-09 7.3644133008361835e-12
4.1760023135908514e-01 2.1101431134385070e-09 7.3643450200013114e-12
4.2349243337385389e-01 2.1091136289834527e-09 7.3642960379726818e-12
4.2946777242250278e-01 2.1080842894934974e-09 7.3642466524419502e-12
4.3552742154125529e-01 2.1070342433794974e-09 7.3641239403415146e-12
4.4167257031749196e-01 2.1060231471825226e-09 7.3641365868976863e-12
4.4790442512327883e-01 2.1049863937070087e-09 7.3640585909495661e-12
4.5422420935219582e-01 2.1039597769368837e-09 7.3640151332941961e-12
4.6063316365950363e-01 2.1029308558231321e-09 7.3639626999407815e-12
4.6713254620570249e-01 2.1018966263782331e-09 7.3638907772773289e-12
4.7372363290352221e-01 2.1008705586727370e-09 7.3638465639040935e-12
4.8040771766840240e-01 2.0998441921508722e-09 7.3638003689997675e-12
4.8718611267250428e-01 2.0988115486008010e-09 7.3637312702230551e-12
4.9406014860230701e-01 2.0977847640440582e-09 7.3636818254871442e-12
5.0103117491983762e-01 2.0967370678685486e-09 7.3635579593537824e-12
5.0810056012759175e-01 2.0957083293437602e-09 7.3634998061349080e-12
5.1526969203718265e-01 2.0946994042486048e-09 7.3635104978030986e-12
5.2253997804178998e-01 2.0936513451620345e-09 7.3633825584145904e-12
5.2991284539244898e-01 2.0926292922037535e-09 7.3633451781344125e-12
5.3738974147823781e-01 2.0915977004672869e-09 7.3632733673102668e-12
5.4497213411041867e-01 2.0905715992592559e-09 7.3632199755398866e-12
5.5266151181058831e-01 2.0895477328155686e-09 7.3631735298119585e-12
5.6045938410289298e-01 2.0885378563497341e-09 7.3631755707233724e-12
5.6836728181037177e-01 2.0875110212749210e-09 7.3631168760567762e-12
5.7638675735547040e-01 2.0864854905323692e-09 7.3630618772871352e-12
5.8451938506480616e-01 2.0854401725507697e-09 7.3629360167136829e-12
5.9276676147822760e-01 2.0844352770004925e-09 7.3629521486964836e-12
6.0113050566223558e-01 2.0833918081392342e-09 7.3628309301074955e-12
6.0961225952782749e-01 2.0823861198078529e-09 7.3628424790022031e-12
6.1821368815282374e-01 2.0813391151741005e-09 7.3627068967302662e-12
6.2693648010874936e-01 2.0803332308386599e-09 7.3627159992361359e-12
6.3578234779231479e-01 2.0792899764147689e-09 7.3625917037285402e-12
6.4475302776158683e-01 2.0782653678520046e-09 7.3625326233321761e-12
6.5385028107689536e-01 2.0772642000223881e-09 7.3625558417352521e-12
6.6307589364655328e-01 2.0762180783830565e-09 7.3624186090117576e-12
6.7243167657745229e-01 2.0751959333504801e-09 7.3623655149554252e-12
6.8191946653060742e-01 2.0741952018676988e-09 7.3623875956088272e-12
6.9154112608171558e-01 2.0731508714575464e-09 7.3622538516718967e-12
7.0129854408680858e-01 2.0721246328015907e-09 7.3621834784297094e-12
7.1119363605305197e-01 2.0711035210649040e-09 7.3621303438866712e-12
7.2122834451478945e-01 2.0700872638666757e-09 7.3620936573810387e-12
7.3140463941488543e-01 2.0690644155215802e-09 7.3620325070339947e-12
7.4172451849145105e-01 2.0680618152845715e-09 7.3620427385745847e-12
7.5219000767002564e-01 2.0670184523317941e-09 7.3619066119334113e-12
7.6280316146129168e-01 2.0659993973026843e-09 7.3618562634847611e-12
7.7356606336440081e-01 2.0649788559282315e-09 7.3617997051898614e-12
7.8448082627599780e-01 2.0639587285317915e-09 7.3617437733807425e-12
7.9554959290499971e-01 2.0629351243480601e-09 7.3616744540049466e-12
8.0677453619324369e-01 2.0619167586421651e-09 7.3616228371881896e-12
8.1815785974206223e-01 2.0608959464650818e-09 7.3615616139399766e-12
8.2970179824487844e-01 2.0598835702049660e-09 7.3615296413750801e-12
8.4140861792590482e-01 2.0588810076036896e-09 7.3615319898592552e-12
8.5328061698503321e-01 2.0578387828587419e-09 7.3613913530715910e-12
8.6532012604899822e-01 2.0568186592862831e-09 7.3613288008476556e-12
8.7752950862891743e-01 2.0558049905006634e-09 7.3612885990677481e-12
8.8991116158426808e-01 2.0547830027666602e-09 7.3612175733468555e-12
9.0246751559342875e-01 2.0537648365646711e-09 7.3611593502098257e-12
9.1520103563085065e-01 2.0527458513050593e-09 7.3610972930113185e-12
9.2811422145096489e-01 2.0517285841561779e-09 7.3610403825594579e-12
9.4120960807891563e-01 2.0507183692177408e-09 7.3610079251142466e-12
9.5448976630821702e-01 2.0496933773227071e-09 7.3609215110528130e-12
9.6795730320544016e-01 2.0486767426154247e-09 7.3608641444504103e-12
9.8161486262200337e-01 2.0476673104615255e-09 7.3608317999345587e-12
9.9546512571320100e-01 2.0466497750457378e-09 7.3607692787087498e-12
1.0095108114645477e+00 2.0456305563196792e-09 7.3606998654950973e-12
1.0237546772255497e+00 2.0446148729700991e-09 7.3606421750364340e-12
1.0381995192510094e+00 2.0435986968250284e-09 7.3605818153269176e-12
1.0528481732499642e+00 2.0426071143343271e-09 7.3606093342137497e-12
1.0677035149423728e+00 2.0415733692492086e-09 7.3604836605849511e-12
1.0827684606236638e+00 2.0405563249967830e-09 7.3604173539358412e-12
1.0980459677372287e+00 2.0395409603313904e-09 7.3603562128869244e-12
1.1135390354550163e+00 2.0385270580793140e-09 7.3602994009881861e-12
1.1292507052663050e+00 2.0375143755732619e-09 7.3602461008612170e-12
1.1451840615747877e+00 2.0364998851984149e-09 7.3601852641310443e-12
1.1613422323040801e+00 2.0354874193184893e-09 7.3601308364765669e-12
1.1777283895117712e+00 2.0344692513506334e-09 7.3600548460336337e-12
1.1943457500121382e+00 2.0334573535654513e-09 7.3600006640439933e-12
1.2111975760076577e+00 2.0324441095925875e-09 7.3599405681681196e-12
1.2282871757294038e+00 2.0314316674580219e-09 7.3598825297282470e-12
1.2456179040865063e+00 2.0304192641968441e-09 7.3598236347622694e-12
1.2631931633247597e+00 2.0294110089592522e-09 7.3597788637108265e-12
1.2810164036945291e+00 2.0284006479844784e-09 7.3597255146179108e-12
1.2990911241280778e+00 2.0273848238913046e-09 7.3596514896859755e-12
1.3174208729264538e+00 2.0263757490752287e-09 7.3596009433774337e-12
1.3360092484560633e+00 2.0253668468351299e-09 7.3595500212955868e-12
1.3548598998550889e+00 2.0243560111394690e-09 7.3594912472537051e-12
1.3739765277498446e+00 2.0233416426066571e-09 7.3594186635929893e-12
1.3933628849812689e+00 2.0223316960954822e-09 7.3593612630673491e-12
1.4130227773416519e+00 2.0213312179082076e-09 7.3593372583708106e-12
1.4329600643217624e+00 2.0203119504790793e-09 7.3592440592975254e-12
1.4531786598685155e+00 2.0193265050805710e-09 7.3592732028940415e-12
1.4736825331533276e+00 2.0182953298173689e-09 7.3591345151917218e-12
1.4944757093513290e+00 2.0172858734613006e-09 7.3590740500823574e-12
1.5155622704315383e+00 2.0162761390074670e-09 7.3590118002921878e-12
1.5369463559582188e+00 2.0152682887046255e-09 7.3589554484104696e-12
1.5586321639035248e+00 2.0142598130742025e-09 7.3588957820060381e-12
1.5806239514716185e+00 2.0132531219750018e-09 7.3588416652471241e-12
1.6029260359344129e+00 2.0122487942505604e-09 7.3587954400481839e-12
1.6255427954791095e+00 2.0112366566662886e-09 7.3587195686293192e-12
1.6484786700676881e+00 2.0102285822602362e-09 7.3586575638965905e-12
1.6717381623085439e+00 2.0092231565855765e-09 7.3586044444248430e-12
1.6953258383403855e+00 2.0082154285502510e-09 7.3585418019966679e-12
1.7192463287286421e+00 2.0072086541972295e-09 7.3584817752650397e-12
1.7435043293744990e+00 2.0062060912220564e-09 7.3584363393777745e-12
1.7681046024367639e+00 2.0051982298107012e-09 7.3583703679190396e-12
1.7930519772667399e+00 2.0041943756194131e-09 7.3583183583197918e-12
1.8183513513562901e+00 2.0031887959967614e-09 7.3582589003585900e-12
1.8440076912992742e+00 2.0021830138622425e-09 7.3581977280337998e-12
1.8700260337665700e+00 2.0011777367833388e-09 7.3581374652165223e-12
1.8964114864948152e+00 2.0001714528164215e-09 7.3580727572302645e-12
1.9231692292891363e+00 1.9991668042269554e-09 7.3580129582199225e-12
1.9503045150400076e+00 1.9981622471230699e-09 7.3579523798371252e-12
1.9778226707544617e+00 1.9971611765478333e-09 7.3579037921101293e-12
2.0057290986018494e+00 1.9961543346483171e-09 7.3578332385815655e-12
2.0340292769743562e+00 1.9951508667300165e-09 7.3577739578774206e-12
2.0627287615624756e+00 1.9941509815388943e-09 7.3577267333637214e-12
2.0918331864456814e+00 1.9931459064779316e-09 7.3576596910574205e-12
2.1213482651984443e+00 1.9921416970397934e-09 7.3575948445315109e-12
2.1512797920118971e+00 1.9911435679363860e-09 7.3575516409418355e-12
2.1816336428313048e+00 1.9901609972122016e-09 7.3575649856589315e-12
2.2124157765095891e+00 1.9891403512186121e-09 7.3574363443316666e-12
2.2436322359771288e+00 1.9881363884548129e-09 7.3573685244681662e-12
2.2752891494280578e+00 1.9871326913324566e-09 7.3573007704233205e-12
2.3073927315233314e+00 1.9861542223718362e-09 7.3573256389889659e-12
2.3399492846107122e+00 1.9851319016330302e-09 7.3571869558401511e-12
2.3729651999620245e+00 1.9841313058624973e-09 7.3571276810174575e-12
2.4064469590278366e+00 1.9831301876143703e-09 7.3570657248051015e-12
2.4404011347098553e+00 1.9821299219355697e-09 7.3570059380734559e-12
2.4748343926512688e+00 1.9811295072450943e-09 7.3569444106879874e-12
2.5097534925453009e+00 1.9801343239639550e-09 7.3569014323261738e-12
2.5451652894622199e+00 1.9791333840171966e-09 7.3568364257767609e-12
2.5810767351950972e+00 1.9781318626395231e-09 7.3567680380076563e-12
2.6174948796245050e+00 1.9771344036372401e-09 7.3567138195981017e-12
2.6544268721025182e+00 1.9761348993312863e-09 7.3566510258763437e-12
2.6918799628562202e+00 1.9751465586860291e-09 7.3566288960955412e-12
2.7298615044110153e+00 1.9741370827754521e-09 7.3565270997260880e-12
2.7683789530340244e+00 1.9731399811650723e-09 7.3564702966551020e-12
2.8074398701978471e+00 1.9721417526949531e-09 7.3564084213392537e-12
2.8470519240649712e+00 1.9711437437196099e-09 7.3563463511500526e-12
2.8872228909931530e+00 1.9701465184705907e-09 7.3562864218104048e-12
2.9279606570619845e+00 1.9691525876309669e-09 7.3562376953230906e-12
2.9692732196210545e+00 1.9681557974918112e-09 7.3561772075981574e-12
3.0111686888599261e+00 1.9671571838410532e-09 7.3561091373067460e-12
3.0536552894002709e+00 1.9661630043869010e-09 7.3560565187777100e-12
3.0967413619104702e+00 1.9651666842554206e-09 7.3559950949996312e-12
3.1404353647429941e+00 1.9641716363239814e-09 7.3559373838728958e-12
3.1847458755948805e+00 1.9631759302878391e-09 7.3558762265791906e-12
3.2296815931916720e+00 1.9621838253461365e-09 7.3558275971646183e-12
3.2752513389950506e+00 1.9612058274540468e-09 7.3558310029542173e-12
3.3214640589346294e+00 1.9601897449363601e-09 7.3556904080602946e-12
3.3683288251641486e+00 1.9591947065166959e-09 7.3556278043968840e-12
3.4158548378424558e+00 1.9582011421740749e-09 7.3555699640273574e-12
3.4640514269396161e+00 1.9572079659642693e-09 7.3555124884521065e-12
3.5129280540684991e+00 1.9562356953168666e-09 7.3555327651567719e-12
3.5624943143422430e+00 1.9552194754226302e-09 7.3553864707803960e-12
3.6127599382578581e+00 1.9542272904400058e-09 7.3553298961429003e-12
3.6637347936064759e+00 1.9532328765755702e-09 7.3552638450777330e-12
3.7154288874105186e+00 1.9522461154294357e-09 7.3552246058736856e-12
3.7678523678882052e+00 1.9512725685693060e-09 7.3552364229409875e-12
3.8210155264457777e+00 1.9502549649080072e-09 7.3550800414318203e-12
3.8749287996978397e+00 1.9492648846404975e-09 7.3550262025921682e-12
3.9296027715161865e+00 1.9482721501276793e-09 7.3549616567724562e-12
3.9850481751075915e+00 1.9472822456530416e-09 7.3549062344011242e-12
4.0412758951208234e+00 1.9462902283611260e-09 7.3548429452548638e-12
4.0982969697834761e+00 1.9453011659572626e-09 7.3547895517065428e-12
4.1561225930689059e+00 1.9443319251559643e-09 7.3548099888981491e-12
4.2147641168937557e+00 1.9433197839208375e-09 7.3546661571692273e-12
4.2742330533464798e+00 1.9423297927709814e-09 7.3546066897243594e-12
4.3345410769473185e+00 1.9413603754418072e-09 7.3546237523922461e-12
4.3957000269401458e+00 1.9403556489275702e-09 7.3545057670620904e-12
4.4577219096167013e+00 1.9393624208069956e-09 7.3544305973344841e-12
4.5206189006735311e+00 1.9383672397164486e-09 7.3543468556971090e-12
4.5844033476022643e+00 1.9373860522256949e-09 7.3543142568514692e-12
4.6490877721135799e+00 1.9363880256595272e-09 7.3542182554479952e-12
4.7146848725953792e+00 1.9354121832742954e-09 7.3542050009800264e-12
4.7812075266056420e+00 1.9344127949018694e-09 7.3541021243808775e-12
4.8486687934004609e+00 1.9334253861156926e-09 7.3540430333980022e-12
4.9170819164977289e+00 1.9324381072640903e-09 7.3539833477709046e-12
4.9864603262770517e+00 1.9314598673963881e-09 7.3539562603626022e-12
5.0568176426162514e+00 1.9304883208643698e-09 7.3539559705171585e-12
5.1281676775651572e+00 1.9295002880685513e-09 7.3538904285862901e-12
5.2005244380570810e+00 1.9285123284277578e-09 7.3538242504271288e-12
5.2739021286585626e+00 1.9275290959719274e-09 7.3537752787835951e-12
5.3483151543579064e+00 1.9265427040777910e-09 7.3537132124042361e-12
5.4237781233930544e+00 1.9255553627005633e-09 7.3536465776354700e-12
5.5003058501194202e+00 1.9245683568877816e-09 7.3535801237168994e-12
5.5779133579180700e+00 1.9235829501999310e-09 7.3535187271849641e-12
5.6566158821450481e+00 1.9225982051111939e-09 7.3534591188370843e-12
5.7364288731222697e+00 1.9216177808954262e-09 7.3534149444119744e-12
5.8173679991706084e+00 1.9206282505956181e-09 7.3533348895130948e-12
5.8994491496858013e+00 1.9196464836184029e-09 7.3532836152553007e-12
5.9826884382577337e+00 1.9186607496662606e-09 7.3532161878145514e-12
6.0671022058337369e+00 1.9176756574203939e-09 7.3531499913250209e-12
6.1527070239265749e+00 1.9166921568468508e-09 7.3530890716682534e-12
6.2395196978675740e+00 1.9157098336711674e-09 7.3530316650084405e-12
6.3275572701057738e+00 1.9147260213997514e-09 7.3529677351005916e-12
6.4168370235535708e+00 1.9137445059928762e-09 7.3529112570497335e-12
6.5073764849795719e+00 1.9127621736099865e-09 7.3528510628910593e-12
6.5991934284493308e+00 1.9117810989980789e-09 7.3527945598770277e-12
6.6923058788146248e+00 1.9107977442343693e-09 7.3527282385511310e-12
6.7867321152519500e+00 1.9098148147740830e-09 7.3526623817485454e-12
6.8824906748510175e+00 1.9088334041075165e-09 7.3526014525476048e-12
6.9796003562537408e+00 1.9078555600804182e-09 7.3525537264100028e-12
7.0780802233447062e+00 1.9068732803142279e-09 7.3524876094589013e-12
7.1779496089936448e+00 1.9058940813299889e-09 7.3524322809863127e-12
7.2792281188507273e+00 1.9049132952807415e-09 7.3523699552614589e-12
7.3819356351954033e+00 1.9039327729798518e-09 7.3523075167542896e-12
7.4860923208395507e+00 1.9029527503631654e-09 7.3522461050270045e-12
7.5917186230856828e+00 1.9019672360799476e-09 7.3521623318619391e-12
7.6988352777410745e+00 1.9009931029655643e-09 7.3521218371099034e-12
7.8074633131883830e+00 1.9000139010270505e-09 7.3520605453170539e-12
7.9176240545138459e+00 1.8990305702884785e-09 7.3519821847206715e-12
8.0293391276936621e+00 1.8980547849021207e-09 7.3519322677339880e-12
8.1426304638394438e+00 1.8970706831401104e-09 7.3518488895990651e-12
8.2575203035035809e+00 1.8960954930333785e-09 7.3517995072471030e-12
8.3740312010453337e+00 1.8951107261051670e-09 7.3517095937869694e-12
8.4921860290586064e+00 1.8941424670260734e-09 7.3516864555471218e-12
8.6120079828620373e+00 1.8931648918761116e-09 7.3516246679057735e-12
8.7335205850526023e+00 1.8921808955418814e-09 7.3515366118966433e-12
8.8567476901233899e+00 1.8912016281392724e-09 7.3514639320230963e-12
8.9817134891465482e+00 1.8902296383972235e-09 7.3514223019749885e-12
9.1084425145222987e+00 1.8892586520567190e-09 7.3513824274338932e-12
9.2369596447949718e+00 1.8882771970666136e-09 7.3512998324371493e-12
9.3672901095369578e+00 1.8873035777379945e-09 7.3512478803592093e-12
9.4994594943016839e+00 1.8863278751580901e-09 7.3511859347715342e-12
9.6334937456462644e+00 1.8853485452329824e-09 7.3511092339334251e-12
9.7694191762252292e+00 1.8843734063016571e-09 7.3510476542338849e-12
9.9072624699560148e+00 1.8833974634640047e-09 7.3509821717113753e-12
1.0047050687257366e+01 1.8824206788913244e-09 7.3509113839699492e-12
1.0188811270361635e+01 1.8814542358185878e-09 7.3508814603559029e-12
1.0332572048702060e+01 1.8804703173133211e-09 7.3507816070891960e-12
1.0478361244376011e+01 1.8794985585955476e-09 7.3507274012870501e-12
1.0626207477685440e+01 1.8785262773403303e-09 7.3506716838542010e-12
1.0776139772755291e+01 1.8775604576089718e-09 7.3506407665518524e-12
1.0928187563231395e+01 1.8765785640075213e-09 7.3505426780176920e-12
1.1082380698058648e+01 1.8756067868360787e-09 7.3504853179137673e-12
1.1238749447340746e+01 1.8746368786042458e-09 7.3504342004030141e-12
1.1397324508282608e+01 1.8736634674530256e-09 7.3503682340107847e-12
1.1558137011216619e+01 1.8726882342568185e-09 7.3502941906641983e-12
1.1721218525713898e+01 1.8717181925475259e-09 7.3502407919510100e-12
1.1886601066781912e+01 1.8707454085760441e-09 7.3501728687521736e-12
1.2054317101149289e+01 1.8697791707751600e-09 7.3501317081087878e-12
1.2224399553639550e+01 1.8688005249949002e-09 7.3500401877838249e-12
1.2396881813634653e+01 1.8678356966863954e-09 7.3500020081648465e-12
1.2571797741629767e+01 1.8668649406152962e-09 7.3499395407365059e-12
1.2749181675880513e+01 1.8658885770735011e-09 7.3498541203764398e-12
1.2929068439143990e+01 1.8649298931548187e-09 7.3498368465329196e-12
1.3111493345515035e+01 1.8639608375173988e-09 7.3497781089470912e-12
1.3296492207358673e+01 1.8629785273733314e-09 7.3496646539116623e-12
1.3484101342340660e+01 1.8620063496756475e-09 7.3495915045944819e-12
1.3674357580557079e+01 1.8610382738300770e-09 7.3495332497550668e-12
1.3867298271764563e+01 1.8600795610012754e-09 7.3495118283685437e-12
1.4062961292712535e+01 1.8590954911685098e-09 7.3493896299391470e-12
1.4261385054578904e+01 1.8581430185326854e-09 7.3493882051752892e-12
1.4462608510510647e+01 1.8571675514925140e-09 7.3492979969096850e-12
1.4666671163270928e+01 1.8562037935671777e-09 7.3492517514341327e-12
1.4873613072993834e+01 1.8552299658500122e-09 7.3491651741926163e-12
1.5083474865048798e+01 1.8542775657072743e-09 7.3491623065720989e-12
1.5296297738015870e+01 1.8532992102388986e-09 7.3490549441562692e-12
1.5512123471773522e+01 1.8523361663805891e-09 7.3490075585285001e-12
1.5730994435700580e+01 1.8513732053677723e-09 7.3489593926581059e-12
1.5952953596993883e+01 1.8504015521396239e-09 7.3488753150657921e-12
1.6178044529103254e+01 1.8494372447758123e-09 7.3488201624231266e-12
1.6406311420285682e+01 1.8484721286310774e-09 7.3487588723698008e-12
1.6637799082279834e+01 1.8475109488332922e-09 7.3487152743249721e-12
1.6872552959103313e+01 1.8465400944213001e-09 7.3486295789011717e-12
1.7110619135973877e+01 1.8455782629365833e-09 7.3485819356942519e-12
1.7352044348356564e+01 1.8446108373054539e-09 7.3485085734473805e-12
1.7596875991138457e+01 1.8436269010818234e-09 7.3483678963580584e-12
1.7845162127932923e+01 1.8426938893011547e-09 7.3484302235259045e-12
1.8096951500515075e+01 1.8417172675175085e-09 7.3483175561490819e-12
1.8352293538390573e+01 1.8407407568268225e-09 7.3482035128456118e-12
1.8611238368499034e+01 1.8397735522660624e-09 7.3481260931489669e-12
1.8873836825054763e+01 1.8388241072927005e-09 7.3481194300581013e-12
1.9140140459526123e+01 1.8378516607741188e-09 7.3480180954473907e-12
1.9410201550755744e+01 1.8368927319255689e-09 7.3479712991731419e-12
1.9684073115223551e+01 1.8359317613857367e-09 7.3479150397740758e-12
1.9961808917454572e+01 1.8349753106480259e-09 7.3478768232448623e-12
2.0243463480573574e+01 1.8340078709830169e-09 7.3477900615202201e-12
2.0529092097008817e+01 1.8330378297608190e-09 7.3476939556934204e-12
2.0818750839346432e+01 1.8320905991894308e-09 7.3476894554759614e-12
2.1112496571338340e+01 1.8311210252433275e-09 7.3475941661976906e-12
2.1410386959065331e+01 1.8301566464045984e-09 7.3475175360610898e-12
2.1712480482257625e+01 1.8292025971075074e-09 7.3474793808887559e-12
2.2018836445775229e+01 1.8282406155596717e-09 7.3474135714094284e-12
2.2329514991250175e+01 1.8272900992567332e-09 7.3473891566413113e-12
2.2644577108893301e+01 1.8263129044812650e-09 7.3472565370210034e-12
2.2964084649467139e+01 1.8253536105008693e-09 7.3471950264573626e-12
2.3288100336428197e+01 1.8243955485706111e-09 7.3471375190009101e-12
2.3616687778240337e+01 1.8234623321372319e-09 7.3471798269811207e-12
2.3949911480861942e+01 1.8224851255617113e-09 7.3470442339490148e-12
2.4287836860409261e+01 1.8215436369939200e-09 7.3470481988581721e-12
2.4630530255998458e+01 1.8205836253596019e-09 7.3469791089618930e-12
2.4978058942768754e+01 1.8196261637551536e-09 7.3469190995773166e-12
2.5330491145089645e+01 1.8186568140811804e-09 7.3468121087989357e-12
2.5687896049953888e+01 1.8176960689812391e-09 7.3467368472087542e-12
2.6050343820560027e+01 1.8167540472154094e-09 7.3467350614773150e-12
2.6417905610086279e+01 1.8157996014140048e-09 7.3466834191608625e-12
2.6790653575658819e+01 1.8148388969250774e-09 7.3466027925790762e-12
2.7168660892517160e+01 1.8138776500249778e-09 7.3465251902377855e-12
2.7552001768379380e+01 1.8129247904016694e-09 7.3464768093041818e-12
2.7940751458010034e+01 1.8119691448971470e-09 7.3464114378250279e-12
2.8334986277993831e+01 1.8110119293739399e-09 7.3463428212194037e-12
2.8734783621717231e+01 1.8100555057755523e-09 7.3462800589621050e-12
2.9140221974562014e+01 1.8090991536795171e-09 7.3462095055447308e-12
2.9551380929312881e+01 1.8081282670667079e-09 7.3460821409072666e-12
2.9968341201782589e+01 1.8071920084169940e-09 7.3460942084490359e-12
3.0391184646657464e+01 1.8062339570284349e-09 7.3460172403375020e-12
3.0819994273566568e+01 1.8052782651221907e-09 7.3459531209847668e-12
3.1254854263377474e+01 1.8043243741390962e-09 7.3458890301795580e-12
3.1695849984722326e+01 1.8033775231393369e-09 7.3458553471119677e-12
3.2143068010756416e+01 1.8024504855806780e-09 7.3458935672224145e-12
3.2596596136153870e+01 1.8014809274663500e-09 7.3457652161525115e-12
3.3056523394342804e+01 1.8005048803900055e-09 7.3456130420903940e-12
3.3522940074983751e+01 1.7995918607038722e-09 7.3457064954677746e-12
3.3995937741694682e+01 1.7986393660795314e-09 7.3456439297634464e-12
3.4475609250026046e+01 1.7976658580648712e-09 7.3454967246755108e-12
3.4962048765689794e+01 1.7967252612657183e-09 7.3454881997618211e-12
3.5455351783044932e+01 1.7957459831841075e-09 7.3453076212708604e-12
3.5955615143844547e+01 1.7947920133608169e-09 7.3452341612904283e-12
3.6462937056247036e+01 1.7938281981877011e-09 7.3451176378507120e-12
3.6977417114095623e+01 1.7928765130353776e-09 7.3450513620716546e-12
3.7499156316469936e+01 1.7919598795702780e-09 7.3451253097968294e-12
3.8028257087513431e+01 1.7909765578962360e-09 7.3449276049520897e-12
3.8564823296540467e+01 1.7900227937710476e-09 7.3448533272681051e-12
3.9108960278427539e+01 1.7891094580018856e-09 7.3449354123338976e-12
3.9660774854291397e+01 1.7881215899313023e-09 7.3447195687293865e-12
4.0220375352459712e+01 1.7872106187469415e-09 7.3448102889003173e-12
4.0787871629737246e+01 1.7862383995024088e-09 7.3446588924652297e-12
4.1363375092972191e+01 1.7853114868150651e-09 7.3446799090530080e-12
4.1946998720926736e+01 1.7843913317158803e-09 7.3447407156186632e-12
4.2538857086456275e+01 1.7833752872460010e-09 7.3443981523335765e-12
4.3139066379001463e+01 1.7824928582832483e-09 7.3446067370219456e-12
4.3747744427398011e+01 1.7815388678983869e-09 7.3445190605638058e-12
4.4365010723007536e+01 1.7806177788557989e-09 7.3445635232522619e-12
4.4990986443175572e+01 1.7796421918189380e-09 7.3443861862026332e-12
4.5625794475020179e+01 1.7787204916616337e-09 7.3444258344281017e-12
4.6269559439556261e+01 1.7777530063458816e-09 7.3442792069668647e-12
4.6922407716160272e+01 1.7768315542766979e-09 7.3443180635394898e-12
4.7584467467380151e+01 1.7758425679215272e-09 7.3440819675947212e-12
4.8255868664095161e+01 1.7748698140356468e-09 7.3439093645124690e-12
4.8936743111031248e+01 1.7739607158927085e-09 7.3439971163759411e-12
4.9627224472635419e+01 1.7729954454270711e-09 7.3438544403383214e-12
5.0327448299316217e+01 1.7720658582244258e-09 7.3438545660716066e-12
5.1037552054053876e+01 1.7711359995528298e-09 7.3438526818471790e-12
5.1757675139386116e+01 1.7701893640712698e-09 7.3437822303476828e-12
5.2487958924774645e+01 1.7692452513855846e-09 7.3437208958722523e-12
5.3228546774357703e+01 1.7682986493993676e-09 7.3436484379558238e-12
5.3979584075094721e+01 1.7672906221201829e-09 7.3433190863370044e-12
5.4741218265307040e+01 1.7663636059576807e-09 7.3433287818866555e-12
