# k  Ps  Pt
4.566104969796978808e-05 2.871302725712352890e-09 8.361880676311086012e-12
4.630529358357249645e-05 2.870026188014563094e-09 8.361836369763749792e-12
4.695862727737905339e-05 2.868744577159979481e-09 8.361776851365058581e-12
4.762117902990902466e-05 2.867468945134380018e-09 8.361733516721895276e-12
4.829307890120303524e-05 2.866193488607179264e-09 8.361689852661436255e-12
4.897445878635299960e-05 2.864918281204546878e-09 8.361646064314610271e-12
4.966545244139401483e-05 2.863641437637363775e-09 8.361596580570617822e-12
5.036619550956066081e-05 2.862366826698517504e-09 8.361552843452534740e-12
5.107682554791362996e-05 2.861092391670020363e-09 8.361508768891785016e-12
5.179748205434317151e-05 2.859818231172293939e-09 8.361464652269078857e-12
5.252830649495191163e-05 2.858544346549282150e-09 8.361420497790514973e-12
5.326944233182564174e-05 2.857270738987356381e-09 8.361376309013451443e-12
5.402103505119485333e-05 2.855997413167478779e-09 8.361332100023055112e-12
5.478323219199359893e-05 2.854724369218811528e-09 8.361287871192599312e-12
5.555618337482229297e-05 2.853451607072234176e-09 8.361243622300008665e-12
5.634004033131816591e-05 2.852179126885965695e-09 8.361199353804454038e-12
5.713495693394010714e-05 2.850906928336509808e-09 8.361155064723450042e-12
5.794108922617488311e-05 2.849635011863704091e-09 8.361110756359027429e-12
5.875859545316782060e-05 2.848363377161554168e-09 8.361066427780772801e-12
5.958763609278740122e-05 2.847092024248775002e-09 8.361022079028872270e-12
6.042837388712703342e-05 2.845820953147741413e-09 8.360977710156922942e-12
6.128097387445117106e-05 2.844550164089911773e-09 8.360933321844663714e-12
6.214560342159353092e-05 2.843279656670185130e-09 8.360888912861374236e-12
6.302243225681044452e-05 2.842009431168998458e-09 8.360844484034545314e-12
6.391163250309971912e-05 2.840739487454672877e-09 8.360800034954163549e-12
6.481337871198824662e-05 2.839469821756201575e-09 8.360755554426656105e-12
6.572784789779647849e-05 2.838200433144432835e-09 8.360711039668852641e-12
6.665521957238741712e-05 2.836931326425155322e-09 8.360666504905190076e-12
6.759567578040416222e-05 2.835662501610298636e-09 8.360621950163409659e-12
6.854940113500643413e-05 2.834393961901469058e-09 8.360577384624873683e-12
6.951658285411013987e-05 2.833125706928257179e-09 8.360532807214727182e-12
7.049741079713804561e-05 2.831857733955767321e-09 8.360488210067928481e-12
7.149207750229056809e-05 2.830590042857646403e-09 8.360443592801017973e-12
7.250077822434019496e-05 2.829322633625336001e-09 8.360398955374223135e-12
7.352371097296129772e-05 2.828055506247394968e-09 8.360354297740743639e-12
7.456107655159941664e-05 2.826788660812164951e-09 8.360309620142715606e-12
7.561307859688877237e-05 2.825522097217037918e-09 8.360264922267088332e-12
7.667992361862747768e-05 2.824255815600720476e-09 8.360220204503777311e-12
7.776182104031526042e-05 2.822997570074093465e-09 8.360198821799248842e-12
7.885898324026315725e-05 2.821731896676074095e-09 8.360154210230606244e-12
7.997162559328494966e-05 2.820466506671702574e-09 8.360109583114751836e-12
8.109996651297417757e-05 2.819201397594181146e-09 8.360064932939011573e-12
8.224422749458036434e-05 2.817924600852838455e-09 8.359985667402360343e-12
8.340463315848838349e-05 2.816660007916892363e-09 8.359940815982734194e-12
8.458141129431126699e-05 2.815395696957596508e-09 8.359895944581161251e-12
8.577479290560697188e-05 2.814131667975000520e-09 8.359851053183713536e-12
8.698501225522330658e-05 2.812867920967051338e-09 8.359806141768834270e-12
8.821230691128539598e-05 2.811604455926876745e-09 8.359761210301691395e-12
8.945691779383023912e-05 2.810341272869873468e-09 8.359716258813449587e-12
9.071908922209903875e-05 2.809078371783002658e-09 8.359671287251300150e-12
9.199906896249871401e-05 2.807815752679427654e-09 8.359626295638791880e-12
9.329710827723824767e-05 2.806553415570085852e-09 8.359581283995447533e-12
9.461346197365134688e-05 2.805291360411728113e-09 8.359536252175145331e-12
9.594838845421686932e-05 2.804029587240829794e-09 8.359491200274093488e-12
9.730214976728215122e-05 2.802768096051763585e-09 8.359446128259792852e-12
9.867501165850490390e-05 2.801506886861341518e-09 8.359401036168981876e-12
1.000672436230189372e-04 2.800263712740672077e-09 8.359407524167131315e-12
1.014791189583359206e-04 2.799003059440214139e-09 8.359362392028729642e-12
1.029109148179954881e-04 2.797742688076193880e-09 8.359317239570369650e-12
1.043629122659697848e-04 2.796482598662760637e-09 8.359272066830709108e-12
1.058353963318373633e-04 2.795222791188733825e-09 8.359226873755112090e-12
1.073286560667348333e-04 2.793940331097963555e-09 8.359112934814242689e-12
1.088429846000980123e-04 2.792681086524927406e-09 8.359067666340661086e-12
1.103786791972041813e-04 2.791422123646245431e-09 8.359022376726509527e-12
1.119360413175250513e-04 2.790163442669131749e-09 8.358977066575221118e-12
1.135153766739042936e-04 2.788905043380663454e-09 8.358931735234153585e-12
1.151169952925692954e-04 2.787646925868964232e-09 8.358886382951913478e-12
1.167412115739898130e-04 2.786389090264923007e-09 8.358841010104042410e-12
1.183883443545957065e-04 2.785131536237011580e-09 8.358795615682000418e-12
1.200587169693644203e-04 2.783874264160068500e-09 8.358750200792522852e-12
1.217526573152926458e-04 2.782617273676339807e-09 8.358704764348574832e-12
1.234704979157629640e-04 2.781360565048343675e-09 8.358659307120196885e-12
1.252125759858185633e-04 2.780104138205942219e-09 8.358613828881494387e-12
1.269792334983597449e-04 2.778847993191453173e-09 8.358568329743706975e-12
1.287708172512728967e-04 2.777592129702145390e-09 8.358522808782324604e-12
1.305876789355081438e-04 2.776336548207548919e-09 8.358477267390508451e-12
1.324301752041165186e-04 2.775081248223198137e-09 8.358431704097474839e-12
1.342986677422621530e-04 2.773826230103860883e-09 8.358386119952933739e-12
1.361935233382209056e-04 2.772571493765016670e-09 8.358340514687004551e-12
1.381151139553820110e-04 2.771317039166766026e-09 8.358294888163005371e-12
1.400638168052648676e-04 2.770062866111551752e-09 8.358249239770956737e-12
1.420400144215669023e-04 2.768808974850748245e-09 8.358203570250445359e-12
1.440440947352547075e-04 2.767555365334214299e-09 8.358157879434613397e-12
1.460764511507161255e-04 2.766302037560552805e-09 8.358112167303198158e-12
1.481374826229860987e-04 2.765048991454573459e-09 8.358066433612514171e-12
1.502275937360619807e-04 2.763796227192854093e-09 8.358020678879617174e-12
1.523471947823247334e-04 2.762543744454018083e-09 8.357974902118265540e-12
1.544967018430791570e-04 2.761291543617071725e-09 8.357929104455804660e-12
1.566765368702318804e-04 2.760039624279878271e-09 8.357883284661829223e-12
1.588871277691211552e-04 2.758787986569922382e-09 8.357837443104541231e-12
1.611289084825151205e-04 2.757536630650854713e-09 8.357791580261212588e-12
1.634023190757963751e-04 2.756285556576035029e-09 8.357745696277795435e-12
1.657078058233464092e-04 2.755034764017914698e-09 8.357699790147134369e-12
1.680458212961507115e-04 2.753784253146057059e-09 8.357653862364904447e-12
1.704168244506391362e-04 2.752534023961592870e-09 8.357607912918281138e-12
1.728212807187795520e-04 2.751284076139596485e-09 8.357561940805984930e-12
1.752596620994437495e-04 2.750034410228021708e-09 8.357515947670922534e-12
1.777324472510604313e-04 2.748785026032345023e-09 8.357469932907344096e-12
1.802401215855773764e-04 2.747535923432099156e-09 8.357423896134059907e-12
1.827831773637490689e-04 2.746287102305256353e-09 8.357377836962705441e-12
1.853621137917671653e-04 2.745038562770462439e-09 8.357331755735649460e-12
1.879774371192564604e-04 2.743790305134350373e-09 8.357285653368805468e-12
1.906296607386521807e-04 2.742542329041838399e-09 8.357239528765663169e-12
1.933193052859797203e-04 2.741294634206547492e-09 8.357193381038656151e-12
1.960468987430570402e-04 2.740062512917523469e-09 8.357193571624773824e-12
1.988129765411374031e-04 2.738815400799841508e-09 8.357147460341401043e-12
2.016180816660159973e-04 2.737568570698146359e-09 8.357101328263475066e-12
2.044627647646190453e-04 2.736322022615648722e-09 8.357055175385435043e-12
2.073475842530962936e-04 2.735075756560323033e-09 8.357009001716785472e-12
2.102731064264400053e-04 2.733829772487429573e-09 8.356962807101198911e-12
2.132399055696483712e-04 2.732584070432826622e-09 8.356916591636100111e-12
2.162485640704594700e-04 2.731338650395464901e-09 8.356870355303005141e-12
2.192996725336747758e-04 2.730093512385179175e-09 8.356824098117745137e-12
2.223938298970955805e-04 2.728848656376711483e-09 8.356777819983236239e-12
2.255316435490965332e-04 2.727604082404685952e-09 8.356731520996231112e-12
2.287137294478555703e-04 2.726359790421413551e-09 8.356685200987975218e-12
2.319407122422683157e-04 2.725115780456795618e-09 8.356638860038934491e-12
2.352132253945685549e-04 2.723872052511896322e-09 8.356592498136187463e-12
2.385319113046754360e-04 2.722628606582944132e-09 8.356546115252007430e-12
2.418974214363010095e-04 2.721385442751726532e-09 8.356499711880980542e-12
2.453104164448309792e-04 2.720142561179913490e-09 8.356453288699073302e-12
2.487715663070134975e-04 2.718899961684067780e-09 8.356406844675285858e-12
2.522815504524774147e-04 2.717657644206725992e-09 8.356360379601423957e-12
2.558410578971040818e-04 2.716415608867530288e-09 8.356313893866155858e-12
2.594507873782833326e-04 2.715173855594951053e-09 8.356267387208693487e-12
2.631114474920763350e-04 2.713932384413746215e-09 8.356220859698901292e-12
2.668237568323144466e-04 2.712691195347452373e-09 8.356174311399063390e-12
2.705884441316609105e-04 2.711450288347761764e-09 8.356127742128450510e-12
2.744062484046611949e-04 2.710209663494147420e-09 8.356081152141299522e-12
2.782779190928134721e-04 2.708969320696732445e-09 8.356034541115021295e-12
2.822042162116853120e-04 2.707729260078389971e-09 8.355987909448785405e-12
2.861859105001056478e-04 2.706489481553509284e-09 8.355941256838439804e-12
2.902237835714631831e-04 2.705249985119871887e-09 8.355894583258697320e-12
2.943186280671368830e-04 2.704010770791438520e-09 8.355847888740866416e-12
2.984712478120936765e-04 2.702771838631055472e-09 8.355801173479583339e-12
3.026824579726809100e-04 2.701533188549640353e-09 8.355754437159443473e-12
3.069530852166439086e-04 2.700294820642978610e-09 8.355707680083362943e-12
3.112839678754040986e-04 2.699056734835579673e-09 8.355660901983289996e-12
3.156759561086227369e-04 2.697818931209831144e-09 8.355614103118815555e-12
3.201299120710896038e-04 2.696581409737479843e-09 8.355567283378973020e-12
3.246467100819669621e-04 2.695344170388408122e-09 8.355520442644414120e-12
3.292272367964161586e-04 2.694107213176228067e-09 8.355473580947232496e-12
3.338723913796541403e-04 2.692870538223604771e-09 8.355426698675884763e-12
3.385830856834576102e-04 2.691634145351951183e-09 8.355379795222036127e-12
3.433602444251622585e-04 2.690398034714665050e-09 8.355332871076807306e-12
3.482048053691874797e-04 2.689162206193977773e-09 8.355285925835015508e-12
3.531177195111190477e-04 2.687926659893511510e-09 8.355238959823114348e-12
3.580999512643926299e-04 2.686691395795899603e-09 8.355191972965444264e-12
3.631524786496092552e-04 2.685456413934933208e-09 8.355144965358122998e-12
3.682762934865222576e-04 2.684221704191163055e-09 8.355097907458411128e-12
3.734724015887345614e-04 2.682987257416645310e-09 8.355050772466227109e-12
3.787418229611393778e-04 2.681753090401672786e-09 8.355003609187626230e-12
3.840855920001503914e-04 2.680519202754519626e-09 8.354956416454107630e-12
3.895047576967553709e-04 2.679285594644722288e-09 8.354909194678783402e-12
3.950003838424341347e-04 2.678052273684307789e-09 8.354861966877343399e-12
4.005735492379844539e-04 2.676819262068315365e-09 8.354814799922519233e-12
4.062253479052902101e-04 2.675586534597576873e-09 8.354767617895545037e-12
4.119568893020810287e-04 2.674354088326502566e-09 8.354720408164319494e-12
4.177692985397205233e-04 2.673121923875830282e-09 8.354673175816709385e-12
4.236637166040672768e-04 2.671890041519310896e-09 8.354625922081732230e-12
4.296413005794537713e-04 2.670658441199340790e-09 8.354578646753869191e-12
4.357032238758215396e-04 2.669427122933161303e-09 8.354531349872971955e-12
4.418506764590649036e-04 2.668196086803396198e-09 8.354484031697443991e-12
4.480848650846244469e-04 2.666965332698212312e-09 8.354436691839479764e-12
4.544070135343728834e-04 2.665734857932608257e-09 8.354389321361284510e-12
4.608183628568468830e-04 2.664504653445485478e-09 8.354341890084621146e-12
4.673201716108667573e-04 2.663274731232013790e-09 8.354294437807792043e-12
4.739137161125932837e-04 2.662045090382942614e-09 8.354246959196755333e-12
4.806002906860725702e-04 2.660815768713696816e-09 8.354199563578922446e-12
4.873812079173112446e-04 2.659586775502756778e-09 8.354152287698830721e-12
4.942577989119412759e-04 2.658358016581395890e-09 8.354104849047094487e-12
5.012314135565177926e-04 2.657129497894997964e-09 8.354057265730033344e-12
5.083034207835032984e-04 2.655901262334385712e-09 8.354009664008434600e-12
5.154752088399941739e-04 2.654673310189737402e-09 8.353962044868934088e-12
5.227481855602323984e-04 2.653445640794625461e-09 8.353914406074216661e-12
5.301237786419670580e-04 2.652218254396385990e-09 8.353866748465106565e-12
5.376034359267168120e-04 2.650991150878229772e-09 8.353819071652328079e-12
5.451886256839771211e-04 2.649764330182912188e-09 8.353771375449844731e-12
5.528808368994519258e-04 2.648537792228395945e-09 8.353723659582261921e-12
5.606815795673377465e-04 2.647311536855077371e-09 8.353675923494552767e-12
5.685923849867406546e-04 2.646085564209943152e-09 8.353628167712401858e-12
5.766148060622752281e-04 2.644859874467715755e-09 8.353580394133949593e-12
5.847504176088956897e-04 2.643634466956379173e-09 8.353532599858984422e-12
5.930008166610431465e-04 2.642409341533534679e-09 8.353484783778465555e-12
6.013676227861398287e-04 2.641184498169873194e-09 8.353436945778618497e-12
6.098524784025151141e-04 2.639959936907081726e-09 8.353389085978408625e-12
6.184570491018173298e-04 2.638720922520706076e-09 8.353294838711790323e-12
6.271830239759660849e-04 2.637497001552100522e-09 8.353247155306466366e-12
6.360321159487318694e-04 2.636273359555283003e-09 8.353199440334725006e-12
6.450060621119794568e-04 2.635049996278669432e-09 8.353151692971094922e-12
6.541066240666644493e-04 2.633826912102667764e-09 8.353103914387619955e-12
6.633355882686404288e-04 2.632604108023058700e-09 8.353056107708360947e-12
6.726947663793394865e-04 2.631381583134960417e-09 8.353008270041087348e-12
6.821859956214069076e-04 2.630159337115458146e-09 8.352960400334231265e-12
6.918111391393506155e-04 2.628937371416667041e-09 8.352912503160023838e-12
7.015720863652789938e-04 2.627715685726054277e-09 8.352864577503695404e-12
7.114707533898020041e-04 2.626494279483630574e-09 8.352816621562404200e-12
7.215090833381593511e-04 2.625273152879372848e-09 8.352768635911644983e-12
7.316890467516613469e-04 2.624052306632483210e-09 8.352720622808745176e-12
7.420126419745118633e-04 2.622831740997509121e-09 8.352672583036868720e-12
7.524818955460793992e-04 2.621611455012636400e-09 8.352624513517461018e-12
7.630988625987200234e-04 2.620391449306549607e-09 8.352576416222052130e-12
7.738656272611956670e-04 2.619171724174173374e-09 8.352528292063773518e-12
7.847843030677945607e-04 2.617952279139809778e-09 8.352480139506368225e-12
7.958570333732251567e-04 2.616733114778779892e-09 8.352431960356464948e-12
8.070859917733517325e-04 2.615514230972193048e-09 8.352383754211367283e-12
8.184733825318856251e-04 2.614295627569387809e-09 8.352335520569162391e-12
8.300214410130777416e-04 2.613077305014116795e-09 8.352287260820513751e-12
8.417324341205270535e-04 2.611859263159826762e-09 8.352238974474877410e-12
8.536086607421815124e-04 2.610641537548884169e-09 8.352190774400878313e-12
8.656524522016038111e-04 2.609424110812930129e-09 8.352142605606555753e-12
8.778661727156267811e-04 2.608206783369107213e-09 8.352093832115559489e-12
8.902522198584432054e-04 2.606989727790304605e-09 8.352045002867727022e-12
9.028130250322573313e-04 2.605783415830642450e-09 8.352029792979732067e-12
9.155510539445760364e-04 2.604566990903214087e-09 8.351981138923787024e-12
9.284688070922260611e-04 2.603350773040765591e-09 8.351932216017247091e-12
9.415688202522091944e-04 2.602140985033488423e-09 8.351902570174901459e-12
9.548536649794792238e-04 2.600925902011295417e-09 8.351855444636304551e-12
9.683259491117408293e-04 2.599711325783098006e-09 8.351809017222106706e-12
9.819883172813772144e-04 2.598492038122426338e-09 8.351746623951246360e-12
9.958434514345895251e-04 2.597270682117988717e-09 8.351676202260353863e-12
1.009894071357870897e-03 2.596065289907651094e-09 8.351656864152566495e-12
1.024142935211908804e-03 2.594850949164969321e-09 8.351607540347086184e-12
1.038592840073005808e-03 2.593636908536818244e-09 8.351558244354014316e-12
1.053246622482164642e-03 2.592423057616792164e-09 8.351508633939626675e-12
1.068107159001894764e-03 2.591210335678815153e-09 8.351461816450473116e-12
1.083177366780890436e-03 2.589995219190004640e-09 8.351406174025397534e-12
1.098460204126676604e-03 2.588782632731239291e-09 8.351357831680506140e-12
1.113958671086317772e-03 2.587570090780636583e-09 8.351308627529435009e-12
1.129675810035347299e-03 2.586357809653114898e-09 8.351259329778864448e-12
1.145614706274979133e-03 2.585145785302741127e-09 8.351209924825247062e-12
1.161778488637762010e-03 2.583936021784805256e-09 8.351166764166991882e-12
1.178170330101778246e-03 2.582724938295338783e-09 8.351118564316202304e-12
1.194793448413497723e-03 2.581514125211172369e-09 8.351070305407069284e-12
1.211651106719431473e-03 2.580303709224870199e-09 8.351022395241757693e-12
1.228746614206691762e-03 2.579093567951816445e-09 8.350974441221103939e-12
1.246083326752590306e-03 2.577883536497443330e-09 8.350925899413781277e-12
1.263664647583407534e-03 2.576673742737426095e-09 8.350877189509284764e-12
1.281494027942444141e-03 2.575463770010756407e-09 8.350827759109499550e-12
1.299574967767509314e-03 2.574251301807432940e-09 8.350767833354253097e-12
1.317911016377970980e-03 2.573044311536099634e-09 8.350725309571432091e-12
1.336505773171477564e-03 2.571830376951847546e-09 8.350659388890846375e-12
1.355362888330544904e-03 2.570617302344785647e-09 8.350595126464858503e-12
1.374486063539078580e-03 2.569408989413553731e-09 8.350545601813427573e-12
1.393879052709026591e-03 2.568210191688294226e-09 8.350526357737294651e-12
1.413545662717283821e-03 2.567002492061750628e-09 8.350476964361027981e-12
1.433489754152972740e-03 2.565795076433419270e-09 8.350427553490821932e-12
1.453715242075303768e-03 2.564587944151108355e-09 8.350378123134917681e-12
1.474226096782093112e-03 2.563381125821612694e-09 8.350328764679206633e-12
1.495026344589143455e-03 2.562174629459213926e-09 8.350279502362003286e-12
1.516120068620623431e-03 2.560968415501442025e-09 8.350230218043538864e-12
1.537511409610575145e-03 2.559762483835374433e-09 8.350180911454210648e-12
1.559204566715768079e-03 2.558556834557429387e-09 8.350131582797175489e-12
1.581203798339985474e-03 2.557351467688472520e-09 8.350082232113141335e-12
1.603513422969959825e-03 2.556146383066598115e-09 8.350032858995277498e-12
1.626137820023106865e-03 2.554941580868864184e-09 8.349983463850217566e-12
1.649081430707200749e-03 2.553737060990028949e-09 8.349934046410788662e-12
1.672348758892198582e-03 2.552534293350866844e-09 8.349889222233326859e-12
1.695944371994355685e-03 2.551330320962702055e-09 8.349839710283630666e-12
1.719872901872815038e-03 2.550126630973274195e-09 8.349790176176900103e-12
1.744139045738857165e-03 2.548923223387851991e-09 8.349740619915125571e-12
1.768747567077959010e-03 2.547720098242601020e-09 8.349691041608767996e-12
1.793703296584880794e-03 2.546517255450956004e-09 8.349641440941325778e-12
1.819011133111945663e-03 2.545314695151078852e-09 8.349591818381349883e-12
1.844676044630673461e-03 2.544112417137261740e-09 8.349542173192890289e-12
1.870703069207027731e-03 2.542910421572319456e-09 8.349492505932235651e-12
1.897097315990375725e-03 2.541708708369863324e-09 8.349442816280469069e-12
1.923863966216431782e-03 2.540507277573855513e-09 8.349393104376056053e-12
1.951008274224348693e-03 2.539306120562791847e-09 8.349343344631613536e-12
1.978535568488133754e-03 2.538105245729843220e-09 8.349293561826160716e-12
2.006451252662664036e-03 2.536904653082983239e-09 8.349243755977583759e-12
2.034760806644411030e-03 2.535704342713273322e-09 8.349193927362002661e-12
2.063469787647162403e-03 2.534504314580478163e-09 8.349144075831253543e-12
2.092583831292920207e-03 2.533304568564621833e-09 8.349094200984134420e-12
2.122108652718160057e-03 2.532105104791668222e-09 8.349044303207038804e-12
2.152050047695752266e-03 2.530905923233721904e-09 8.348994382393551202e-12
2.182413893772658115e-03 2.529707023986225874e-09 8.348944438834495070e-12
2.213206151423711358e-03 2.528508406724534903e-09 8.348894471463986795e-12
2.244432865221675753e-03 2.527310071701064808e-09 8.348844481079861467e-12
2.276100165023792459e-03 2.526112019043284950e-09 8.348794468077382171e-12
2.308214267175088315e-03 2.524914248497463879e-09 8.348744431618332218e-12
2.340781475728655799e-03 2.523716760102598198e-09 8.348694371810768538e-12
2.373808183683145338e-03 2.522519553959607251e-09 8.348644288964307097e-12
2.407300874237730624e-03 2.521322662891655913e-09 8.348594289020474817e-12
2.441266122064759871e-03 2.520126066223110415e-09 8.348544305322455227e-12
2.475710594600378806e-03 2.518929752216613702e-09 8.348494299976437228e-12
2.510641053353373457e-03 2.517733720447427967e-09 8.348444271594258273e-12
2.546064355232436141e-03 2.516537971497475598e-09 8.348394222037465711e-12
2.581987453892223283e-03 2.515342504932724588e-09 8.348344149885659568e-12
2.618417401098344262e-03 2.514147320784047799e-09 8.348294055222039351e-12
2.655361348111641689e-03 2.512952419503495713e-09 8.348243939488474570e-12
2.692826547092010744e-03 2.511757801137411952e-09 8.348193802817737409e-12
2.730820352521977010e-03 2.510563464861585895e-09 8.348143642528403973e-12
2.769350222650435265e-03 2.509369411719099739e-09 8.348093461974473541e-12
2.808423720956684105e-03 2.508175640828695525e-09 8.348043258289127136e-12
2.848048517635162757e-03 2.506982152802333464e-09 8.347993033433472664e-12
2.888232391101129472e-03 2.505788944029877245e-09 8.347942776507411920e-12
2.928983229517563829e-03 2.504596011955658480e-09 8.347892480158882840e-12
2.970309032343634251e-03 2.503403362760668078e-09 8.347842162641338163e-12
3.012217911905006127e-03 2.502209351910395530e-09 8.347786565442696999e-12
3.054718094986299745e-03 2.501017230734125254e-09 8.347736085778601092e-12
3.097817924446035886e-03 2.499825392181436967e-09 8.347685584112454087e-12
3.141525860854333177e-03 2.498633836429700942e-09 8.347635060749789362e-12
3.185850484153744493e-03 2.497442563348753277e-09 8.347584515470395926e-12
3.230800495343522961e-03 2.496251597571895717e-09 8.347534023357238263e-12
3.276384718187612052e-03 2.495061011044469810e-09 8.347483804596392715e-12
3.322612100946806864e-03 2.493861842755043148e-09 8.347403612996270219e-12
3.369491718135280908e-03 2.492681371444932558e-09 8.347386223465295499e-12
3.417032772301938515e-03 2.491489115618700837e-09 8.347327000508850595e-12
3.465244595836906426e-03 2.490299094336241505e-09 8.347274827765993612e-12
3.514136652803459895e-03 2.489109400958685078e-09 8.347222783495801663e-12
3.563718540795882041e-03 2.487920031304277045e-09 8.347170856265910054e-12
3.613999992823451607e-03 2.486730345888928343e-09 8.347116743094371737e-12
3.664990879221060455e-03 2.485546355882179397e-09 8.347081839758726384e-12
3.716701209586794306e-03 2.484349420724895913e-09 8.347001148166608833e-12
3.769141134746792441e-03 2.483171726941512787e-09 8.346984089772001781e-12
3.822320948747924118e-03 2.481984116981536359e-09 8.346933216738144378e-12
3.876251090878485989e-03 2.480796789037231173e-09 8.346882319260518263e-12
3.930942147717469103e-03 2.479609686486795552e-09 8.346831214544712705e-12
3.986404855212732044e-03 2.478422833969734680e-09 8.346779981620128884e-12
4.042650100788462708e-03 2.477236084363067880e-09 8.346728110284374151e-12
4.099688925482414432e-03 2.476049572145706812e-09 8.346676064184689716e-12
4.157532526113278185e-03 2.474863558404301194e-09 8.346624719252797302e-12
4.216192257478630113e-03 2.473677836851060282e-09 8.346573383743532503e-12
4.275679634583915041e-03 2.472492396411429889e-09 8.346522020518896272e-12
4.336006334902838856e-03 2.471307236347150489e-09 8.346470627085063462e-12
4.397184200669686759e-03 2.470122355045665739e-09 8.346419197845447985e-12
4.459225241203992364e-03 2.468932772190138316e-09 8.346351170378252875e-12
4.522141635267940170e-03 2.467748892076076617e-09 8.346301194148215341e-12
4.585945733457135430e-03 2.466565346548604465e-09 8.346251518029285138e-12
4.650650060625005980e-03 2.465381786038366038e-09 8.346200658210197014e-12
4.716267318341465717e-03 2.464196972885011771e-09 8.346144489520254536e-12
4.782810387386250868e-03 2.463013961715982891e-09 8.346093507527425196e-12
4.850292330277457264e-03 2.461831188940821379e-09 8.346042350270780877e-12
4.918726393835705368e-03 2.460648697547097819e-09 8.345991166061850550e-12
4.988126011784534131e-03 2.459466487540559461e-09 8.345939954905552062e-12
5.058504807387450425e-03 2.458284552463812996e-09 8.345888694636038014e-12
5.129876596122223860e-03 2.457109101165083613e-09 8.345858835598919110e-12
5.202255388392857186e-03 2.455927621784430375e-09 8.345807166543877540e-12
5.275655392279870667e-03 2.454746419703068426e-09 8.345755454042683253e-12
5.350091016329368808e-03 2.453565495223479932e-09 8.345703699161628606e-12
5.425576872381456667e-03 2.452385210891122098e-09 8.345653177501813722e-12
5.502127778438592118e-03 2.451205247749978563e-09 8.345602765680294463e-12
5.579758761574351092e-03 2.450015054625596320e-09 8.345517469883741219e-12
5.658485060883290153e-03 2.448835360900748819e-09 8.345465954623920708e-12
5.738322130472399939e-03 2.447671531632308257e-09 8.345466058330303833e-12
5.819285642494768755e-03 2.446490034678765388e-09 8.345405674059172938e-12
5.901391490226075634e-03 2.445306511758477281e-09 8.345338508435992999e-12
5.984655791184433256e-03 2.444127928503100874e-09 8.345286851245889579e-12
6.069094890294306731e-03 2.442949652684349585e-09 8.345235252159432311e-12
6.154725363095035588e-03 2.441771682346943395e-09 8.345183706436026487e-12
6.241564018994671947e-03 2.440593994329258119e-09 8.345132136793095434e-12
6.329627904569651818e-03 2.439416588334048886e-09 8.345080542196154479e-12
6.418934306911096635e-03 2.438239464957020154e-09 8.345028924665081740e-12
6.509500757018289729e-03 2.437062622166686649e-09 8.344977277028822307e-12
6.601345033240036374e-03 2.435886061649984382e-09 8.344925605185728092e-12
6.694485164764610828e-03 2.434709782859116714e-09 8.344873907294811708e-12
6.788939435158874991e-03 2.433533793591605088e-09 8.344822210117774811e-12
6.884726385957402189e-03 2.432357958906703468e-09 8.344770082115551656e-12
6.981864820302197648e-03 2.431182324867661226e-09 8.344717655402334217e-12
7.080373806633817081e-03 2.430007129388633087e-09 8.344665709915160928e-12
7.180272682434487956e-03 2.428832218927376021e-09 8.344613746161207922e-12
7.281581058024123344e-03 2.427657592462521737e-09 8.344561761426628088e-12
7.384318820409850256e-03 2.426483248142846640e-09 8.344509751799605145e-12
7.488506137189858240e-03 2.425309185943484855e-09 8.344457717212105103e-12
7.594163460512361880e-03 2.424135405882831224e-09 8.344405657680098042e-12
7.701311531090346794e-03 2.422961907959630914e-09 8.344353573183736473e-12
7.809971382273040233e-03 2.421788692163695128e-09 8.344301463678785620e-12
7.920164344174782795e-03 2.420615758509396129e-09 8.344249329184679382e-12
8.031912047862155637e-03 2.419443106987969938e-09 8.344197169656313797e-12
8.145236429600239206e-03 2.418270737601375318e-09 8.344144985078400562e-12
8.260159735158676547e-03 2.417098650349752892e-09 8.344092775437556156e-12
8.376704524178598538e-03 2.415926845237069403e-09 8.344040540725773728e-12
8.494893674601098829e-03 2.414755322270452253e-09 8.343988280935658735e-12
8.614750387158249048e-03 2.413584081430566095e-09 8.343935996002426133e-12
8.736298189927388033e-03 2.412413122745573534e-09 8.343883685974071786e-12
8.859560942949762374e-03 2.411242446193837593e-09 8.343831350785356669e-12
8.984562842914276329e-03 2.410072051775236264e-09 8.343778990409174461e-12
9.111328427907346844e-03 2.408901939504760539e-09 8.343726604865482510e-12
9.239882582229798705e-03 2.407732109385336985e-09 8.343674194140952222e-12
9.370250541281637674e-03 2.406562561397179440e-09 8.343621758174675962e-12
9.502457896515853486e-03 2.405393295562412506e-09 8.343569296988187891e-12
9.636530600462028112e-03 2.404224311864407782e-09 8.343516810537151452e-12
9.772494971820920237e-03 2.403055611274339003e-09 8.343464302023770203e-12
9.910377700630792694e-03 2.401887197154774353e-09 8.343411782695264170e-12
1.005020585350677002e-02 2.400719065121898122e-09 8.343359237870511955e-12
1.019200687895403801e-02 2.399551215246419364e-09 8.343306667777671621e-12
1.033580861275602836e-02 2.398383647491192707e-09 8.343254072267600240e-12
1.048163928343866930e-02 2.397216361884772837e-09 8.343201451419191779e-12
1.062952751781163704e-02 2.396049358392067860e-09 8.343148805089791510e-12
1.077950234658787629e-02 2.394882636976221087e-09 8.343096133127152964e-12
1.093159321008237150e-02 2.393716197766261528e-09 8.343043435968757749e-12
1.108582996399136780e-02 2.392550040611125324e-09 8.342990713058658099e-12
1.124224288525302665e-02 2.391384165639985826e-09 8.342937964834904310e-12
1.140086267799089205e-02 2.390218572802369300e-09 8.342885191097909978e-12
1.156172047954114740e-02 2.389053282373296846e-09 8.342832463763251928e-12
1.172484786656491015e-02 2.387888276758528059e-09 8.342779720481320687e-12
1.189027686124684464e-02 2.386723113233045975e-09 8.342725370101285447e-12
1.205803993758108872e-02 2.385558331263675949e-09 8.342671434281881348e-12
1.222817002774600689e-02 2.384394175753367524e-09 8.342618602478174801e-12
1.240070052856881259e-02 2.383230380033932072e-09 8.342565995582078611e-12
1.257566530808145941e-02 2.382058458618571265e-09 8.342483595393740826e-12
1.275309871216893584e-02 2.380905085049799712e-09 8.342465554534289432e-12
1.293303557131145719e-02 2.379741778288155061e-09 8.342411688952767008e-12
1.311551120742174108e-02 2.378575891964616369e-09 8.342347785290885559e-12
1.330056144077874924e-02 2.377401857979219367e-09 8.342255010192810293e-12
1.348822259705931802e-02 2.376239635413953215e-09 8.342201847838342793e-12
1.367853151446887100e-02 2.375088179046125999e-09 8.342185300663442606e-12
1.387152555097287583e-02 2.373927629985633403e-09 8.342136008340865153e-12
1.406724259163026625e-02 2.372764712567548847e-09 8.342077325934591311e-12
1.426572105603032652e-02 2.371605150172536586e-09 8.342029260579406299e-12
1.446699990583457524e-02 2.370444844813193159e-09 8.341977702863233839e-12
1.467111865242493214e-02 2.369284478627469976e-09 8.341924963801261428e-12
1.487811736465991658e-02 2.368124441543681374e-09 8.341872337689950247e-12
1.508803667674020292e-02 2.366964794953536667e-09 8.341820040955551567e-12
1.530091779618525730e-02 2.365806637007536870e-09 8.341772006305802031e-12
1.551680251192233406e-02 2.364633326239652733e-09 8.341670232903331965e-12
1.573573320248979057e-02 2.363485661346076983e-09 8.341656416627088187e-12
1.595775284435604208e-02 2.362326872266626216e-09 8.341603115758365910e-12
1.618290502035590189e-02 2.361168208806550960e-09 8.341549250986315648e-12
1.641123392824603289e-02 2.359998654115714171e-09 8.341456693268534629e-12
1.664278438938094490e-02 2.358837448626532879e-09 8.341391477924083371e-12
1.687760185751156425e-02 2.357681127034939184e-09 8.341342798859844696e-12
1.711573242770785680e-02 2.356533509713147051e-09 8.341324043438388740e-12
1.735722284540742663e-02 2.355376209377004847e-09 8.341269870497314217e-12
1.760212051559163771e-02 2.354222900083847843e-09 8.341228184185329519e-12
1.785047351209134367e-02 2.353066405638062344e-09 8.341174802313499808e-12
1.810233058702385642e-02 2.351905587155525222e-09 8.341104676646235573e-12
1.835774118036305469e-02 2.350755499805829763e-09 8.341072337891241341e-12
1.861675542964459640e-02 2.349596560894779686e-09 8.341007071554107080e-12
1.887942417980790349e-02 2.348443091687654130e-09 8.340961114218041884e-12
1.914579899317718492e-02 2.347287754874784806e-09 8.340906678568427626e-12
1.941593215958317339e-02 2.346133102725748922e-09 8.340853792749728528e-12
1.968987670662771319e-02 2.344964872400370312e-09 8.340751207543897954e-12
1.996768641009322512e-02 2.343823710685322097e-09 8.340744283787711065e-12
2.024941580449888742e-02 2.342669718820331394e-09 8.340690569726021627e-12
2.053512019380591275e-02 2.341516008365238619e-09 8.340636826824725369e-12
2.082485566227378765e-02 2.340349291151724957e-09 8.340535530342097351e-12
2.111867908546978187e-02 2.339196188154713633e-09 8.340481862435766159e-12
2.141664814143359047e-02 2.338043257831938075e-09 8.340427777170870251e-12
2.171882132199973517e-02 2.336903976253510421e-09 8.340421549518427205e-12
2.202525794427956027e-02 2.335751670896767305e-09 8.340367654537779746e-12
2.233601816230528642e-02 2.334599647072638082e-09 8.340313731022086260e-12
2.265116297883842597e-02 2.333447903941979868e-09 8.340259775708962567e-12
2.297075425734460344e-02 2.332296442456778287e-09 8.340205792239576943e-12
2.329485473413753574e-02 2.331145261826942263e-09 8.340151777529817172e-12
2.362352803069424356e-02 2.329994362435854295e-09 8.340097733030865008e-12
2.395683866614415139e-02 2.328843744109954518e-09 8.340043658035209610e-12
2.429485206993415095e-02 2.327693405379996871e-09 8.339989547312941778e-12
2.463763459467261524e-02 2.326543345811601103e-09 8.339935399203040837e-12
2.498525352915450040e-02 2.325393567641952455e-09 8.339881221791265130e-12
2.533777711157023799e-02 2.324244070580460723e-09 8.339827013873690432e-12
2.569527454290109272e-02 2.323094851981700978e-09 8.339772764166571525e-12
2.605781600050328592e-02 2.321945890872139040e-09 8.339718384164583011e-12
2.642547265188404521e-02 2.320797173802514634e-09 8.339663824112541242e-12
2.679831666867183229e-02 2.319648695465461175e-09 8.339609073087796032e-12
2.717642124078389204e-02 2.318487278464555299e-09 8.339506560588154080e-12
2.755986059079336761e-02 2.317352565503594398e-09 8.339499422868567031e-12
2.794870998849944763e-02 2.316191872255572119e-09 8.339397431802322106e-12
2.834304576570292541e-02 2.315044657024691283e-09 8.339343069997258552e-12
2.874294533119021999e-02 2.313897723348931513e-09 8.339288679290690188e-12
2.914848718592898472e-02 2.312751071966513040e-09 8.339234262374253034e-12
2.955975093847780164e-02 2.311604676017283676e-09 8.339179722132398529e-12
2.997681732061359058e-02 2.310458540260911389e-09 8.339125075641625801e-12
3.039976820317933509e-02 2.309312686310251638e-09 8.339070400902523678e-12
3.082868661215560149e-02 2.308167114025444312e-09 8.339015697404715260e-12
3.126365674495848457e-02 2.307035009647243687e-09 8.339008809751320575e-12
3.170476398696782383e-02 2.305890024742012907e-09 8.338954160709640775e-12
3.215209492828848686e-02 2.304745321896833676e-09 8.338899484376322505e-12
3.260573738074810934e-02 2.303600900880508186e-09 8.338844779831707329e-12
3.306578039513483752e-02 2.302456762218181561e-09 8.338790049094190259e-12
3.353231427867795628e-02 2.301312905375362778e-09 8.338735290061084639e-12
3.400543061277547935e-02 2.300169330612339104e-09 8.338680503725609820e-12
3.448522227097171322e-02 2.299026037914004154e-09 8.338625690005125287e-12
3.497178343718843063e-02 2.297883027199033667e-09 8.338570848559007113e-12
3.546520962421352563e-02 2.296740298606457263e-09 8.338515979909062476e-12
3.596559769245006449e-02 2.295597851846590504e-09 8.338461082898753939e-12
3.647304586893032607e-02 2.294455687389764561e-09 8.338406159349311876e-12
3.698765376659787080e-02 2.293313804801071445e-09 8.338351207529820465e-12
3.750952240386185715e-02 2.292172204275012336e-09 8.338296228183087897e-12
3.803875422442690168e-02 2.291030885806037680e-09 8.338241221264284859e-12
3.857545311740313149e-02 2.289872333495988191e-09 8.338123306710796256e-12
3.911972443769973912e-02 2.288731585831623962e-09 8.338068234876737673e-12
3.967167502670626567e-02 2.287591120118446042e-09 8.338013135036432503e-12
4.023141323326596963e-02 2.286464994797397000e-09 8.338008103326195878e-12
4.079904893494459145e-02 2.285325075912814990e-09 8.337952909842526474e-12
4.137469355959969008e-02 2.284185482131413112e-09 8.337897847313456529e-12
4.195846010725404890e-02 2.283046161267485695e-09 8.337842716359419855e-12
4.255046317227792474e-02 2.281904080080669680e-09 8.337776407754354148e-12
4.315081896588388033e-02 2.280765463624327644e-09 8.337721735748917544e-12
4.375964533893938330e-02 2.279627138742064664e-09 8.337667072174659890e-12
4.437706180510114090e-02 2.278492954685465077e-09 8.337626011772468405e-12
4.500318956427574318e-02 2.277355124177652789e-09 8.337571046585250388e-12
4.563815152641161749e-02 2.276217576160331612e-09 8.337516055131036420e-12
4.628207233562617318e-02 2.275080319741124050e-09 8.337461070150690124e-12
4.693507839467385423e-02 2.273943355816162010e-09 8.337406092871162686e-12
4.759729788975916587e-02 2.272806661985479704e-09 8.337351041943874365e-12
4.826886081569976839e-02 2.271670242040818465e-09 8.337295931650151753e-12
4.894989900144493256e-02 2.270534094777672627e-09 8.337240758623602399e-12
4.964054613595344362e-02 2.269399078525041095e-09 8.337188844322210953e-12
5.034093779443718497e-02 2.268263632970267877e-09 8.337134126238366518e-12
5.105121146497468981e-02 2.267128482973620064e-09 8.337079431953736153e-12
5.177150657550048940e-02 2.265993700477766173e-09 8.337025026410688302e-12
5.250196452117474738e-02 2.264859278010858176e-09 8.336970875675755536e-12
5.324272869213956400e-02 2.263724805322377842e-09 8.336915320209859384e-12
5.399394450166666165e-02 2.262590502558636203e-09 8.336859459581840664e-12
5.475575941470221114e-02 2.261456486520964415e-09 8.336803586432632300e-12
5.552832297681466883e-02 2.260322756767812641e-09 8.336747699158833532e-12
5.631178684355048897e-02 2.259189302270332142e-09 8.336691756875249282e-12
5.710630481020460142e-02 2.258056074369998097e-09 8.336635575642471523e-12
5.791203284201054680e-02 2.256923142518337754e-09 8.336579416690354479e-12
5.872912910475700660e-02 2.255793184053563668e-09 8.336533434945161990e-12
5.955775399583560642e-02 2.254653048573019564e-09 8.336448263738652776e-12
6.039807017572745851e-02 2.253520959165293311e-09 8.336392037000204134e-12
6.125024259993366166e-02 2.252389154079823580e-09 8.336335789733758018e-12
6.211443855135622555e-02 2.251257611235357272e-09 8.336279442490246720e-12
6.299082767313628206e-02 2.250126317954323315e-09 8.336222949468099725e-12
6.387958200195495428e-02 2.249003117908081149e-09 8.336195697191251587e-12
6.478087600180465477e-02 2.247872304280435011e-09 8.336138882075491537e-12
6.569488659823660703e-02 2.246741788704245094e-09 8.336082091733991166e-12
6.662179321309180668e-02 2.245608928544987290e-09 8.336015286340169555e-12
6.756177779972152853e-02 2.244479035361378698e-09 8.335958642886806112e-12
6.851502487870531066e-02 2.243349438904600801e-09 8.335902008736427979e-12
6.948172157407254967e-02 2.242220323946943905e-09 8.335846104524637600e-12
7.046205765003525634e-02 2.241091497898893234e-09 8.335790199130935373e-12
7.145622554823936878e-02 2.239962943442633120e-09 8.335734226780014403e-12
7.246442042554092355e-02 2.238834622655846697e-09 8.335678031185103233e-12
7.348684019231598030e-02 2.237706545054491282e-09 8.335621646179027903e-12
7.452368555131060057e-02 2.236578750187314387e-09 8.335565235460569913e-12
7.557516003703949881e-02 2.235451239604539333e-09 8.335508803892452667e-12
7.664147005573969385e-02 2.234324027756458039e-09 8.335452396950946591e-12
7.772282492588873659e-02 2.233197098160175790e-09 8.335395962009497949e-12
7.881943691929421680e-02 2.232070450854535750e-09 8.335339499190805737e-12
7.993152130276298672e-02 2.230944053470173010e-09 8.335282882283689250e-12
8.105929638035874740e-02 2.229817934938559984e-09 8.335226223948068658e-12
8.220298353625499210e-02 2.228692097891785381e-09 8.335169534461264022e-12
8.336280727819342373e-02 2.227566541456268306e-09 8.335112810338482973e-12
8.453899528155518761e-02 2.226430550167561049e-09 8.335016781082138195e-12
8.573177843405375975e-02 2.225305599253557472e-09 8.334960140112759358e-12
8.694139088105899693e-02 2.224180930542263909e-09 8.334903470833847839e-12
8.816807007155978704e-02 2.223056544120864368e-09 8.334846773547373030e-12
8.941205680477594397e-02 2.221939876644003934e-09 8.334817765174871620e-12
9.067359527742739622e-02 2.220816047537561662e-09 8.334760998940222189e-12
9.195293313167078597e-02 2.219692500570351563e-09 8.334704203952369153e-12
9.325032150371147244e-02 2.218569235627926995e-09 8.334647379739525526e-12
9.456601507310238852e-02 2.217446252748337439e-09 8.334590526422550151e-12
9.590027211273792485e-02 2.216323551958393474e-09 8.334533644086757337e-12
9.725335453955331888e-02 2.215201133221507246e-09 8.334476732561736570e-12
9.862552796593974935e-02 2.214078996574811307e-09 8.334419791971051183e-12
1.000170617518839206e-01 2.212957141991161311e-09 8.334362822180594521e-12
1.014282290578442380e-01 2.211835568076599107e-09 8.334305817856633293e-12
1.028593068983725684e-01 2.210714273478941234e-09 8.334248773805226114e-12
1.043105761964929767e-01 2.209593283625660992e-09 8.334191786670097401e-12
1.057823218388468656e-01 2.208472589822687718e-09 8.334134822796525053e-12
1.072748327316170314e-01 2.207352174022652299e-09 8.334077813381103980e-12
1.087884018572404382e-01 2.206233462533418312e-09 8.334026222930304063e-12
1.103233263319209623e-01 2.205113631481262399e-09 8.333969233563456597e-12
1.118799074639543339e-01 2.203983481232261573e-09 8.333871917921820558e-12
1.134584508128747560e-01 2.202864357361697474e-09 8.333815392592005397e-12
1.150592662494372143e-01 2.201745505313011250e-09 8.333758798574225309e-12
1.166826680164455426e-01 2.200626811515064978e-09 8.333701706872469868e-12
1.183289747904387040e-01 2.199508225283113152e-09 8.333643928173254928e-12
1.199985097442479720e-01 2.198389918202221735e-09 8.333586108466670982e-12
1.216916006104356573e-01 2.197271796401477260e-09 8.333527892552717991e-12
1.234085797456300065e-01 2.196153920170223222e-09 8.333469508023614527e-12
1.251497841957671109e-01 2.195036312534347604e-09 8.333411041871438222e-12
1.269155557622541619e-01 2.193918972470640808e-09 8.333352490138850397e-12
1.287062410690648639e-01 2.192801901653531048e-09 8.333293859083861741e-12
1.305221916307828245e-01 2.191685203790246233e-09 8.333235536643209705e-12
1.323637639216042883e-01 2.190570470802773035e-09 8.333183669139774672e-12
1.342313194453146064e-01 2.189454478448024528e-09 8.333125845021099811e-12
1.361252248062524428e-01 2.188338713006440210e-09 8.333067781712192302e-12
1.380458517812741814e-01 2.187225084919173317e-09 8.333016849414417689e-12
1.399935773927347693e-01 2.186109988454733319e-09 8.332959135209345815e-12
1.419687839824976261e-01 2.184995116482302340e-09 8.332901221056277960e-12
1.439718592869895786e-01 2.183880584442085837e-09 8.332843425727147721e-12
1.460031965133132825e-01 2.182766335328603507e-09 8.332785604166871408e-12
1.480631944164351177e-01 2.181652368990208741e-09 8.332727755881187604e-12
1.501522573774612124e-01 2.180538685447342412e-09 8.332669880895620970e-12
1.522707954830180566e-01 2.179435839242054561e-09 8.332651490488217117e-12
1.544192246057538020e-01 2.178322784694759476e-09 8.332593836294029165e-12
1.565979664859738496e-01 2.177209977937685379e-09 8.332536015543056994e-12
1.588074488144298191e-01 2.176097414822702651e-09 8.332478011332496480e-12
1.610481053162756693e-01 2.174985165824835992e-09 8.332420083253847859e-12
1.633203758362092584e-01 2.173873180642036251e-09 8.332362044192675336e-12
1.656247064248137502e-01 2.172761328593553264e-09 8.332303354077633948e-12
1.679615494261187114e-01 2.171649909122175931e-09 8.332245235253090933e-12
1.703313635663957493e-01 2.170538909621873550e-09 8.332187643446417359e-12
1.727346140442073130e-01 2.169428047150624409e-09 8.332129629625879284e-12
1.751717726217263960e-01 2.168317482482268679e-09 8.332071562495951492e-12
1.776433177173434574e-01 2.167207181387269833e-09 8.332013329174150531e-12
1.801497344995812711e-01 2.166086638494387601e-09 8.331915424891737980e-12
1.826915149823341022e-01 2.164976939892135359e-09 8.331857266532136362e-12
1.852691581214515604e-01 2.163867523973682201e-09 8.331799081718447340e-12
1.878831699126833898e-01 2.162758390384273525e-09 8.331740868760425884e-12
1.905340634910080155e-01 2.161649533645090122e-09 8.331682603094515572e-12
1.932223592313616900e-01 2.160540952074630145e-09 8.331624276193891467e-12
1.959485848507886985e-01 2.159443002679471543e-09 8.331604963562003575e-12
1.987132755120339933e-01 2.158337060142274184e-09 8.331554805094032991e-12
2.015169739285952721e-01 2.157229501050640819e-09 8.331497091616812201e-12
2.043602304712594520e-01 2.156122217634862078e-09 8.331439324810845346e-12
2.072436032761411917e-01 2.155015306372097361e-09 8.331381850859561670e-12
2.101676583542456400e-01 2.153905297528862658e-09 8.331311175393953088e-12
2.131329697025783065e-01 2.152792528639201315e-09 8.331228686829181447e-12
2.161401194168204032e-01 2.151693665014093638e-09 8.331199367159623823e-12
2.191896978055959677e-01 2.150585036526034104e-09 8.331130584910220893e-12
2.222823035063501429e-01 2.149479223026670968e-09 8.331071782390769287e-12
2.254185436028635081e-01 2.148373692142785521e-09 8.331012951191031986e-12
2.285990337444223919e-01 2.147268444794022691e-09 8.330954094614752202e-12
2.318243982666727543e-01 2.146163480963735882e-09 8.330895212580947012e-12
2.350952703141781230e-01 2.145058799547852390e-09 8.330836301078824421e-12
2.384122919647066463e-01 2.143954401764649610e-09 8.330777364487754859e-12
2.417761143552731862e-01 2.142850286784263557e-09 8.330718399786336738e-12
2.451873978099569640e-01 2.141746454639765324e-09 8.330659407068786252e-12
2.486468119695253998e-01 2.140642905502550043e-09 8.330600386929077242e-12
2.521550359228852956e-01 2.139539646281028359e-09 8.330541360393678822e-12
2.557127583403899784e-01 2.138436669838585799e-09 8.330482305098302641e-12
2.593206776090251076e-01 2.137333975822626287e-09 8.330423220200082349e-12
2.629795019695042035e-01 2.136231563750333598e-09 8.330364103850573010e-12
2.666899496552971871e-01 2.135129434093410373e-09 8.330304957804523585e-12
2.704527490336207096e-01 2.134027586498629397e-09 8.330245780701829428e-12
2.742686387484187804e-01 2.132925989162239044e-09 8.330186454215211872e-12
2.781383678653583935e-01 2.131824462906216572e-09 8.330126297198601448e-12
2.820626960188733490e-01 2.130723300795064578e-09 8.330066444845553096e-12
2.860423935612815272e-01 2.129622927818217205e-09 8.330008589677660356e-12
2.900782417140061464e-01 2.128522898421558343e-09 8.329950958092449505e-12
2.941710327209320353e-01 2.127423062767209969e-09 8.329892949715669436e-12
2.983215700039226204e-01 2.126323344214453937e-09 8.329834251352141306e-12
3.025306683205342129e-01 2.125223964158536471e-09 8.329775709423210859e-12
3.067991539239536825e-01 2.124125114672574243e-09 8.329718036690147621e-12
3.111278647251947138e-01 2.123026453379329723e-09 8.329659983059905977e-12
3.155176504575792351e-01 2.121928041507866182e-09 8.329601775453421582e-12
3.199693728435427653e-01 2.120829800860987427e-09 8.329543105159136628e-12
3.244839057637915469e-01 2.119731566283236637e-09 8.329483307579904332e-12
3.290621354288468248e-01 2.118633291998065655e-09 8.329422209289976120e-12
3.337049605530105212e-01 2.117535241110572279e-09 8.329360854280801487e-12
3.384132925307825057e-01 2.116437412463775265e-09 8.329299225281826673e-12
3.431880556157701490e-01 2.115331490821586590e-09 8.329204774702802267e-12
3.480301871021204141e-01 2.114234791195475423e-09 8.329145295418037792e-12
3.529406375085133440e-01 2.113138369051481899e-09 8.329085762785628113e-12
3.579203707647487520e-01 2.112052356951228289e-09 8.329065245655710689e-12
3.629703644009685259e-01 2.110956490904376618e-09 8.329005640706609442e-12
3.680916097395470210e-01 2.109850756148987642e-09 8.328906832467495850e-12
3.732851120896891195e-01 2.108755432826107826e-09 8.328847065974659323e-12
3.785518909447756486e-01 2.107660381893912913e-09 8.328787223486295537e-12
3.838929801824892962e-01 2.106565608761076777e-09 8.328727330409880623e-12
3.893094282677680984e-01 2.105471118189016049e-09 8.328667408860946136e-12
3.948022984586202488e-01 2.104376910157339486e-09 8.328607458781405255e-12
4.003726690148448619e-01 2.103293255089164906e-09 8.328587308049287082e-12
4.060216334096940494e-01 2.102199626304850040e-09 8.328527379080145066e-12
4.117503005445249387e-01 2.101106251358073029e-09 8.328467232778649735e-12
4.175597949664786590e-01 2.100013310075361665e-09 8.328407602203464031e-12
4.234512570892304262e-01 2.098920895869327928e-09 8.328348956341829320e-12
4.294258434168563565e-01 2.097828438787244098e-09 8.328289063557761361e-12
4.354847267708546465e-01 2.096738658316599531e-09 8.328238860656226747e-12
4.416290965203740759e-01 2.095646766713471819e-09 8.328178914059520141e-12
4.478601588156885804e-01 2.094555160214950948e-09 8.328118947440538455e-12
4.541791368249680216e-01 2.093463837633926445e-09 8.328058956201070289e-12
4.605872709743858429e-01 2.092372799266368496e-09 8.327998941450280834e-12
4.670858191916179014e-01 2.091274651228633481e-09 8.327909149741315538e-12
4.736760571527779407e-01 2.090184208343331614e-09 8.327849183692972153e-12
4.803592785328297254e-01 2.089094052762068891e-09 8.327789206472919669e-12
4.871367952595445638e-01 2.088002386947925145e-09 8.327722361544957109e-12
4.940099377710277517e-01 2.086912679776926480e-09 8.327661869811934862e-12
5.009800552768920445e-01 2.085828273342426306e-09 8.327621496018914280e-12
5.080485160231075215e-01 2.084739089923161806e-09 8.327560806176901116e-12
5.152167075605870172e-01 2.083650192373089107e-09 8.327500097367852994e-12
5.224860370175721247e-01 2.082561580287201555e-09 8.327439368346441426e-12
5.298579313758468023e-01 2.081473295987632295e-09 8.327378774175359196e-12
5.373338377508631858e-01 2.080385297353397414e-09 8.327318160970426173e-12
5.449152236758099122e-01 2.079297581171841565e-09 8.327257516979662826e-12
5.526035773896883496e-01 2.078210147431141027e-09 8.327196842127724634e-12
5.604004081294625683e-01 2.077122996158194060e-09 8.327136136487817081e-12
5.683072464263223544e-01 2.076036127334513590e-09 8.327075399973446479e-12
5.763256444061249928e-01 2.074952433839930007e-09 8.327026384510643428e-12
5.844571760940889815e-01 2.073862796092609485e-09 8.326952524982178074e-12
5.927034377237682117e-01 2.072778548743203185e-09 8.326898001889556429e-12
6.010660480504034231e-01 2.071691264094451115e-09 8.326831772391239750e-12
6.095466486686833552e-01 2.070608853154947706e-09 8.326782876307280028e-12
6.181469043349888670e-01 2.069520147010974327e-09 8.326707424249206262e-12
6.268685032941959667e-01 2.068439054171752710e-09 8.326661754926486370e-12
6.357131576110712778e-01 2.067340241793886175e-09 8.326543830895062142e-12
6.446826035063620841e-01 2.066265123026849816e-09 8.326519590023385253e-12
6.537786016976157022e-01 2.065181087770686410e-09 8.326458570368373847e-12
6.630029377448070083e-01 2.064097334793338183e-09 8.326397518917366875e-12
6.723574224008568301e-01 2.063013864101638887e-09 8.326336435667207480e-12
6.818438919670747334e-01 2.061930675692269875e-09 8.326275320583611288e-12
6.914642086536373355e-01 2.060847769560312729e-09 8.326214173607651372e-12
7.012202609451397839e-01 2.059765145720619479e-09 8.326152994789045812e-12
7.111139639713041083e-01 2.058682804160187671e-09 8.326091784032584827e-12
7.211472598829321567e-01 2.057600744884518057e-09 8.326030541340360601e-12
7.313221182331418602e-01 2.056518967898961668e-09 8.325969266707712167e-12
7.416405363640038439e-01 2.055437473195688827e-09 8.325907960068986910e-12
7.521045397986191317e-01 2.054356260783466820e-09 8.325846621438458541e-12
7.627161826387276466e-01 2.053275330654456457e-09 8.325785250755857583e-12
7.734775479679414367e-01 2.052194682816862542e-09 8.325723848027413741e-12
7.843907482606529147e-01 2.051114317266140546e-09 8.325662413201055024e-12
7.954579257967122619e-01 2.050034234004542053e-09 8.325600946269029847e-12
8.066812530819719163e-01 2.048954433032502988e-09 8.325539447193874358e-12
8.180629332747402227e-01 2.047874914352614907e-09 8.325477915967253745e-12
8.296052006182765837e-01 2.046795677962790835e-09 8.325416352548943118e-12
8.413103208793725196e-01 2.045716723865299727e-09 8.325354756922166220e-12
8.531805917931200023e-01 2.044638052057000779e-09 8.325293129049452740e-12
8.652183435139731982e-01 2.043559662544293473e-09 8.325231468916015208e-12
8.774259390731476982e-01 2.042481555323252425e-09 8.325169776493411213e-12
8.898057748424997859e-01 2.041403730399470615e-09 8.325108051771701663e-12
9.023602810049333733e-01 2.040326187767455150e-09 8.325046294697081043e-12
9.150919220314430724e-01 2.039248927430941166e-09 8.324984505261599050e-12
9.280031971649074229e-01 2.038171949393403647e-09 8.324922683446393704e-12
9.410966409106791275e-01 2.037095253647982371e-09 8.324860829205294755e-12
9.543748235341266151e-01 2.036018840203876000e-09 8.324798942536145395e-12
9.678403515651752276e-01 2.034942709055821184e-09 8.324737023395833681e-12
9.814958683099680448e-01 2.033868539149952226e-09 8.324682182068498320e-12
9.953440543697648080e-01 2.032793117601444033e-09 8.324620844265029395e-12
1.009387628167133011e+00 2.031718669207855615e-09 8.324562562403407365e-12
1.023629346479592250e+00 2.030644950670804451e-09 8.324505643026114523e-12
1.038072004980769902e+00 2.029570282015379301e-09 8.324443824360612617e-12
1.052718438789187916e+00 2.028496989136725576e-09 8.324385952986859042e-12
1.067571523024816615e+00 2.027425770233607669e-09 8.324336825447141441e-12
1.082634173373457021e+00 2.026343720099966722e-09 8.324242206347597964e-12
1.097909346659090124e+00 2.025272058909102682e-09 8.324186388655330826e-12
1.113400041424321030e+00 2.024198082593740024e-09 8.324120831881249225e-12
1.129109298518980120e+00 2.023127845723211080e-09 8.324070583765826843e-12
1.145040201697063775e+00 2.022052246353483825e-09 8.323995919713594267e-12
1.161195878222072153e+00 2.020982169832229298e-09 8.323942858950950288e-12
1.177579499480891023e+00 2.019911114710006618e-09 8.323886020971992424e-12
1.194194281606355545e+00 2.018839127058783640e-09 8.323823175004154667e-12
1.211043486108564382e+00 2.017755937911911974e-09 8.323713199599351870e-12
1.228130420515136434e+00 2.016685087526291395e-09 8.323652694087259994e-12
1.245458439020476593e+00 2.015613924938472901e-09 8.323589705891556256e-12
1.263030943144202611e+00 2.014554389429777410e-09 8.323573305904200067e-12
1.280851382398886962e+00 2.013483988259212618e-09 8.323511212610917161e-12
1.298923254967181196e+00 2.012406080208808504e-09 8.323416097307930458e-12
1.317250108388533736e+00 2.011343222409967220e-09 8.323383552256329043e-12
1.335835540255569276e+00 2.010270433434267767e-09 8.323307522786626834e-12
1.354683198920295650e+00 2.009208891105123794e-09 8.323278054588033743e-12
1.373796784210299382e+00 2.008121481506057942e-09 8.323139571544217693e-12
1.393180048155006734e+00 2.007066217381652304e-09 8.323131952718064009e-12
1.412836795722232752e+00 2.005984922069346707e-09 8.323015942876858046e-12
1.432770885565094687e+00 2.004925670186296757e-09 8.322990029207455675e-12
1.452986230779462984e+00 2.003857725027655796e-09 8.322927149109292815e-12
1.473486799672127256e+00 2.002790061603815244e-09 8.322864233304106514e-12
1.494276616539771840e+00 2.001722679946930095e-09 8.322801282023415257e-12
1.515359762458943660e+00 2.000655579981919645e-09 8.322738294825410892e-12
1.536740376087195381e+00 1.999588782563777717e-09 8.322675360103001417e-12
1.558422654475486668e+00 1.998522288233743063e-09 8.322612475151588957e-12
1.580410853892094014e+00 1.997456085220538428e-09 8.322549587966722604e-12
1.602709290658114405e+00 1.996385314941400752e-09 8.322466327778641524e-12
1.625322341994756226e+00 1.995319698321534318e-09 8.322403455764716738e-12
1.648254446882618796e+00 1.994254366946965324e-09 8.322340562488296869e-12
1.671510106933045137e+00 1.993189321740426980e-09 8.322277651649404415e-12
1.695093887271818645e+00 1.992124562602390018e-09 8.322214722844494793e-12
1.719010417435296700e+00 1.991060122577642508e-09 8.322151911117152258e-12
1.743264392279183950e+00 1.990000998996626466e-09 8.322110201129890026e-12
1.767860572900167293e+00 1.988931643737520826e-09 8.322024385641904578e-12
1.792803787570496521e+00 1.987872492543255105e-09 8.321980263089407180e-12
1.818098932685809688e+00 1.986809024927439910e-09 8.321916704906621994e-12
1.843750973726291820e+00 1.985748909228698743e-09 8.321866266698456400e-12
1.869764946231396552e+00 1.984686039328192276e-09 8.321802258340101870e-12
1.896145956788353182e+00 1.983612427686034416e-09 8.321693267153530437e-12
1.922899184034587261e+00 1.982549052051947293e-09 8.321625090396233920e-12
1.950029879674284761e+00 1.981487745293303495e-09 8.321564465989979701e-12
1.977543369509337401e+00 1.980426619690773203e-09 8.321503385093435108e-12
2.005445054484775280e+00 1.979374332038314079e-09 8.321478489750723848e-12
2.033740411749009880e+00 1.978311801615239843e-09 8.321409009712322593e-12
2.062434995728994025e+00 1.977250926618154968e-09 8.321345344326658602e-12
2.091534439220555708e+00 1.976183523152170722e-09 8.321253132588101461e-12
2.121044454494152021e+00 1.975132846705368635e-09 8.321229117983522421e-12
2.150970834416165545e+00 1.974072811129219714e-09 8.321165294726212148e-12
2.181319453586083590e+00 1.973013270597704872e-09 8.321102208560437041e-12
2.212096269489677525e+00 1.971949935453127285e-09 8.321021741763654619e-12
2.243307323668457531e+00 1.970895481436021954e-09 8.320978000799876391e-12
2.274958742905664799e+00 1.969835580224228037e-09 8.320910081182019506e-12
2.307056740428935715e+00 1.968775464607450129e-09 8.320839650488156231e-12
2.339607617130001760e+00 1.967715655538218802e-09 8.320769986840010733e-12
2.372617762801549457e+00 1.966645230009177234e-09 8.320654867984644955e-12
2.406093657391533913e+00 1.965591327774406417e-09 8.320605955584571883e-12
2.440041872275238166e+00 1.964533800736242040e-09 8.320541675819387185e-12
2.474469071545205789e+00 1.963487586228614781e-09 8.320524307622452210e-12
2.509382013319448657e+00 1.962430546359473883e-09 8.320459642952773854e-12
2.544787551068060427e+00 1.961374279752840356e-09 8.320397223652628585e-12
2.580692634958551501e+00 1.960317813797363757e-09 8.320332517051622093e-12
2.617104313220208311e+00 1.959261541142196580e-09 8.320267374143254292e-12
2.654029733527657253e+00 1.958205498172646581e-09 8.320201966957057502e-12
2.691476144403949444e+00 1.957149846137377107e-09 8.320137017925289846e-12
2.729450896643496716e+00 1.956094388937712249e-09 8.320071641048035985e-12
2.767961444755000056e+00 1.955039373527863469e-09 8.320006926619133397e-12
2.807015348424821699e+00 1.953984769303583261e-09 8.319942733043266933e-12
2.846620274000948303e+00 1.952930296333356798e-09 8.319877935430778120e-12
2.886783995997890706e+00 1.951876125560124618e-09 8.319813159159938467e-12
2.927514398622873770e+00 1.950822240664238586e-09 8.319748362362388963e-12
2.968819477323474398e+00 1.949768749855255794e-09 8.319684023664682750e-12
3.010707340357182016e+00 1.948715773963439879e-09 8.319620716522539387e-12
3.053186210383046273e+00 1.947663278389168746e-09 8.319558331217116531e-12
3.096264426075780563e+00 1.946611018079747932e-09 8.319495607460742334e-12
3.139950443762699273e+00 1.945559222266572785e-09 8.319433526674092632e-12
3.184252839083663300e+00 1.944507306235920567e-09 8.319369489880188008e-12
3.229180308674532984e+00 1.943455491911015307e-09 8.319304890240082527e-12
3.274741671874315863e+00 1.942403944985763735e-09 8.319240191724571037e-12
3.320945872456398273e+00 1.941350150387562414e-09 8.319163739890402531e-12
3.367801980384260929e+00 1.940299317916118087e-09 8.319099514922442131e-12
3.415319193591912050e+00 1.939248597491222276e-09 8.319034565094162553e-12
3.463506839789432412e+00 1.938197750142862667e-09 8.318967906599048657e-12
3.512374378294072841e+00 1.937147496380705252e-09 8.318902579096328344e-12
3.561931401887076021e+00 1.936088029840023883e-09 8.318797181157477187e-12
3.612187638696806147e+00 1.935048042794189855e-09 8.318772567120327544e-12
3.663152954108377379e+00 1.934001162679208162e-09 8.318717536883369278e-12
3.714837352700220308e+00 1.932952183990462193e-09 8.318652585178948751e-12
3.767250980208053157e+00 1.931902778310899562e-09 8.318584737495834401e-12
3.820404125516444260e+00 1.930847964551781575e-09 8.318492216079653277e-12
3.874307222678592399e+00 1.929801071156164926e-09 8.318432564477510553e-12
3.928970852964525751e+00 1.928752017605407135e-09 8.318362192951411204e-12
3.984405746938200821e+00 1.927704437687063421e-09 8.318297005645985180e-12
4.040622786563983659e+00 1.926657078937494220e-09 8.318231520027516294e-12
4.097633007342736278e+00 1.925610002752044303e-09 8.318166000005869024e-12
4.155447600478157533e+00 1.924563213557479080e-09 8.318100465605979324e-12
4.214077915073617397e+00 1.923516713823673833e-09 8.318034928195399378e-12
4.273535460359974003e+00 1.922470496296980026e-09 8.317969354717654155e-12
4.333831907954915685e+00 1.921425814457071032e-09 8.317909250478060328e-12
4.394979094154054522e+00 1.920380163916930394e-09 8.317843619019345332e-12
4.456989022254466803e+00 1.919334795605546860e-09 8.317777951441352679e-12
4.519873864910940675e+00 1.918289709366501402e-09 8.317712247092960366e-12
4.583645966525456750e+00 1.917244905226843241e-09 8.317646506055416270e-12
4.648317845670469239e+00 1.916200383406726910e-09 8.317580729193074048e-12
4.713902197546303796e+00 1.915156179418406596e-09 8.317515060220672987e-12
4.780411896473207634e+00 1.914112274217155050e-09 8.317449421588773733e-12
4.847859998418676319e+00 1.913067411834763251e-09 8.317378280021027981e-12
4.916259743560279283e+00 1.912024104983856087e-09 8.317312721132549950e-12
4.985624558884800273e+00 1.910980862728236520e-09 8.317246191744120488e-12
5.055968060823949450e+00 1.909944947368397310e-09 8.317210057957760511e-12
5.127304057927258185e+00 1.908896284730728918e-09 8.317117813825881620e-12
5.199646553572796925e+00 1.907857788802396685e-09 8.317068047720320026e-12
5.273009748715973721e+00 1.906816209209186496e-09 8.317003535457569318e-12
5.347408044677286476e+00 1.905774470207958980e-09 8.316937258276214587e-12
5.422856045969288274e+00 1.904735406549975048e-09 8.316882212632293629e-12
5.499368563163450574e+00 1.903694211812274561e-09 8.316815663947995836e-12
5.576960615797577070e+00 1.902652794540489984e-09 8.316747162486727201e-12
5.655647435324077321e+00 1.901611497060467773e-09 8.316677558508116298e-12
5.735444468100005189e+00 1.900570581229085217e-09 8.316608240346611856e-12
5.816367378419172951e+00 1.899530553508018099e-09 8.316541758426891811e-12
5.898432051587039204e+00 1.898490929939877549e-09 8.316475791217756915e-12
5.981654597039110399e+00 1.897451584953652891e-09 8.316409766161324309e-12
6.066051351503148226e+00 1.896412352840630034e-09 8.316343023079129717e-12
6.151638882206186487e+00 1.895373784497776100e-09 8.316277966808738390e-12
6.238433990126669215e+00 1.894335397822673765e-09 8.316212411554358826e-12
6.326453713292471193e+00 1.893297352501981109e-09 8.316147108169777561e-12
6.415715330125569160e+00 1.892248570515847609e-09 8.316032961670212387e-12
6.506236362833789144e+00 1.891221361152214895e-09 8.316012803309876610e-12
6.598034580850403508e+00 1.890184036977300875e-09 8.315946785023873697e-12
6.691128004322394851e+00 1.889136294396769533e-09 8.315833386212806049e-12
6.785534907647734038e+00 1.888095637217111447e-09 8.315751304535810887e-12
6.881273823062772799e+00 1.887072166956908951e-09 8.315740602495041895e-12
6.978363544280108854e+00 1.886037434764206875e-09 8.315681023385405392e-12
7.076823130177785082e+00 1.885002333012156945e-09 8.315618118355495419e-12
7.176671908540676270e+00 1.883961701505959957e-09 8.315529678642087975e-12
7.277929479854452488e+00 1.882930076523920481e-09 8.315480165279958268e-12
7.380615721153289677e+00 1.881894874500259148e-09 8.315413292606861929e-12
7.484750789921723602e+00 1.880848750716061913e-09 8.315297452766747556e-12
7.590355128051547773e+00 1.879822659729907423e-09 8.315268231265786263e-12
7.697449465854704798e+00 1.878788310155497549e-09 8.315201187674057935e-12
7.806054826132553082e+00 1.877746921694668479e-09 8.315101509977647670e-12
7.916192528302790521e+00 1.876712743506424851e-09 8.315032633294246089e-12
8.027884192584446410e+00 1.875678607293730241e-09 8.314962655591532791e-12
8.141151744241918564e+00 1.874646199359717086e-09 8.314899123449763307e-12
8.256017417889051302e+00 1.873613011271271626e-09 8.314830813169500608e-12
8.372503761853696602e+00 1.872579796952024419e-09 8.314761015626135036e-12
8.490633642604111131e+00 1.871547352879813790e-09 8.314693427014017521e-12
8.610430249237628786e+00 1.870515239129082793e-09 8.314625965417273135e-12
8.731917098032665692e+00 1.869494599023009267e-09 8.314607555821736379e-12
8.855118037065116354e+00 1.868463083589413832e-09 8.314540175847286121e-12
8.980057250889716514e+00 1.867431857423404404e-09 8.314472699141693643e-12
9.106759265287454497e+00 1.866401266588060876e-09 8.314406793179710947e-12
9.235248952080155505e+00 1.865370177404761894e-09 8.314337654572196961e-12
9.365551534012716672e+00 1.864328671987030916e-09 8.314221240770401527e-12
9.497692589704502808e+00 1.863298605744275047e-09 8.314153835137285266e-12
9.631698058670412621e+00 1.862268801638481685e-09 8.314086289241727781e-12
9.767594246412802050e+00 1.861251774524157018e-09 8.314074006139925227e-12
9.905407829585428203e+00 1.860222877779350949e-09 8.314007949305216814e-12
1.004516586122996635e+01 1.859190321433808866e-09 8.313924256460366422e-12
1.018689577608670227e+01 1.858162162540508884e-09 8.313858760081382828e-12
1.033062539597997187e+01 1.857133611645841192e-09 8.313790401019570068e-12
1.047638293527955788e+01 1.856105403442078333e-09 8.313722252751847263e-12
1.062419700643937048e+01 1.855077482176895883e-09 8.313654085989272306e-12
1.077409662561394832e+01 1.854049846535387067e-09 8.313585895243947734e-12
1.092611121835453503e+01 1.853022449474283948e-09 8.313517478220547398e-12
1.108027062538529606e+01 1.851995335957389405e-09 8.313449012394728462e-12
1.123660510846103655e+01 1.850968295859011994e-09 8.313379727271000246e-12
1.139514535630777026e+01 1.849942415013461360e-09 8.313314558842158918e-12
1.155592249064690691e+01 1.848917438238609081e-09 8.313251756843294030e-12
1.171896807230442050e+01 1.847880688494486209e-09 8.313134659946743467e-12
1.188431410740646221e+01 1.846866197413582291e-09 8.313115707710684002e-12
1.205199305366202900e+01 1.845829879207120404e-09 8.312998649703963699e-12
1.222203782673463124e+01 1.844815853231599816e-09 8.312979263785429346e-12
1.239448180670362554e+01 1.843791830408620588e-09 8.312913948474428762e-12
1.256935884461670483e+01 1.842763066578223653e-09 8.312826052024942555e-12
1.274670326913509122e+01 1.841739160929735160e-09 8.312758899052698448e-12
1.292654989327210657e+01 1.840713613089180132e-09 8.312683406515870939e-12
1.310893402122720985e+01 1.839694300656330395e-09 8.312634640150872478e-12
1.329389145531619754e+01 1.838670934001158678e-09 8.312566036674418945e-12
1.348145850299916759e+01 1.837647947598844738e-09 8.312497808464228121e-12
1.367167198400793460e+01 1.836625497273358454e-09 8.312430600332889201e-12
1.386456923757358339e+01 1.835601895632518972e-09 8.312357478558487062e-12
1.406018812975641907e+01 1.834585854782019103e-09 8.312315966031521971e-12
1.425856706087905224e+01 1.833560889127810483e-09 8.312233940680451966e-12
1.445974497306436923e+01 1.832539136149079122e-09 8.312164843191396374e-12
1.466376135788013002e+01 1.831517910863818401e-09 8.312096716231489104e-12
1.487065626409100538e+01 1.830496954730197691e-09 8.312028462197034595e-12
1.508047030552041612e+01 1.829476256973753795e-09 8.311960102884820370e-12
1.529324466902301793e+01 1.828454570604455736e-09 8.311886229832682246e-12
1.550902112256964749e+01 1.827430810692367187e-09 8.311801204615659004e-12
1.572784202344663740e+01 1.826415676093598585e-09 8.311754727942687659e-12
1.594975032657053404e+01 1.825396074881371251e-09 8.311686042501530845e-12
1.617478959292011353e+01 1.824373911555683772e-09 8.311604007963384213e-12
1.640300399808771914e+01 1.823354798563328719e-09 8.311534886488246051e-12
1.663443834095073015e+01 1.822335967331431151e-09 8.311465723447700545e-12
1.686913805246588538e+01 1.821316304273670544e-09 8.311391359727196649e-12
1.710714920458738320e+01 1.820298048075724374e-09 8.311322163712443423e-12
1.734851851931075473e+01 1.819280037620190128e-09 8.311252758775983336e-12
1.759329337784472003e+01 1.818262653318175369e-09 8.311184702480863716e-12
1.784152182991193314e+01 1.817249106746364130e-09 8.311132681834961370e-12
1.809325260318145467e+01 1.816232467087969057e-09 8.311065552646807822e-12
1.834853511283398575e+01 1.815215092071073838e-09 8.310994623205315092e-12
1.860741947126203044e+01 1.814195781007474367e-09 8.310911629768638378e-12
1.886995649790730667e+01 1.813180929263221900e-09 8.310848356204615668e-12
1.913619772923638962e+01 1.812164822508061291e-09 8.310778363978379882e-12
1.940619542885767146e+01 1.811148979652356980e-09 8.310708260672920841e-12
1.968000259778069605e+01 1.810133431237423330e-09 8.310638170856292818e-12
1.995767298482020990e+01 1.809118342385454782e-09 8.310568827821900333e-12
2.023926109714738786e+01 1.808103538365320341e-09 8.310499456986626620e-12
2.052482221098957993e+01 1.807087454744525213e-09 8.310422872090859997e-12
2.081441238248098813e+01 1.806075276196077498e-09 8.310363762552413982e-12
2.110808845866687733e+01 1.805061267737764671e-09 8.310294038391825537e-12
2.140590808866241446e+01 1.804047517723153213e-09 8.310224142118369555e-12
2.170792973496958567e+01 1.803034038183175884e-09 8.310154145896626844e-12
2.201421268495334971e+01 1.802020863180394945e-09 8.310084236589675307e-12
2.232481706247972397e+01 1.801007992489989118e-09 8.310014409133673560e-12
2.263980383971851396e+01 1.799995272755918071e-09 8.309944139223030541e-12
2.295923484911188694e+01 1.798982665794639438e-09 8.309872830562290430e-12
2.328317279551250607e+01 1.797970315223707485e-09 8.309801365390236483e-12
2.361168126849247528e+01 1.796958168505116180e-09 8.309729498148317918e-12
2.394482475482591965e+01 1.795946631434695419e-09 8.309659007362880221e-12
2.428266865114819595e+01 1.794925203391776186e-09 8.309541113795647151e-12
2.462527927679297690e+01 1.793924230252319420e-09 8.309517099033241404e-12
2.497272388681118116e+01 1.792913421738052567e-09 8.309445950191104555e-12
2.532507068517312376e+01 1.791902977749319333e-09 8.309375185008585238e-12
2.568238883815690698e+01 1.790892885155080788e-09 8.309304725009136192e-12
2.604474848792623476e+01 1.789883129621062059e-09 8.309234488949215074e-12
2.641222076629904336e+01 1.788873661712762467e-09 8.309164238378045082e-12
2.678487780871113699e+01 1.787864476245115113e-09 8.309093948503522378e-12
2.716279276837636658e+01 1.786855573994291070e-09 8.309023622737051285e-12
2.754603983064655637e+01 1.785846954282011335e-09 8.308953258028947745e-12
2.793469422757453202e+01 1.784838620614407700e-09 8.308882871029845350e-12
2.832883225268215455e+01 1.783830559839721808e-09 8.308812385580237976e-12
2.872853127593668887e+01 1.782822787937050918e-09 8.308741884572807615e-12
2.913386975893906339e+01 1.781815255018758401e-09 8.308671186766372238e-12
2.954492727032555166e+01 1.780808011905035003e-09 8.308600481293310290e-12
2.996178450138763694e+01 1.779801021987296862e-09 8.308529590743132545e-12
3.038452328191169016e+01 1.778794319622861091e-09 8.308458683727364098e-12
3.081322659624208882e+01 1.777788003572960027e-09 8.308388240493132543e-12
3.124797859957164547e+01 1.776781985741999613e-09 8.308317834003082901e-12
3.168886463446088086e+01 1.775776230051377636e-09 8.308247288885789164e-12
3.213597124759139945e+01 1.774770749314883413e-09 8.308176666088222597e-12
3.258938620675491649e+01 1.773765388336247696e-09 8.308105180122665586e-12
3.304919851808205777e+01 1.772760333239549067e-09 8.308033723123684387e-12
3.351549844351487906e+01 1.771755600868436178e-09 8.307962507600128907e-12
3.398837751852487798e+01 1.770751092475126232e-09 8.307890985555637066e-12
3.446792857008206568e+01 1.769747149763722823e-09 8.307820831621425412e-12
3.495424573487682807e+01 1.768743754943970831e-09 8.307752117313931888e-12
3.544742447779894690e+01 1.767741293918756671e-09 8.307685888590342555e-12
3.594756161067796540e+01 1.766738028159310711e-09 8.307614751288055413e-12
3.645475531128699487e+01 1.765733037462554980e-09 8.307533293070712179e-12
3.696910514261563918e+01 1.764730573305048136e-09 8.307463075479601564e-12
3.749071207241419756e+01 1.763727636920186654e-09 8.307389541434255920e-12
3.801967849301355074e+01 1.762715126155327283e-09 8.307270090360420904e-12
3.855610824142544857e+01 1.761725661733963273e-09 8.307256001417785146e-12
3.910010661972560086e+01 1.760717820189368839e-09 8.307155247973051263e-12
3.965178041572447398e+01 1.759717842730835972e-09 8.307090030094273705e-12
4.021123792393045449e+01 1.758715614353441213e-09 8.307012682152254417e-12
4.077858896680758960e+01 1.757715986462747739e-09 8.306946395354787740e-12
4.135394491633451963e+01 1.756715501611092774e-09 8.306874614928380904e-12
4.193741871586673398e+01 1.755715297752979544e-09 8.306802786733642709e-12
4.252912490230728082e+01 1.754719696388794581e-09 8.306751806347653714e-12
4.312917962859114596e+01 1.753720036756795415e-09 8.306679809251987069e-12
4.373770068648562415e+01 1.752720731461380058e-09 8.306608097173254041e-12
4.435480752971359664e+01 1.751721710559847205e-09 8.306536353302559569e-12
4.498062129740229409e+01 1.750722968257693681e-09 8.306464552877891740e-12
4.561526483786279584e+01 1.749724508042868402e-09 8.306392710237381186e-12
4.625886273270602800e+01 1.748722023338324803e-09 8.306299924908875045e-12
4.691154132129761223e+01 1.747724127974568894e-09 8.306227986673138354e-12
4.757342872555911839e+01 1.746726514906793196e-09 8.306156006883358359e-12
4.824465487511837836e+01 1.745729183957941974e-09 8.306083984711716291e-12
4.892535153281457383e+01 1.744732135208851245e-09 8.306011920469684425e-12
4.961565232056420172e+01 1.743735368606889576e-09 8.305939813878121614e-12
5.031569274559049632e+01 1.742738884013542470e-09 8.305867664277354553e-12
5.102561022702440852e+01 1.741742681570693738e-09 8.305795472246125327e-12
5.174554412287993443e+01 1.740745631677551424e-09 8.305717776677230469e-12
5.247563575741003206e+01 1.739750003558398144e-09 8.305645546967764398e-12
5.321602844884939287e+01 1.738755790857297807e-09 8.305578760642699957e-12
5.396686753754779886e+01 1.737760731200617245e-09 8.305506470043286386e-12
5.472830041450027494e+01 1.736765886781129923e-09 8.305433816897683373e-12
