# k  Ps  Pt
4.566454644232394112e-05 2.651164598380362568e-09 8.108515929781475866e-12
4.630883124668555670e-05 2.649970217886518637e-09 8.108471082751325643e-12
4.696220631781813796e-05 2.648776107780736733e-09 8.108426215759517168e-12
4.762479991103559944e-05 2.647582268031245675e-09 8.108381328693353546e-12
4.829674209121684542e-05 2.646388698658772543e-09 8.108336421606330097e-12
4.897816475833661684e-05 2.645195399664741327e-09 8.108291494490082927e-12
4.966920167335726243e-05 2.644002371008625555e-09 8.108246547205128706e-12
5.036998848448512696e-05 2.642809612758172145e-09 8.108201579952776052e-12
5.108066275379846179e-05 2.641617124993164321e-09 8.108156593345324412e-12
5.180136398424996778e-05 2.640424907760655427e-09 8.108111587412972339e-12
5.253223364705097076e-05 2.639232960945515982e-09 8.108066561510937393e-12
5.327341520944133566e-05 2.638041284564304903e-09 8.108021515680812866e-12
5.402505416285219395e-05 2.636849878622653219e-09 8.107976449928843001e-12
5.478729805146504182e-05 2.635658743114250372e-09 8.107931364220268441e-12
5.556029650117434449e-05 2.634467877991111200e-09 8.107886258383235951e-12
5.634420124895816653e-05 2.633277283326626476e-09 8.107841132647682356e-12
5.713916617266428193e-05 2.632086959139594705e-09 8.107795987068923742e-12
5.794534732121545031e-05 2.630896905380286618e-09 8.107750821462663622e-12
5.876290294524150290e-05 2.629707122025009693e-09 8.107705635738259482e-12
5.959199352814292740e-05 2.628517609197547373e-09 8.107660430296817985e-12
6.043278181759394771e-05 2.627328366757820758e-09 8.107615204657477392e-12
6.128543285748898144e-05 2.626139394765144487e-09 8.107569959005422763e-12
6.215011402033980700e-05 2.624950693245516019e-09 8.107524693412823991e-12
6.302699504013098224e-05 2.623762262203573771e-09 8.107479407884296808e-12
6.391624804563756702e-05 2.622574101629609537e-09 8.107434102373297764e-12
6.481804759421361977e-05 2.621386211520379528e-09 8.107388776856620567e-12
6.573257070605676735e-05 2.620198591838804960e-09 8.107343431197226268e-12
6.665999689895738608e-05 2.619011242674123317e-09 8.107298065678160887e-12
6.760050822353685289e-05 2.617824163977732776e-09 8.107252680126786013e-12
6.855428929898372983e-05 2.616637355755224251e-09 8.107207274547261783e-12
6.952152734929333011e-05 2.615450818009402711e-09 8.107161848935722098e-12
7.050241224001996265e-05 2.614264550750976009e-09 8.107116403315664057e-12
7.149713651554638182e-05 2.613078554019960661e-09 8.107070937805258165e-12
7.250589543687986117e-05 2.611892827796104805e-09 8.107025452324048183e-12
7.352888701998067827e-05 2.610707372005929160e-09 8.106979946617087998e-12
7.456631207463287675e-05 2.609522186777973043e-09 8.106934421096738455e-12
7.561837424386192710e-05 2.608337272037515161e-09 8.106888875501736497e-12
7.668528004390950470e-05 2.607152627879149822e-09 8.106843310131245240e-12
7.776723890477126695e-05 2.605968248604091883e-09 8.106797708302829877e-12
7.886446321130822753e-05 2.604784117483109762e-09 8.106752021207628845e-12
7.997716834493667456e-05 2.603600254894939773e-09 8.106706308029282447e-12
8.110557272590640391e-05 2.602416660201222236e-09 8.106660566917434503e-12
8.224989785617671382e-05 2.601233333348711533e-09 8.106614797663364082e-12
8.341036836289600202e-05 2.600050274998681077e-09 8.106569002229091897e-12
8.458721204249549557e-05 2.598867519154662211e-09 8.106523283203604466e-12
8.578065990540435055e-05 2.597685035628871361e-09 8.106477549528226551e-12
8.699094622139718041e-05 2.596502822530648271e-09 8.106431792920928593e-12
8.821830856557975930e-05 2.595320879161955900e-09 8.106386012508222405e-12
8.946298786502454191e-05 2.594139206162852132e-09 8.106340211489791229e-12
9.072522844606314214e-05 2.592957803576962058e-09 8.106294389996182585e-12
9.200527808224780515e-05 2.591776671367811149e-09 8.106248547894467578e-12
9.330338804298784941e-05 2.590595809540502696e-09 8.106202685189034143e-12
9.461981314287333034e-05 2.589415218122592981e-09 8.106156801958701930e-12
9.595481179169350144e-05 2.588234897086984393e-09 8.106110898099834255e-12
9.730864604516300176e-05 2.587054834101082361e-09 8.106064932648127202e-12
9.868158165636166542e-05 2.585875039953854487e-09 8.106018941330926680e-12
1.000738881279013699e-04 2.584695516643947802e-09 8.105972930771400000e-12
1.014858387648277023e-04 2.583516265558120676e-09 8.105926895844896696e-12
1.029177107282700914e-04 2.582337368068259128e-09 8.105881092281702527e-12
1.043697850898463810e-04 2.581158719220919416e-09 8.105835203232392196e-12
1.058423468868372282e-04 2.579980270172583150e-09 8.105789085695645460e-12
1.073356851781370345e-04 2.578802092420523031e-09 8.105742950229503683e-12
1.088500931009960996e-04 2.577624186414238518e-09 8.105696798354794969e-12
1.103858679285616432e-04 2.576446551479647307e-09 8.105650627816448867e-12
1.119433111282323715e-04 2.575269187791244389e-09 8.105604439208696098e-12
1.135227284208346112e-04 2.574092095176565916e-09 8.105558231952717028e-12
1.151244298406351900e-04 2.572915273814290758e-09 8.105512006671810019e-12
1.167487297961991815e-04 2.571738723471779744e-09 8.105465762578119466e-12
1.183959471321081554e-04 2.570562444042395232e-09 8.105419499311288659e-12
1.200664051915474275e-04 2.569386435538854296e-09 8.105373216921194002e-12
1.217604318797780606e-04 2.568210698104552417e-09 8.105326916237019438e-12
1.234783597285028442e-04 2.567035231617424207e-09 8.105280598039531376e-12
1.252205259611413905e-04 2.565860035562366514e-09 8.105234259124552008e-12
1.269872725590263018e-04 2.564685109820477502e-09 8.105187899087885669e-12
1.287789463285325914e-04 2.563510454433234902e-09 8.105141518051501108e-12
1.305958989691544396e-04 2.562321723502937953e-09 8.105050006852130421e-12
1.324384871425428247e-04 2.561147683138975886e-09 8.105003798834591041e-12
1.343070725425174168e-04 2.559973910321678594e-09 8.104957561082504888e-12
1.362020219660648531e-04 2.558800405424890358e-09 8.104911294753438528e-12
1.381237073853409285e-04 2.557627167387746663e-09 8.104864996468691970e-12
1.400725060206862733e-04 2.556454198015372328e-09 8.104818671909181717e-12
1.420488004146746501e-04 2.555281495958632052e-09 8.104772316785998912e-12
1.440529785072034688e-04 2.554109062027155742e-09 8.104725933636521700e-12
1.460854337116464122e-04 2.552936895857409099e-09 8.104679521285148715e-12
1.481465649920779039e-04 2.551764997985117717e-09 8.104633081406532957e-12
1.502367769415895041e-04 2.550593368452445470e-09 8.104586614111807433e-12
1.523564798617091278e-04 2.549422006776744468e-09 8.104540117847531801e-12
1.545060898429429007e-04 2.548250913631717335e-09 8.104493594729246325e-12
1.566860288464512257e-04 2.547080089211720911e-09 8.104447045351113871e-12
1.588967247868794440e-04 2.545909533168792572e-09 8.104400468589227015e-12
1.611386116163550700e-04 2.544739245418834104e-09 8.104353864153933603e-12
1.634121294096714419e-04 2.543569226778977532e-09 8.104307234621301859e-12
1.657177244506733999e-04 2.542399476814513801e-09 8.104260578588964993e-12
1.680558493198608221e-04 2.541229995216208882e-09 8.104213895053640163e-12
1.704269629832284481e-04 2.540060782944079084e-09 8.104167187049332153e-12
1.728315308823595564e-04 2.538891839340951741e-09 8.104120452465308683e-12
1.752700250257909766e-04 2.537723164804262738e-09 8.104073692546882088e-12
1.777429240816664861e-04 2.536554759202084211e-09 8.104026906855239516e-12
1.802507134716972400e-04 2.535386622703408333e-09 8.103980095909738915e-12
1.827938854664488846e-04 2.534218798642251673e-09 8.103933397285121060e-12
1.853729392819731094e-04 2.533051228521509734e-09 8.103886625310624279e-12
1.879883811778008203e-04 2.531883772416384604e-09 8.103839333750332073e-12
1.906407245563205720e-04 2.530716579606392505e-09 8.103791997601436019e-12
1.933304900635562712e-04 2.529559831004483434e-09 8.103777338384995717e-12
1.960582056913697652e-04 2.528393234383936797e-09 8.103730143376956615e-12
1.988244068811023300e-04 2.527226778711086648e-09 8.103682500741078995e-12
2.016296366286814297e-04 2.526066738241273086e-09 8.103654146786342817e-12
2.044744455912075485e-04 2.524901432406605683e-09 8.103608431419200586e-12
2.073593921950478728e-04 2.523736664373051426e-09 8.103563551841131464e-12
2.102850427454519772e-04 2.522567532869220571e-09 8.103503864085496179e-12
2.132519715377164283e-04 2.521395804418399205e-09 8.103434518937149935e-12
2.162607609699172264e-04 2.520239912455142148e-09 8.103415827073985579e-12
2.193120016572322841e-04 2.519075326191729148e-09 8.103368030947778888e-12
2.224062925478767635e-04 2.517911024961711422e-09 8.103320253840452961e-12
2.255442410406749084e-04 2.516746907845735177e-09 8.103272182648694471e-12
2.287264631042911400e-04 2.515583857445257995e-09 8.103226736164476643e-12
2.319535833981409875e-04 2.514418495470113733e-09 8.103172783620719714e-12
2.352262353950115078e-04 2.513255611701629376e-09 8.103126003592645470e-12
2.385450615054079179e-04 2.512092747420406452e-09 8.103078317452476616e-12
2.419107132036585589e-04 2.510930133187583187e-09 8.103030541929723396e-12
2.453238511557951328e-04 2.509753468212966338e-09 8.102936367001279124e-12
2.487851453492411174e-04 2.508607548451812090e-09 8.102940714494362155e-12
2.522952752243262219e-04 2.507446084058028529e-09 8.102893996998125919e-12
2.558549298076599776e-04 2.506284878642475410e-09 8.102847222118512666e-12
2.594648078473838718e-04 2.505124032728120751e-09 8.102800713477728064e-12
2.631256179503335484e-04 2.503963473935382959e-09 8.102754239404239649e-12
2.668380787211370128e-04 2.502803045133603214e-09 8.102707284455136011e-12
2.706029189032732921e-04 2.501642814924565145e-09 8.102660072410762894e-12
2.744208775221220701e-04 2.500472707176065386e-09 8.102580407371888370e-12
2.782927040300322142e-04 2.499319074016529115e-09 8.102552452351365746e-12
2.822191584534373856e-04 2.498159565866463844e-09 8.102504598683641906e-12
2.862010115420461609e-04 2.497002826152445433e-09 8.102465934411558397e-12
2.902390449201368620e-04 2.495834399511459903e-09 8.102386783581482198e-12
2.943340512399884802e-04 2.494675586510715099e-09 8.102338784934070890e-12
2.984868343374763198e-04 2.493525998734010555e-09 8.102320131023216427e-12
3.026982093898604388e-04 2.492367773672353053e-09 8.102272258800758698e-12
3.069690030758044034e-04 2.491209821323033356e-09 8.102224371508057331e-12
3.113000537376471220e-04 2.490052139974063047e-09 8.102176463935205713e-12
3.156922115459691227e-04 2.488894740161675859e-09 8.102128567635798330e-12
3.201463386664755539e-04 2.487737669024725205e-09 8.102080823491169064e-12
3.246633094292390590e-04 2.486580868447950530e-09 8.102033058136845333e-12
3.292440105003250771e-04 2.485424338497130476e-09 8.101985271689813416e-12
3.338893410558442390e-04 2.484268079064458595e-09 8.101937463897094986e-12
3.386002129584550599e-04 2.483112090212325398e-09 8.101889634884718765e-12
3.433775509363604594e-04 2.481956371948300000e-09 8.101841784657182547e-12
3.482222927648297140e-04 2.480800924333518495e-09 8.101793913351971182e-12
3.531353894502796691e-04 2.479645747313207462e-09 8.101746020827119797e-12
3.581178054169535359e-04 2.478490840745365634e-09 8.101698106710692768e-12
3.631705186962344632e-04 2.477337621371009880e-09 8.101654621566878311e-12
3.682945211186310704e-04 2.476183239539324901e-09 8.101606617065616436e-12
3.734908185084692038e-04 2.475029128319421218e-09 8.101558591312010211e-12
3.787604308813313325e-04 2.473875287765649559e-09 8.101510544480539815e-12
3.841043926442827766e-04 2.472721717828356755e-09 8.101462476389766735e-12
3.895237527989236386e-04 2.471568418542282322e-09 8.101414387148318203e-12
3.950195751473013469e-04 2.470415389844476990e-09 8.101366276525338127e-12
4.005929385007347705e-04 2.469262631787655324e-09 8.101318144694495660e-12
4.062449368915777687e-04 2.468110144354231464e-09 8.101269991583774392e-12
4.119766797879775237e-04 2.466957927486382591e-09 8.101221816976225204e-12
4.177892923116558995e-04 2.465805977364820601e-09 8.101173609553509924e-12
4.236839154587705323e-04 2.464654293386731006e-09 8.101125367473660504e-12
4.296617063238849783e-04 2.463502879894616808e-09 8.101077103589318827e-12
4.357238383271059244e-04 2.462351736694100901e-09 8.101028817262521848e-12
4.418715014444187417e-04 2.461200863992428012e-09 8.100980509145792283e-12
4.481059024412766749e-04 2.460050261803986947e-09 8.100932179272050952e-12
4.544282651094861151e-04 2.458899929988945306e-09 8.100883827177530645e-12
4.608398305074314864e-04 2.457749868633676461e-09 8.100835453126418631e-12
4.673418572036903778e-04 2.456600077646382389e-09 8.100787056809730639e-12
4.739356215240866270e-04 2.455450557234336767e-09 8.100738638881483807e-12
4.806224178022301978e-04 2.454301307062727488e-09 8.100690198248071048e-12
4.874035586335893878e-04 2.453152327439884059e-09 8.100641735890362162e-12
4.942803751331476805e-04 2.452003618026005233e-09 8.100593250696867129e-12
5.012542171966984745e-04 2.450855179146247024e-09 8.100544743705232329e-12
5.083264537658256123e-04 2.449707010770490130e-09 8.100496214803214846e-12
5.154984730966215333e-04 2.448559113422756366e-09 8.100447665666545275e-12
5.227716830321955813e-04 2.447411528945436454e-09 8.100399231343334748e-12
5.301475112790303076e-04 2.446264215173956959e-09 8.100350775833556886e-12
5.376274056872369991e-04 2.445117171631064446e-09 8.100302297584655070e-12
5.452128345347603041e-04 2.443970399494590073e-09 8.100253800380431304e-12
5.529052868155978758e-04 2.442823897989868445e-09 8.100205281709553939e-12
5.607062725320863163e-04 2.441677666993373371e-09 8.100156741158608767e-12
5.686173229913078471e-04 2.440531706454731207e-09 8.100108178549792347e-12
5.766399911056802659e-04 2.439386017446954440e-09 8.100059597335494830e-12
5.847758516977886274e-04 2.438240598617567198e-09 8.100010993132392445e-12
5.930265018095196884e-04 2.437095451167163826e-09 8.099962369806105377e-12
6.013935610155539792e-04 2.435950573917581463e-09 8.099913723534652065e-12
6.098786717412820694e-04 2.434805968334716505e-09 8.099865059042610288e-12
6.184834995852079133e-04 2.433661633013316890e-09 8.099816371772707626e-12
6.272097336459017246e-04 2.432517564507479294e-09 8.099767651624929857e-12
6.360590868535630953e-04 2.431373761762816442e-09 8.099718895420677152e-12
6.450332963062619046e-04 2.430230230374257644e-09 8.099670119967965520e-12
6.541341236109260828e-04 2.429085371613925108e-09 8.099616213461139452e-12
6.633633552291406292e-04 2.427942346166836478e-09 8.099567282646177714e-12
6.727228028278225058e-04 2.426799591532502186e-09 8.099518330773139516e-12
6.822143036348431774e-04 2.425657107840045539e-09 8.099469358077679244e-12
6.918397207996720933e-04 2.424514895031876568e-09 8.099420364446626635e-12
7.016009437591081126e-04 2.423372978755706239e-09 8.099371428333190179e-12
7.114998886081657682e-04 2.422231424256375650e-09 8.099322749334004736e-12
7.215384984761999626e-04 2.421081532612707112e-09 8.099244984635983036e-12
7.317187439083378334e-04 2.419949777024918322e-09 8.099228102369780494e-12
7.420426232522876102e-04 2.418806623153963247e-09 8.099170799756334895e-12
7.525121630506070814e-04 2.417665603814007620e-09 8.099120227930067656e-12
7.631294184385075622e-04 2.416524906027119759e-09 8.099069803726494731e-12
7.738964735472722957e-04 2.415384515717483166e-09 8.099019482397964183e-12
7.848154419133623622e-04 2.414243797486400468e-09 8.098966983158087010e-12
7.958884668932953137e-04 2.413108627274027999e-09 8.098933185395893170e-12
8.071177220843804524e-04 2.411960904657106558e-09 8.098855040706111713e-12
8.185054117513898986e-04 2.410831789420354374e-09 8.098838402742303798e-12
8.300537712592473069e-04 2.409693086435267727e-09 8.098789095539748789e-12
8.417650675118200972e-04 2.408554653580295104e-09 8.098739764714038318e-12
8.536415993969071435e-04 2.407416447972807433e-09 8.098690271822090685e-12
8.656856982375038837e-04 2.406278472462388983e-09 8.098640625613622076e-12
8.778997282494331068e-04 2.405140627010703625e-09 8.098590476112943644e-12
8.902860870054255492e-04 2.404002978634112234e-09 8.098540054989038458e-12
9.028472059057662032e-04 2.402865761249863421e-09 8.098490149395927774e-12
9.155855506555639085e-04 2.401728868196072391e-09 8.098440401499154396e-12
9.285036217487598010e-04 2.400592243711518804e-09 8.098390624506309435e-12
9.416039549589676465e-04 2.399455888425312395e-09 8.098340820503884898e-12
9.548891218372392974e-04 2.398319801607193303e-09 8.098290987027580495e-12
9.683617302168502508e-04 2.397183973777303198e-09 8.098241091052412217e-12
9.820244247252057045e-04 2.396043904516565307e-09 8.098176209562985342e-12
9.958798873029746628e-04 2.394909049600841578e-09 8.098127749143462414e-12
1.009930837730546854e-03 2.393774333062595015e-09 8.098078961924355368e-12
1.024180034161915670e-03 2.392638264768504971e-09 8.098024432283190383e-12
1.038630273666091329e-03 2.391504022041831217e-09 8.097975208883293586e-12
1.053284392776158420e-03 2.390369953895504392e-09 8.097925630793815659e-12
1.068145268046080286e-03 2.389236155540197586e-09 8.097876027621444364e-12
1.083215816615354116e-03 2.388102626419302203e-09 8.097826397432882512e-12
1.098498996781633848e-03 2.386969366947409441e-09 8.097776741646169704e-12
1.113997808581435565e-03 2.385842397029210654e-09 8.097747840835233293e-12
1.129715294379038826e-03 2.384709600343523151e-09 8.097697880428054200e-12
1.145654539463684301e-03 2.383577038669893783e-09 8.097647777331031985e-12
1.161818672655210403e-03 2.382444742236551533e-09 8.097597631226203002e-12
1.178210866918231710e-03 2.381312902214641688e-09 8.097548114105445371e-12
1.194834339984978842e-03 2.380181522454433571e-09 8.097499238728606500e-12
1.211692354986926247e-03 2.379050499359248241e-09 8.097450638899433247e-12
1.228788221095335805e-03 2.377909224869706100e-09 8.097367066157731054e-12
1.246125294170838784e-03 2.376778376621893182e-09 8.097317121121655080e-12
1.263706977422177340e-03 2.375662914559281791e-09 8.097317256545294901e-12
1.281536722074240464e-03 2.374530942323276666e-09 8.097260887789192399e-12
1.299618028045530305e-03 2.373395732865782015e-09 8.097193575775574920e-12
1.317954444635186179e-03 2.372265944767434188e-09 8.097143480470340428e-12
1.336549571219698739e-03 2.371136477236323169e-09 8.097093529331955974e-12
1.355407057959451570e-03 2.370007280002871608e-09 8.097043554716967584e-12
1.374530606515238099e-03 2.368878353227540550e-09 8.096993557159286414e-12
1.393923970774888898e-03 2.367749697707740377e-09 8.096943539371638360e-12
1.413590957590142756e-03 2.366621311539537478e-09 8.096893494778753423e-12
1.433535427523917197e-03 2.365493194363653813e-09 8.096843421997944279e-12
1.453761295608126548e-03 2.364365347828620639e-09 8.096793326835976823e-12
1.474272532112193062e-03 2.363237771919575173e-09 8.096743209228524837e-12
1.495073163322389875e-03 2.362110464642596069e-09 8.096693067906483237e-12
1.516167272332190124e-03 2.360983248686216796e-09 8.096642321855134688e-12
1.537558999843768827e-03 2.359856344083299740e-09 8.096591678978460152e-12
1.559252544980805396e-03 2.358729805715468259e-09 8.096541323161915124e-12
1.581252166112753765e-03 2.357603541469098263e-09 8.096490951934761023e-12
1.603562181690749034e-03 2.356477547965513879e-09 8.096440557846433439e-12
1.626186971095308718e-03 2.355351824740210592e-09 8.096390139897240981e-12
1.649130975495986242e-03 2.354226371809403210e-09 8.096339698116790898e-12
1.672398698723155143e-03 2.353101189164402616e-09 8.096289232466252554e-12
1.695994708152097873e-03 2.351976276799720879e-09 8.096238742920073823e-12
1.719923635599570309e-03 2.350851634717906128e-09 8.096188229466661250e-12
1.744190178233008493e-03 2.349727262919833935e-09 8.096137692088740980e-12
1.768799099492562345e-03 2.348603161401518530e-09 8.096087130765930763e-12
1.793755230026146744e-03 2.347479330172523362e-09 8.096036545504890052e-12
1.819063468637685402e-03 2.346355769227510220e-09 8.095985936270596146e-12
1.844728783248725116e-03 2.345232478563567842e-09 8.095935303048746255e-12
1.870756211873619021e-03 2.344109458184594317e-09 8.095884645825527107e-12
1.897150863608474455e-03 2.342986708084265022e-09 8.095833964571964764e-12
1.923917919634057956e-03 2.341864228271603671e-09 8.095783259301403974e-12
1.951062634232831553e-03 2.340742018738134143e-09 8.095732529966613048e-12
1.978590335820356455e-03 2.339620079485354048e-09 8.095681776563567558e-12
2.006506427991246524e-03 2.338498410518078407e-09 8.095630999080171604e-12
2.034816390579872319e-03 2.337377011832652733e-09 8.095580197492052438e-12
2.063525780736029727e-03 2.336255883430596972e-09 8.095529371795282568e-12
2.092640234015793934e-03 2.335135025301285576e-09 8.095478521938229444e-12
2.122165465487763428e-03 2.334014437466174782e-09 8.095427647963780443e-12
2.152107270854905236e-03 2.332894121095258213e-09 8.095376753789084898e-12
2.182471527592226481e-03 2.331774078829726047e-09 8.095325848209862840e-12
2.213264196100509038e-03 2.330654306853977752e-09 8.095274918481841121e-12
2.244491320876318505e-03 2.329534805180965322e-09 8.095223964633941983e-12
2.276159031698514294e-03 2.328415573755818973e-09 8.095172986456904887e-12
2.308273544831501538e-03 2.327296612509567557e-09 8.095121983691420020e-12
2.340841164245464640e-03 2.326177921617694546e-09 8.095070956941061040e-12
2.373868282853822727e-03 2.325059500901402783e-09 8.095019905558061519e-12
2.407361383768130345e-03 2.323941350520134226e-09 8.094968830089370403e-12
2.441327041570685343e-03 2.322823470369740219e-09 8.094917730151589477e-12
2.475771923605104598e-03 2.321705860453607239e-09 8.094866605740018998e-12
2.510702791285103919e-03 2.320588520804101209e-09 8.094815456952834967e-12
2.546126501421730644e-03 2.319471468842752183e-09 8.094764345534018167e-12
2.582050007569335580e-03 2.318354691817099465e-09 8.094713226344500288e-12
2.618480361390541043e-03 2.317237851195324675e-09 8.094660852986359754e-12
2.655424714040450010e-03 2.316121234861355308e-09 8.094608421111956961e-12
2.692890317570390858e-03 2.315005224226744511e-09 8.094557059895600550e-12
2.730884526351473954e-03 2.313889570586690367e-09 8.094505957730805462e-12
2.769414798518236766e-03 2.312766078599885535e-09 8.094426123960750612e-12
2.808488697432644232e-03 2.311660648284617307e-09 8.094408928922596513e-12
2.848113893168744467e-03 2.310545491297317418e-09 8.094356710744070422e-12
2.888298164018286013e-03 2.309427795271951918e-09 8.094294634070177265e-12
2.929049398017575037e-03 2.308302196919925015e-09 8.094204602112942617e-12
2.970375594495863487e-03 2.307199223546320459e-09 8.094191340155128023e-12
3.012284865645585216e-03 2.306074152376983477e-09 8.094101211354275594e-12
3.054785438114758847e-03 2.304971990114607245e-09 8.094089543790786543e-12
3.097885654621854428e-03 2.303857551100264767e-09 8.094033961060327546e-12
3.141593975593440485e-03 2.302745714605777893e-09 8.093986405474719390e-12
3.185918980824913298e-03 2.301633289997481252e-09 8.093935811433368117e-12
3.230869371164720848e-03 2.300520951646551529e-09 8.093884683078319082e-12
3.276453970222287411e-03 2.299408922438332994e-09 8.093833641534119190e-12
3.322681726100053419e-03 2.298297188728504189e-09 8.093782657223549161e-12
3.369561713149966248e-03 2.297187531447664882e-09 8.093737960436247620e-12
3.417103133754750225e-03 2.296062261602597262e-09 8.093638040053189807e-12
3.465315320134297172e-03 2.294962107147553885e-09 8.093624199972589545e-12
3.514207736177542632e-03 2.293851201472880140e-09 8.093572173885449510e-12
3.563789979300200760e-03 2.292740805719194100e-09 8.093521187574713139e-12
3.614071782328713914e-03 2.291619377764124726e-09 8.093430901511363479e-12
3.665063015410764333e-03 2.290507686870932112e-09 8.093373047038454320e-12
3.716773687952745590e-03 2.289397174531750739e-09 8.093318476573093980e-12
3.769213950584579358e-03 2.288288729547556703e-09 8.093270317996623334e-12
3.822394097152259987e-03 2.287188406977267376e-09 8.093250050422531067e-12
3.876324566738494244e-03 2.286079422194556001e-09 8.093198039712675388e-12
3.931015945711846885e-03 2.284974256577841075e-09 8.093157995755673548e-12
3.986478969804821415e-03 2.283868567953845849e-09 8.093115701265959632e-12
4.042724526221255082e-03 2.282758816919802531e-09 8.093057670779590139e-12
4.099763655773419266e-03 2.281648778245312332e-09 8.092998134560903372e-12
4.157607555049306659e-03 2.280538943849799382e-09 8.092938692550115451e-12
4.216267578610486018e-03 2.279434883915303589e-09 8.092898485741148571e-12
4.275755241220964217e-03 2.278314718644892971e-09 8.092799668185383417e-12
4.336082220107480636e-03 2.277221021707890269e-09 8.092794329373174212e-12
4.397260357251716982e-03 2.276114094928185062e-09 8.092740669234319388e-12
4.459301661714847563e-03 2.275007868192350842e-09 8.092688624710428560e-12
4.522218311994871502e-03 2.273901910525775234e-09 8.092636550866852733e-12
4.586022658417190923e-03 2.272783289118029899e-09 8.092538240239442819e-12
4.650727225558975476e-03 2.271677920421456790e-09 8.092486263787831202e-12
4.716344714707658425e-03 2.270572776282613854e-09 8.092434099268223872e-12
4.782888006354172293e-03 2.269467835197458759e-09 8.092381669577201465e-12
4.850370162721361240e-03 2.268376161186863387e-09 8.092375752190572441e-12
4.918804430328012518e-03 2.267271818935102165e-09 8.092323505689149532e-12
4.988204242589147110e-03 2.266167746119268868e-09 8.092271231092726141e-12
5.058583222452913905e-03 2.265063942588494024e-09 8.092218927793088642e-12
5.129955185074763085e-03 2.263960408325161995e-09 8.092166595702106758e-12
5.202334140529282086e-03 2.262857143262427487e-09 8.092114234528730850e-12
5.275734296560358541e-03 2.261754147829402024e-09 8.092061845914124413e-12
5.350170061370076134e-03 2.260651421475664738e-09 8.092009427695647968e-12
5.425656046447036376e-03 2.259548961979455653e-09 8.091956971936036633e-12
5.502207069434502697e-03 2.258446770705843636e-09 8.091904483496752038e-12
5.579838157039093693e-03 2.257344848798468336e-09 8.091851966454763857e-12
5.658564547980434942e-03 2.256243196534897652e-09 8.091799421899964944e-12
5.738401695982509217e-03 2.255141806375880332e-09 8.091746818121192596e-12
5.819365272807127537e-03 2.254040667126645547e-09 8.091694107966177602e-12
5.901471171330287778e-03 2.252939751238384710e-09 8.091641185133711645e-12
5.984735508661851930e-03 2.251839071512094581e-09 8.091588109488886449e-12
6.069174629309296611e-03 2.250725859503716350e-09 8.091488812918851475e-12
6.154805108386103216e-03 2.249638521722361802e-09 8.091481885660908553e-12
6.241643754865356698e-03 2.248525975456962124e-09 8.091382987462518690e-12
6.329707614879335337e-03 2.247426508250368173e-09 8.091330294629263491e-12
6.419013975065559867e-03 2.246327311348934552e-09 8.091277576568083667e-12
6.509580365960154595e-03 2.245228384266608282e-09 8.091224831476156846e-12
6.601424565438979326e-03 2.244129699592476745e-09 8.091171960354515298e-12
6.694564602207418551e-03 2.243031266428065297e-09 8.091118995942770566e-12
6.789018759339300602e-03 2.241933103085866848e-09 8.091066004302043065e-12
6.884805577865860983e-03 2.240835209561104431e-09 8.091012985396977284e-12
6.981943860415226050e-03 2.239750387959716962e-09 8.091006359630366864e-12
7.080452674903361596e-03 2.238653057039972954e-09 8.090953393186893680e-12
7.180351358276984217e-03 2.237555996187718367e-09 8.090900400424039132e-12
7.281659520309394749e-03 2.236459205301418022e-09 8.090847380933054828e-12
7.384397047449753337e-03 2.235362684662111909e-09 8.090794335782310769e-12
7.488584106726782312e-03 2.234266434105220037e-09 8.090741264316872163e-12
7.594241149707419911e-03 2.233170453619941909e-09 8.090688166479133637e-12
7.701388916511463928e-03 2.232074743186498396e-09 8.090635042169586331e-12
7.810048439882723119e-03 2.230979302967452408e-09 8.090581892008242505e-12
7.920241049317704174e-03 2.229884132692042501e-09 8.090528714920072709e-12
8.031988375252541168e-03 2.228789232611601716e-09 8.090475511867222088e-12
8.145312353308920353e-03 2.227694602572972184e-09 8.090422282234344199e-12
8.260235228600028984e-03 2.226600242621435013e-09 8.090369026178483806e-12
8.376779560097141406e-03 2.225506152781569876e-09 8.090315743781250676e-12
8.494968225057925731e-03 2.224412333074830114e-09 8.090262435108003387e-12
8.614824423517105159e-03 2.223301780081057531e-09 8.090148091913071497e-12
8.736371682840618838e-03 2.222208507093934288e-09 8.090094721519855894e-12
8.859633862343892913e-03 2.221115503998139948e-09 8.090041323917114036e-12
8.984635157975411762e-03 2.220042328232096196e-09 8.090058493474688303e-12
9.111400107066234752e-03 2.218943931848687585e-09 8.089982997691356219e-12
9.239953593146655458e-03 2.217851761357552826e-09 8.089929627155784771e-12
9.370320850830686846e-03 2.216759857160126314e-09 8.089876211171913556e-12
9.502527470769607520e-03 2.215668221023863888e-09 8.089822758857226167e-12
9.636599404675233460e-03 2.214573996915921366e-09 8.089758812620447448e-12
9.772562970414242281e-03 2.213483041152264236e-09 8.089705822168695142e-12
9.910444857174190159e-03 2.212396123498120770e-09 8.089666114431371793e-12
1.005027213070259877e-02 2.211305645811139332e-09 8.089612852878437402e-12
1.019207223861979227e-02 2.210215437093625022e-09 8.089559560513042966e-12
1.033587301580680441e-02 2.209125497925996829e-09 8.089506239460932797e-12
1.048170268986930651e-02 2.208035850660706046e-09 8.089452969277305755e-12
1.062958988667851191e-02 2.206946465747109100e-09 8.089399642112187072e-12
1.077956363599042594e-02 2.205857338590621353e-09 8.089346241559118152e-12
1.093165337714420253e-02 2.204768473083233052e-09 8.089292782431431965e-12
1.108588896484107370e-02 2.203680649564011902e-09 8.089242289637452959e-12
1.124230067500463399e-02 2.202592448734755181e-09 8.089189238301840685e-12
1.140091921072399969e-02 2.201504528389974430e-09 8.089136200573877785e-12
1.156177570828062148e-02 2.200416929170958139e-09 8.089083325766603771e-12
1.172490174326032766e-02 2.199329656113301877e-09 8.089030631904112938e-12
1.189032933675141651e-02 2.198242568808083736e-09 8.088977447307497090e-12
1.205809096163036782e-02 2.197155521439709706e-09 8.088923530002800709e-12
1.222821954893607913e-02 2.196068692331577718e-09 8.088869385883781267e-12
1.240074849433420168e-02 2.194982137673478244e-09 8.088815229664185445e-12
1.257571166467250437e-02 2.193895856748052132e-09 8.088761058314742129e-12
1.275314340462892389e-02 2.192809810196043647e-09 8.088706724582471196e-12
1.293307854345320841e-02 2.191724000361126779e-09 8.088652236126531974e-12
1.311555240180383407e-02 2.190641100143053995e-09 8.088607694396763035e-12
1.330060079868135813e-02 2.189548319104816988e-09 8.088525178522066093e-12
1.348826005845948570e-02 2.188463336851276716e-09 8.088470702805748742e-12
1.367856701801551528e-02 2.187378625402953099e-09 8.088416202287176819e-12
1.387155903396119876e-02 2.186294185800898433e-09 8.088361680700665277e-12
1.406727398997581653e-02 2.185209978552129586e-09 8.088306995970605912e-12
1.426575030424251378e-02 2.184125996699293707e-09 8.088252122767229105e-12
1.446702693698975924e-02 2.183049904096247397e-09 8.088225759600149672e-12
1.467114339813900895e-02 2.181966419796214378e-09 8.088170714293057629e-12
1.487813975506046930e-02 2.180883219391363703e-09 8.088115687614720830e-12
1.508805664043808004e-02 2.179797746490824769e-09 8.088050974851999103e-12
1.530093526024568773e-02 2.178715143176739953e-09 8.087996092400676808e-12
1.551681740183551844e-02 2.177632863222316795e-09 8.087941368095606987e-12
1.573574544214101367e-02 2.176551008949549740e-09 8.087887211248108378e-12
1.595776235599515730e-02 2.175469422144957121e-09 8.087833018293888457e-12
1.618291172456641849e-02 2.174388091438929837e-09 8.087778746291272899e-12
1.641123774391345380e-02 2.173306970696158265e-09 8.087724202561965155e-12
1.664278523366077150e-02 2.172226100381715369e-09 8.087669550258728355e-12
1.687759964579657601e-02 2.171145500858780676e-09 8.087614873578357735e-12
1.711572707359485662e-02 2.170065176796660947e-09 8.087560187321125858e-12
1.735721426066342069e-02 2.168985135311291549e-09 8.087505513615899335e-12
1.760210861011937689e-02 2.167905364232807915e-09 8.087450813713087330e-12
1.785045819389433769e-02 2.166825860136990845e-09 8.087396074312788816e-12
1.810231176217064197e-02 2.165746596565282271e-09 8.087341192335767360e-12
1.835771875295100219e-02 2.164667601866933192e-09 8.087286278056864771e-12
1.861672930176285629e-02 2.163588876266497915e-09 8.087231332349942435e-12
1.887939425149995007e-02 2.162510419761807987e-09 8.087176355184477064e-12
1.914576516240249632e-02 2.161421835316359954e-09 8.087083255049995162e-12
1.941589432217840500e-02 2.160343958694219579e-09 8.087028357877570534e-12
1.968983475626703145e-02 2.159266352311428634e-09 8.086973433795889446e-12
1.996764023824806195e-02 2.158189016092833622e-09 8.086918482505047226e-12
2.024936530039691401e-02 2.157119169276764471e-09 8.086890396349929349e-12
2.053506524438939579e-02 2.156042366760218031e-09 8.086835379512778402e-12
2.082479615215708860e-02 2.154965834295843282e-09 8.086780334871319567e-12
2.111861489689619009e-02 2.153889571922703414e-09 8.086725262560732250e-12
2.141657915423139658e-02 2.152813579585764862e-09 8.086670162343953273e-12
2.171874741353748556e-02 2.151737857327375135e-09 8.086615034370046398e-12
2.202517898942065247e-02 2.150662405147942035e-09 8.086559878620351594e-12
2.233593403336161382e-02 2.149587223008651351e-09 8.086504694922285382e-12
2.265107354552331476e-02 2.148512310949977859e-09 8.086449483417712466e-12
2.297065938672488219e-02 2.147437667933213492e-09 8.086394240129163953e-12
2.329475429058485911e-02 2.146363292012375741e-09 8.086338957610151557e-12
2.362342187583543404e-02 2.145289204857681732e-09 8.086283718188816195e-12
2.395672665881076399e-02 2.144215403820016070e-09 8.086228511267877236e-12
2.429473406611112191e-02 2.143141870115355673e-09 8.086173265258337485e-12
2.463751044744610236e-02 2.142069983494053653e-09 8.086123261897565881e-12
2.498512308865866866e-02 2.140997008811267911e-09 8.086068032102882555e-12
2.533764022493331311e-02 2.139913986496705744e-09 8.085973585692518857e-12
2.569513105419020393e-02 2.138841691575937379e-09 8.085918810073235112e-12
2.605766575066870150e-02 2.137769658428396837e-09 8.085863974722664186e-12
2.642531547870212438e-02 2.136697826205364283e-09 8.085808849124600976e-12
2.679815240668726589e-02 2.135626044658553964e-09 8.085752869279969725e-12
2.717624972125059699e-02 2.134554529750199264e-09 8.085696847914342005e-12
2.755968164161478121e-02 2.133483214626867418e-09 8.085640532236718197e-12
2.794852343416744100e-02 2.132412115047791697e-09 8.085583981399233037e-12
2.834285142723580453e-02 2.131341274544271249e-09 8.085527359828782450e-12
2.874274302606975862e-02 2.130270688443499514e-09 8.085470649770524276e-12
2.914827672803605579e-02 2.129200358305038269e-09 8.085413857036560695e-12
2.955953213802730434e-02 2.128130292848490346e-09 8.085357011722063376e-12
2.997658998408790285e-02 2.127060799535092795e-09 8.085301279888247074e-12
3.039953213326092654e-02 2.125992962518139998e-09 8.085250886452266110e-12
3.082844160765810596e-02 2.124923878212489223e-09 8.085194622319132321e-12
3.126340260075702315e-02 2.123855068782378046e-09 8.085138347761173751e-12
3.170450049392777719e-02 2.122788389617749841e-09 8.085089222045132523e-12
3.215182187319329254e-02 2.121720162561751349e-09 8.085033115503411734e-12
3.260545454622561234e-02 2.120652260568638539e-09 8.084977113331382449e-12
3.306548755958250985e-02 2.119584629736897404e-09 8.084921087187702633e-12
3.353201121618674257e-02 2.118517269610040878e-09 8.084865035483078832e-12
3.400511709305253233e-02 2.117450180193326521e-09 8.084808958194700573e-12
3.448489805926147067e-02 2.116393576834328710e-09 8.084791067195765935e-12
3.497144829419274875e-02 2.115327092322448161e-09 8.084735211938771489e-12
3.546486330600995274e-02 2.114260871725651006e-09 8.084679304071459957e-12
3.596523995040924737e-02 2.113194857452437525e-09 8.084623113535178285e-12
3.647267644963160527e-02 2.112129124824702598e-09 8.084566931015347882e-12
3.698727241174359914e-02 2.111063683656427202e-09 8.084510792381626884e-12
3.750912885019022647e-02 2.109998415482472970e-09 8.084454216000133940e-12
3.803834820362325675e-02 2.108933356113769981e-09 8.084397363156890718e-12
3.857503435600990321e-02 2.107868884969893498e-09 8.084341723954612584e-12
3.911929265702457359e-02 2.106804330273383046e-09 8.084284789829038387e-12
3.967122994272894582e-02 2.105740422349531276e-09 8.084229348197177429e-12
4.023095455654326913e-02 2.104676573755077419e-09 8.084172965932666224e-12
4.079857637051406000e-02 2.103612936103500588e-09 8.084116292198757027e-12
4.137420680688134317e-02 2.102539464550252445e-09 8.084021563543878319e-12
4.195795885995076691e-02 2.101476460378229177e-09 8.083965189123525709e-12
4.254994711827365939e-02 2.100413726847293800e-09 8.083908789339422834e-12
4.315028778714072311e-02 2.099351262099781464e-09 8.083852356094490932e-12
4.375909871139241347e-02 2.098289063004904542e-09 8.083795874888924334e-12
4.437649939855179554e-02 2.097227125075383573e-09 8.083739325285497329e-12
4.500261104228312631e-02 2.096177399156818087e-09 8.083728143166657396e-12
4.563755654618214391e-02 2.095116180658760065e-09 8.083672251070563678e-12
4.628146054790126945e-02 2.094055223310405670e-09 8.083616297509468759e-12
4.693444944361572363e-02 2.092994602478581818e-09 8.083560571999016878e-12
4.759665141283478396e-02 2.091925578389228701e-09 8.083471753922059394e-12
4.826819644356269284e-02 2.090870260606537379e-09 8.083433701786963099e-12
4.894921635781519786e-02 2.089804714411404306e-09 8.083355667657048564e-12
4.963984483749542959e-02 2.088752215219696991e-09 8.083327401772046412e-12
5.034021745063555625e-02 2.087690222509402938e-09 8.083260805807586299e-12
5.105047167800795538e-02 2.086630937079993615e-09 8.083203813619531110e-12
5.177074694011263301e-02 2.085571922872393505e-09 8.083146796525725221e-12
5.250118462454455431e-02 2.084513179847612622e-09 8.083089754370807312e-12
5.324192811374801187e-02 2.083454707942281074e-09 8.083032686908799393e-12
5.399312281316163975e-02 2.082396506903982215e-09 8.082975593213131547e-12
5.475491617976149111e-02 2.081338576835454358e-09 8.082918473633660785e-12
5.552745775100585701e-02 2.080280917816095676e-09 8.082861328439984977e-12
5.631089917418944518e-02 2.079223529272914022e-09 8.082804155542986786e-12
5.710539423621076305e-02 2.078166411510775496e-09 8.082746955953574624e-12
5.791109889376041403e-02 2.077109571979556967e-09 8.082689752625840852e-12
5.872817130393442192e-02 2.076053002832935820e-09 8.082632521202310114e-12
5.955677185528039652e-02 2.074996703660395964e-09 8.082575260115557544e-12
6.039706319928084960e-02 2.073940674373972945e-09 8.082517969011141096e-12
6.124921028228130088e-02 2.072884915367867129e-09 8.082460649356143135e-12
6.211338037786887090e-02 2.071829426489277991e-09 8.082403300552872355e-12
6.298974311970709228e-02 2.070774173471105491e-09 8.082345795108231357e-12
6.387847053483493298e-02 2.069718993421824522e-09 8.082287513294364468e-12
6.477973707743460430e-02 2.068664159271997611e-09 8.082229512899122830e-12
6.569371966307684108e-02 2.067610078077495360e-09 8.082173412656206307e-12
6.662059770344828935e-02 2.066556327336862585e-09 8.082117531383777367e-12
6.756055314156998726e-02 2.065502772272988187e-09 8.082061332094777747e-12
6.851377048751158827e-02 2.064449328799825403e-09 8.082004470289533419e-12
6.948043685461061103e-02 2.063396140274867877e-09 8.081947498276090254e-12
7.046074199620164236e-02 2.062343566596181677e-09 8.081891762206916960e-12
7.145487834286476381e-02 2.061291128275100008e-09 8.081835490724412676e-12
7.246304104019851700e-02 2.060238932136365470e-09 8.081779085407566871e-12
7.348542798712687230e-02 2.059186933473956713e-09 8.081722369935329193e-12
7.452223987474553002e-02 2.058134949948274878e-09 8.081664615397240844e-12
7.557368022571750443e-02 2.057082889307609652e-09 8.081605460135021299e-12
7.663995543422334744e-02 2.056031046646083613e-09 8.081546075551829017e-12
7.772127480647621212e-02 2.054979323584533977e-09 8.081486083177879409e-12
7.881785060180740432e-02 2.053919797256297551e-09 8.081394436225526618e-12
7.992989807433244220e-02 2.052869235593742974e-09 8.081336798113259735e-12
8.105763551520492327e-02 2.051818941176403329e-09 8.081279116686132440e-12
8.220128429546577631e-02 2.050766580408826995e-09 8.081211996971455496e-12
8.336106890949830650e-02 2.049729022354083533e-09 8.081201683804128450e-12
8.453721701909504282e-02 2.048667312234773109e-09 8.081096365632468648e-12
8.572995949814757322e-02 2.047620399760949074e-09 8.081047851106519015e-12
8.693953047796572353e-02 2.046571418888594766e-09 8.080989878544386338e-12
8.816616739323737684e-02 2.045522701946557624e-09 8.080931848326176845e-12
8.941011102863537230e-02 2.044474254547261412e-09 8.080873786961353802e-12
9.067160556608352961e-02 2.043426077698843254e-09 8.080815698852598946e-12
9.195089863268787744e-02 2.042388099879041617e-09 8.080796053948863513e-12
9.324824134934589503e-02 2.041340520358925398e-09 8.080738165348057476e-12
9.456388838003981778e-02 2.040293188849045734e-09 8.080680122525449139e-12
9.589809798182714895e-02 2.039245953774007735e-09 8.080621263068658273e-12
9.725113205553485851e-02 2.038199699111730197e-09 8.080565200000178750e-12
9.862325619717041136e-02 2.037153197518477527e-09 8.080507165193028096e-12
1.000147397500566609e-01 2.036106967688388625e-09 8.080449107097188907e-12
1.014258558577033342e-01 2.035063332436245787e-09 8.080400449967405165e-12
1.028568815174245171e-01 2.034017644517732741e-09 8.080342343161557343e-12
1.043080976347114802e-01 2.032972228403220956e-09 8.080284213146368933e-12
1.057797890783744310e-01 2.031927084431949611e-09 8.080226061202528780e-12
1.072722447364603399e-01 2.030882212843030976e-09 8.080167888226138445e-12
1.087857575729616333e-01 2.029830446363967091e-09 8.080080868956376247e-12
1.103206246853230960e-01 2.028786146225784963e-09 8.080022748771558948e-12
1.118771473627620250e-01 2.027740438265983521e-09 8.079958204377083975e-12
1.134556311454093247e-01 2.026696568612476346e-09 8.079899597434772066e-12
1.150563858842869741e-01 2.025652969981202864e-09 8.079840964049780415e-12
1.166797258021298189e-01 2.024614495521854566e-09 8.079801788184815262e-12
1.183259695550672591e-01 2.023571399407892438e-09 8.079742969432491819e-12
1.199954402951735610e-01 2.022528576707855414e-09 8.079684131966310463e-12
1.216884657339023651e-01 2.021486042369311993e-09 8.079625330803073171e-12
1.234053782064144372e-01 2.020443808372065044e-09 8.079566610062800513e-12
1.251465147368148456e-01 2.019401844693028440e-09 8.079507859937094922e-12
1.269122171043087777e-01 2.018360151285028900e-09 8.079449080243687473e-12
1.287028319102924423e-01 2.017318728183295633e-09 8.079390271087518629e-12
1.305187106463891189e-01 2.016277575516542904e-09 8.079331432882928326e-12
1.323602097634459240e-01 2.015236693040666405e-09 8.079272564782163068e-12
1.342276907415044518e-01 2.014198981428692642e-09 8.079225380788090367e-12
1.361215201607570979e-01 2.013151371270923641e-09 8.079137715474653500e-12
1.380420697735065816e-01 2.012116252703739425e-09 8.079098189867647328e-12
1.399897165771385454e-01 2.011067401542574551e-09 8.079003144670393734e-12
1.419648428881260804e-01 2.010037946359134328e-09 8.078983624396167893e-12
1.439678364170759173e-01 2.008996372482698393e-09 8.078916136409789951e-12
1.459990903448358801e-01 2.007960245067980512e-09 8.078868740010651047e-12
1.480590033996738164e-01 2.006919297345082055e-09 8.078800425236120595e-12
1.501479799355477929e-01 2.005879076070035691e-09 8.078733870665692805e-12
1.522664300114781322e-01 2.004840905281302284e-09 8.078674732068915322e-12
1.544147694720419683e-01 2.003803004629311100e-09 8.078615563106366632e-12
1.565934200290007294e-01 2.002765374112086832e-09 8.078556363746077498e-12
1.588028093440821131e-01 2.001728013734894484e-09 8.078497133997875536e-12
1.610433711129273249e-01 2.000690923490643464e-09 8.078437873800982358e-12
1.633155451502252831e-01 1.999654103382814135e-09 8.078378583153449566e-12
1.656197774760455321e-01 1.998617553410011870e-09 8.078319262026104504e-12
1.679565204033918180e-01 1.997581273571696106e-09 8.078259910391466033e-12
1.703262326269883165e-01 1.996545263868362325e-09 8.078200528238619248e-12
1.727293793133204414e-01 1.995509524298519947e-09 8.078141115531846747e-12
1.751664321919459699e-01 1.994474054862752962e-09 8.078081672255464412e-12
1.776378696480926667e-01 1.993438855557016871e-09 8.078022198370135926e-12
1.801441768165652213e-01 1.992403926387690061e-09 8.077962693880856685e-12
1.826858456769739902e-01 1.991369267348222506e-09 8.077903158739322249e-12
1.852633751503104942e-01 1.990334878441446056e-09 8.077843592931241135e-12
1.878772711968824116e-01 1.989300759665727857e-09 8.077783996429584569e-12
1.905280469156333534e-01 1.988266911018004033e-09 8.077724369207501494e-12
1.932162226448609077e-01 1.987233332505516550e-09 8.077664711263066130e-12
1.959423260643588793e-01 1.986200024121930858e-09 8.077605022553576893e-12
1.987068922989974895e-01 1.985166985865017706e-09 8.077545303044665397e-12
2.015104640237680989e-01 1.984134217740325822e-09 8.077485552740843979e-12
2.043535915703069139e-01 1.983101719742830496e-09 8.077425771596058711e-12
2.072368330349248222e-01 1.982069491875163818e-09 8.077365959600015071e-12
2.101607543881581774e-01 1.981037534136185105e-09 8.077306116726170580e-12
2.131259295858685954e-01 1.980005846522876802e-09 8.077246242941484864e-12
2.161329406819069987e-01 1.978974429036435014e-09 8.077186338228735764e-12
2.191823779423694996e-01 1.977943281678583170e-09 8.077126402570069427e-12
2.222748399614653259e-01 1.976912404444512042e-09 8.077066435926105917e-12
2.254109337790171919e-01 1.975881797340181053e-09 8.077006438297665952e-12
2.285912749996230620e-01 1.974851460357031366e-09 8.076946409628050501e-12
2.318164879134953504e-01 1.973823121053344154e-09 8.076893680584278978e-12
2.350872056190088932e-01 1.972794086456078658e-09 8.076836960874351401e-12
2.384040701469740398e-01 1.971765925485390875e-09 8.076782377432653364e-12
2.417677325866671723e-01 1.970736668436472319e-09 8.076722241401041546e-12
2.451788532136352505e-01 1.969694407868073543e-09 8.076608476845004326e-12
2.486381016193076887e-01 1.968676748442109197e-09 8.076592962894415018e-12
2.521461568424329114e-01 1.967646587329787604e-09 8.076527052532574633e-12
2.557037075023733674e-01 1.966621281614084863e-09 8.076477108509046893e-12
2.593114519342771818e-01 1.965591628088142470e-09 8.076409082328405210e-12
2.629700983261609171e-01 1.964566456206415623e-09 8.076359353978786970e-12
2.666803648579224584e-01 1.963536794164384954e-09 8.076288957914777031e-12
2.704429798423195197e-01 1.962511149794774870e-09 8.076234388261843763e-12
2.742586818679326743e-01 1.961486295591402451e-09 8.076182625735880881e-12
2.781282199441500458e-01 1.960459466512629685e-09 8.076120996076877331e-12
2.820523536481933102e-01 1.959433179044574779e-09 8.076060388103089431e-12
2.860318532742212039e-01 1.958396235784706603e-09 8.075955065937526982e-12
2.900674999845360702e-01 1.957370769647730817e-09 8.075895640079014103e-12
2.941600859629218134e-01 1.956355903614148542e-09 8.075878557698702528e-12
2.983104145701490073e-01 1.955330750346794582e-09 8.075818281813493197e-12
3.025193005016694747e-01 1.954304845302860742e-09 8.075752778829058822e-12
3.067875699475408613e-01 1.953280553178321842e-09 8.075694746711923754e-12
3.111160607546022416e-01 1.952253527663500936e-09 8.075622615152087021e-12
3.155056225909433354e-01 1.951231032110886269e-09 8.075569173814065359e-12
3.199571171126887603e-01 1.950206038631779335e-09 8.075503753175908481e-12
3.244714181331409542e-01 1.949184651453116782e-09 8.075451867105364161e-12
3.290494117943040808e-01 1.948160329270119861e-09 8.075387022755209416e-12
3.336919967408332188e-01 1.947134485346893595e-09 8.075313850706501556e-12
3.384000842964328126e-01 1.946111711099386293e-09 8.075252936804015996e-12
3.431745986427489625e-01 1.945089206455302719e-09 8.075191989058789535e-12
3.480164770007806441e-01 1.944066971385623307e-09 8.075131007326463001e-12
3.529266698148554315e-01 1.943045005855946445e-09 8.075069991440202788e-12
3.579061409391963711e-01 1.942023309876192921e-09 8.075008941462259085e-12
3.629558678271241345e-01 1.941001917180297721e-09 8.074948000154908246e-12
3.680768417229291489e-01 1.939980805730519929e-09 8.074887065340404996e-12
3.732700678564466190e-01 1.938959968596301552e-09 8.074826113977686688e-12
3.785365656403829049e-01 1.937934699260699465e-09 8.074745420462652095e-12
3.838773688704197884e-01 1.936914423204440956e-09 8.074684483916111806e-12
3.892935259281479765e-01 1.935894421021495951e-09 8.074623530956605336e-12
3.947860999868578191e-01 1.934874692133025380e-09 8.074562559262273863e-12
4.003561692202399214e-01 1.933855237626365188e-09 8.074501573204246705e-12
4.060048270140235727e-01 1.932836196149279184e-09 8.074441148065401385e-12
4.117331821806080039e-01 1.931822123078903539e-09 8.074400415482602700e-12
4.175423591767152276e-01 1.930798065368683038e-09 8.074316694655143376e-12
4.234334983241204164e-01 1.929784080005742605e-09 8.074274118350515224e-12
4.294077560334898513e-01 1.928768586099710933e-09 8.074224571566307964e-12
4.354663050313836714e-01 1.927751131789418266e-09 8.074164136092983110e-12
4.416103345904549005e-01 1.926722335994495987e-09 8.074056717339400535e-12
4.478410507629031478e-01 1.925705250957566298e-09 8.073996314582317757e-12
4.541596766172146804e-01 1.924687186907745745e-09 8.073930599653660177e-12
4.605674524782501500e-01 1.923671003321491373e-09 8.073871682334842293e-12
4.670656361707151705e-01 1.922655010635258124e-09 8.073812403184086040e-12
4.736555032660636488e-01 1.921647510715952685e-09 8.073787880869068647e-12
4.803383473328938780e-01 1.920630200053744692e-09 8.073720678571135038e-12
4.871154801908689214e-01 1.919614459816035618e-09 8.073658981580430957e-12
4.939882321682192434e-01 1.918592373701374851e-09 8.073569571814287603e-12
5.009579523628877595e-01 1.917586524283912971e-09 8.073546346784575666e-12
5.080260089073489471e-01 1.916571573837677046e-09 8.073484430538599611e-12
5.151937892371708516e-01 1.915557172283408049e-09 8.073423550677733728e-12
5.224627003633600664e-01 1.914539002626712428e-09 8.073345478389059882e-12
5.298341691485587424e-01 1.913529452948979470e-09 8.073303037543323663e-12
5.373096425871296544e-01 1.912514617462472045e-09 8.073237157476948979e-12
5.448905880891976583e-01 1.911499599597852231e-09 8.073168976272997676e-12
5.525784937686932796e-01 1.910484874829439190e-09 8.073101530350700666e-12
5.603748687354711544e-01 1.909459806410043919e-09 8.072989834083715214e-12
5.682812433915384043e-01 1.908450782045864694e-09 8.072942432109429065e-12
5.762991697314702177e-01 1.907438261846508132e-09 8.072880221457659165e-12
5.844302216470557143e-01 1.906436699262350592e-09 8.072863429661775416e-12
5.926759952362552486e-01 1.905424628060761877e-09 8.072800778807668805e-12
6.010381091165051259e-01 1.904413281283143839e-09 8.072740196963070506e-12
6.095182047424433369e-01 1.903401783458261332e-09 8.072677625067857620e-12
6.181179467281285866e-01 1.902379700228546806e-09 8.072568713281180270e-12
6.268390231737938079e-01 1.901379343724081538e-09 8.072551223763979988e-12
6.356831459972167586e-01 1.900368583829706036e-09 8.072488227656831682e-12
6.446520512697586636e-01 1.899358047952324468e-09 8.072424992593630083e-12
6.537474995571568304e-01 1.898347849861091045e-09 8.072362015234808242e-12
6.629712762651127633e-01 1.897338135642972505e-09 8.072299940999269048e-12
6.723251919897635931e-01 1.896328522085406107e-09 8.072237154952068516e-12
6.818110828730907791e-01 1.895319194441978435e-09 8.072174393130089762e-12
6.914308109633565680e-01 1.894310141031660952e-09 8.072111614854852084e-12
7.011862645806125061e-01 1.893301434374486795e-09 8.072049140924697401e-12
7.110793586873728200e-01 1.892293181511057548e-09 8.071987465779757365e-12
7.211120352645095100e-01 1.891285476769445825e-09 8.071927058595303449e-12
7.312862636924654103e-01 1.890277735367686076e-09 8.071865301035008257e-12
7.416040411378305164e-01 1.889270846877102323e-09 8.071805806299417899e-12
7.520673929453827178e-01 1.888263860551553364e-09 8.071744545161482836e-12
7.626783730356495594e-01 1.887256762026496544e-09 8.071681821902082628e-12
7.734390643080952810e-01 1.886249967883914670e-09 8.071619250826150134e-12
7.843515790499823170e-01 1.885240913695629685e-09 8.071544973689817198e-12
7.954180593510012942e-01 1.884234765439020160e-09 8.071482688262708378e-12
8.066406775237654481e-01 1.883228908665395184e-09 8.071420450017471172e-12
8.180216365302219739e-01 1.882222786641111486e-09 8.071356005029650878e-12
8.295631704140894458e-01 1.881217195426629008e-09 8.071292684900046500e-12
8.412675447393858086e-01 1.880202615824738720e-09 8.071190323173249821e-12
8.531370570351617388e-01 1.879196003866033166e-09 8.071120007538792881e-12
8.651740372464902240e-01 1.878204557707734078e-09 8.071112729359517574e-12
8.773808481918310420e-01 1.877200227458967003e-09 8.071049932644412636e-12
8.897598860268367549e-01 1.876195268897564301e-09 8.070983373367469332e-12
9.023135807147203424e-01 1.875185418434101484e-09 8.070894546404637208e-12
9.150443965032418747e-01 1.874181841146777726e-09 8.070831388642531756e-12
9.279548324084356814e-01 1.873179777277505610e-09 8.070773636118775217e-12
9.410474227051511820e-01 1.872175617093255865e-09 8.070705503726894033e-12
9.543247374245337200e-01 1.871172814418492949e-09 8.070642103804623721e-12
9.677893828585051317e-01 1.870170274017280533e-09 8.070578636109150073e-12
9.814440020713747215e-01 1.869168004077146203e-09 8.070515136359054440e-12
9.952912754186551414e-01 1.868166012906080274e-09 8.070451642330518636e-12
1.009333921073219065e+00 1.867164294131252524e-09 8.070388125066639369e-12
1.023574695558861825e+00 1.866162845245755208e-09 8.070324573201599593e-12
1.038016394291391142e+00 1.865162884419306521e-09 8.070266333100665771e-12
1.052661852127370734e+00 1.864161977900856349e-09 8.070202726075760546e-12
1.067513943920583408e+00 1.863161341225173372e-09 8.070139084149481564e-12
1.082575585086360981e+00 1.862160974332386053e-09 8.070075407063157170e-12
1.097849732173860948e+00 1.861160877421960310e-09 8.070011695599149971e-12
1.113339383446440012e+00 1.860165801967088543e-09 8.069968953583096799e-12
1.129047579470194629e+00 1.859161542312300119e-09 8.069884366843943870e-12
1.144977403710818242e+00 1.858161095386662413e-09 8.069815424083852462e-12
1.161131983138866008e+00 1.857162137704656358e-09 8.069751816029593666e-12
1.177514488843582008e+00 1.856163479935403317e-09 8.069688311334342528e-12
1.194128136655364436e+00 1.855164845024877256e-09 8.069623715045035849e-12
1.210976187777027091e+00 1.854173329719268719e-09 8.069588650831482293e-12
1.228061949423952415e+00 1.853162361161332635e-09 8.069468951388545187e-12
1.245388775473301290e+00 1.852175524191033831e-09 8.069451342033749146e-12
1.262960067122357977e+00 1.851178610533273438e-09 8.069389220659913954e-12
1.280779273556179154e+00 1.850181257043929608e-09 8.069324221513586601e-12
1.298849892624646118e+00 1.849186724427866975e-09 8.069271032694262193e-12
1.317175471529097086e+00 1.848190090284767671e-09 8.069206609850170295e-12
1.335759607518622882e+00 1.847193100678892423e-09 8.069139681584597895e-12
1.354605948596186771e+00 1.846185930536663900e-09 8.069026443054049256e-12
1.373718194234730294e+00 1.845200068398413414e-09 8.069005531643668715e-12
1.393100096103357943e+00 1.844204554742512557e-09 8.068941180533574573e-12
1.412755458803781838e+00 1.843209413424663337e-09 8.068877256816615163e-12
1.432688140617141004e+00 1.842214529581299689e-09 8.068813242368104598e-12
1.452902054261385301e+00 1.841219778933580379e-09 8.068748649683460390e-12
1.473401167659318611e+00 1.840225641015216942e-09 8.068685568897781078e-12
1.494189504717493122e+00 1.839231683111258209e-09 8.068622040563147521e-12
1.515271146116077938e+00 1.838238050494248327e-09 8.068558746851014879e-12
1.536650230109899207e+00 1.837234032759933232e-09 8.068448268297191747e-12
1.558330953340754998e+00 1.836250873238486224e-09 8.068428596533733755e-12
1.580317571661207454e+00 1.835257931440258562e-09 8.068364625693361135e-12
1.602614400969978981e+00 1.834254881643307170e-09 8.068254742633735303e-12
1.625225818059168326e+00 1.833258689055345153e-09 8.068175144774833443e-12
1.648156261473387785e+00 1.832279127508020856e-09 8.068164608300023622e-12
1.671410232381039362e+00 1.831288116711316922e-09 8.068104277099810473e-12
1.694992295457867337e+00 1.830297958214035361e-09 8.068046306577537498e-12
1.718907079783007275e+00 1.829301945256225357e-09 8.067961267066561853e-12
1.743159279747650059e+00 1.828314310604808238e-09 8.067912437893989897e-12
1.767753655976522786e+00 1.827323407936755689e-09 8.067847718676352951e-12
1.792695036262405894e+00 1.826332772594614712e-09 8.067782842874091670e-12
1.817988316513796887e+00 1.825339821817173790e-09 8.067707199806879743e-12
1.843638461715969568e+00 1.824349717710490009e-09 8.067642218844192377e-12
1.869650506905567555e+00 1.823352621321524016e-09 8.067544903596950238e-12
1.896029558158987660e+00 1.822362972590388567e-09 8.067479457481035957e-12
1.922780793594671023e+00 1.821373096858915052e-09 8.067411780897311948e-12
1.949909464389557368e+00 1.820383506185763899e-09 8.067344122444260902e-12
1.977420895809857138e+00 1.819395792548006840e-09 8.067283673495955459e-12
2.005320488256407963e+00 1.818408654693174966e-09 8.067224575677955944e-12
2.033613718324737807e+00 1.817418431407246758e-09 8.067150300132472272e-12
2.062306139880112799e+00 1.816430470914484281e-09 8.067084943819501973e-12
2.091403385147721394e+00 1.815453634099240568e-09 8.067067124064135845e-12
2.120911165818291089e+00 1.814466232598370965e-09 8.067001804138630666e-12
2.150835274169252020e+00 1.813479117515958460e-09 8.066936441362458801e-12
2.181181584201755452e+00 1.812492700633260573e-09 8.066872907011873127e-12
2.211956052793697669e+00 1.811505686402170599e-09 8.066805789403564760e-12
2.243164720869065043e+00 1.810519333977078991e-09 8.066740211738353396e-12
2.274813714583731716e+00 1.809522534038426107e-09 8.066627462938978127e-12
2.306909246527990565e+00 1.808536792041664571e-09 8.066562077384871059e-12
2.339457616946090557e+00 1.807563282800957261e-09 8.066549544305255219e-12
2.372465214972935055e+00 1.806578414950887445e-09 8.066485600799463375e-12
2.405938519888257243e+00 1.805593889777967276e-09 8.066421941292972663e-12
2.439884102388460541e+00 1.804601735667753469e-09 8.066322677880133269e-12
2.474308625876454393e+00 1.803621447166890757e-09 8.066275692084123652e-12
2.509218847769636884e+00 1.802637219089279847e-09 8.066209670799348681e-12
2.544621620826364339e+00 1.801653266069914121e-09 8.066143634712462606e-12
2.580523894491102421e+00 1.800669587065684497e-09 8.066077579473077018e-12
2.616932716258610458e+00 1.799686169477877720e-09 8.066011452787143784e-12
2.653855233057321072e+00 1.798702981082263304e-09 8.065945104240229174e-12
2.691298692652265512e+00 1.797719949330336969e-09 8.065878221328887365e-12
2.729270445067768058e+00 1.796727467797745934e-09 8.065767691050571957e-12
2.767777944030259452e+00 1.795756199561067195e-09 8.065751522650905722e-12
2.806828748431404730e+00 1.794774137034841055e-09 8.065685216345455433e-12
2.846430523811868785e+00 1.793782464120997869e-09 8.065574419367217959e-12
2.886591043866072237e+00 1.792801069944676984e-09 8.065508598503263161e-12
2.927318191968117489e+00 1.791819865540105968e-09 8.065442385483222774e-12
2.968619962719279304e+00 1.790849679395292193e-09 8.065423800865593571e-12
3.010504463517295726e+00 1.789869755098307301e-09 8.065360661097580961e-12
3.052979916147857686e+00 1.788885228101981002e-09 8.065275563348446994e-12
3.096054658398492698e+00 1.787903921996826290e-09 8.065204184578256308e-12
3.139737145695259635e+00 1.786928182968782765e-09 8.065156573503057526e-12
3.184035952762491739e+00 1.785948485740670748e-09 8.065089713458926649e-12
3.228959775306025737e+00 1.784969157538671428e-09 8.065023221649036150e-12
3.274517431720114224e+00 1.783990256250698076e-09 8.064957359275455386e-12
3.320717864818457876e+00 1.783007636384833872e-09 8.064873177819351778e-12
3.367570143589625253e+00 1.782031835840006568e-09 8.064819694169990037e-12
3.415083464977302974e+00 1.781056859265179605e-09 8.064767311363962183e-12
3.463267155685597398e+00 1.780079109159884852e-09 8.064701660790657425e-12
3.512130674009851461e+00 1.779101311462678075e-09 8.064634644519200617e-12
3.561683611693243989e+00 1.778124011616078411e-09 8.064568520361331668e-12
3.611935695809662228e+00 1.777147030368657456e-09 8.064502546422284389e-12
3.662896790673070946e+00 1.776170206076228009e-09 8.064436087393781285e-12
3.714576899773821772e+00 1.775192486949865455e-09 8.064364564353798580e-12
3.766986167742347735e+00 1.774212746768550969e-09 8.064282223677467566e-12
3.820134882340492144e+00 1.773241350627472935e-09 8.064237149873316106e-12
3.874033476480975846e+00 1.772265625367866216e-09 8.064170592855298042e-12
3.928692530275311068e+00 1.771287402979494216e-09 8.064091064915944184e-12
3.984122773110688076e+00 1.770312144500617624e-09 8.064024091549093670e-12
4.040335085756087352e+00 1.769337155482131997e-09 8.063957078810276458e-12
4.097340502498154180e+00 1.768361354621020399e-09 8.063885021979278817e-12
4.155150213307154949e+00 1.767386915370522158e-09 8.063817977699660952e-12
4.213775566033586273e+00 1.766412711531898355e-09 8.063750736048441679e-12
4.273228068635679833e+00 1.765439132223247565e-09 8.063684905082729443e-12
4.333519391438398927e+00 1.764469180930451708e-09 8.063634198514247955e-12
4.394661369424243347e+00 1.763496340405220885e-09 8.063569371508157800e-12
4.456666004556473659e+00 1.762515740788113778e-09 8.063468276426394192e-12
4.519545468135015120e+00 1.761547246533632987e-09 8.063420222823875333e-12
4.583312103185667397e+00 1.760576094917542925e-09 8.063358982105859811e-12
4.647978426882955816e+00 1.759603713693783077e-09 8.063291189022528856e-12
4.713557133007270750e+00 1.758631580206485129e-09 8.063223271090078319e-12
4.780061094436582891e+00 1.757659726477807405e-09 8.063155358352134620e-12
4.847503365673317077e+00 1.756688294597952394e-09 8.063088081587888367e-12
4.915897185406965519e+00 1.755717155324126024e-09 8.063020868285538091e-12
4.985255979112758418e+00 1.754744798481419399e-09 8.062946784880811202e-12
5.055593361687059861e+00 1.753776185275466840e-09 8.062889453666254987e-12
5.126923140119885147e+00 1.752805807298033779e-09 8.062821906110975758e-12
5.199259316205226078e+00 1.751835682960435788e-09 8.062754230534108269e-12
5.272616089289516417e+00 1.750865811789334479e-09 8.062686428587761617e-12
5.347007859058935608e+00 1.749896219671079736e-09 8.062618643816434210e-12
5.422449228365975316e+00 1.748926929438940194e-09 8.062550997511582207e-12
5.498955006095994413e+00 1.747957909041924493e-09 8.062483313219513935e-12
5.576540210074110604e+00 1.746988826900177197e-09 8.062414246767265281e-12
5.655220070013172062e+00 1.746020041473372150e-09 8.062345070383556556e-12
5.735010030503249645e+00 1.745051405094237627e-09 8.062275315493310136e-12
5.815925754043426821e+00 1.744083354850017259e-09 8.062206890225933779e-12
5.897983124116253251e+00 1.743115560615513723e-09 8.062138341482783839e-12
5.981198248305638288e+00 1.742147967991148953e-09 8.062069438217529377e-12
6.065587461458666674e+00 1.741180692871607904e-09 8.062000745151820727e-12
6.151167328892149122e+00 1.740213651693163912e-09 8.061931845986058840e-12
6.237954649644298577e+00 1.739247017924521877e-09 8.061863599165546620e-12
6.325966459772291550e+00 1.738280682247838963e-09 8.061795449854139986e-12
6.415220035696457046e+00 1.737314644820388052e-09 8.061727398951389776e-12
6.505732897591533614e+00 1.736348877826245741e-09 8.061659312450753884e-12
6.597522812825848071e+00 1.735383381190159480e-09 8.061591189989255118e-12
6.690607799448929249e+00 1.734418154930127686e-09 8.061523031618097895e-12
6.785006129728476942e+00 1.733453200506023224e-09 8.061454844318756056e-12
6.880736333737091037e+00 1.732488524155650247e-09 8.061386655256105874e-12
6.977817202989686329e+00 1.731524080553645437e-09 8.061318230068872332e-12
7.076267794132150790e+00 1.730559913962548837e-09 8.061249827754455810e-12
7.176107432682184317e+00 1.729596024338671456e-09 8.061181449149429944e-12
7.277355716822774490e+00 1.728632360393278290e-09 8.061112810776034210e-12
7.380032521249283661e+00 1.727668965725990917e-09 8.061044129118666474e-12
7.484158001070723820e+00 1.726705861440322544e-09 8.060975507094787968e-12
7.589752595766229959e+00 1.725743143031615918e-09 8.060907409070676344e-12
7.696837033197192035e+00 1.724780661296060247e-09 8.060839110775296217e-12
7.805432333676104228e+00 1.723818439582557336e-09 8.060770726388025837e-12
7.915559814092713253e+00 1.722856481579206096e-09 8.060702270905535006e-12
8.027241092098543973e+00 1.721894487883782770e-09 8.060632238838704009e-12
8.140498090350332561e+00 1.720933071394956969e-09 8.060563630766082795e-12
8.255353040813311338e+00 1.719971797219664562e-09 8.060494501522099863e-12
8.371828489125368478e+00 1.719010776737956802e-09 8.060425225631353566e-12
8.489947299022622573e+00 1.718050463996055006e-09 8.060358110800750008e-12
8.609732656827517872e+00 1.717090737106272719e-09 8.060292520148484756e-12
8.731208076000159579e+00 1.716131302903347442e-09 8.060226555316944822e-12
8.854397401754033226e+00 1.715171496316568088e-09 8.060157805185157235e-12
8.979324815736660526e+00 1.714210032933960774e-09 8.060079076205486894e-12
9.106014840776417429e+00 1.713250711162846485e-09 8.060009906639421780e-12
9.234492345696205362e+00 1.712281038960334355e-09 8.059891554118640097e-12
9.364782550195233313e+00 1.711331183005282210e-09 8.059863791872127868e-12
9.496911029799477433e+00 1.710376177396001087e-09 8.059810606066067335e-12
9.630903720882111330e+00 1.709412885861755442e-09 8.059717768444233613e-12
9.766786925754654902e+00 1.708455076403086703e-09 8.059649167211756292e-12
9.904587317830140236e+00 1.707496213971087345e-09 8.059574227410278061e-12
1.004433194685895536e+01 1.706539873769634542e-09 8.059510026070437821e-12
1.018604824423855959e+01 1.705582693474471668e-09 8.059440477465870753e-12
1.032976402839829433e+01 1.704625782086632118e-09 8.059370884710029580e-12
1.047550751025996618e+01 1.703673335881503258e-09 8.059321516506691331e-12
1.062330729877559143e+01 1.702716946571716398e-09 8.059251771382635209e-12
1.077319240654316168e+01 1.701760896116631665e-09 8.059182299224082484e-12
1.092519225550183926e+01 1.700805115464268040e-09 8.059112787577959725e-12
1.107933668270729655e+01 1.699849601034314449e-09 8.059043221661114743e-12
1.123565594618868246e+01 1.698894356315081905e-09 8.058973615797091037e-12
1.139418073088807049e+01 1.697935198274981577e-09 8.058883691533492404e-12
1.155494215468394970e+01 1.696980493557747012e-09 8.058813994960713478e-12
1.171797177449947291e+01 1.696026058540722508e-09 8.058744258210812542e-12
1.188330159249700912e+01 1.695071893257657657e-09 8.058674481394998535e-12
1.205096406235997186e+01 1.694117997626298652e-09 8.058604664113408796e-12
1.222099209566350986e+01 1.693164371753533770e-09 8.058534806799403571e-12
1.239341906833484330e+01 1.692211015433852472e-09 8.058464908506213255e-12
1.256827882720489065e+01 1.691257928778305408e-09 8.058394969684575351e-12
1.274560569665218601e+01 1.690304014470046725e-09 8.058319690737462698e-12
1.292543448534079609e+01 1.689351475472994300e-09 8.058249709619000765e-12
1.310780049305305894e+01 1.688400307903294654e-09 8.058185015820981088e-12
1.329273951761874351e+01 1.687448313745913582e-09 8.058114984148052853e-12
1.348028786194218931e+01 1.686495464787668816e-09 8.058039471170632749e-12
1.367048234112834137e+01 1.685544973854175650e-09 8.057974041261514729e-12
1.386336028970949208e+01 1.684593738817823437e-09 8.057903651030748543e-12
1.405895956897379939e+01 1.683641684379600632e-09 8.057827941147376401e-12
1.425731857439750883e+01 1.682691002436330643e-09 8.057757542533792251e-12
1.445847624318173530e+01 1.681746771727157247e-09 8.057716505508980188e-12
1.466247206189576779e+01 1.680796434097097379e-09 8.057645051688387179e-12
1.486934607422802301e+01 1.679845911587258807e-09 8.057572129933654929e-12
1.507913888884667131e+01 1.678893653279011679e-09 8.057488567446636806e-12
1.529189168737086035e+01 1.677948501356139576e-09 8.057438057432831860e-12
1.550764623245458473e+01 1.676999448412722843e-09 8.057367750655120523e-12
1.572644487598443064e+01 1.676050621183520806e-09 8.057296891079252344e-12
1.594833056739329891e+01 1.675102024269856317e-09 8.057225832709671875e-12
1.617334686209109762e+01 1.674153737445567593e-09 8.057154909700846114e-12
1.640153793001460514e+01 1.673205650162309084e-09 8.057083599850100064e-12
1.663294856429772395e+01 1.672258105009451065e-09 8.057013460621435869e-12
1.686762419006443281e+01 1.671310521264730548e-09 8.056941906430336974e-12
1.710561087334549057e+01 1.670357158029562696e-09 8.056843261591793345e-12
1.734695533012092739e+01 1.669413827186439681e-09 8.056787790593225724e-12
1.759170493549044068e+01 1.668468795040128638e-09 8.056724215030244957e-12
1.783990773297283994e+01 1.667521762196749374e-09 8.056649803284562044e-12
1.809161244393688506e+01 1.666575542751689340e-09 8.056578145710997166e-12
1.834686847716498903e+01 1.665629651823144801e-09 8.056506715486634243e-12
1.860572593855220447e+01 1.664684152119059675e-09 8.056435810658784366e-12
1.886823564094170180e+01 1.663738946243767009e-09 8.056364975389645951e-12
1.913444911409924032e+01 1.662794011629398444e-09 8.056294106062342631e-12
1.940441861482811703e+01 1.661849362569429000e-09 8.056223262635267903e-12
1.967819713722723662e+01 1.660900987455492542e-09 8.056132795263096429e-12
1.995583842309352818e+01 1.659960994780760650e-09 8.056082252837288698e-12
2.023739697247134472e+01 1.659019691755918521e-09 8.056023520590156623e-12
2.052292805435048706e+01 1.658072043662261752e-09 8.055933105666016507e-12
2.081248771751555182e+01 1.657131997028471586e-09 8.055878513525843860e-12
2.110613280154795746e+01 1.656182170009589414e-09 8.055775551882204335e-12
2.140392094798346179e+01 1.655248392030024381e-09 8.055745591986706158e-12
2.170591061162680191e+01 1.654302892283053869e-09 8.055660228864919579e-12
2.201216107202644778e+01 1.653360650242316736e-09 8.055588945522213465e-12
2.232273244511084798e+01 1.652418687972093237e-09 8.055517668612723619e-12
2.263768569498885341e+01 1.651476997614442385e-09 8.055446361065614183e-12
2.295708264591701209e+01 1.650535285611484330e-09 8.055373691258362507e-12
2.328098599443531214e+01 1.649594109763816355e-09 8.055302191813782708e-12
2.360945932167436467e+01 1.648653209926987371e-09 8.055230673682650033e-12
2.394256710583599812e+01 1.647712580788997134e-09 8.055159119152030655e-12
2.428037473485037623e+01 1.646772191452999952e-09 8.055087373077748034e-12
2.462294851921125272e+01 1.645832057957658981e-09 8.055015515828710875e-12
2.497035570499257773e+01 1.644892193949094174e-09 8.054943615846794642e-12
2.532266448704849893e+01 1.643952654460448525e-09 8.054871929365420933e-12
2.567994402240005059e+01 1.643013421240198955e-09 8.054800371560310164e-12
2.604226444381026795e+01 1.642074298358930350e-09 8.054728048793401613e-12
2.640969687355110196e+01 1.641135550989942470e-09 8.054656178359359137e-12
2.678231343736426595e+01 1.640197049831792277e-09 8.054583841626150561e-12
2.716018727861960613e+01 1.639257711612550468e-09 8.054506936100948421e-12
2.754339257267266206e+01 1.638314695699328505e-09 8.054409283176635718e-12
2.793200454142517941e+01 1.637380326659035091e-09 8.054353431946652146e-12
2.832609946809065349e+01 1.636442930219947128e-09 8.054281318783003660e-12
2.872575471216883614e+01 1.635505784230859147e-09 8.054209075497691048e-12
2.913104872463095418e+01 1.634570734323035944e-09 8.054145450553465584e-12
2.954206106331919912e+01 1.633634169710821007e-09 8.054073362401595551e-12
2.995887240856401945e+01 1.632697873192900601e-09 8.054001223206878534e-12
3.038156457902114838e+01 1.631761149544551163e-09 8.053925716752431872e-12
3.081022054773246666e+01 1.630820058415277061e-09 8.053827231119046607e-12
3.124492445841306321e+01 1.629884516623725880e-09 8.053754663536343766e-12
3.168576164196875666e+01 1.628949244742318031e-09 8.053682054492279009e-12
3.213281863324598220e+01 1.628015296530495021e-09 8.053614683281537538e-12
3.258618318801845959e+01 1.627080570160629361e-09 8.053542027190341133e-12
3.304594430021304419e+01 1.626146113693010147e-09 8.053469329610687799e-12
3.351219221937937220e+01 1.625211927228845407e-09 8.053396591000593258e-12
3.398501846840524365e+01 1.624278010601870599e-09 8.053323810513413919e-12
3.446451586148241120e+01 1.623344363912279214e-09 8.053250988602124872e-12
3.495077852232540749e+01 1.622411036703064114e-09 8.053178363718860009e-12
3.544390190264812901e+01 1.621477962866748558e-09 8.053105621658566053e-12
3.594398280090040032e+01 1.620545109926149610e-09 8.053032597676132958e-12
3.645111938126934348e+01 1.619612518879828717e-09 8.052959491045879490e-12
3.696541119294835198e+01 1.618680197765511472e-09 8.052886342632700873e-12
3.748695918967872842e+01 1.617748146636003844e-09 8.052813152662766382e-12
3.801586574956633768e+01 1.616816365503177116e-09 8.052739921163815647e-12
3.855223469517784451e+01 1.615884852087948936e-09 8.052666637764940876e-12
3.909617131392118239e+01 1.614953612543472689e-09 8.052593331857426660e-12
3.964778237871282585e+01 1.614022650230115642e-09 8.052520019938469429e-12
4.020717616893711721e+01 1.613091955003431334e-09 8.052446653122168351e-12
4.077446249170078119e+01 1.612161529618857027e-09 8.052373243869632615e-12
4.134975270338822639e+01 1.611231374102288232e-09 8.052299792265318653e-12
4.193315973152004261e+01 1.610301488455130740e-09 8.052226298285226919e-12
4.252479809692052015e+01 1.609371872684900937e-09 8.052152761928593240e-12
4.312478393619731065e+01 1.608442526757149230e-09 8.052079183003734666e-12
4.373323502453918366e+01 1.607513450721536856e-09 8.052005561706571831e-12
4.435027079883454348e+01 1.606584644545190623e-09 8.051931897853032817e-12
4.497601238111668209e+01 1.605656095558692149e-09 8.051858132285452731e-12
4.561058260233924244e+01 1.604727812944235513e-09 8.051784307519129835e-12
4.625410602648806702e+01 1.603803640727758327e-09 8.051730164234751787e-12
4.690670897503242998e+01 1.602875886994949660e-09 8.051656207502845086e-12
4.756851955172120938e+01 1.601948424177823157e-09 8.051582311248859466e-12
4.823966766772980463e+01 1.601017477135328019e-09 8.051489030156855479e-12
4.892028506716084735e+01 1.600090622329159116e-09 8.051415358080887528e-12
4.961050535290537056e+01 1.599164072210244197e-09 8.051341828521747858e-12
5.031046401286815239e+01 1.598241663467130232e-09 8.051287658490142199e-12
5.102029844656418334e+01 1.597304535348720625e-09 8.051158887046870986e-12
5.174014799208926263e+01 1.596388807825355589e-09 8.051134852134460224e-12
5.247015395347186484e+01 1.595464735816665792e-09 8.051069028054942577e-12
5.321045962841017740e+01 1.594538385026081107e-09 8.050989652131796312e-12
5.396121033640159936e+01 1.593612964809824472e-09 8.050913067828000202e-12
5.472255344726810478e+01 1.592688308211124656e-09 8.050839223442399127e-12
