# #Parameters: delta_c =0.4, gamma = 0.2, gstar = 107.5#Columns: mPBH [Msun, fPBH]
1.2017420021501749e+21 0.0000000000000000e+00
1.0596638657565015e+21 0.0000000000000000e+00
9.3438317574065842e+20 0.0000000000000000e+00
8.2391402341902307e+20 0.0000000000000000e+00
7.2650528777814304e+20 0.0000000000000000e+00
6.4061287727490636e+20 0.0000000000000000e+00
5.6487525340043189e+20 0.0000000000000000e+00
4.9809184801521716e+20 0.0000000000000000e+00
4.3920403233409434e+20 0.0000000000000000e+00
3.8727833588763138e+20 0.0000000000000000e+00
3.4149164945235109e+20 0.0000000000000000e+00
3.0111817739147490e+20 0.0000000000000000e+00
2.6551793257894976e+20 0.0000000000000000e+00
2.3412659153201899e+20 0.0000000000000000e+00
2.0644654893922071e+20 0.0000000000000000e+00
1.8203902978310491e+20 0.0000000000000000e+00
1.6051713402160198e+20 0.0000000000000000e+00
1.4153970357460291e+20 0.0000000000000000e+00
1.2480591439721574e+20 0.0000000000000000e+00
1.1005050791501097e+20 0.0000000000000000e+00
9.7039586231516348e+19 0.0000000000000000e+00
8.5566904454963216e+19 0.0000000000000000e+00
7.5450601371452211e+19 0.0000000000000000e+00
6.6530316640238961e+19 0.0000000000000000e+00
5.8664648813855719e+19 0.0000000000000000e+00
5.1728913888431825e+19 0.0000000000000000e+00
4.5613168853484847e+19 0.0000000000000000e+00
4.0220468911136383e+19 0.0000000000000000e+00
3.5465330738758738e+19 0.0000000000000000e+00
3.1272377435193983e+19 0.0000000000000000e+00
2.7575143670673670e+19 0.0000000000000000e+00
2.4315022100064330e+19 0.0000000000000000e+00
2.1440334338325967e+19 0.0000000000000000e+00
1.8905511771588448e+19 0.0000000000000000e+00
1.6670373218329932e+19 0.0000000000000000e+00
1.4699487990377900e+19 0.0000000000000000e+00
1.2961614257182831e+19 0.0000000000000000e+00
1.1429203810498558e+19 0.0000000000000000e+00
1.0077965379159980e+19 0.0000000000000000e+00
8.8864795717661460e+18 0.0000000000000000e+00
7.8358593434659256e+18 0.0000000000000000e+00
6.9094506046762097e+18 0.0000000000000000e+00
6.0925682258793615e+18 0.0000000000000000e+00
5.3722632537343713e+18 0.0000000000000000e+00
4.7371176484870769e+18 0.0000000000000000e+00
4.1770632889237023e+18 0.0000000000000000e+00
3.6832223757935437e+18 0.0000000000000000e+00
3.2477667038274294e+18 0.0000000000000000e+00
2.8637935715780654e+18 0.0000000000000000e+00
2.5252163620455813e+18 0.0000000000000000e+00
2.2266680596076946e+18 0.0000000000000000e+00
1.9634161738365888e+18 0.0000000000000000e+00
1.7312877216024338e+18 0.0000000000000000e+00
1.5266030783042798e+18 0.0000000000000000e+00
1.3461176496596605e+18 0.0000000000000000e+00
1.1869704394530780e+18 0.0000000000000000e+00
1.0466386979560412e+18 0.0000000000000000e+00
9.2289793212025370e+17 0.0000000000000000e+00
8.1378664363852454e+17 0.0000000000000000e+00
7.1757523591261466e+17 0.0000000000000000e+00
6.3273859705144371e+17 0.0000000000000000e+00
5.5793192429425773e+17 0.0000000000000000e+00
4.9196940663536493e+17 0.0000000000000000e+00
4.3380542773441107e+17 0.0000000000000000e+00
3.8251799114678445e+17 0.0000000000000000e+00
3.3729410513635341e+17 0.0000000000000000e+00
2.9741689539532659e+17 0.0000000000000000e+00
2.6225424138626838e+17 0.0000000000000000e+00
2.3124875617327728e+17 0.0000000000000000e+00
2.0390895090586691e+17 0.0000000000000000e+00
1.7980144389782458e+17 0.0000000000000000e+00
1.5854409080191258e+17 0.0000000000000000e+00
1.3979992698217304e+17 0.0000000000000000e+00
1.2327182606029451e+17 0.0000000000000000e+00
1.0869778996506384e+17 0.0000000000000000e+00
9.5846795824295440e+16 0.0000000000000000e+00
8.4515133865525984e+16 0.0000000000000000e+00
7.4523178275065536e+16 0.0000000000000000e+00
6.5712539828119024e+16 0.0000000000000000e+00
5.7943555154395928e+16 0.0000000000000000e+00
5.1093072839863568e+16 0.0000000000000000e+00
4.5052501270653536e+16 0.0000000000000000e+00
3.9726087274175640e+16 0.0000000000000000e+00
3.5029398271021468e+16 0.0000000000000000e+00
3.0887983877221756e+16 0.0000000000000000e+00
2.7236195741014888e+16 0.0000000000000000e+00
2.4016146906562108e+16 0.0000000000000000e+00
2.1176794208781824e+16 0.0000000000000000e+00
1.8673129153726168e+16 0.0000000000000000e+00
1.6465464458597836e+16 0.0000000000000000e+00
1.4518804941872826e+16 0.0000000000000000e+00
1.2802292791083630e+16 0.0000000000000000e+00
1.1288718414829100e+16 0.0000000000000000e+00
9.9540891251960900e+15 0.0000000000000000e+00
8.7772488134869590e+15 0.0000000000000000e+00
7.7395425904769140e+15 0.0000000000000000e+00
6.8245210751874710e+15 0.0000000000000000e+00
6.0176796446581910e+15 0.0000000000000000e+00
5.3062285113888040e+15 0.0000000000000000e+00
4.6788899837945210e+15 0.0000000000000000e+00
4.1257196959131565e+15 0.0000000000000000e+00
3.6379489725555530e+15 0.0000000000000000e+00
3.2078458311232275e+15 0.0000000000000000e+00
2.8285924167391575e+15 0.0000000000000000e+00
2.4941769278334535e+15 0.0000000000000000e+00
2.1992983190233868e+15 0.0000000000000000e+00
1.9392822706689965e+15 0.0000000000000000e+00
1.7100070930809992e+15 0.0000000000000000e+00
1.5078383908385798e+15 0.0000000000000000e+00
1.3295714515372362e+15 0.0000000000000000e+00
1.1723804457317885e+15 0.0000000000000000e+00
1.0337736328086108e+15 0.0000000000000000e+00
9.1155386272520812e+14 0.0000000000000000e+00
8.0378374750353212e+14 0.0000000000000000e+00
7.0875495038693438e+14 0.0000000000000000e+00
6.2496110584243738e+14 0.0000000000000000e+00
5.5107394114506288e+14 0.0000000000000000e+00
4.8592222103132906e+14 0.0000000000000000e+00
4.2847318165941775e+14 0.0000000000000000e+00
3.7781615957321669e+14 0.0000000000000000e+00
3.3314815616189119e+14 0.0000000000000000e+00
2.9376110878751281e+14 0.0000000000000000e+00
2.5903066680679506e+14 0.0000000000000000e+00
2.2840629456810138e+14 0.0000000000000000e+00
2.0140254449965331e+14 0.0000000000000000e+00
1.7759136195277056e+14 0.0000000000000000e+00
1.5659529981903606e+14 0.0000000000000000e+00
1.3808153536169888e+14 0.0000000000000000e+00
1.2175659441808077e+14 0.0000000000000000e+00
1.0736169934275728e+14 0.0000000000000000e+00
9.4668666948628922e+13 0.0000000000000000e+00
8.3476291421378719e+13 0.0000000000000000e+00
7.3607154870451688e+13 0.0000000000000000e+00
6.4904814958455164e+13 0.0000000000000000e+00
5.7231325028192117e+13 0.0000000000000000e+00
5.0465047417192977e+13 0.0000000000000000e+00
4.4498725297116977e+13 0.0000000000000000e+00
3.9237782473452305e+13 0.0000000000000000e+00
3.4598824194492445e+13 0.0000000000000000e+00
3.0508315204900297e+13 0.0000000000000000e+00
2.6901414088797625e+13 0.0000000000000000e+00
2.3720945424764652e+13 0.0000000000000000e+00
2.0916493459686898e+13 0.0000000000000000e+00
1.8443602934661078e+13 0.0000000000000000e+00
1.6263074394714051e+13 0.0000000000000000e+00
1.4340342811813240e+13 0.0000000000000000e+00
1.2644929671302742e+13 0.0000000000000000e+00
1.1149959836418623e+13 0.0000000000000000e+00
9.8317355323764863e+12 0.0000000000000000e+00
8.6693606969657236e+12 0.0000000000000000e+00
7.6444097429792441e+12 0.0000000000000000e+00
6.7406354818076924e+12 0.0000000000000000e+00
5.9437115782986348e+12 0.0000000000000000e+00
5.2410054543591963e+12 0.0000000000000000e+00
4.6213780414435293e+12 0.0000000000000000e+00
4.0750072076671055e+12 0.0000000000000000e+00
3.5932320605721152e+12 0.0000000000000000e+00
3.1684156574817349e+12 0.0000000000000000e+00
2.7938239471727822e+12 0.0000000000000000e+00
2.4635190238896646e+12 0.0000000000000000e+00
2.1722650015967288e+12 0.0000000000000000e+00
1.9154450164186663e+12 0.0000000000000000e+00
1.6889880416184326e+12 0.0000000000000000e+00
1.4893043550076699e+12 0.0000000000000000e+00
1.3132286358400967e+12 0.0000000000000000e+00
1.1579697891782275e+12 0.0000000000000000e+00
1.0210667023657074e+12 0.0000000000000000e+00
9.0034923227130310e+11 0.0000000000000000e+00
7.9390380488697192e+11 0.0000000000000000e+00
7.0004308197608887e+11 0.0000000000000000e+00
6.1727921393745044e+11 0.0000000000000000e+00
5.4430025489810248e+11 0.0000000000000000e+00
4.7994936617476740e+11 0.0000000000000000e+00
4.2320647844393292e+11 0.0000000000000000e+00
3.7317212193524908e+11 0.0000000000000000e+00
3.2905316832975867e+11 0.0000000000000000e+00
2.9015025834818494e+11 0.0000000000000000e+00
2.5584671573546585e+11 0.0000000000000000e+00
2.2559877190967090e+11 0.0000000000000000e+00
1.9892694631958804e+11 0.0000000000000000e+00
1.7540844587523108e+11 0.0000000000000000e+00
1.5467046296952161e+11 0.0000000000000000e+00
1.3638426585355408e+11 0.0000000000000000e+00
1.2025998768800587e+11 0.0000000000000000e+00
1.0604203166843855e+11 0.0000000000000000e+00
9.3505019388021149e+10 0.0000000000000000e+00
8.2450218212448868e+10 0.0000000000000000e+00
7.2702391034970749e+10 0.0000000000000000e+00
6.4107018474861465e+10 0.0000000000000000e+00
5.6527849486537361e+10 0.0000000000000000e+00
4.9844741552372475e+10 0.0000000000000000e+00
4.3951756222647446e+10 0.0000000000000000e+00
3.8755479813759438e+10 0.0000000000000000e+00
3.4173542644941654e+10 0.0000000000000000e+00
3.0133313340918140e+10 0.0000000000000000e+00
2.6570747503006073e+10 0.0000000000000000e+00
2.3429372498171986e+10 0.0000000000000000e+00
2.0659392273250565e+10 0.0000000000000000e+00
1.8216898004133312e+10 0.0000000000000000e+00
1.6063172067393221e+10 0.0000000000000000e+00
1.4164074301131617e+10 0.0000000000000000e+00
1.2489500826254591e+10 0.0000000000000000e+00
1.1012906849588631e+10 0.0000000000000000e+00
9.7108858844670811e+09 0.0000000000000000e+00
8.5627987187292786e+09 0.0000000000000000e+00
7.5504462486529598e+09 0.0000000000000000e+00
6.6577809926913404e+09 0.0000000000000000e+00
5.8706527120235157e+09 0.0000000000000000e+00
5.1765841055785427e+09 0.0000000000000000e+00
4.5645730239239283e+09 0.0000000000000000e+00
4.0249180667770767e+09 0.0000000000000000e+00
3.5490647995685191e+09 0.0000000000000000e+00
3.1294701513321438e+09 0.0000000000000000e+00
2.7594828444015822e+09 0.0000000000000000e+00
2.4332379605235071e+09 0.0000000000000000e+00
2.1455639720842474e+09 0.0000000000000000e+00
1.8919007647388215e+09 0.0000000000000000e+00
1.6682273519639328e+09 0.0000000000000000e+00
1.4709981356896317e+09 0.0000000000000000e+00
1.2970867026337812e+09 0.0000000000000000e+00
1.1437362654172306e+09 0.0000000000000000e+00
1.0085159628684409e+09 0.0000000000000000e+00
8.8928232680408955e+08 0.0000000000000000e+00
7.8414530446976852e+08 0.0000000000000000e+00
6.9143829803945780e+08 0.0000000000000000e+00
6.0969174624973106e+08 0.0000000000000000e+00
5.3760982939338613e+08 0.0000000000000000e+00
4.7404992840759593e+08 0.0000000000000000e+00
4.1800451244876444e+08 0.0000000000000000e+00
3.6858516784184694e+08 0.0000000000000000e+00
3.2500851523619634e+08 0.0000000000000000e+00
2.8658379173130620e+08 0.0000000000000000e+00
2.5270190112836102e+08 0.0000000000000000e+00
2.2282575873572114e+08 0.0000000000000000e+00
1.9648177767736310e+08 0.0000000000000000e+00
1.7325236174801421e+08 0.0000000000000000e+00
1.5276928581414637e+08 0.0000000000000000e+00
1.3470785882912701e+08 0.0000000000000000e+00
1.1878177693652453e+08 0.0000000000000000e+00
1.0473858507464807e+08 0.0000000000000000e+00
9.2355675141159251e+07 0.0000000000000000e+00
8.1436757281953663e+07 0.0000000000000000e+00
7.1808748368341625e+07 0.0000000000000000e+00
6.3319028339681700e+07 0.0000000000000000e+00
5.5833020919899695e+07 0.0000000000000000e+00
4.9232060358202510e+07 0.0000000000000000e+00
4.3411510378257528e+07 0.0000000000000000e+00
3.8279105518028244e+07 0.0000000000000000e+00
3.3753488567728266e+07 0.0000000000000000e+00
2.9762920921838053e+07 0.0000000000000000e+00
2.6244145402100008e+07 0.0000000000000000e+00
2.3141383525338210e+07 0.0000000000000000e+00
2.0405451321114283e+07 0.0000000000000000e+00
1.7992979683451205e+07 0.0000000000000000e+00
1.5865726897894900e+07 0.0000000000000000e+00
1.3989972446314931e+07 0.0000000000000000e+00
1.2335982480236610e+07 0.0000000000000000e+00
1.0877538489562146e+07 0.0000000000000000e+00
9.5915216952899713e+06 0.0000000000000000e+00
8.4575465781616345e+06 0.0000000000000000e+00
7.4576377340520723e+06 0.0000000000000000e+00
6.5759449337193649e+06 0.0000000000000000e+00
5.7984918701344989e+06 0.0000000000000000e+00
5.1129546106157750e+06 0.0000000000000000e+00
4.5084662418627897e+06 0.0000000000000000e+00
3.9754446111870180e+06 0.0000000000000000e+00
3.5054404333492513e+06 0.0000000000000000e+00
3.0910033552424861e+06 0.0000000000000000e+00
2.7255638553218008e+06 0.0000000000000000e+00
2.4033291056890138e+06 0.0000000000000000e+00
2.1191911460720398e+06 0.0000000000000000e+00
1.8686459141028051e+06 0.0000000000000000e+00
1.6477218483879135e+06 0.0000000000000000e+00
1.4529169326112922e+06 0.0000000000000000e+00
1.2811431827124949e+06 0.0000000000000000e+00
1.1296776971693679e+06 0.0000000000000000e+00
9.9611949445019325e+05 0.0000000000000000e+00
8.7835145343667350e+05 0.0000000000000000e+00
7.7450675350967667e+05 0.0000000000000000e+00
6.8293928231695597e+05 0.0000000000000000e+00
6.0219754213643970e+05 0.0000000000000000e+00
5.3100164120719512e+05 0.0000000000000000e+00
4.6822300530222122e+05 0.0000000000000000e+00
4.1286648793746531e+05 0.0000000000000000e+00
3.6405459563395765e+05 0.0000000000000000e+00
3.2101357817706652e+05 0.0000000000000000e+00
2.8306116338016617e+05 0.0000000000000000e+00
2.4959574192820510e+05 0.0000000000000000e+00
2.2008683086284646e+05 0.0000000000000000e+00
1.9406666453943099e+05 0.0000000000000000e+00
1.7112277975836725e+05 0.0000000000000000e+00
1.5089147753287043e+05 0.0000000000000000e+00
1.3305205785110890e+05 0.0000000000000000e+00
1.1732173604409389e+05 0.0000000000000000e+00
1.0345116017523759e+05 0.0000000000000000e+00
9.1220458394686502e+04 0.0000000000000000e+00
8.0435753602390061e+04 0.0000000000000000e+00
7.0926090171469943e+04 0.0000000000000000e+00
6.2540724015321561e+04 0.0000000000000000e+00
5.5146733041460655e+04 0.0000000000000000e+00
4.8626910113817808e+04 0.0000000000000000e+00
4.2877905123401782e+04 0.0000000000000000e+00
3.7808586716041995e+04 0.0000000000000000e+00
3.3338597707850080e+04 0.0000000000000000e+00
2.9397081289321985e+04 0.0000000000000000e+00
2.5921557826276505e+04 0.0000000000000000e+00
2.2856934453049369e+04 0.0000000000000000e+00
2.0154631758335381e+04 0.0000000000000000e+00
1.7771813720186135e+04 0.0000000000000000e+00
1.5670708683346435e+04 0.0000000000000000e+00
1.3818010615279920e+04 0.0000000000000000e+00
1.2184351149792057e+04 0.0000000000000000e+00
1.0743834049256999e+04 0.0000000000000000e+00
9.4736247058953959e+03 0.0000000000000000e+00
8.3535881750107274e+03 0.0000000000000000e+00
7.3659700024061267e+03 0.0000000000000000e+00
6.4951147865602343e+03 0.0000000000000000e+00
5.7272180143026662e+03 0.0000000000000000e+00
5.0501072361685565e+03 0.0000000000000000e+00
4.4530491126950883e+03 0.0000000000000000e+00
3.9265792730213348e+03 0.0000000000000000e+00
3.4623522887645418e+03 0.0000000000000000e+00
3.0530093850082644e+03 0.0000000000000000e+00
2.6920617913997630e+03 0.0000000000000000e+00
2.3737878842763330e+03 0.0000000000000000e+00
2.0931424893509457e+03 0.0000000000000000e+00
1.8456769072532056e+03 0.0000000000000000e+00
1.6274683941961714e+03 0.0000000000000000e+00
1.4350579799198288e+03 0.0000000000000000e+00
1.2653956372214166e+03 0.0000000000000000e+00
1.1157919339178641e+03 0.0000000000000000e+00
9.8387540084296165e+02 0.0000000000000000e+00
8.6755494009078950e+02 0.0000000000000000e+00
7.6498667761291631e+02 0.0000000000000000e+00
6.7454473472770053e+02 0.0000000000000000e+00
5.9479545522112119e+02 0.0000000000000000e+00
5.2447467949551492e+02 0.0000000000000000e+00
4.6246770552350944e+02 0.0000000000000000e+00
4.0779161895461596e+02 0.0000000000000000e+00
3.5957971227717036e+02 0.0000000000000000e+00
3.1706774605321760e+02 0.0000000000000000e+00
2.7958183444392085e+02 0.0000000000000000e+00
2.4652776299077638e+02 0.0000000000000000e+00
2.1738156932161843e+02 0.0000000000000000e+00
1.9168123746978375e+02 0.0000000000000000e+00
1.6901937414752908e+02 0.0000000000000000e+00
1.4903675088035541e+02 0.0000000000000000e+00
1.3141660963426321e+02 0.0000000000000000e+00
1.1587964167058733e+02 0.0000000000000000e+00
1.0217956003487338e+02 0.0000000000000000e+00
9.0099195496307431e+01 0.0000000000000000e+00
7.9447054051820473e+01 0.0000000000000000e+00
7.0054281425538576e+01 0.0000000000000000e+00
6.1771986445809084e+01 0.0000000000000000e+00
5.4468880870858008e+01 0.0000000000000000e+00
4.8029198250350404e+01 0.0000000000000000e+00
4.2350858833335245e+01 0.0000000000000000e+00
3.7343851433289423e+01 0.0000000000000000e+00
3.2928806600113475e+01 0.0000000000000000e+00
2.9035738481464865e+01 0.0000000000000000e+00
2.5602935429828602e+01 0.0000000000000000e+00
2.2575981769584455e+01 0.0000000000000000e+00
1.9906895217445058e+01 0.0000000000000000e+00
1.7553366282933286e+01 0.0000000000000000e+00
1.5478087592122373e+01 0.0000000000000000e+00
1.3648162503299547e+01 0.0000000000000000e+00
1.2034583640118154e+01 0.0000000000000000e+00
1.0611773076118157e+01 0.0000000000000000e+00
9.3571768817687655e+00 0.0000000000000000e+00
8.2509076069253187e+00 0.0000000000000000e+00
7.2754290314483203e+00 0.0000000000000000e+00
6.4152781867552564e+00 0.0000000000000000e+00
5.6568202418799398e+00 0.0000000000000000e+00
4.9880323685741068e+00 0.0000000000000000e+00
4.3983131593508871e+00 0.0000000000000000e+00
3.8783145774271324e+00 0.0000000000000000e+00
3.4197937746896367e+00 0.0000000000000000e+00
3.0154824287524478e+00 0.0000000000000000e+00
2.6589715278781720e+00 0.0000000000000000e+00
2.3446097774119021e+00 0.0000000000000000e+00
2.0674140172994755e+00 0.0000000000000000e+00
1.8229902306576564e+00 0.0000000000000000e+00
1.6074638912501187e+00 0.0000000000000000e+00
1.4174185457597321e+00 0.0000000000000000e+00
1.2498416572836246e+00 0.0000000000000000e+00
1.1020768515796409e+00 0.0000000000000000e+00
9.7178180908726297e-01 0.0000000000000000e+00
8.5689113524099991e-01 0.0000000000000000e+00
7.5558362050866024e-01 0.0000000000000000e+00
6.6625337117113248e-01 0.0000000000000000e+00
5.8748435321833603e-01 0.0000000000000000e+00
5.1802794583941414e-01 0.0000000000000000e+00
4.5678314869242670e-01 0.0000000000000000e+00
4.0277912920560155e-01 0.0000000000000000e+00
3.5515983325571499e-01 0.0000000000000000e+00
3.1317041527700151e-01 0.0000000000000000e+00
2.7614527269516737e-01 0.0000000000000000e+00
2.4349749501222773e-01 0.0000000000000000e+00
2.1470956029249094e-01 0.0000000000000000e+00
1.8932513157344705e-01 0.0000000000000000e+00
1.6694182316089734e-01 0.0000000000000000e+00
1.4720482214202268e-01 0.0000000000000000e+00
1.2980126400668249e-01 0.0000000000000000e+00
1.1445527322112711e-01 0.0000000000000000e+00
1.0092359013890900e-01 0.0000000000000000e+00
8.8991714928223595e-02 0.0000000000000000e+00
7.8470507390452082e-02 0.0000000000000000e+00
6.9193188771352887e-02 0.0000000000000000e+00
6.1012698038583814e-02 0.0000000000000000e+00
5.3799360718125709e-02 0.0000000000000000e+00
4.7438833336769265e-02 0.0000000000000000e+00
4.1830290886626979e-02 0.0000000000000000e+00
3.6884828579955828e-02 0.0000000000000000e+00
3.2524052559425802e-02 0.0000000000000000e+00
2.8678837224233283e-02 0.0000000000000000e+00
2.5288229473596161e-02 0.0000000000000000e+00
2.2298482498059286e-02 0.0000000000000000e+00
1.9662203802579947e-02 0.0000000000000000e+00
1.7337603956136313e-02 0.0000000000000000e+00
1.5287834159281363e-02 0.0000000000000000e+00
1.3480402128978847e-02 0.0000000000000000e+00
1.1886657041517652e-02 0.0000000000000000e+00
1.0481335368989046e-02 0.0000000000000000e+00
9.2421604100722272e-03 0.0000000000000000e+00
8.1494891670225444e-03 0.0000000000000000e+00
7.1860009712706660e-03 0.0000000000000000e+00
6.3364229218270066e-03 0.0000000000000000e+00
5.5872877842312813e-03 0.0000000000000000e+00
4.9267205123389932e-03 0.0000000000000000e+00
4.3442500089587400e-03 0.0000000000000000e+00
3.8306431414308405e-03 0.0000000000000000e+00
3.3777583810164716e-03 0.0000000000000000e+00
2.9784167460363544e-03 0.0000000000000000e+00
2.6262880029921604e-03 0.0000000000000000e+00
2.3157903217672689e-03 0.0000000000000000e+00
2.0420017942742582e-03 0.0000000000000000e+00
1.8005824139713906e-03 0.0000000000000000e+00
1.5877052794928267e-03 0.0000000000000000e+00
1.3999959318548734e-03 0.0000000000000000e+00
1.2344788636315996e-03 0.0000000000000000e+00
1.0885303521804377e-03 0.0000000000000000e+00
9.5983686924563819e-04 0.0000000000000000e+00
8.4635840766207734e-04 0.0000000000000000e+00
7.4629614382625139e-04 0.0000000000000000e+00
6.5806392333058437e-04 0.0000000000000000e+00
5.8026311776047587e-04 0.0000000000000000e+00
5.1166045409233149e-04 0.0000000000000000e+00
4.5116846525137340e-04 0.0000000000000000e+00
3.9782825193785505e-04 0.0000000000000000e+00
3.5079428246774269e-04 0.0000000000000000e+00
3.0932098967994138e-04 0.0000000000000000e+00
2.7275095244853832e-04 0.0000000000000000e+00
2.4050447445729455e-04 0.0000000000000000e+00
2.1207039504250182e-04 0.0000000000000000e+00
1.8699798644065808e-04 0.0000000000000000e+00
1.6488980899880847e-04 0.0000000000000000e+00
1.4539541109065380e-04 0.0000000000000000e+00
1.2820577387152304e-04 0.0000000000000000e+00
1.1304841281234180e-04 0.0000000000000000e+00
9.9683058363632016e-05 0.0000000000000000e+00
8.7897847280897775e-05 0.0000000000000000e+00
7.7505964237498695e-05 0.0000000000000000e+00
6.8342680488943261e-05 0.0000000000000000e+00
6.0262742646508322e-05 0.0000000000000000e+00
5.3138070167832650e-05 0.0000000000000000e+00
4.6855725065894543e-05 0.0000000000000000e+00
4.1316121652828262e-05 0.0000000000000000e+00
3.6431447940046652e-05 0.0000000000000000e+00
3.2124273671207379e-05 0.0000000000000000e+00
2.8326322923010583e-05 0.0000000000000000e+00
2.4977391817510655e-05 0.0000000000000000e+00
2.2024394189852785e-05 0.0000000000000000e+00
1.9420520083684124e-05 0.0000000000000000e+00
1.7124493734976410e-05 0.0000000000000000e+00
1.5099919282059272e-05 0.0000000000000000e+00
1.3314703830280756e-05 0.0000000000000000e+00
1.1740548725894652e-05 0.0000000000000000e+00
1.0352500975021517e-05 0.0000000000000000e+00
9.1285576969194255e-06 0.0000000000000000e+00
8.0493173414854366e-06 0.0000000000000000e+00
7.0976721422053451e-06 0.0000000000000000e+00
6.2585369294112513e-06 0.0000000000000000e+00
5.5186100050874728e-06 0.0000000000000000e+00
4.8661622886862946e-06 0.0000000000000000e+00
4.2908513915646637e-06 0.0000000000000000e+00
3.7835576728089756e-06 0.0000000000000000e+00
3.3362396776578496e-06 0.0000000000000000e+00
2.9418066669815754e-06 0.0000000000000000e+00
2.5940062171950425e-06 0.0000000000000000e+00
2.2873251088762197e-06 0.0000000000000000e+00
2.0169019330080949e-06 0.0000000000000000e+00
1.7784500295064354e-06 0.0000000000000000e+00
1.5681895364809481e-06 0.0000000000000000e+00
1.3827874730957862e-06 0.0000000000000000e+00
1.2193049062432824e-06 0.0000000000000000e+00
1.0751503635338321e-06 0.0000000000000000e+00
9.4803875411969501e-07 0.0000000000000000e+00
8.3595514617947246e-07 0.0000000000000000e+00
7.3712282687519098e-07 0.0000000000000000e+00
6.4997513847927310e-07 0.0000000000000000e+00
5.7313064422666311e-07 0.0000000000000000e+00
5.0537123022919949e-07 0.0000000000000000e+00
4.4562279633118419e-07 0.0000000000000000e+00
3.9293822982356855e-07 0.0000000000000000e+00
3.4648239212190722e-07 0.0000000000000000e+00
3.0551888042154168e-07 0.0000000000000000e+00
2.6939835448027359e-07 0.0000000000000000e+00
2.3754824348840202e-07 0.0000000000000000e+00
2.0946366986275019e-07 0.0000000000000000e+00
1.8469944609173288e-07 0.0000000000000000e+00
1.6286301776793008e-07 0.0000000000000000e+00
1.4360824094352233e-07 0.0000000000000000e+00
1.2662989516920336e-07 0.0000000000000000e+00
1.1165884523903756e-07 0.0000000000000000e+00
9.8457774946872940e-08 0.0000000000000000e+00
8.6817425227141330e-08 0.0000000000000000e+00
7.6553277048330598e-08 0.0000000000000000e+00
6.7502626477414185e-08 0.0000000000000000e+00
5.9522005550101921e-08 0.0000000000000000e+00
5.2484908063419375e-08 0.0000000000000000e+00
4.6279784240583654e-08 0.0000000000000000e+00
4.0808272480290430e-08 0.0000000000000000e+00
3.5983640160648829e-08 0.0000000000000000e+00
3.1729408781918226e-08 0.0000000000000000e+00
2.7978141654247017e-08 0.0000000000000000e+00
2.4670374913231410e-08 0.0000000000000000e+00
2.1753674918113060e-08 0.0000000000000000e+00
1.9181807090784783e-08 0.0000000000000000e+00
1.6914003020322368e-08 0.0000000000000000e+00
1.4914314215417043e-08 0.0000000000000000e+00
1.3151042260600693e-08 0.0000000000000000e+00
1.1596236343292846e-08 0.0000000000000000e+00
1.0225250186623885e-08 0.0000000000000000e+00
9.0163513646842937e-09 0.0000000000000000e+00
7.9503768071896002e-09 0.0000000000000000e+00
7.0104290327321910e-09 0.0000000000000000e+00
6.1816082954121019e-09 0.0000000000000000e+00
5.4507763989181265e-09 0.0000000000000000e+00
4.8063484341210046e-09 0.0000000000000000e+00
4.2381091388673588e-09 0.0000000000000000e+00
3.7370509689723704e-09 0.0000000000000000e+00
3.2952313135640188e-09 0.0000000000000000e+00
2.9056465914026854e-09 0.0000000000000000e+00
2.5621212323934659e-09 0.0000000000000000e+00
2.2592097844605565e-09 0.0000000000000000e+00
1.9921105940151719e-09 0.0000000000000000e+00
1.7565896917072384e-09 0.0000000000000000e+00
1.5489136769223871e-09 0.0000000000000000e+00
1.3657905371319458e-09 0.0000000000000000e+00
1.2043174639826227e-09 0.0000000000000000e+00
1.0619348389242751e-09 0.0000000000000000e+00
9.3638565897057912e-10 0.0000000000000000e+00
8.2567975942286198e-10 0.0000000000000000e+00
7.2806226642779741e-10 0.0000000000000000e+00
6.4198577928867595e-10 0.0000000000000000e+00
5.6608584157378260e-10 0.0000000000000000e+00
4.9915931219747828e-10 0.0000000000000000e+00
4.4014529361971432e-10 0.0000000000000000e+00
3.8810831484386817e-10 0.0000000000000000e+00
3.4222350263521727e-10 0.0000000000000000e+00
3.0176350589920571e-10 0.0000000000000000e+00
2.6608696594881120e-10 0.0000000000000000e+00
2.3462834989560287e-10 0.0000000000000000e+00
2.0688898600664554e-10 0.0000000000000000e+00
1.8242915892262095e-10 0.0000000000000000e+00
1.6086113943323421e-10 0.0000000000000000e+00
1.4184303832006421e-10 0.0000000000000000e+00
1.2507338684006710e-10 0.0000000000000000e+00
1.1028635794128028e-10 0.0000000000000000e+00
9.7247552458982148e-11 0.0000000000000000e+00
8.5750283496512490e-11 0.0000000000000000e+00
7.5612300091908252e-11 0.0000000000000000e+00
6.6672898235040844e-11 0.0000000000000000e+00
5.8790373439993097e-11 0.0000000000000000e+00
5.1839774491718153e-11 0.0000000000000000e+00
4.5710922760087701e-11 0.0000000000000000e+00
4.0306665684135709e-11 0.0000000000000000e+00
3.5541336741319210e-11 0.0000000000000000e+00
3.1339397489706619e-11 0.0000000000000000e+00
2.7634240157207964e-11 0.0000000000000000e+00
2.4367131796872531e-11 0.0000000000000000e+00
2.1486283271344956e-11 0.0000000000000000e+00
1.8946028308335374e-11 0.0000000000000000e+00
1.6706099613745629e-11 0.0000000000000000e+00
1.4730990567643096e-11 0.0000000000000000e+00
1.2989392384889522e-11 0.0000000000000000e+00
1.1453697818477285e-11 0.0000000000000000e+00
1.0099563538445626e-11 0.0000000000000000e+00
8.9055242493431873e-12 0.0000000000000000e+00
7.8526524293590216e-12 0.0000000000000000e+00
6.9242582974118670e-12 0.0000000000000000e+00
6.1056252521788279e-12 0.0000000000000000e+00
5.3837765893247673e-12 6.1533335236632120e-255
4.7472697990132055e-12 6.0062397359322398e-207
4.1860151829683916e-12 2.1545320379405436e-168
3.6911159158647314e-12 2.4444680922599964e-137
3.2547270157507783e-12 2.9495486479454351e-112
2.8699309879506303e-12 6.0838574182577005e-92
2.5306281711921720e-12 1.9302062634981150e-75
2.2314400477638615e-12 5.3694788001042215e-62
1.9676239850039122e-12 5.2110240601577388e-51
1.7349980566327264e-12 5.2870671117934221e-42
1.5298747522196438e-12 1.3435231756071336e-34
1.3490025239691717e-12 1.7163717606821835e-28
1.1895142442444370e-12 1.9234259989911682e-23
1.0488817567940488e-12 2.9522812675169118e-19
9.2487580124287642e-13 8.8726834627100048e-16
8.1553067558271819e-13 6.9576257325670972e-13
7.1911307650459328e-13 1.7936575532449888e-10
6.3409462363926701e-13 1.8314787326713046e-08
5.5912763216961038e-13 8.6092851295301844e-07
4.9302374976995574e-13 2.1038701376163190e-05
4.3473511923211198e-13 2.9486994169428555e-04
3.8333776817434529e-13 2.5661917931504566e-03
3.3801696253214425e-13 1.4785152140180479e-02
2.9805429165928352e-13 5.9378848236424621e-02
2.6281628031631908e-13 1.7323129606540175e-01
2.3174434702743334e-13 3.7933905116459032e-01
2.0434594962889599e-13 6.3968402948108238e-01
1.8018677765111648e-13 8.4717036942707713e-01
1.5888386777058603e-13 8.9405129087236446e-01
1.4009953320004372e-13 7.5954975565709326e-01
1.2353601078751880e-13 5.2276643883038776e-01
1.0893074097187251e-13 2.9235004897871497e-01
9.6052205774155003e-14 1.3283355641654848e-01
8.4696258850043619e-14 4.8896560327319802e-02
7.4682889428487983e-14 1.4502614286039835e-02
6.5853368839617848e-14 3.4385610328401869e-03
5.8067734399582412e-14 6.4506770851768629e-04
5.1202570767675853e-14 9.4549083464843400e-05
4.5149053606571409e-14 1.0667203816710054e-05
3.9811224534372828e-14 9.1050774451463270e-07
3.5104470023609471e-14 5.7651513477543596e-08
3.0954180135165991e-14 2.6485258481848478e-09
2.7294565825830135e-14 8.6120241727969681e-11
2.4067616081817156e-14 1.9282453353238713e-12
2.1222178347074930e-14 2.8837544513138280e-14
1.8713147669631766e-14 2.7856437142860751e-16
1.6500751712592993e-14 1.6751305736224205e-18
1.4549920296011532e-14 6.0221836401070137e-21
1.2829729475823036e-14 1.2381865943297864e-23
1.1312911347557066e-14 1.3869773670089055e-26
9.9754218044007059e-15 8.0270215815012219e-30
8.7960593978490987e-15 2.2648942242562181e-33
7.7561292592515440e-15 2.9243185057869149e-37
6.8391467548444750e-15 1.6122064069873407e-41
6.0305761767065469e-15 3.5188866841087442e-46
5.3176003274531509e-15 2.7998287984689664e-51
4.6889173461983509e-15 7.4209797012072697e-57
4.1345615551384486e-15 5.9383399770341683e-63
3.6457454868742765e-15 1.2885239256452945e-69
3.2147205883403201e-15 6.7423544391386745e-77
2.8346543932663946e-15 7.4853853293819136e-85
2.4995222161478360e-15 1.5331474518980544e-93
2.2040116508938206e-15 4.9730616433939437e-103
1.9434383602968044e-15 2.1624153117248111e-113
1.7136718214449336e-15 1.0506823123314330e-124
1.5110698500187845e-15 4.6760592683386515e-137
1.3324208655718544e-15 1.5341376791845334e-150
1.1748929826038213e-15 2.9270021226216442e-165
1.0359891204340063e-15 2.5063572151882918e-181
9.1350742029201580e-16 7.2579147377420266e-199
8.0550634216987928e-16 5.2173180547638142e-218
7.1027388816226263e-16 6.6410105275680970e-239
6.2630046443352634e-16 1.0348122804926604e-261
5.5225495162795632e-16 1.3187119964877305e-286
4.8696360439943711e-16 0.0000000000000000e+00
4.2939144558263334e-16 0.0000000000000000e+00
3.7862586007208715e-16 0.0000000000000000e+00
3.3386212834494381e-16 0.0000000000000000e+00
2.9439067030919104e-16 0.0000000000000000e+00
2.5958579727123439e-16 0.0000000000000000e+00
2.2889579372257609e-16 0.0000000000000000e+00
2.0183417172528471e-16 0.0000000000000000e+00
1.7797195926372521e-16 0.0000000000000000e+00
1.5693090031989170e-16 0.0000000000000000e+00
1.3837745888226447e-16 0.0000000000000000e+00
1.2201753184159653e-16 0.0000000000000000e+00
1.0759178696424939e-16 0.0000000000000000e+00
9.4871552042116355e-17 0.0000000000000000e+00
8.3655190055264800e-17 0.0000000000000000e+00
7.3764902887599861e-17 0.0000000000000000e+00
6.5043912929041235e-17 0.0000000000000000e+00
5.7353977887928916e-17 0.0000000000000000e+00
5.0573199419255496e-17 0.0000000000000000e+00
4.4594090831806848e-17 0.0000000000000000e+00
3.9321873244157642e-17 0.0000000000000000e+00
3.4672973180714853e-17 0.0000000000000000e+00
3.0573697792212214e-17 0.0000000000000000e+00
2.6959066700673003e-17 0.0000000000000000e+00
2.3771781951624234e-17 0.0000000000000000e+00
2.0961319745593044e-17 0.0000000000000000e+00
1.8483129551293930e-17 0.0000000000000000e+00
1.6297927905123661e-17 0.0000000000000000e+00
1.4371075702491816e-17 0.0000000000000000e+00
1.2672029110020794e-17 0.0000000000000000e+00
1.1173855394650368e-17 0.0000000000000000e+00
9.8528059947259878e-18 0.0000000000000000e+00
8.6879400655379172e-18 0.0000000000000000e+00
7.6607925318718463e-18 0.0000000000000000e+00
6.7550813856528154e-18 0.0000000000000000e+00
5.9564495888579216e-18 0.0000000000000000e+00
5.2522374904260904e-18 0.0000000000000000e+00
4.6312821495946028e-18 0.0000000000000000e+00
4.0837403845981748e-18 0.0000000000000000e+00
3.6009327417586927e-18 0.0000000000000000e+00
3.1752059116132732e-18 0.0000000000000000e+00
2.7998114111455758e-18 0.0000000000000000e+00
2.4687986090320239e-18 0.0000000000000000e+00
2.1769203981723286e-18 0.0000000000000000e+00
1.9195500202573305e-18 0.0000000000000000e+00
1.6926077239036903e-18 0.0000000000000000e+00
1.4924960937638489e-18 0.0000000000000000e+00
1.3160430254701662e-18 0.0000000000000000e+00
1.1604514424696926e-18 0.0000000000000000e+00
1.0232549576780841e-18 0.0000000000000000e+00
9.0227877711490150e-19 0.0000000000000000e+00
7.9560522577801807e-19 0.0000000000000000e+00
7.0154334928426818e-19 0.0000000000000000e+00
6.1860210941135658e-19 0.0000000000000000e+00
5.4546674864581670e-19 0.0000000000000000e+00
4.8097794907515440e-19 0.0000000000000000e+00
4.2411345525802502e-19 0.0000000000000000e+00
3.7397186976402987e-19 0.0000000000000000e+00
3.2975836451525984e-19 0.0000000000000000e+00
2.9077208143060150e-19 0.0000000000000000e+00
2.5639502265172044e-19 0.0000000000000000e+00
2.2608225424236592e-19 0.0000000000000000e+00
1.9935326807315316e-19 0.0000000000000000e+00
1.7578436496321245e-19 0.0000000000000000e+00
1.5500193833883620e-19 0.0000000000000000e+00
1.3667655194376349e-19 0.0000000000000000e+00
1.2051771772299273e-19 0.0000000000000000e+00
1.0626929110075276e-19 0.0000000000000000e+00
9.3705410660143937e-20 0.0000000000000000e+00
8.2626917861543610e-20 0.0000000000000000e+00
7.2858200046307471e-20 0.0000000000000000e+00
6.4244406682128642e-20 0.0000000000000000e+00
5.6648994722837827e-20 0.0000000000000000e+00
4.9951564172523646e-20 0.0000000000000000e+00
4.4045949544023851e-20 0.0000000000000000e+00
3.8838536958204092e-20 0.0000000000000000e+00
3.4246780207250034e-20 0.0000000000000000e+00
3.0197892259068404e-20 0.0000000000000000e+00
2.6627691460969405e-20 0.0000000000000000e+00
2.3479584153018906e-20 0.0000000000000000e+00
2.0703667563775259e-20 0.0000000000000000e+00
1.8255938767817297e-20 0.0000000000000000e+00
1.6097597165703174e-20 0.0000000000000000e+00
1.4194429429511125e-20 0.0000000000000000e+00
1.2516267164309451e-20 0.0000000000000000e+00
1.1036508688589391e-20 0.0000000000000000e+00
9.7316973530766964e-21 0.0000000000000000e+00
8.5811497135678965e-21 0.0000000000000000e+00
7.5666276637124738e-21 0.0000000000000000e+00
6.6720493304916028e-21 0.0000000000000000e+00
5.8832341496067957e-21 0.0000000000000000e+00
5.1876780797946955e-21 0.0000000000000000e+00
4.5743553928379013e-21 0.0000000000000000e+00
4.0335438973140032e-21 0.0000000000000000e+00
3.5566708255839222e-21 0.0000000000000000e+00
3.1361769410724328e-21 0.0000000000000000e+00
2.7653967117127922e-21 0.0000000000000000e+00
2.4384526501035763e-21 0.0000000000000000e+00
2.1501621454935740e-21 0.0000000000000000e+00
1.8959553107242318e-21 0.0000000000000000e+00
1.6718025418675204e-21 0.0000000000000000e+00
1.4741506422570024e-21 0.0000000000000000e+00
1.2998664983719734e-21 0.0000000000000000e+00
1.1461874147426991e-21 0.0000000000000000e+00
1.0106773206017235e-21 0.0000000000000000e+00
8.9118815408385792e-22 0.0000000000000000e+00
7.8582581184917103e-22 0.0000000000000000e+00
6.9292012437397355e-22 0.0000000000000000e+00
6.1099838096767312e-22 0.0000000000000000e+00
5.3876198484261219e-22 0.0000000000000000e+00
4.7506586818093912e-22 0.0000000000000000e+00
4.1890034089253559e-22 0.0000000000000000e+00
3.6937508533668293e-22 0.0000000000000000e+00
3.2570504329688706e-22 0.0000000000000000e+00
2.8719797149374768e-22 0.0000000000000000e+00
2.5324346837006195e-22 0.0000000000000000e+00
2.2330329820415765e-22 0.0000000000000000e+00
1.9690285917261852e-22 0.0000000000000000e+00
1.7362366011676841e-22 0.0000000000000000e+00
1.5309668675717546e-22 0.0000000000000000e+00
1.3499655219952028e-22 0.0000000000000000e+00
1.1903633900753487e-22 0.0000000000000000e+00
1.0496305108129524e-22 0.0000000000000000e+00
9.2553603245452804e-23 0.0000000000000000e+00
8.1611284975719161e-23 0.0000000000000000e+00
7.1962642207723861e-23 0.0000000000000000e+00
6.3454727799685196e-23 0.0000000000000000e+00
5.5952677064156429e-23 0.0000000000000000e+00
4.9337569936929251e-23 0.0000000000000000e+00
4.3504545894922032e-23 0.0000000000000000e+00
3.8361141741331701e-23 0.0000000000000000e+00
3.3825825909155939e-23 0.0000000000000000e+00
2.9826706049360228e-23 0.0000000000000000e+00
2.6300389416778085e-23 0.0000000000000000e+00
2.3190977988968983e-23 0.0000000000000000e+00
2.0449182388978406e-23 0.0000000000000000e+00
1.8031540566189324e-23 0.0000000000000000e+00
1.5899728850057928e-23 0.0000000000000000e+00
1.4019954455770934e-23 0.0000000000000000e+00
1.2362419812032094e-23 0.0000000000000000e+00
1.0900850219667837e-23 0.0000000000000000e+00
9.6120773536566842e-24 0.0000000000000000e+00
8.4756720063892839e-24 0.0000000000000000e+00
7.4736202505237978e-24 0.0000000000000000e+00
6.5900378880795145e-24 0.0000000000000000e+00
5.8109186593043415e-24 0.0000000000000000e+00
5.1239122200086763e-24 0.0000000000000000e+00
4.5181283679330927e-24 0.0000000000000000e+00
3.9839644148093643e-24 0.0000000000000000e+00
3.5129529676750925e-24 0.0000000000000000e+00
3.0976277065184987e-24 0.0000000000000000e+00
2.7314050306062464e-24 0.0000000000000000e+00
2.4084796973895748e-24 0.0000000000000000e+00
2.1237327996903398e-24 0.0000000000000000e+00
1.8726506224524363e-24 0.0000000000000000e+00
1.6512530928009241e-24 0.0000000000000000e+00
1.4560306892237274e-24 0.0000000000000000e+00
1.2838888097797578e-24 0.0000000000000000e+00
1.1320987174772210e-24 0.0000000000000000e+00
9.9825428522384824e-25 0.0000000000000000e+00
8.8023385468397655e-25 0.0000000000000000e+00
7.7616660444195439e-25 0.0000000000000000e+00
6.8440289435043425e-25 0.0000000000000000e+00
6.0348811597223758e-25 0.0000000000000000e+00
5.3213963460132149e-25 0.0000000000000000e+00
4.6922645735521028e-25 0.0000000000000000e+00
4.1375130504435784e-25 0.0000000000000000e+00
3.6483480362727330e-25 0.0000000000000000e+00
3.2170154465972974e-25 0.0000000000000000e+00
2.8366779377273525e-25 0.0000000000000000e+00
2.5013065233802899e-25 0.0000000000000000e+00
2.2055850051548019e-25 0.0000000000000000e+00
1.9448257018854097e-25 0.0000000000000000e+00
1.7148951420481164e-25 0.0000000000000000e+00
1.5121485413161751e-25 0.0000000000000000e+00
1.3333720266264784e-25 0.0000000000000000e+00
1.1757316909108431e-25 0.0000000000000000e+00
1.0367286709242527e-25 0.0000000000000000e+00
9.1415953607895873e-26 0.0000000000000000e+00
8.0608136038050733e-26 0.0000000000000000e+00
7.1078092379791841e-26 0.0000000000000000e+00
6.2674755485792186e-26 0.0000000000000000e+00
5.5264918397283506e-26 0.0000000000000000e+00
4.8731122790751345e-26 0.0000000000000000e+00
4.2969797066849765e-26 0.0000000000000000e+00
3.7889614567153966e-26 0.0000000000000000e+00
3.3410045893725201e-26 0.0000000000000000e+00
2.9460082383325508e-26 0.0000000000000000e+00
2.5977110501226263e-26 0.0000000000000000e+00
2.2905919311850022e-26 0.0000000000000000e+00
2.0197825293010349e-26 0.0000000000000000e+00
1.7809900620575440e-26 0.0000000000000000e+00
1.5704292690586628e-26 0.0000000000000000e+00
1.3847624092112885e-26 0.0000000000000000e+00
1.2210463519404707e-26 0.0000000000000000e+00
1.0766859236425628e-26 0.0000000000000000e+00
9.4939276983856477e-27 0.0000000000000000e+00
8.3714908092450871e-27 0.0000000000000000e+00
7.3817560651102141e-27 0.0000000000000000e+00
6.5090345132570612e-27 0.0000000000000000e+00
5.7394920559651004e-27 0.0000000000000000e+00
5.0609301569062859e-27 0.0000000000000000e+00
4.4625924739216696e-27 0.0000000000000000e+00
3.9349943529899249e-27 0.0000000000000000e+00
3.4697724805812371e-27 0.0000000000000000e+00
3.0595523111364158e-27 0.0000000000000000e+00
2.6978311681727164e-27 0.0000000000000000e+00
2.3788751659751471e-27 0.0000000000000000e+00
2.0976283179077681e-27 0.0000000000000000e+00
1.8496323905608714e-27 0.0000000000000000e+00
1.6309562332874667e-27 0.0000000000000000e+00
1.4381334628837201e-27 0.0000000000000000e+00
1.2681075156119255e-27 0.0000000000000000e+00
1.1181831955477359e-27 0.0000000000000000e+00
9.8598395121251024e-28 0.0000000000000000e+00
8.6941420325355572e-28 0.0000000000000000e+00
7.6662612600282248e-28 0.0000000000000000e+00
6.7599035634652956e-28 0.0000000000000000e+00
5.9607016559180703e-28 0.0000000000000000e+00
5.2559868491156854e-28 0.0000000000000000e+00
4.6345882335261073e-28 0.0000000000000000e+00
4.0866556007369349e-28 0.0000000000000000e+00
3.6035033011613417e-28 0.0000000000000000e+00
3.1774725619499466e-28 0.0000000000000000e+00
2.8018100826189698e-28 0.0000000000000000e+00
2.4705609839311986e-28 0.0000000000000000e+00
2.1784744130899962e-28 0.0000000000000000e+00
1.9209203089317637e-28 0.0000000000000000e+00
1.6938160077044730e-28 0.0000000000000000e+00
1.4935615260122076e-28 0.0000000000000000e+00
1.3169824950509727e-28 0.0000000000000000e+00
1.1612798415486769e-28 0.0000000000000000e+00
1.0239854177675666e-28 0.0000000000000000e+00
9.0292287723023327e-29 0.0000000000000000e+00
7.9617317598441995e-29 0.0000000000000000e+00
7.0204415254336702e-29 0.0000000000000000e+00
6.1904370429326196e-29 0.0000000000000000e+00
5.4585613516873142e-29 0.0000000000000000e+00
4.8132129966737608e-29 0.0000000000000000e+00
4.2441621260129913e-29 0.0000000000000000e+00
3.7423883306912023e-29 0.0000000000000000e+00
3.2999376559750637e-29 0.0000000000000000e+00
2.9097965179126974e-29 0.0000000000000000e+00
2.5657805262854046e-29 0.0000000000000000e+00
2.2624364516691032e-29 0.0000000000000000e+00
1.9949557826177179e-29 0.0000000000000000e+00
1.7590985027065925e-29 0.0000000000000000e+00
1.5511258791732042e-29 0.0000000000000000e+00
1.3677411977435535e-29 0.0000000000000000e+00
1.2060375041915668e-29 0.0000000000000000e+00
1.0634515242475854e-29 0.0000000000000000e+00
9.3772303140988744e-30 0.0000000000000000e+00
8.2685901857039479e-30 0.0000000000000000e+00
7.2910210551534972e-30 0.0000000000000000e+00
6.4290268150672371e-30 0.0000000000000000e+00
5.6689434135755298e-30 0.0000000000000000e+00
4.9987222562215750e-30 0.0000000000000000e+00
4.4077392155666095e-30 0.0000000000000000e+00
3.8866262209832726e-30 0.0000000000000000e+00
3.4271227590521399e-30 0.0000000000000000e+00
3.0219449305937043e-30 0.0000000000000000e+00
2.6646699886720342e-30 0.0000000000000000e+00
2.3496345273023596e-30 0.0000000000000000e+00
2.0718447069848275e-30 0.0000000000000000e+00
1.8268970939873613e-30 0.0000000000000000e+00
1.6109088585488520e-30 0.0000000000000000e+00
1.4204562255268221e-30 0.0000000000000000e+00
1.2525202018290881e-30 0.0000000000000000e+00
1.1044387203190032e-30 0.0000000000000000e+00
9.7386444159430984e-31 0.0000000000000000e+00
8.5872754472773728e-31 0.0000000000000000e+00
7.5720291714001174e-31 0.0000000000000000e+00
6.6768122350974406e-31 0.0000000000000000e+00
5.8874339511431806e-31 0.0000000000000000e+00
5.1913813521472421e-31 0.0000000000000000e+00
4.5776208390734690e-31 0.0000000000000000e+00
4.0364232802224928e-31 0.0000000000000000e+00
3.5592097882050784e-31 0.0000000000000000e+00
3.1384157302146876e-31 0.0000000000000000e+00
2.7673708159321653e-31 0.0000000000000000e+00
2.4401933622571104e-31 0.0000000000000000e+00
2.1516970587831839e-31 0.0000000000000000e+00
1.8973087560953340e-31 0.0000000000000000e+00
1.6729959736952057e-31 0.0000000000000000e+00
1.4752029784337779e-31 0.0000000000000000e+00
1.3007944201881266e-31 0.0000000000000000e+00
1.1470056313125328e-31 0.0000000000000000e+00
1.0113988020277402e-31 0.0000000000000000e+00
8.9182433705457648e-32 0.0000000000000000e+00
7.8638678092977112e-32 0.0000000000000000e+00
6.9341477186359158e-32 0.0000000000000000e+00
6.1143454785715290e-32 0.0000000000000000e+00
5.3914658510738981e-32 0.0000000000000000e+00
4.7540499837911479e-32 0.0000000000000000e+00
4.1919937680552060e-32 0.0000000000000000e+00
3.6963876718436235e-32 0.0000000000000000e+00
3.2593755087799461e-32 0.0000000000000000e+00
2.8740299044272257e-32 0.0000000000000000e+00
2.5342424858048603e-32 0.0000000000000000e+00
2.2346270534503103e-32 0.0000000000000000e+00
1.9704342011400599e-32 0.0000000000000000e+00
1.7374760298491739e-32 0.0000000000000000e+00
1.5320597625405896e-32 0.0000000000000000e+00
1.3509292074663514e-32 0.0000000000000000e+00
1.1912131420769453e-32 0.0000000000000000e+00
1.0503797993368918e-32 0.0000000000000000e+00
9.2619673497836896e-33 0.0000000000000000e+00
8.1669543952212590e-33 0.0000000000000000e+00
7.2014013410640643e-33 0.0000000000000000e+00
6.3500025548597970e-33 0.0000000000000000e+00
5.5992619404223684e-33 0.0000000000000000e+00
4.9372790021112313e-33 0.0000000000000000e+00
4.3535602020522850e-33 0.0000000000000000e+00
3.8388526199934886e-33 0.0000000000000000e+00
3.3849972790277816e-33 0.0000000000000000e+00
2.9847998121493685e-33 0.0000000000000000e+00
2.6319164194913496e-33 0.0000000000000000e+00
2.3207533084773698e-33 0.0000000000000000e+00
2.0463780228436970e-33 0.0000000000000000e+00
1.8044412549497747e-33 0.0000000000000000e+00
1.5911079019701791e-33 0.0000000000000000e+00
1.4029962730941711e-33 0.0000000000000000e+00
1.2371244840647258e-33 0.0000000000000000e+00
1.0908631893205758e-33 0.0000000000000000e+00
9.6189390246714979e-34 0.0000000000000000e+00
8.4817224438543142e-34 0.0000000000000000e+00
7.4789553640025965e-34 0.0000000000000000e+00
6.5947422480528527e-34 0.0000000000000000e+00
5.8150668377538105e-34 0.0000000000000000e+00
5.1275699725078410e-34 0.0000000000000000e+00
4.5213536759828324e-34 0.0000000000000000e+00
3.9868084049421277e-34 0.0000000000000000e+00
3.5154607218959371e-34 0.0000000000000000e+00
3.0998389769302923e-34 0.0000000000000000e+00
