# f_hz  Omega_gw
7.061459056430643338e-20 2.319389444560129363e-23
7.468942655648284895e-20 2.421925810034680333e-23
7.899940217391865214e-20 2.667967050547289670e-23
8.355808621876276674e-20 3.320748798577628039e-23
8.837983048493570451e-20 4.195610485426478216e-23
9.347981494090292723e-20 5.054539652794635320e-23
9.887409551973450349e-20 6.004958409015136652e-23
1.045796546669025046e-19 6.666327853744070504e-23
1.106144548049561044e-19 7.244406795706102316e-23
1.169974948833905602e-19 7.726155842906927212e-23
1.237488701917435342e-19 8.150245233377104466e-23
1.308898356242241455e-19 8.478379197187293830e-23
1.384428725950458362e-19 8.715065951224761832e-23
1.464317598151289098e-19 8.878355016511554916e-23
1.548816481529933771e-19 8.987644776928219163e-23
1.638191398155228508e-19 9.045749232728678044e-23
1.732723720978761396e-19 9.066401099228291197e-23
1.832711059662149471e-19 9.063274627355167122e-23
1.938468197521218971e-19 9.047878308404539696e-23
2.050328082536844361e-19 9.023572965942269773e-23
2.168642875552358754e-19 8.996325792362941158e-23
2.293785058957501612e-19 8.967091448130649768e-23
2.426148609349324821e-19 8.936454851686422681e-23
2.566150237861811589e-19 8.904808772076469846e-23
2.714230702069115388e-19 8.872429544534074293e-23
2.870856193592562459e-19 8.839517381232119578e-23
3.036519805779909207e-19 8.806220338988186570e-23
3.211743086077492155e-19 8.772649436264632378e-23
3.397077677982462632e-19 8.738888883604349628e-23
3.593107057744369548e-19 8.705003059689054407e-23
3.800448371283618586e-19 8.671137837385227431e-23
4.019754377109878027e-19 8.637118894590012920e-23
4.251715501357131781e-19 8.603096609884012112e-23
4.497062011405175322e-19 8.569093295235911189e-23
4.756566314930595965e-19 8.535126392852370770e-23
5.031045391625125361e-19 8.501209589578623957e-23
5.321363365237081144e-19 8.467353596730298945e-23
5.628434224033188526e-19 8.433566849966666517e-23
5.953224698245480392e-19 8.399855959329465693e-23
6.296757303562117562e-19 8.366226132071688255e-23
6.660113560243779933e-19 8.332681437137638689e-23
7.044437398000072178e-19 8.299225042715885081e-23
7.450938757345390804e-19 8.265865409773878821e-23
7.880897398772109715e-19 8.232591351968558870e-23
8.335666931733169218e-19 8.199411776655449484e-23
8.816679076118385610e-19 8.166327784092002694e-23
9.325448169640477569e-19 8.133340203876542253e-23
9.863575935321163233e-19 8.100449664274594625e-23
1.043275652408644189e-18 8.067656625661414096e-23
1.103478184834639973e-18 8.034961409060296078e-23
1.167154722335070390e-18 8.002364234733204416e-23
1.234505733408037015e-18 7.969865234436359118e-23
1.305743254646061963e-18 7.937464480356179426e-23
1.381091558276428015e-18 7.905162467583387567e-23
1.460787858222128503e-18 7.872958100512489278e-23
1.545083056906274424e-18 7.840851906273131689e-23
1.634242535151073009e-18 7.808843782927948153e-23
1.728546987658160841e-18 7.776933623412681627e-23
1.828293306700587000e-18 7.745121287250335806e-23
1.933795516808484591e-18 7.713406616397198680e-23
2.045385763391089066e-18 7.681789450267537599e-23
2.163415358407450226e-18 7.650269638105023739e-23
2.288255886377910855e-18 7.618847011498970064e-23
2.420300374218294452e-18 7.587521384083639865e-23
2.559964528579728259e-18 7.556292559281757025e-23
2.707688044589525591e-18 7.525160371966513157e-23
2.863935990113350701e-18 7.494124565302923860e-23
3.029200269896658517e-18 7.463184980971460305e-23
3.204001174194819824e-18 7.432341448793610675e-23
3.388889016767454347e-18 7.401593785882459721e-23
3.584445867393668830e-18 7.370941804026963245e-23
3.791287384362637064e-18 7.340385297078961897e-23
4.010064752708579933e-18 7.309924059517285032e-23
4.241466734292177561e-18 7.279557894097290773e-23
4.486221836182531421e-18 7.249286596382908483e-23
4.745100604166277639e-18 7.219109976470765313e-23
5.018918048604287248e-18 7.189027840392801744e-23
5.308536210273182375e-18 7.159039993407910854e-23
5.614866874269511588e-18 7.129146215346630800e-23
5.938874440520522694e-18 7.099346326247132367e-23
6.281578959938665745e-18 7.069640137028631319e-23
6.644059345778279747e-18 7.040027456365987333e-23
7.027456770304567582e-18 7.010508077007056732e-23
7.432978257468367165e-18 6.981081789989486740e-23
7.861900482897321740e-18 6.951748404653243494e-23
8.315573793166606613e-18 6.922507723240330279e-23
8.795426457002937971e-18 6.893359552306871070e-23
9.302969161805526926e-18 6.864303696523788426e-23
9.839799769640188632e-18 6.835339974249760879e-23
1.040760834767938677e-17 6.806468185254380322e-23
1.100818248892543575e-17 6.777688132113596230e-23
1.164341293996755011e-17 6.748999601039374099e-23
1.231529955349037047e-17 6.720402406292493376e-23
1.302595758427363592e-17 6.691896362610418802e-23
1.377762434850452879e-17 6.663481283670976313e-23
1.457266626736753029e-17 6.635156977126631148e-23
1.541358631708682866e-17 6.606923238094334471e-23
1.630303190887548135e-17 6.578779873695135209e-23
1.724380322359957979e-17 6.550726676222765655e-23
1.823886202739654387e-17 6.522763454089482401e-23
1.929134099600137652e-17 6.494890003471241821e-23
2.040455357713597834e-17 6.467106147521284137e-23
2.158200442201042500e-17 6.439411704885563417e-23
2.282740041877729087e-17 6.411806488150474376e-23
2.414466236267465728e-17 6.384290310881482148e-23
2.553793729959831460e-17 6.356862970955686793e-23
2.701161158196324449e-17 6.329524284749623584e-23
2.857032467795772724e-17 6.302274045685621641e-23
3.021898377766445120e-17 6.275112059747768245e-23
3.196277924203215551e-17 6.248038123747328625e-23
3.380720094333500045e-17 6.221052061532213142e-23
3.575805554856264421e-17 6.194153689200641149e-23
3.782148480015384994e-17 6.167342809939912046e-23
4.000398485162505700e-17 6.140619232400491653e-23
4.231242671896739097e-17 6.113982754692485347e-23
4.475407791219722643e-17 6.087433197026851004e-23
4.733662531516226358e-17 6.060970352318440376e-23
5.006819938563329956e-17 6.034594043474280516e-23
5.295739975186992968e-17 6.008304083950804753e-23
5.601332228624302892e-17 5.982100287743050878e-23
5.924558774114932525e-17 5.955982463581159717e-23
6.266437203736969280e-17 5.929950416501077740e-23
6.628043830022602116e-17 5.904003963287535334e-23
7.010517074439469073e-17 5.878142909752004312e-23
7.415061051405226816e-17 5.852367079032809048e-23
7.842949359118849902e-17 5.826676279691892409e-23
8.295529089142917308e-17 5.801070323272497788e-23
8.774225067360091763e-17 5.775549021015530258e-23
9.280544339655182573e-17 5.750112181379478603e-23
9.816080916444898521e-17 5.724759616517810021e-23
1.038252079099207132e-16 5.699491135851391696e-23
1.098164724730319116e-16 5.674306558787230357e-23
1.161534647431981074e-16 5.649205705636216182e-23
1.228561350407841771e-16 5.624188395233721224e-23
1.299455849253371035e-16 5.599254430787492608e-23
1.374441336281857666e-16 5.574403630507345437e-23
1.453753883185546896e-16 5.549635810023503023e-23
1.537643184244030791e-16 5.524950794290822301e-23
1.626373342419718245e-16 5.500348387578336068e-23
1.720223700815168430e-16 5.475828403523884643e-23
1.819489722109917265e-16 5.451390658168550126e-23
1.924483918745480024e-16 5.427034956460738744e-23
2.035536836786934839e-16 5.402761108884678103e-23
2.152998096558550939e-16 5.378568935239367030e-23
2.277237493329598235e-16 5.354458259524645006e-23
2.408646161515568054e-16 5.330428902108280854e-23
2.547637806059950410e-16 5.306480682002158861e-23
2.694650004873290611e-16 5.282613409059495972e-23
2.850145586429859777e-16 5.258826898944475530e-23
3.014614086858970785e-16 5.235120965986360109e-23
3.188573291118156455e-16 5.211495434175078007e-23
3.372570863100230592e-16 5.187950121254883913e-23
3.567186069806148779e-16 5.164484838838776230e-23
3.773031605011779867e-16 5.141099407889352135e-23
3.990755518169926225e-16 5.117793644456325382e-23
4.221043254620177929e-16 5.094567374314769371e-23
4.464619813529717883e-16 5.071420403954833456e-23
4.722252030358717927e-16 5.048352554748427825e-23
4.994750991036121050e-16 5.025363644557477089e-23
5.282974585446091078e-16 5.002453498627507960e-23
5.587830208264222496e-16 4.979621933564535718e-23
5.910277615646274791e-16 4.956868768463061329e-23
6.251331946762980076e-16 4.934193824266949881e-23
6.612066919693460425e-16 4.911596920398858044e-23
6.993618211738547634e-16 4.889077877061974855e-23
7.397187034796157104e-16 4.866636509414721334e-23
7.824043917054768001e-16 4.844272640133226293e-23
8.275532702910575378e-16 4.821986087053579327e-23
8.753074783701143462e-16 4.799776674542551654e-23
9.258173572574755683e-16 4.777644227632788547e-23
9.792419237583443354e-16 4.755588568559935224e-23
1.035749370790056259e-15 4.733609522647171554e-23
1.095517596892364643e-15 4.711706913398967241e-23
1.158734766293271709e-15 4.689880561048499946e-23
1.225599901293638064e-15 4.668130284418228915e-23
1.296323508835498608e-15 4.646455905265554190e-23
1.371128243226713040e-15 4.624857248047461479e-23
1.450249607108329298e-15 4.603334134303943142e-23
1.533936692871477595e-15 4.581886383520898036e-23
1.622452966857950669e-15 4.560513819503452055e-23
1.716077098813308060e-15 4.539216263659102302e-23
1.815103839203820388e-15 4.517993546551313109e-23
1.919844947159261737e-15 4.496845490933970475e-23
2.030630171962885902e-15 4.475771921903571940e-23
2.147808291178608679e-15 4.454772660346035419e-23
2.271748208683609084e-15 4.433847532988342586e-23
2.402840116063234805e-15 4.412996360391462403e-23
2.541496721024546689e-15 4.392218966486757100e-23
2.688154546695830931e-15 4.371515177136206728e-23
2.843275305902578343e-15 4.350884819038328363e-23
3.007347354746462798e-15 4.330327718392743410e-23
3.180887230063557349e-15 4.309843695832034296e-23
3.364441275601973510e-15 4.289432575063345937e-23
3.558587362038628575e-15 4.269094191658738951e-23
3.763936706250060528e-15 4.248828380396782947e-23
3.981135795564816330e-15 4.228634964105602856e-23
4.210868423055392409e-15 4.208513766071109894e-23
4.453857840277311974e-15 4.188464612544978706e-23
4.710869034232640429e-15 4.168487330172826773e-23
4.982711135726362469e-15 4.148581743966818143e-23
5.270239966697718825e-15 4.128747683792008934e-23
5.574360734545965573e-15 4.108984983484118254e-23
5.896030881933103176e-15 4.089293471373623145e-23
6.236263101035266662e-15 4.069672970830849423e-23
6.596128521732403657e-15 4.050123311039556076e-23
6.976760083773389309e-15 4.030644316946510287e-23
7.379356103532932476e-15 4.011235821624726936e-23
7.805184046589250631e-15 3.991897644106250623e-23
8.255584517999447866e-15 3.972629612818718289e-23
8.731975482835014997e-15 3.953431561846019409e-23
9.235856730264402467e-15 3.934303323327185114e-23
9.768814595236989823e-15 3.915244729857690993e-23
1.033252695263315109e-14 3.896255612116878085e-23
1.092876849960325322e-14 3.877335806507134490e-23
1.155941634272559594e-14 3.858485143276015134e-23
1.222645590757297104e-14 3.839703450537441027e-23
1.293198718929251823e-14 3.820990556917932761e-23
1.367823136387713574e-14 3.802346288331754022e-23
1.446753778094239100e-14 3.783770475792310178e-23
1.530239136002347049e-14 3.765262952602857246e-23
1.618542041367787874e-14 3.746823548322555388e-23
1.711940492202251351e-14 3.728452097535230063e-23
1.810728528475537117e-14 3.710148431801107213e-23
1.915217157821528688e-14 3.691912387428000541e-23
2.025735334662303979e-14 3.673743796136285338e-23
2.142630995832899231e-14 3.655642493880469900e-23
2.266272155967099185e-14 3.637608314851122752e-23
2.397048066092815129e-14 3.619641087842830793e-23
2.535370439084510765e-14 3.601740645037836914e-23
2.681674745830768335e-14 3.583906817617305395e-23
2.836421586197569582e-14 3.566139438464692658e-23
3.000098139103424080e-14 3.548438347019283512e-23
3.173219696271518010e-14 3.530803382305879930e-23
3.356331284487483317e-14 3.513234379435845726e-23
3.550009381470033055e-14 3.495731170371853789e-23
3.754863730756453630e-14 3.478293588156720550e-23
3.971539261316537200e-14 3.460921464604611055e-23
4.200718117938480381e-14 3.443614638231542173e-23
4.443121808778762988e-14 3.426372943727798595e-23
4.699513476837052143e-14 3.409196219351084070e-23
4.970700302507232864e-14 3.392084303975432254e-23
5.257536044768362272e-14 3.375037029235085853e-23
5.560923729015815009e-14 3.358054231226133816e-23
5.881818489994497290e-14 3.341135742888212969e-23
6.221230578784447598e-14 3.324281405013221257e-23
6.580228543305298777e-14 3.307491054582654660e-23
6.959942592352838288e-14 3.290764524864864654e-23
7.361568153758223367e-14 3.274101659042410234e-23
7.786369637871852636e-14 3.257502293968612651e-23
8.235684418220200641e-14 3.240966266199972016e-23
8.710927041867632560e-14 3.224493411341029033e-23
9.213593682738407435e-14 3.208083569984351897e-23
9.745266851918936321e-14 3.191736582965999524e-23
1.030762037976953111e-13 3.175452286108711995e-23
1.090242468553019558e-13 3.159230515432932259e-23
1.153155235101080432e-13 3.143071115106787863e-23
1.219698401591260560e-13 3.126973923419784967e-23
1.290081461334105313e-13 3.110938778456809077e-23
1.364525996514076172e-13 3.094965522583706283e-23
1.443266375781622112e-13 3.079053997434015557e-23
1.526550492100008610e-13 3.063204043345109382e-23
1.614640543169819219e-13 3.047415502371113905e-23
1.707813856888093885e-13 3.031688214452983773e-23
1.806363764440808752e-13 3.016022022326146377e-23
1.910600523777444531e-13 3.000416761884362816e-23
2.020852296374915683e-13 2.984872274485857178e-23
2.137466180365956371e-13 2.969388401316768228e-23
2.260809303284487923e-13 2.953964981876893463e-23
2.391269977868183902e-13 2.938601855771395225e-23
2.529258924556965168e-13 2.923298865140356509e-23
2.675210564536129099e-13 2.908055856867106383e-23
2.829584387394950035e-13 2.892872676815822663e-23
2.992866397706363862e-13 2.877749163932319980e-23
3.165570645082028649e-13 2.862685160112467089e-23
3.348240842519632110e-13 2.847680507755561711e-23
3.541452078137423066e-13 2.832735046873916289e-23
3.745812625684897137e-13 2.817848623891287443e-23
3.961965859529531074e-13 2.803021085349155203e-23
4.190592280148410825e-13 2.788252277633026778e-23
4.432411656501435380e-13 2.773542042935314058e-23
4.688185292030858122e-13 2.758890223447206420e-23
4.958718421420914898e-13 2.744296665182264678e-23
5.244862745663271279e-13 2.729761215296233425e-23
5.547519113409128914e-13 2.715283718082080647e-23
5.867640357049567028e-13 2.700864018270167550e-23
6.206234292452741648e-13 2.686501960767445740e-23
6.564366891801819266e-13 2.672197393995177046e-23
6.943165639522449626e-13 2.657950164515690065e-23
7.343823081865102555e-13 2.643760115565737313e-23
7.767600581316978076e-13 2.629627092264615811e-23
8.215832287663510998e-13 2.615550937914166372e-23
8.689929338201088208e-13 2.601531498486051079e-23
9.191384300324317018e-13 2.587568622869244210e-23
9.721775870474102526e-13 2.573662161789196926e-23
1.028277384423994034e-12 2.559811962637144131e-23
1.087614437326342139e-12 2.546017869296445751e-23
1.150375552549292744e-12 2.532279729581806472e-23
1.216758316629455853e-12 2.518597388339394558e-23
1.286971717893413178e-12 2.504970694280436612e-23
1.361236804401412827e-12 2.491399496635432691e-23
1.439787379857893975e-12 2.477883645514871737e-23
1.522870739679735999e-12 2.464422991691419815e-23
1.610748449539544431e-12 2.451017384281716838e-23
1.703697168835012076e-12 2.437666673961177579e-23
1.802009521676821116e-12 2.424370708345668917e-23
1.905995018137160856e-12 2.411129338179764367e-23
2.015981028659185148e-12 2.397942411743685536e-23
2.132313814695016256e-12 2.384809780235825518e-23
2.255359618817063604e-12 2.371731292120712562e-23
2.385505817734520899e-12 2.358706800185444766e-23
2.523162141845027435e-12 2.345736153240978263e-23
2.668761965160918813e-12 2.332819205901971027e-23
2.822763669671063469e-12 2.319955805554383224e-23
2.985652088433597216e-12 2.307145801096428814e-23
3.157940031942753655e-12 2.294389042862444363e-23
3.340169902575176660e-12 2.281685383553174392e-23
3.532915402198274105e-12 2.269034675717021705e-23
3.736783338316687844e-12 2.256436769233657817e-23
3.952415534442946124e-12 2.243891518717897338e-23
4.180490850706636989e-12 2.231398778722615139e-23
4.421727321063434189e-12 2.218958405158124050e-23
4.676884413832395997e-12 2.206570248943298712e-23
4.946765422678267315e-12 2.194234161412786706e-23
5.232219995566087849e-12 2.181949991542704353e-23
5.534146809649955641e-12 2.169717593980758653e-23
5.853496400516926481e-12 2.157536823863262878e-23
6.191274154693383724e-12 2.145407538511086931e-23
6.548543474834827491e-12 2.133329592570247448e-23
6.926429127563897100e-12 2.121302843091837498e-23
7.326120784496364154e-12 2.109327142157748200e-23
7.748876767603162901e-12 2.097402342364450380e-23
8.196028010699506322e-12 2.085528295845271852e-23
8.668982249533057927e-12 2.073704859119311617e-23
9.169228453662312689e-12 2.061931889008659398e-23
9.698341514077862888e-12 2.050209242208643426e-23
1.025798720132424507e-11 2.038536774281316639e-23
1.084992740973167662e-11 2.026914339073668669e-23
1.147602570426775947e-11 2.015341794264152744e-23
1.213825318747190628e-11 2.003818995932945326e-23
1.283869470494297000e-11 1.992345802976407004e-23
1.357955540891638027e-11 1.980922071928353087e-23
1.436316770059447221e-11 1.969547659031279350e-23
1.519199857308602915e-11 1.958222421230520515e-23
1.606865737807235601e-11 1.946946214437413853e-23
1.699590404065113870e-11 1.935718896133091464e-23
1.797665774822022415e-11 1.924540323783849238e-23
1.901400614075641971e-11 1.913410356374009126e-23
2.011121503142130127e-11 1.902328853502419484e-23
2.127173868809825398e-11 1.891295674974996992e-23
2.249923070822827095e-11 1.880310677155494076e-23
2.379755552118146092e-11 1.869373718177075448e-23
2.517080055437638044e-11 1.858484659244728519e-23
2.662328910144885171e-11 1.847643359867812436e-23
2.815959393298231898e-11 1.836849681921726077e-23
2.978455169264947933e-11 1.826103483925781694e-23
3.150327812408748969e-11 1.815404626174031754e-23
3.332118417644465517e-11 1.804752967944548954e-23
3.524399303930235314e-11 1.794148368628438002e-23
3.727775816060231584e-11 1.783590687078704023e-23
3.942888230430374078e-11 1.773079785647437360e-23
4.170413770776813990e-11 1.762615527617203250e-23
4.411068740233216409e-11 1.752197773733325854e-23
4.665610776419018073e-11 1.741826383356857778e-23
4.934841236658323200e-11 1.731501216245270642e-23
5.219607720838379405e-11 1.721222138620091552e-23
5.520806739850534760e-11 1.710989012484944071e-23
5.839386538014291550e-11 1.700801698924785590e-23
6.176350078370192465e-11 1.690660060399991523e-23
6.532758200239923308e-11 1.680563960214770309e-23
6.909732958994366373e-11 1.670513261977289130e-23
7.308461158543963813e-11 1.660507825679331189e-23
7.730198087672482774e-11 1.650547515495987551e-23
8.176271471977043469e-11 1.640632196659626217e-23
8.648085653856022132e-11 1.630761733592500926e-23
9.147126013704394825e-11 1.620935988102834579e-23
9.674963646235485090e-11 1.611154823196440784e-23
1.023326030665124885e-10 1.601418104464526885e-23
1.082377364223277934e-10 1.591725697242705436e-23
1.144836272582132510e-10 1.582077466053400220e-23
1.210899390861045023e-10 1.572473276111069409e-23
1.280774701067528137e-10 1.562912994424334079e-23
1.354682186872833980e-10 1.553396485513239988e-23
1.432854526171504742e-10 1.543923616598894980e-23
1.515537823605332438e-10 1.534494253276525708e-23
1.602992385357805389e-10 1.525108261699966671e-23
1.695493538658301937e-10 1.515765506321663884e-23
1.793332498576022193e-10 1.506465853288286328e-23
1.896817284832517871e-10 1.497209169195614704e-23
2.006273691519166400e-10 1.487995319750676932e-23
2.122046312772475146e-10 1.478824172529016795e-23
2.244499627636292326e-10 1.469695595817599306e-23
2.374019147526306840e-10 1.460609457972606109e-23
2.511012629909336381e-10 1.451565625376498009e-23
2.655911362018335627e-10 1.442563967076567102e-23
2.809171518644563834e-10 1.433604351064778983e-23
2.971275598281553726e-10 1.424686643893308510e-23
3.142733942142193822e-10 1.415810714848866002e-23
3.324086340831149711e-10 1.406976432522258547e-23
3.515903733730774812e-10 1.398183666416036036e-23
3.718790006450669818e-10 1.389432284670954611e-23
3.933383891999455576e-10 1.380722155925921707e-23
4.160360981664377364e-10 1.372053151830088305e-23
4.400435851929242210e-10 1.363425141543346519e-23
4.654364314126803158e-10 1.354837994765835673e-23
4.922945793908008089e-10 1.346291581527549387e-23
5.207025848019228217e-10 1.337785773972543511e-23
5.507498826310865474e-10 1.329320443019967052e-23
5.825310687357960505e-10 1.320895458792907934e-23
6.161461976557031586e-10 1.312510692605679483e-23
6.517010976074870664e-10 1.304166016603817203e-23
6.893077036566082100e-10 1.295861302387526844e-23
7.290844101148368937e-10 1.287596420340995222e-23
7.711564432729862987e-10 1.279371241175724383e-23
8.156562556422996652e-10 1.271185636641885090e-23
8.627239429456527886e-10 1.263039479151792317e-23
9.125076851713563697e-10 1.254932642141448819e-23
9.651642130781162233e-10 1.246864998938444297e-23
1.020859301619765133e-09 1.238836422115209575e-23
1.079768291843252382e-09 1.230846784617229485e-23
1.142076642902895000e-09 1.222895961115546089e-23
1.207980515928777333e-09 1.214983824335508510e-23
1.277687391587453393e-09 1.207110246918984465e-23
1.351416723279170535e-09 1.199275102485139150e-23
1.429400628028036947e-09 1.191478265126438075e-23
1.511884617240209141e-09 1.183719608950553236e-23
1.599128369630700269e-09 1.175999008563813824e-23
1.691406548752159365e-09 1.168316339585551269e-23
1.789009667699392740e-09 1.160671477755976760e-23
1.892245003711917592e-09 1.153064297432209689e-23
2.001437565553928815e-09 1.145494673030677840e-23
2.116931116717212634e-09 1.137962479865611762e-23
2.239089257668294879e-09 1.130467595390131705e-23
2.368296570546976492e-09 1.123009894930563910e-23
2.504959829920033834e-09 1.115589255303770121e-23
2.649509283401872068e-09 1.108205553097899674e-23
2.802400006173671353e-09 1.100858665851553594e-23
2.964113333665567919e-09 1.093548469017919087e-23
3.135158376912135578e-09 1.086274838720724421e-23
3.316073625351917399e-09 1.079037652612727285e-23
3.507428642116979659e-09 1.071836787604107366e-23
3.709825857149661716e-09 1.064672120184327282e-23
3.923902463791651444e-09 1.057543527184909838e-23
4.150332424816306787e-09 1.050450888366062504e-23
4.389828594219670044e-09 1.043394081907397186e-23
4.643144961450061184e-09 1.036372985565813760e-23
4.911079025141605940e-09 1.029387477174831118e-23
5.194474303824777148e-09 1.022437435562874684e-23
5.494222991518221729e-09 1.015522740462939968e-23
5.811268766562311028e-09 1.008643269735846133e-23
6.146609762537273856e-09 1.001798902477635906e-23
6.501301710619034513e-09 9.949895177765559921e-24
6.876461263265613396e-09 9.882149947780273784e-24
7.273269509697975409e-09 9.814752125882893261e-24
7.692975694242467575e-09 9.747700503530252508e-24
8.136901149241605503e-09 9.680993889102416383e-24
8.606443454914491128e-09 9.614631069274951604e-24
9.103080839263265777e-09 9.548610848349026694e-24
9.628376831877445984e-09 9.482932032085480284e-24
1.018398518628746864e-08 9.417593417978742654e-24
1.077165508636406294e-08 9.352593797203748251e-24
1.139323665315449463e-08 9.287931959389149518e-24
1.205068676949240865e-08 9.223606713850428574e-24
1.274607524071853436e-08 9.159616860727836018e-24
1.348159131090759727e-08 9.095961195401851864e-24
1.425955055511607881e-08 9.032638507021462206e-24
1.508240216934913490e-08 8.969647593186509781e-24
1.595273668119729902e-08 8.906987247954332285e-24
1.687329410541769327e-08 8.844656251844488355e-24
1.784697257013547990e-08 8.782653393912672449e-24
1.887683744082316186e-08 8.720977462800533177e-24
1.996613097078112565e-08 8.659627257492573621e-24
2.111828250850272845e-08 8.598601557508977981e-24
2.233691929405811932e-08 8.537899132246180785e-24
2.362587787848663871e-08 8.477518746988459611e-24
2.498921620214866688e-08 8.417459167986299906e-24
2.643122637006237448e-08 8.357719153533380465e-24
2.795644816444509350e-08 8.298297438293079835e-24
2.956968333699988414e-08 8.239192754486169831e-24
3.127601072594280273e-08 8.180403837503053154e-24
3.308080224536268740e-08 8.121929401826853162e-24
3.498973979725172625e-08 8.063768138548111720e-24
3.700883315944983670e-08 8.005918729978249905e-24
3.914443890581814915e-08 7.948379857321571483e-24
4.140328041820673525e-08 7.891150179688433454e-24
4.379246905321894766e-08 7.834228311419516274e-24
4.631952653041018031e-08 7.777612850355221382e-24
4.899240861240409684e-08 7.721302379345650990e-24
5.181953015147803122e-08 7.665295449490960653e-24
5.480979158146707679e-08 7.609590563051544843e-24
5.797260693839335103e-08 7.554186185531297504e-24
6.131793349803311392e-08 7.499080753828325307e-24
6.485630312372859987e-08 7.444272658383749384e-24
6.859885542313480039e-08 7.389760233783514850e-24
7.255737281828612333e-08 7.335541754301744946e-24
7.674431763939172796e-08 7.281615442059697455e-24
8.117287135913931297e-08 7.227979455723236643e-24
8.585697609102625481e-08 7.174631860767435590e-24
9.081137848236411385e-08 7.121570648199288910e-24
9.605167614014216497e-08 7.068793713120188483e-24
1.015943667359092462e-07 7.016298856579776490e-24
1.074568999442672986e-07 6.964083750301802038e-24
1.136577323784913041e-07 6.912145948062431867e-24
1.202163856962255234e-07 6.860482876562510268e-24
1.271535080581860716e-07 6.809091812358804243e-24
1.344909391333561262e-07 6.757969879440980504e-24
1.422517788553273959e-07 6.707114010284749017e-24
1.504604601462418659e-07 6.656520956162586805e-24
1.591428258372957856e-07 6.606187255114715700e-24
1.683262100279592758e-07 6.556109219045970485e-24
1.780395241400618926e-07 6.506282912656244760e-24
1.883133479376403412e-07 6.456704122201212821e-24
1.991800257991341064e-07 6.407368353037948884e-24
2.106737685449729282e-07 6.358270786365685114e-24
2.228307611411814120e-07 6.309406263259342215e-24
2.356892766180246287e-07 6.260769244828599321e-24
2.492897965623925334e-07 6.212353783972656555e-24
2.636751385632021936e-07 6.164153502624293922e-24
2.788905910111076768e-07 6.116161521123639732e-24
2.949840556768330095e-07 6.068370414778809827e-24
3.120061985170663641e-07 6.020772149178463741e-24
3.300106091826154998e-07 5.973358040581340540e-24
3.490539697310658419e-07 5.926118693124648594e-24
3.691962330750277871e-07 5.879043954853739155e-24
3.905008117277913413e-07 5.832122910970550227e-24
4.130347774406357547e-07 5.785343958498434868e-24
4.368690723602225610e-07 5.738695077846242179e-24
4.620787323709414813e-07 5.692164376648471068e-24
4.887431233252376964e-07 5.645741227415512031e-24
5.169461909057387129e-07 5.599418370681462963e-24
5.467767249056881304e-07 5.553195740604297718e-24
5.783286387598258765e-07 5.507087139631449140e-24
6.117012652056123124e-07 5.461131694720030007e-24
6.469996690057440219e-07 5.415413210735972809e-24
6.843349777163388231e-07 5.370092526593051519e-24
7.238247315422786339e-07 5.325460896395391599e-24
7.655932533809728771e-07 5.282027359976463897e-24
8.097720402196995606e-07 5.240660830571059821e-24
8.565001771185490174e-07 5.202821409266729078e-24
9.059247750824793685e-07 5.170929049394555011e-24
9.582014342008013407e-07 5.148957866925292431e-24
1.013494733512371892e-06 5.143383948896242214e-24
1.071978749138531560e-06 5.164694376144481278e-24
1.133837602315053141e-06 5.229780304244876481e-24
1.199266039048524661e-06 5.365725503579332552e-24
1.268470043221842666e-06 5.615780522447322364e-24
1.341667485079290653e-06 6.048789356911152645e-24
1.419088807132483203e-06 6.774050309151215367e-24
1.500977749646885810e-06 7.964611600142713040e-24
1.587592117992571571e-06 9.893868745582522251e-24
1.679204594275372201e-06 1.299266007135725510e-23
1.776103595803243931e-06 1.793916897875145633e-23
1.878594183090905769e-06 2.579916497427685292e-23
1.986999020260928959e-06 3.824502276790485669e-23
2.101659390865297093e-06 5.789598439867456748e-23
2.222936272324999979e-06 8.885257238855147877e-23
2.351211472370748585e-06 1.375255837825486854e-22
2.486888831062063055e-06 2.139274728880228187e-22
2.630395492169501882e-06 3.336825958987912258e-22
2.782183247922199202e-06 5.211447004285834557e-22
2.942729961354441312e-06 8.142482286818415721e-22
3.112541070729407137e-06 1.272021669440511784e-21
3.292151180775778360e-06 1.986261896429185205e-21
3.482125745747526677e-06 3.099617249839954447e-21
3.683062849604746543e-06 4.833494021165327489e-21
3.895595088920800615e-06 7.531312730277400676e-21
4.120391564442712644e-06 1.172527590425812453e-20
4.358159987575640900e-06 1.823945451924350618e-20
4.609648908422143271e-06 2.834833308651868966e-20
4.875650072391663704e-06 4.402121956129646970e-20
5.157000912798292820e-06 6.829701597651894481e-20
5.454587187295232111e-06 1.058609280947875772e-19
5.769345766444851721e-06 1.639255264056256988e-19
6.102267583204701435e-06 2.535791261756880999e-19
6.454400752613757281e-06 3.918395025859045188e-19
6.826853871501813528e-06 6.047894784930501517e-19
7.220799508609110585e-06 9.323162688044412080e-19
7.637477896104296444e-06 1.435301610073171599e-18
8.078200834123155482e-06 2.206474589835477474e-18
8.544355820618974539e-06 3.386759984511575318e-18
9.037410419528191816e-06 5.189721646784583263e-18
9.558916881001258489e-06 7.938036185439437163e-18
1.011051702824643868e-05 1.211768883740811824e-17
1.069394742636918703e-05 1.845834671235619676e-17
1.131104484948220840e-05 2.805139734537514182e-17
1.196375206329540865e-05 4.252214531748261876e-17
1.265412394139331130e-05 6.428150412929166378e-17
1.338433393445259890e-05 9.688793906966015411e-17
1.415668091276939361e-05 1.455629400877756959e-16
1.497359640363487307e-05 2.179313313276954826e-16
1.583765224634764836e-05 3.250552289262036910e-16
1.675156868895897065e-05 4.828740876453237083e-16
1.771822295224509096e-05 7.141879750344800696e-16
1.874065828786400831e-05 1.051366938301448682e-15
1.982209355921800125e-05 1.539968402498753350e-15
2.096593337518124210e-05 2.243493689513739652e-15
2.217577880859707070e-05 3.249633041770149989e-15
2.345543873329111647e-05 4.678158609363118402e-15
2.480894181528742404e-05 6.690782601255351192e-15
2.624054919598432979e-05 9.503124292886474893e-15
2.775476790721357465e-05 1.339887332635079663e-14
2.935636506042275641e-05 1.874578591163454386e-14
3.105038285464526028e-05 2.601352554049157760e-14
3.284215445051329364e-05 3.579200559152728361e-14
3.473732076028162680e-05 4.880919331138430339e-14
3.674184820672882532e-05 6.594683695567757304e-14
3.886204750683674330e-05 8.825230563491214780e-14
4.110459353939257334e-05 1.169446875413273342e-13
4.347654635905176610e-05 1.534132812249271232e-13
4.598537342302900415e-05 1.992093524276236565e-13
4.863897310038142648e-05 2.560292670835554479e-13
5.144569953790753287e-05 3.256940490097139654e-13
5.441438896093644836e-05 4.101296078698596704e-13
5.755438749181191702e-05 5.113518534769013295e-13
6.087558057365449570e-05 6.314643644613401595e-13
6.438842409202403855e-05 7.726753479380444547e-13
6.810397729247464325e-05 9.373377141129499047e-13
7.203393759761865067e-05 1.128014164731511489e-12
7.619067743332842799e-05 1.347565277827120147e-12
8.058728317999599229e-05 1.599255130707908730e-12
8.523759637149625108e-05 1.886869116962260458e-12
9.015625727153859517e-05 2.214837079328794281e-12
9.535875096461546134e-05 2.588355982104315198e-12
1.008614561066315982e-04 3.013510685180807446e-12
1.066816964887149047e-04 3.497393162217623755e-12
1.128377955765195030e-04 4.048223055391276501e-12
1.193491341967492655e-04 4.675474269315660181e-12
1.262362115524847880e-04 5.390012484225291913e-12
1.335207097594323070e-04 6.204248674462360457e-12
1.412255621062464270e-04 7.132313126807978233e-12
1.493750252538344906e-04 8.190253809697163464e-12
1.579947556009548572e-04 9.396263150831696978e-12
1.671118900564969902e-04 1.077093582687348185e-11
1.767551314727701546e-04 1.233756039304985887e-11
1.869548390087241762e-04 1.412244648718007605e-11
1.977431237076292172e-04 1.615528925064918359e-11
2.091539495900704838e-04 1.846957292169602425e-11
2.212232405805691579e-04 2.110301594560895167e-11
2.339889936044094122e-04 2.409806006795479776e-11
2.474913982107798541e-04 2.750240482457563371e-11
2.617729630987739226e-04 3.136959151896609214e-11
2.768786499446423640e-04 3.575963644886589303e-11
2.928560149515542933e-04 4.073971345935524537e-11
3.097553585675637614e-04 4.638488525993585437e-11
3.276298838430601176e-04 5.277887891996101842e-11
3.465358639263207562e-04 6.001490147809594429e-11
3.665328192244029213e-04 6.819648633027559745e-11
3.876837047871994077e-04 7.743835917614951605e-11
4.100551085045185651e-04 8.786730593722390465e-11
4.337174607401836032e-04 9.962302147677547308e-11
4.587452560631650154e-04 1.128589095127628079e-10
4.852172877737207326e-04 1.277427929849429796e-10
5.132168959629967607e-04 1.444574939509469220e-10
5.428322298869181321e-04 1.632012154943777016e-10
5.741565254805094031e-04 1.841876563098075253e-10
6.072883988861927295e-04 2.076457686974997999e-10
6.423321569202960005e-04 2.338190507534064233e-10
6.793981254550473950e-04 2.629642505277294952e-10
7.186029967500312966e-04 2.953493368522198845e-10
7.600701968264239258e-04 3.312505778430668588e-10
8.039302740407591697e-04 3.709485534415817694e-10
8.503213100813638171e-04 4.147229262986457402e-10
8.993893546815661310e-04 4.628457936949883145e-10
9.512888854180505133e-04 5.155734678812622249e-10
1.006183294042130609e-03 5.731365924881317339e-10
1.064245400874788998e-03 6.357285474582537744e-10
1.125657998885166164e-03 7.034922596548028006e-10
1.190614429165124874e-03 7.765056889781558419e-10
1.259319189611888753e-03 8.547665321185713520e-10
1.331988578734742516e-03 9.381770144648000821e-10
1.408851376612949837e-03 1.026530084091854574e-09
1.490149565148381509e-03 1.119498854565377673e-09
1.576139089880703196e-03 1.216631757299198998e-09
1.667090665763222308e-03 1.317356568183293527e-09
1.763290629436261399e-03 1.420997074246918281e-09
1.865041840681358953e-03 1.526806789455104485e-09
1.972664635893942378e-03 1.634024324013665745e-09
2.086497836576662636e-03 1.741954697798715656e-09
2.206899816027886336e-03 1.850080067447166760e-09
2.334249627584028628e-03 1.958200889924015349e-09
2.468948197967172058e-03 2.066605235506683417e-09
2.611419589495452259e-03 2.176258161602586091e-09
2.762112335129363223e-03 2.288996412733589755e-09
2.921500850557639997e-03 2.407704540363393501e-09
3.090086927767621110e-03 2.536439298882422915e-09
3.268401314802911375e-03 2.680460265279903762e-09
3.457005386681033954e-03 2.846119053486459780e-09
3.656492912732301100e-03 3.040560883414017873e-09
3.867491925923064160e-03 3.271200107011557239e-09
4.090666700049277842e-03 3.544958501845445805e-09
4.326719841024120709e-03 3.867285728110451883e-09
4.576394498844474530e-03 4.241039773451544775e-09
4.840476707199259029e-03 4.665349880068048124e-09
5.119797858085540707e-03 5.134646585675325383e-09
5.415237319223499025e-03 5.638062976324782262e-09
5.727725202509492165e-03 6.159407826790255069e-09
6.058245292224219945e-03 6.677853659638794857e-09
6.407838142213283586e-03 7.169365406806346698e-09
6.777604351792239877e-03 7.608762883610949125e-09
7.168708030687919418e-03 7.972145896643726613e-09
7.582380463926083856e-03 8.239314220666327832e-09
8.019923988201596923e-03 8.395778390057040925e-09
8.482716091936657460e-03 8.434040881046983755e-09
8.972213751933100570e-03 8.353964882805239730e-09
9.489958020273588091e-03 8.162252606027013322e-09
1.003757887591015183e-02 7.871222999086150466e-09
1.061680035621631775e-02 7.497174113934345596e-09
1.122944598465568794e-02 7.058628250113520939e-09
1.187744451165701799e-02 6.574697865555345441e-09
1.256283598676734628e-02 6.063726610246722440e-09
1.328777818120046791e-02 5.542280351205263490e-09
1.405455338100152808e-02 5.024501485114208483e-09
1.486557557221159301e-02 4.521798573614407746e-09
1.572339804065608915e-02 4.042815892386320525e-09
1.663072141027939835e-02 3.593611219802199627e-09
1.759040214533593924e-02 3.177966402060339017e-09
1.860546154320063400e-02 2.797763922011118591e-09
1.967909524611436908e-02 2.453377343352645534e-09
2.081468330180525489e-02 2.144040473739296218e-09
2.201580080466348024e-02 1.868174516017369002e-09
2.328622915096573154e-02 1.623663595863321316e-09
2.462996794358846692e-02 1.408076776084705685e-09
2.605124758368325064e-02 1.218839620890067499e-09
2.755454258896162384e-02 1.053361258778094588e-09
2.914458568051223747e-02 9.091241228268981289e-10
3.082638268250520105e-02 7.837436734602681794e-10
3.260522828168621601e-02 6.750048128378985543e-10
3.448672269627665182e-02 5.808807854630730219e-10
3.647678930676038350e-02 4.995393437373624497e-10
3.858169330405614161e-02 4.293400188042235440e-10
4.080806141379291624e-02 3.688254932847661900e-10
4.316290275877565641e-02 3.167093543286344755e-10
4.565363092533087502e-02 2.718619098158165619e-10
4.828808730299194441e-02 2.332952699370518993e-10
5.107456577101357476e-02 2.001485192339926769e-10
5.402183880942287159e-02 1.716735133587387632e-10
5.713918511682290063e-02 1.472216176657667911e-10
6.043641882188290765e-02 1.262315510219133168e-10
6.392392038049359015e-02 1.082183933332369462e-10
6.761266925584429044e-02 9.276374878174954310e-11
7.151427848432173606e-02 7.950701445499289353e-11
7.564103123603589662e-02 6.813768006319215444e-11
8.000591948509076790e-02 5.838857214280324059e-11
8.462268491132521331e-02 5.002995107996758057e-11
8.950586216231029568e-02 4.286437090703943056e-11
9.467082461178664976e-02 3.672221525477325329e-11
1.001338327586057259e-01 3.145782930778375448e-11
1.059120854185541249e-01 2.694617434104058198e-11
1.120237738702053870e-01 2.307993831281344707e-11
1.184881391252878835e-01 1.976704392690743850e-11
1.253255325038419299e-01 1.692850120014229193e-11
1.325574797048995612e-01 1.449655870792631669e-11
1.402067485743661579e-01 1.241311307043424127e-11
1.482974207834844571e-01 1.062834151819938750e-11
1.568549676435079532e-01 9.099526402667244737e-12
1.659063302953018570e-01 7.790045407786538763e-12
1.754800045262882302e-01 6.668504785120267260e-12
1.856061304817998858e-01 5.707994202096976561e-12
1.963165875532321969e-01 4.885448378078102859e-12
2.076450947417674830e-01 4.181098636612679204e-12
2.196273168135932652e-01 3.578002434097558647e-12
2.323009765808632388e-01 3.061640318879409994e-12
2.457059736618486256e-01 2.619569851239115981e-12
2.598845100941770681e-01 2.241129448079544555e-12
2.748812231966424879e-01 1.917183712949940045e-12
2.907433260978132261e-01 1.639905871178738659e-12
3.075207563739209560e-01 1.402590620730274565e-12
3.252663332639054161e-01 1.199493897141657603e-12
3.440359239566405658e-01 1.025695464972886499e-12
3.638886194737720459e-01 8.769809529396489490e-13
3.848869207019707805e-01 7.497409108630784481e-13
4.070969351601863573e-01 6.408840206869840503e-13
4.305885851214630855e-01 5.477629972333498418e-13
4.554358277444346959e-01 4.681107997579664368e-13
4.817168879076282884e-01 3.999862011078541648e-13
5.095145044794824329e-01 3.417270162329081717e-13
5.389161907995123624e-01 2.919100613019239508e-13
5.700145101905520484e-01 2.493168805548098361e-13
6.029073673695776181e-01 2.129043378293852347e-13
6.376983166744352172e-01 1.817794568792617708e-13
6.744968880768810182e-01 1.551778482243899672e-13
7.134189320083533792e-01 1.324452430539763224e-13
7.545869840839383169e-01 1.130216640486364533e-13
7.981306508729311133e-01 9.642787596650958835e-14
8.441870179303063715e-01 8.225377425360890322e-14
8.929010813738679220e-01 7.014844300143269039e-14
9.444262043655787808e-01 5.981163980836937343e-14
9.989245999343970839e-01 5.098650159638380896e-14
1.056567841660424723e+00 4.345329970548097040e-14
1.117537403828368525e+00 3.702409040358804075e-14
1.182025232750578247e+00 3.153813462141800147e-14
1.250234351058597371e+00 2.685797565248652609e-14
1.322379496865385251e+00 2.286608055981670353e-14
1.398687799810744758e+00 1.946196464132258483e-14
1.479399496117985269e+00 1.655972933614165834e-14
1.564768684913321772e+00 1.408595456302161575e-14
1.655064128188721062e+00 1.197789461374030374e-14
1.750570096927027475e+00 1.018193376505748930e-14
1.851587266052868497e+00 8.652264498573079090e-15
1.958433661026953265e+00 7.349756310103258355e-15
2.071445659064039546e+00 6.240987757435388032e-15
2.190979048126238116e+00 5.297418235857137137e-15
2.317410147026111478e+00 4.494679329357081539e-15
2.451136990165372342e+00 3.811968610380508387e-15
2.592580580639579413e+00 3.231531078049911858e-15
2.742186215653300341e+00 2.738215657014096928e-15
2.900424888419081970e+00 2.319095889426740407e-15
3.067794770953067296e+00 1.963145588890045851e-15
3.244822782436148412e+00 1.660961527342141829e-15
3.432066248077471737e+00 1.404526362198096651e-15
3.630114653703575556e+00 1.187005986217169845e-15
3.839591501596173018e+00 1.002576320406823344e-15
4.061156273422072971e+00 8.462753059908262327e-16
4.295506506434071170e+00 7.138764382703106698e-16
4.543379989480104797e+00 6.017807267646696731e-16
4.805557085733453526e+00 5.069244090316792108e-16
5.082863189456749531e+00 4.267001350517243640e-16
5.376171324534682050e+00 3.588896690180481914e-16
5.686404892955205348e+00 3.016064345012186670e-16
6.014540581893349724e+00 2.532464711246501674e-16
6.361611438548447239e+00 2.124465801890127052e-16
6.728710122416528883e+00 1.780486129598253280e-16
7.116992345235247264e+00 1.490690064410636209e-16
7.527680509432713940e+00 1.246728011806305558e-16
7.962067556533200197e+00 1.041514860927216384e-16
8.421521037637196727e+00 8.690411193436783886e-17
8.907487418788718969e+00 7.242119482953986221e-17
9.421496634786189261e+00 6.027100122353416861e-17
9.965166905771210892e+00 5.008786494719999270e-17
1.054020983176121362e+01 4.156223831971090252e-17
1.114843578116236777e+01 3.443222244971340815e-17
1.179175959022948206e+01 2.847635887147887732e-17
1.247220659141410337e+01 2.350749647631075207e-17
1.319191898958014697e+01 1.936757550825398464e-17
1.395316260616201731e+01 1.592319277209539790e-17
1.475833401249477994e+01 1.306183251873385763e-17
1.560996807477704884e+01 1.068866416485930880e-17
1.651074593441634875e+01 8.723822842137683207e-18
1.746350344888464790e+01 7.100100924815442796e-18
1.847124011965388135e+01 5.760989208823801770e-18
1.953712853532289273e+01 4.659015608844078485e-18
2.066452435966043666e+01 3.754336813158348302e-18
2.185697689601373739e+01 3.013545030808737488e-18
2.311824026133666976e+01 2.408657469440062866e-18
2.445228520502144676e+01 1.916261048031412585e-18
2.586331160973647059e+01 1.516788915685431016e-18
2.735576171363194931e+01 1.193908858129157945e-18
2.893433409553350799e+01 9.340066069740763388e-19
3.060399846715902683e+01 7.257496269582565435e-19
3.237001131892110095e+01 5.597191181001956401e-19
3.423793246857881201e+01 4.280998108714816943e-19
3.621364256483193600e+01 3.244186999323322234e-19
3.830336160096506148e+01 2.433251954117367923e-19
4.051366849683008553e+01 1.804063135490965257e-19
4.285152181080825073e+01 1.320314841410773570e-19
4.532428164696721495e+01 9.522236724398651903e-20
4.793973282637182365e+01 6.754376837088645887e-20
5.070610939550791585e+01 4.701233166519179928e-20
5.363212054896597181e+01 3.202019187040148605e-20
5.672697804800744592e+01 2.127118566860077359e-20
6.000042522132074652e+01 1.372758000060345747e-20
6.346276763928172926e+01 8.565576052219530176e-21
6.712490555827390892e+01 5.138106123571071001e-21
7.099836823722591816e+01 2.943674765872505906e-21
7.509535023438638746e+01 1.600306507542760955e-21
7.942874979862416751e+01 8.230521759265002223e-22
8.401220947610028134e+01 4.036208317863912447e-22
8.886015906016955057e+01 1.972296691493777716e-22
9.398786101971265339e+01 1.074326852645465028e-22
9.941145854892297962e+01 7.400465056900672548e-23
1.051480263898288285e+02 6.239266557553539061e-23
1.112156245875323606e+02 5.566074324859957227e-23
1.176333553474238300e+02 4.771454447219713621e-23
1.244214231733444223e+02 3.807423229793472463e-23
1.316011984760545204e+02 2.837686094594368514e-23
1.391952848522318220e+02 2.026198664483748521e-23
1.472275902458407870e+02 1.446394489014411290e-23
1.557234022158722553e+02 1.077589871820399560e-23
1.647094675474496910e+02 8.466232400031284437e-24
1.742140764568974305e+02 6.794162093397501536e-24
1.842671516559090605e+02 5.334966017762046162e-24
1.949003425551679243e+02 4.023202332879152854e-24
2.061471249040385487e+02 2.980228655855915484e-24
2.180429061799722490e+02 2.301649247013965687e-24
2.306251370594632135e+02 1.948486718273617169e-24
2.439334293214537581e+02 1.778782192515635120e-24
2.580096805543886376e+02 1.651755548034771940e-24
2.728982060595476469e+02 1.503525332216873907e-24
2.886458783658687821e+02 1.343101028925976331e-24
3.053022747955499199e+02 1.199649612681637693e-24
3.229198335449308388e+02 1.084325415268375656e-24
3.415540187721085204e+02 9.917146333025429958e-25
3.612634952109406754e+02 9.165140154000820775e-25
3.821103128612465412e+02 8.580666024044670497e-25
4.041601023365637388e+02 8.149057252499527988e-25
4.274822814845556991e+02 7.831772326490219897e-25
4.521502739304584111e+02 7.594038332020272120e-25
4.782417402316975199e+02 7.412427817126307143e-25
5.058388223712927925e+02 7.266445805452960212e-25
5.350284023598894692e+02 7.139367318633281474e-25
5.659023757604314824e+02 7.021017657694788462e-25
5.985579409967257334e+02 6.906639309997835242e-25
6.330979053565720278e+02 6.795312819291839394e-25
6.696310086529643968e+02 6.687793579454963498e-25
7.082722655622119419e+02 6.584675522651292535e-25
7.491433277167782308e+02 6.485916122120845692e-25
7.923728666928547000e+02 6.391075279102765834e-25
8.380969790982569521e+02 6.299549111810654098e-25
8.864596150361389846e+02 6.210622987422369571e-25
9.376130312932275501e+02 6.123599477076617619e-25
9.917182706795301783e+02 6.038023369161242140e-25
1.048945669028367320e+03 5.953748894189250367e-25
1.109475391453115208e+03 5.870773677953315423e-25
1.173497999548672396e+03 5.789062172890600699e-25
1.241215051323597891e+03 5.708519966891274952e-25
1.312839735751360649e+03 5.629048330312155391e-25
1.388597543938716626e+03 5.550577081577092019e-25
1.468726979023892000e+03 5.473062394625146996e-25
1.553480307039825902e+03 5.396471897100060389e-25
1.643124351106016093e+03 5.320773282069899720e-25
1.737941331449624613e+03 5.245943496566045004e-25
1.838229753900127662e+03 5.171960432211894706e-25
1.944305349654802512e+03 5.098806163046500180e-25
2.056502069273818961e+03 5.026465254127031739e-25
2.175173134033874703e+03 4.954921766279614786e-25
2.300692147950770050e+03 4.884167286459855398e-25
2.433454273971302428e+03 4.814189002072883613e-25
2.573877478037952187e+03 4.744976780636907694e-25
2.722403844942385604e+03 4.676521267337254562e-25
2.879500970111002971e+03 4.608813871102249823e-25
3.045663431703540482e+03 4.541846625218092583e-25
3.221414347659926989e+03 4.475612363954933795e-25
3.407307022596604384e+03 4.410105416264170428e-25
3.603926689737904780e+03 4.345322074141766255e-25
3.811892353365657982e+03 4.281260918025365436e-25
4.031858737588368513e+03 4.217922599747875723e-25
4.264518347564203395e+03 4.155297717925111176e-25
4.510603649667953505e+03 4.093406790264765520e-25
4.770889377464854988e+03 4.032235606670091556e-25
5.046194970751280380e+03 3.971774157615536905e-25
5.337387155341417383e+03 3.912007695358424187e-25
5.645382671720678445e+03 3.852919284748595642e-25
5.971151161157562456e+03 3.794492205989521756e-25
6.315718218358738341e+03 3.736711173515938829e-25
6.680168620279257993e+03 3.679563785676918698e-25
7.065649741251422711e+03 3.623040283397984244e-25
7.473375165185532751e+03 3.567132065913191767e-25
7.904628506212848151e+03 3.511830235216270975e-25
8.360767449800852773e+03 3.457070207721229337e-25
8.843228027061264584e+03 3.402948272139544481e-25
9.353529135709335605e+03 3.349405370764077944e-25
9.893277321905316057e+03 3.296432084803709920e-25
1.046417183803471744e+04 3.244017849918222763e-25
1.106800999234800838e+04 3.192150994491071403e-25
1.170669280730421451e+04 3.140819596420147608e-25
1.238223100442950818e+04 3.090009987767616148e-25
1.309675133453522540e+04 3.039708142997909778e-25
1.385250327322207158e+04 2.989897922987255056e-25
1.465186610275032035e+04 2.940562061208640418e-25
1.549735640257257182e+04 2.891443968642605743e-25
1.639163597210821536e+04 2.842964714872237091e-25
1.733752021070588307e+04 2.794891051783675107e-25
1.833798698117208914e+04 2.747196276980700017e-25
1.939618598477459454e+04 2.699850960425072574e-25
2.051544867723084462e+04 2.652822978195194025e-25
2.169929875690390327e+04 2.606077321097902007e-25
2.295146325822027211e+04 2.559575903693627192e-25
2.427588428523944822e+04 2.513277399007319241e-25
2.567673142230969097e+04 2.467137086265490338e-25
2.715841486088745296e+04 2.421106759461397306e-25
2.872559928384059094e+04 2.375134727280301747e-25
3.038321855095287174e+04 2.328138432712294480e-25
3.213649123185624558e+04 2.281992781713732832e-25
3.399093703529919003e+04 2.235719059136591561e-25
3.595239418646846752e+04 2.189253859985769900e-25
3.802703780707420810e+04 2.142533129903561162e-25
4.022139935606626386e+04 2.095493984478408851e-25
4.254238719217830658e+04 2.048077107719382736e-25
4.499730832304486103e+04 2.000230066149564097e-25
4.759389140935210162e+04 1.951911677940105388e-25
5.034031109645580000e+04 1.903097868762211213e-25
5.324521375005649315e+04 1.853789152363892902e-25
5.631774467696584907e+04 1.804020249150490401e-25
5.956757691664866434e+04 1.750703519347733985e-25
6.300494169419658283e+04 1.700164852932915688e-25
6.664066063059215958e+04 1.649654158671418093e-25
7.048617981168377446e+04 1.599509876991747174e-25
7.455360582311244798e+04 1.550193495014439660e-25
7.885574386465386488e+04 1.502306547812835130e-25
8.340613806395027495e+04 1.456594671378361958e-25
8.821911411656773998e+04 1.413918585932733249e-25
9.330982438660423213e+04 1.375148652613866945e-25
9.869429560984116688e+04 1.340883040318424521e-25
1.043894793496275233e+05 1.310736054023490384e-25
1.104133053643236781e+05 1.281409385639972075e-25
1.167847380543429026e+05 1.231746604170678571e-25
1.235238361664721306e+05 1.130343829024083056e-25
1.306518159434631816e+05 9.781824680406126680e-26
1.381911179176744190e+05 7.890431202417569195e-26
1.461654775590756035e+05 5.971306335613022158e-26
1.546000000000000000e+05 4.059084744770771965e-26
