#MPBH fPBH
1.201591260882078532e+21 0.000000000000000000e+00
1.084005436195359818e+21 0.000000000000000000e+00
9.779263747628116214e+20 0.000000000000000000e+00
8.822280428899873587e+20 0.000000000000000000e+00
7.958945987628917064e+20 0.000000000000000000e+00
7.180096092444599255e+20 0.000000000000000000e+00
6.477463218982917243e+20 0.000000000000000000e+00
5.843588889768115569e+20 0.000000000000000000e+00
5.271744502160702177e+20 0.000000000000000000e+00
4.755859903957802680e+20 0.000000000000000000e+00
4.290458958472514109e+20 0.000000000000000000e+00
3.870601415112748564e+20 0.000000000000000000e+00
3.491830468413680517e+20 0.000000000000000000e+00
3.150125448860505866e+20 0.000000000000000000e+00
2.841859143312503931e+20 0.000000000000000000e+00
2.563759291983202877e+20 0.000000000000000000e+00
2.312873853265224663e+20 0.000000000000000000e+00
2.086539667684595466e+20 0.000000000000000000e+00
1.882354188351017452e+20 0.000000000000000000e+00
1.698149977821659791e+20 0.000000000000000000e+00
1.531971700661658911e+20 0.000000000000000000e+00
1.382055367476297400e+20 0.000000000000000000e+00
1.246809610089452995e+20 0.000000000000000000e+00
1.124798789103558984e+20 0.000000000000000000e+00
1.014727754527064228e+20 0.000000000000000000e+00
9.154280977028464640e+19 0.000000000000000000e+00
8.258457486012353741e+19 0.000000000000000000e+00
7.450297868223414272e+19 0.000000000000000000e+00
6.721223475360691814e+19 0.000000000000000000e+00
6.063495152108847923e+19 0.000000000000000000e+00
5.470131084679411302e+19 0.000000000000000000e+00
4.934832688563988070e+19 0.000000000000000000e+00
4.451917748795021722e+19 0.000000000000000000e+00
4.016260102995217613e+19 0.000000000000000000e+00
3.623235226948440883e+19 0.000000000000000000e+00
3.268671145080909414e+19 0.000000000000000000e+00
2.948804144765111501e+19 0.000000000000000000e+00
2.660238824352169984e+19 0.000000000000000000e+00
2.399912050840643584e+19 0.000000000000000000e+00
2.165060444590994227e+19 0.000000000000000000e+00
1.953191045934627226e+19 0.000000000000000000e+00
1.762054852302242611e+19 0.000000000000000000e+00
1.589622944967051674e+19 0.000000000000000000e+00
1.434064951987249766e+19 0.000000000000000000e+00
1.293729618730950042e+19 0.000000000000000000e+00
1.167127279738870170e+19 0.000000000000000000e+00
1.052914045862885171e+19 0.000000000000000000e+00
9.498775388262631424e+18 0.000000000000000000e+00
8.569240217773089792e+18 0.000000000000000000e+00
7.730667892267189248e+18 0.000000000000000000e+00
6.974156931273590784e+18 0.000000000000000000e+00
6.291676939153472512e+18 0.000000000000000000e+00
5.675983362113236992e+18 0.000000000000000000e+00
5.120540586961687552e+18 0.000000000000000000e+00
4.619452565301376000e+18 0.000000000000000000e+00
4.167400226727112704e+18 0.000000000000000000e+00
3.759585016670065664e+18 0.000000000000000000e+00
3.391677959539451392e+18 0.000000000000000000e+00
3.059773706464700416e+18 0.000000000000000000e+00
2.760349079853088768e+18 0.000000000000000000e+00
2.490225674711570944e+18 0.000000000000000000e+00
2.246536119744224000e+18 0.000000000000000000e+00
2.026693640085452800e+18 0.000000000000000000e+00
1.828364598576079104e+18 0.000000000000000000e+00
1.649443724106875904e+18 0.000000000000000000e+00
1.488031764077255168e+18 0.000000000000000000e+00
1.342415323749108736e+18 0.000000000000000000e+00
1.211048678489673216e+18 0.000000000000000000e+00
1.092537365839618560e+18 0.000000000000000000e+00
9.856233832354169600e+17 0.000000000000000000e+00
8.891718342592908800e+17 0.000000000000000000e+00
8.021588816660512000e+17 0.000000000000000000e+00
7.236608793077137920e+17 0.000000000000000000e+00
6.528445675908247040e+17 0.000000000000000000e+00
5.889582283908705280e+17 0.000000000000000000e+00
5.313237055327969920e+17 0.000000000000000000e+00
4.793292061347118720e+17 0.000000000000000000e+00
4.324228064007405440e+17 0.000000000000000000e+00
3.901065929267416960e+17 0.000000000000000000e+00
3.519313773285992960e+17 0.000000000000000000e+00
3.174919280886482560e+17 0.000000000000000000e+00
2.864226690060919040e+17 0.000000000000000000e+00
2.583937985902661440e+17 0.000000000000000000e+00
2.331077892039576640e+17 0.000000000000000000e+00
2.102962287950344960e+17 0.000000000000000000e+00
1.897169716912344640e+17 0.000000000000000000e+00
1.711515682136786880e+17 0.000000000000000000e+00
1.544029458243503040e+17 0.000000000000000000e+00
1.392933171928241600e+17 0.000000000000000000e+00
1.256622929762836960e+17 0.000000000000000000e+00
1.133651792799060640e+17 0.000000000000000000e+00
1.022714417250906880e+17 0.000000000000000000e+00
9.226331982154355200e+16 0.000000000000000000e+00
8.323457693472640000e+16 0.000000000000000000e+00
7.508937257951540800e+16 0.000000000000000000e+00
6.774124506942586400e+16 0.000000000000000000e+00
6.111219372217636000e+16 0.000000000000000000e+00
5.513185087916862400e+16 0.000000000000000000e+00
4.973673494983559200e+16 0.000000000000000000e+00
4.486957655188914400e+16 0.000000000000000000e+00
4.047871059442140000e+16 0.000000000000000000e+00
3.651752785079358400e+16 0.000000000000000000e+00
3.294398019973649600e+16 0.000000000000000000e+00
2.972013428277694800e+16 0.000000000000000000e+00
2.681176884004310800e+16 0.000000000000000000e+00
2.418801145015343600e+16 0.000000000000000000e+00
2.182101081816630400e+16 0.000000000000000000e+00
1.968564113291377200e+16 0.000000000000000000e+00
1.775923535546061400e+16 0.000000000000000000e+00
1.602134460753319000e+16 0.000000000000000000e+00
1.445352110581766800e+16 0.000000000000000000e+00
1.303912233796470400e+16 0.000000000000000000e+00
1.176313440162177000e+16 0.000000000000000000e+00
1.061201263122870600e+16 0.000000000000000000e+00
9.573537820823616000e+15 0.000000000000000000e+00
8.636686516658286000e+15 0.000000000000000000e+00
7.791514002773287000e+15 0.000000000000000000e+00
7.029048737420341000e+15 0.000000000000000000e+00
6.341197119769619000e+15 0.000000000000000000e+00
5.720657575996799000e+15 0.000000000000000000e+00
5.160843052770230000e+15 0.000000000000000000e+00
4.655811095402927000e+15 0.000000000000000000e+00
4.200200768446449500e+15 0.000000000000000000e+00
3.789175749135789500e+15 0.000000000000000000e+00
3.418372989620062000e+15 0.000000000000000000e+00
3.083856403026206500e+15 0.000000000000000000e+00
2.782075081731420000e+15 0.000000000000000000e+00
2.509825604329582500e+15 0.000000000000000000e+00
2.264218031178378000e+15 0.000000000000000000e+00
2.042645227568597500e+15 0.000000000000000000e+00
1.842755188879630000e+15 0.000000000000000000e+00
1.662426073951579000e+15 0.000000000000000000e+00
1.499743681652219000e+15 0.000000000000000000e+00
1.352981131551513250e+15 0.000000000000000000e+00
1.220580533013313250e+15 0.000000000000000000e+00
1.101136448120779500e+15 0.000000000000000000e+00
9.933809728938372500e+14 0.000000000000000000e+00
8.961702784351662500e+14 0.000000000000000000e+00
8.084724691383748750e+14 0.000000000000000000e+00
7.293566290727960000e+14 0.000000000000000000e+00
6.579829402717517500e+14 0.000000000000000000e+00
5.935937680295607500e+14 0.000000000000000000e+00
5.355056185772965625e+14 0.000000000000000000e+00
4.831018837677074375e+14 0.000000000000000000e+00
4.358262957538327500e+14 0.000000000000000000e+00
3.931770221824243750e+14 0.000000000000000000e+00
3.547013392224375625e+14 0.000000000000000000e+00
3.199908258825381250e+14 0.000000000000000000e+00
2.886770286051160625e+14 0.000000000000000000e+00
2.604275501162946562e+14 0.000000000000000000e+00
2.349425210148952812e+14 0.000000000000000000e+00
2.119514166461489688e+14 0.000000000000000000e+00
1.912101854711145625e+14 0.000000000000000000e+00
1.724986584493410625e+14 0.000000000000000000e+00
1.556182119352505625e+14 0.000000000000000000e+00
1.403896592797938750e+14 0.000000000000000000e+00
1.266513487566432344e+14 0.000000000000000000e+00
1.142574476223231875e+14 0.000000000000000000e+00
1.030763940955122969e+14 0.000000000000000000e+00
9.298950082320546875e+13 0.000000000000000000e+00
8.388969500947442188e+13 0.000000000000000000e+00
7.568038183324084375e+13 0.000000000000000000e+00
6.827441909019048438e+13 0.000000000000000000e+00
6.159319217461395312e+13 0.000000000000000000e+00
5.556577958206323438e+13 0.000000000000000000e+00
5.012820007460151562e+13 0.000000000000000000e+00
4.522273351727496875e+13 0.000000000000000000e+00
4.079730817645395312e+13 0.000000000000000000e+00
3.680494797619336719e+13 0.000000000000000000e+00
3.320327384521173438e+13 0.000000000000000000e+00
2.995405386126962109e+13 0.000000000000000000e+00
2.702279741770810547e+13 0.000000000000000000e+00
2.437838910420986328e+13 0.000000000000000000e+00
2.199275841541147656e+13 0.000000000000000000e+00
1.984058178130912500e+13 0.000000000000000000e+00
1.789901375649929297e+13 0.000000000000000000e+00
1.614744451481566406e+13 0.000000000000000000e+00
1.456728107515828125e+13 0.000000000000000000e+00
1.314174993621816797e+13 0.000000000000000000e+00
1.185571902505585352e+13 0.000000000000000000e+00
1.069553706951142188e+13 0.000000000000000000e+00
9.648888689377027344e+12 0.000000000000000000e+00
8.704663668118240234e+12 0.000000000000000000e+00
7.852839017458857422e+12 0.000000000000000000e+00
7.084372582939272461e+12 0.000000000000000000e+00
6.391107061066732422e+12 0.000000000000000000e+00
5.765683409196150391e+12 0.000000000000000000e+00
5.201462728983147461e+12 0.000000000000000000e+00
4.692455794199241211e+12 0.000000000000000000e+00
4.233259474843652832e+12 0.000000000000000000e+00
3.818999382691378906e+12 0.000000000000000000e+00
3.445278129457409180e+12 0.000000000000000000e+00
3.108128648335205566e+12 0.000000000000000000e+00
2.803972083415920410e+12 0.000000000000000000e+00
2.529579799982564941e+12 0.000000000000000000e+00
2.282039112416756836e+12 0.000000000000000000e+00
2.058722365918542236e+12 0.000000000000000000e+00
1.857259043840261230e+12 0.000000000000000000e+00
1.675510604552755371e+12 0.000000000000000000e+00
1.511547780736068359e+12 0.000000000000000000e+00
1.363630100125805908e+12 0.000000000000000000e+00
1.230187410326931396e+12 0.000000000000000000e+00
1.109803211580076904e+12 0.000000000000000000e+00
1.001199620557106567e+12 0.000000000000000000e+00
9.032238055758792725e+11 0.000000000000000000e+00
8.148357492435194092e+11 0.000000000000000000e+00
7.350972086280656738e+11 0.000000000000000000e+00
6.631617557703385010e+11 0.000000000000000000e+00
5.982657928155943604e+11 0.000000000000000000e+00
5.397204463901934814e+11 0.000000000000000000e+00
4.869042551818043823e+11 0.000000000000000000e+00
4.392565731014634399e+11 0.000000000000000000e+00
3.962716180017720947e+11 0.000000000000000000e+00
3.574931027781567383e+11 0.000000000000000000e+00
3.225093918620781250e+11 0.000000000000000000e+00
2.909491316921796265e+11 0.000000000000000000e+00
2.624773087806220398e+11 0.000000000000000000e+00
2.367916935308369446e+11 0.000000000000000000e+00
2.136196320576628418e+11 0.000000000000000000e+00
1.927151519548911743e+11 0.000000000000000000e+00
1.738563512878429260e+11 0.000000000000000000e+00
1.568430430950065308e+11 0.000000000000000000e+00
1.414946303950319519e+11 0.000000000000000000e+00
1.276481891421813965e+11 0.000000000000000000e+00
1.151567387807400055e+11 0.000000000000000000e+00
1.038876820402422638e+11 0.000000000000000000e+00
9.372139740987127686e+10 0.000000000000000000e+00
8.454996935109698486e+10 0.000000000000000000e+00
7.627604276970083618e+10 0.000000000000000000e+00
6.881178958735772705e+10 0.000000000000000000e+00
6.207797644289569092e+10 0.000000000000000000e+00
5.600312362683710480e+10 0.000000000000000000e+00
5.052274632127997589e+10 0.000000000000000000e+00
4.557867009084488678e+10 0.000000000000000000e+00
4.111841335859986115e+10 0.000000000000000000e+00
3.709463031191634369e+10 0.000000000000000000e+00
3.346460832467778397e+10 0.000000000000000000e+00
3.018981456095929718e+10 0.000000000000000000e+00
2.723548694735488129e+10 0.000000000000000000e+00
2.457026517210815048e+10 0.000000000000000000e+00
2.216585779408441925e+10 0.000000000000000000e+00
1.999674192793479156e+10 0.000000000000000000e+00
1.803989231759590912e+10 0.000000000000000000e+00
1.627453692222881889e+10 0.000000000000000000e+00
1.468193642013300896e+10 0.000000000000000000e+00
1.324518529005900002e+10 0.000000000000000000e+00
1.194903235839014053e+10 0.000000000000000000e+00
1.077971890729349327e+10 0.000000000000000000e+00
9.724832625352094650e+09 0.000000000000000000e+00
8.773175850357824326e+09 0.000000000000000000e+00
7.914646705656291008e+09 0.000000000000000000e+00
7.140131868301803589e+09 0.000000000000000000e+00
6.441409830751478195e+09 0.000000000000000000e+00
5.811063629216991425e+09 0.000000000000000000e+00
5.242402112282459259e+09 0.000000000000000000e+00
4.729388914050944328e+09 0.000000000000000000e+00
4.266578377866892338e+09 0.000000000000000000e+00
3.849057750441792011e+09 0.000000000000000000e+00
3.472395032771661758e+09 0.000000000000000000e+00
3.132591934281422615e+09 0.000000000000000000e+00
2.826041430802358150e+09 0.000000000000000000e+00
2.549489475859052181e+09 0.000000000000000000e+00
2.300000458829300880e+09 0.000000000000000000e+00
2.074926043314043522e+09 0.000000000000000000e+00
1.871877054935143471e+09 0.000000000000000000e+00
1.688698120149011850e+09 0.000000000000000000e+00
1.523444786865889549e+09 0.000000000000000000e+00
1.374362884009166718e+09 0.000000000000000000e+00
1.239869900915724516e+09 0.000000000000000000e+00
1.118538188918758392e+09 0.000000000000000000e+00
1.009079806797161818e+09 0.000000000000000000e+00
9.103328492253692150e+08 0.000000000000000000e+00
8.212491130994913578e+08 0.000000000000000000e+00
7.408829708173388243e+08 0.000000000000000000e+00
6.683813324016673565e+08 0.000000000000000000e+00
6.029745899142370224e+08 0.000000000000000000e+00
5.439684480352139473e+08 0.000000000000000000e+00
4.907365540891640186e+08 0.000000000000000000e+00
4.427138492850917578e+08 0.000000000000000000e+00
3.993905705936282873e+08 0.000000000000000000e+00
3.603068395910608768e+08 0.000000000000000000e+00
3.250477808305309415e+08 0.000000000000000000e+00
2.932391179217398763e+08 0.000000000000000000e+00
2.645432005713409781e+08 0.000000000000000000e+00
2.386554204108808637e+08 0.000000000000000000e+00
2.153009775661745667e+08 0.000000000000000000e+00
1.942319636450914145e+08 0.000000000000000000e+00
1.752247301795592010e+08 0.000000000000000000e+00
1.580775145876730382e+08 0.000000000000000000e+00
1.426082984554135501e+08 0.000000000000000000e+00
1.286528754035349935e+08 0.000000000000000000e+00
1.160631080299463719e+08 0.000000000000000000e+00
1.047053554249656647e+08 0.000000000000000000e+00
9.445905456744897366e+07 0.000000000000000000e+00
8.521544054325269163e+07 0.000000000000000000e+00
7.687639200110137463e+07 0.000000000000000000e+00
6.935338959032030404e+07 0.000000000000000000e+00
6.256657632420965284e+07 0.000000000000000000e+00
5.644390989477334172e+07 0.000000000000000000e+00
5.092039794059363008e+07 0.000000000000000000e+00
4.593740815018419176e+07 0.000000000000000000e+00
4.144204587753869593e+07 0.000000000000000000e+00
3.738659266324184090e+07 0.000000000000000000e+00
3.372799970101713389e+07 0.000000000000000000e+00
3.042743087283993885e+07 0.000000000000000000e+00
2.744985050191200525e+07 0.000000000000000000e+00
2.476365144748051092e+07 0.000000000000000000e+00
2.234031959371111915e+07 0.000000000000000000e+00
2.015413117114969343e+07 0.000000000000000000e+00
1.818187969782892987e+07 0.000000000000000000e+00
1.640262964148739539e+07 0.000000000000000000e+00
1.479749418801442720e+07 0.000000000000000000e+00
1.334943475712499954e+07 0.000000000000000000e+00
1.204308013711399399e+07 0.000000000000000000e+00
1.086456331879821420e+07 0.000000000000000000e+00
9.801374296630933881e+06 0.000000000000000000e+00
8.842227274467540905e+06 0.000000000000000000e+00
7.976940866365324706e+06 0.000000000000000000e+00
7.196330020743663423e+06 0.000000000000000000e+00
6.492108520675696433e+06 0.000000000000000000e+00
5.856801025347404182e+06 0.000000000000000000e+00
5.283663719000866637e+06 0.000000000000000000e+00
4.766612725046454929e+06 0.000000000000000000e+00
4.300159525457294658e+06 0.000000000000000000e+00
3.879352699919831473e+06 0.000000000000000000e+00
3.499725366299027577e+06 0.000000000000000000e+00
3.157247764496876858e+06 0.000000000000000000e+00
2.848284480379667599e+06 0.000000000000000000e+00
2.569555855704113841e+06 0.000000000000000000e+00
2.318103174407350365e+06 0.000000000000000000e+00
2.091257255711583886e+06 0.000000000000000000e+00
1.886610120658007450e+06 0.000000000000000000e+00
1.701989431308926083e+06 0.000000000000000000e+00
1.535435431289290544e+06 0.000000000000000000e+00
1.385180142890453339e+06 0.000000000000000000e+00
1.249628599912457168e+06 0.000000000000000000e+00
1.127341917030834360e+06 0.000000000000000000e+00
1.017022015968411579e+06 0.000000000000000000e+00
9.174978463398749009e+05 0.000000000000000000e+00
8.277129549026939785e+05 0.000000000000000000e+00
7.467142712615773780e+05 0.000000000000000000e+00
6.736419909861868946e+05 0.000000000000000000e+00
6.077204487509627361e+05 0.000000000000000000e+00
5.482498846151125617e+05 0.000000000000000000e+00
4.945990160414306447e+05 0.000000000000000000e+00
4.461983368056493346e+05 0.000000000000000000e+00
4.025340716639244929e+05 0.000000000000000000e+00
3.631427226070404868e+05 0.000000000000000000e+00
3.276061488095719251e+05 0.000000000000000000e+00
2.955471280474411324e+05 0.000000000000000000e+00
2.666253524681649287e+05 0.000000000000000000e+00
2.405338162087037927e+05 0.000000000000000000e+00
2.169955565153189527e+05 0.000000000000000000e+00
1.957607137723078777e+05 0.000000000000000000e+00
1.766038792316833278e+05 0.000000000000000000e+00
1.593217022898445139e+05 0.000000000000000000e+00
1.437307319123712659e+05 0.000000000000000000e+00
1.296654692935869680e+05 0.000000000000000000e+00
1.169766110797849251e+05 0.000000000000000000e+00
1.055294645078484464e+05 0.000000000000000000e+00
9.520251763591960480e+04 0.000000000000000000e+00
8.588614948902266042e+04 0.000000000000000000e+00
7.748146642781265837e+04 0.000000000000000000e+00
6.989925238843743864e+04 0.000000000000000000e+00
6.305902185027099767e+04 0.000000000000000000e+00
5.688816547873015224e+04 0.000000000000000000e+00
5.132117937413665641e+04 0.000000000000000000e+00
4.629896974507118284e+04 0.000000000000000000e+00
4.176822562529189599e+04 0.000000000000000000e+00
3.768085297558944148e+04 0.000000000000000000e+00
3.399346416353938548e+04 0.000000000000000000e+00
3.066691740196095998e+04 0.000000000000000000e+00
2.766590125720144351e+04 0.000000000000000000e+00
2.495855981678389799e+04 0.000000000000000000e+00
2.251615453755862472e+04 0.000000000000000000e+00
2.031275918485867442e+04 0.000000000000000000e+00
1.832498462443039534e+04 0.000000000000000000e+00
1.653173054579029122e+04 0.000000000000000000e+00
1.491396148154262664e+04 0.000000000000000000e+00
1.345450474509305604e+04 0.000000000000000000e+00
1.213786814185930052e+04 0.000000000000000000e+00
1.095007551897400117e+04 0.000000000000000000e+00
9.878518407835215839e+03 0.000000000000000000e+00
8.911822184682312582e+03 0.000000000000000000e+00
8.039725328486794751e+03 0.000000000000000000e+00
7.252970494475401210e+03 0.000000000000000000e+00
6.543206247026292658e+03 0.000000000000000000e+00
5.902898408829235450e+03 0.000000000000000000e+00
5.325250085276537902e+03 0.000000000000000000e+00
4.804129515141404227e+03 0.000000000000000000e+00
4.334004981674820556e+03 0.000000000000000000e+00
3.909886093199819243e+03 0.000000000000000000e+00
3.527270809894132071e+03 0.000000000000000000e+00
3.182097654448281446e+03 0.000000000000000000e+00
2.870702599313393421e+03 0.000000000000000000e+00
2.589780172894631505e+03 0.000000000000000000e+00
2.336348371831446002e+03 0.000000000000000000e+00
2.107717006906568713e+03 0.000000000000000000e+00
1.901459146574431543e+03 0.000000000000000000e+00
1.715385354980835018e+03 0.000000000000000000e+00
1.547520451009340150e+03 0.000000000000000000e+00
1.396082541650781423e+03 0.000000000000000000e+00
1.259464107134014057e+03 0.000000000000000000e+00
1.136214937036055971e+03 0.000000000000000000e+00
1.025026736237494561e+03 0.000000000000000000e+00
9.247192373148219531e+02 0.000000000000000000e+00
8.342276719521407813e+02 0.000000000000000000e+00
7.525914683807433221e+02 0.000000000000000000e+00
6.789440548694502695e+02 0.000000000000000000e+00
6.125036610292322621e+02 0.000000000000000000e+00
5.525650192877085374e+02 0.000000000000000000e+00
4.984918784442228343e+02 0.000000000000000000e+00
4.497102498366159580e+02 0.000000000000000000e+00
4.057023144274564856e+02 0.000000000000000000e+00
3.660009261331983907e+02 0.000000000000000000e+00
3.301846530488865596e+02 0.000000000000000000e+00
2.978733039307593344e+02 0.000000000000000000e+00
2.687238924502331656e+02 0.000000000000000000e+00
2.424269963796093066e+02 0.000000000000000000e+00
2.187034730621256244e+02 0.000000000000000000e+00
1.973014963009236169e+02 0.000000000000000000e+00
1.779938832133942412e+02 0.000000000000000000e+00
1.605756826753225255e+02 0.000000000000000000e+00
1.448619997560992374e+02 0.000000000000000000e+00
1.306860330512615747e+02 0.000000000000000000e+00
1.178973040785759849e+02 0.000000000000000000e+00
1.063600599426262505e+02 0.000000000000000000e+00
9.595183231212347152e+01 0.000000000000000000e+00
8.656213741342691037e+01 0.000000000000000000e+00
7.809130324063929152e+01 0.000000000000000000e+00
7.044941153307937043e+01 0.000000000000000000e+00
6.355534328916580478e+01 0.000000000000000000e+00
5.733591768480673068e+01 0.000000000000000000e+00
5.172511525587705705e+01 0.000000000000000000e+00
4.666337709883229223e+01 0.000000000000000000e+00
4.209697265044638215e+01 0.000000000000000000e+00
3.797742933562298617e+01 0.000000000000000000e+00
3.426101802897561299e+01 0.000000000000000000e+00
3.090828886832386502e+01 0.000000000000000000e+00
2.788365249274866287e+01 0.000000000000000000e+00
2.515500226003070949e+01 0.000000000000000000e+00
2.269337343329402046e+01 0.000000000000000000e+00
2.047263571910767510e+01 0.000000000000000000e+00
1.846921589332191971e+01 0.000000000000000000e+00
1.666184757030409713e+01 0.000000000000000000e+00
1.503134545936132405e+01 0.000000000000000000e+00
1.356040171207368239e+01 0.000000000000000000e+00
1.223340219875592894e+01 0.000000000000000000e+00
1.103626076381475762e+01 0.000000000000000000e+00
9.956269700615608897e+00 0.000000000000000000e+00
8.981964858642252025e+00 0.000000000000000000e+00
8.103003951057699439e+00 0.000000000000000000e+00
7.310056770894771461e+00 0.000000000000000000e+00
6.594706150517088084e+00 0.000000000000000000e+00
5.949358613030888421e+00 0.000000000000000000e+00
5.367163767208917413e+00 0.000000000000000000e+00
4.841941590299396303e+00 0.000000000000000000e+00
4.368116826825061416e+00 0.000000000000000000e+00
3.940659807011928528e+00 0.000000000000000000e+00
3.555033056633308153e+00 0.000000000000000000e+00
3.207143131530234115e+00 0.000000000000000000e+00
2.893297165529681525e+00 0.000000000000000000e+00
2.610163670515072365e+00 0.000000000000000000e+00
2.354737172539777212e+00 0.000000000000000000e+00
2.124306308594990700e+00 0.000000000000000000e+00
1.916425045377435410e+00 0.000000000000000000e+00
1.728886714543066860e+00 0.000000000000000000e+00
1.559700588829882717e+00 0.000000000000000000e+00
1.407070750404372683e+00 0.000000000000000000e+00
1.269377027118301360e+00 0.000000000000000000e+00
1.145157794313203636e+00 0.000000000000000000e+00
1.033094459613271399e+00 0.000000000000000000e+00
9.319974660118605092e-01 0.000000000000000000e+00
8.407936646738847219e-01 0.000000000000000000e+00
7.585149234158372611e-01 0.000000000000000000e+00
6.842878499419778882e-01 0.000000000000000000e+00
6.173245207484363561e-01 0.000000000000000000e+00
5.569141172820761820e-01 0.000000000000000000e+00
5.024153805717102017e-01 0.000000000000000000e+00
4.532498042371683189e-01 0.000000000000000000e+00
4.088954936197647383e-01 0.000000000000000000e+00
3.688816258485662636e-01 0.000000000000000000e+00
3.327834520358313175e-01 0.000000000000000000e+00
3.002177885497295806e-01 0.000000000000000000e+00
2.708389495039723593e-01 0.000000000000000000e+00
2.443350772876159427e-01 0.000000000000000000e+00
2.204248321834139934e-01 0.000000000000000000e+00
1.988544059348978932e-01 0.000000000000000000e+00
1.793948275610690313e-01 0.000000000000000000e+00
1.618395328198136418e-01 0.000000000000000000e+00
1.460021715197977465e-01 0.000000000000000000e+00
1.317146294053481714e-01 0.000000000000000000e+00
1.188252436165701253e-01 0.000000000000000000e+00
1.071971927817148007e-01 0.000000000000000000e+00
9.670704465256979576e-02 0.000000000000000000e+00
8.724344586595658702e-02 0.000000000000000000e+00
7.870593992310469245e-02 0.000000000000000000e+00
7.100390083969140842e-02 0.000000000000000000e+00
6.405557114721333045e-02 0.000000000000000000e+00
5.778719403402202831e-02 0.000000000000000000e+00
5.213223041366930183e-02 0.000000000000000000e+00
4.703065260970842876e-02 0.000000000000000000e+00
4.242830715938620406e-02 0.000000000000000000e+00
3.827633997236164903e-02 0.000000000000000000e+00
3.453067774248207156e-02 0.000000000000000000e+00
3.115156010778786719e-02 0.000000000000000000e+00
2.810311759259915762e-02 0.000000000000000000e+00
2.535299085152433948e-02 0.000000000000000000e+00
2.287198717364897008e-02 0.000000000000000000e+00
2.063377060068264171e-02 0.000000000000000000e+00
1.861458236965576191e-02 0.000000000000000000e+00
1.679298871265125573e-02 0.000000000000000000e+00
1.514965333645826653e-02 0.000000000000000000e+00
1.366713216700697620e-02 0.000000000000000000e+00
1.232968817978941610e-02 0.000000000000000000e+00
1.112312435068305017e-02 0.000000000000000000e+00
1.003463295394306336e-02 0.000000000000000000e+00
9.052659607655789628e-03 0.000000000000000000e+00
8.166780623488623797e-03 0.000000000000000000e+00
7.367592358800780818e-03 0.000000000000000000e+00
6.646611396581400717e-03 0.000000000000000000e+00
5.996184493621536764e-03 0.000000000000000000e+00
5.409407341015897569e-03 0.000000000000000000e+00
4.880051274633673275e-03 0.000000000000000000e+00
4.402497157587221058e-03 0.000000000000000000e+00
3.971675732857640924e-03 0.000000000000000000e+00
3.583013812918688437e-03 0.000000000000000000e+00
3.232385735158978778e-03 0.000000000000000000e+00
2.916069567800004363e-03 0.000000000000000000e+00
2.630707601433924722e-03 0.000000000000000000e+00
2.373270706797080739e-03 0.000000000000000000e+00
2.141026180435670612e-03 0.000000000000000000e+00
1.931508736943636072e-03 0.000000000000000000e+00
1.742494339854567045e-03 0.000000000000000000e+00
1.571976593401142996e-03 0.000000000000000000e+00
1.418145444539756564e-03 0.000000000000000000e+00
1.279367969161380927e-03 0.000000000000000000e+00
1.154171038533590007e-03 0.000000000000000000e+00
1.041225681977090908e-03 0.000000000000000000e+00
9.393329797861729551e-04 0.000000000000000000e+00
8.474113366456358012e-04 0.000000000000000000e+00
7.644850004510762116e-04 0.000000000000000000e+00
6.896737046592967555e-04 0.000000000000000000e+00
6.221833242219570103e-04 0.000000000000000000e+00
5.612974459148386804e-04 0.000000000000000000e+00
5.063697635813347751e-04 0.000000000000000000e+00
4.568172175654615645e-04 0.000000000000000000e+00
4.121138055091061697e-04 0.000000000000000000e+00
3.717849988148920178e-04 0.000000000000000000e+00
3.354027055051787441e-04 0.000000000000000000e+00
3.025807260077291341e-04 0.000000000000000000e+00
2.729706536310321494e-04 0.000000000000000000e+00
2.462581762126168309e-04 0.000000000000000000e+00
2.221597396822518760e-04 0.000000000000000000e+00
2.004195381235723068e-04 0.000000000000000000e+00
1.808067983835282781e-04 0.000000000000000000e+00
1.631133304056690196e-04 0.000000000000000000e+00
1.471513172839444665e-04 0.000000000000000000e+00
1.327513215783600407e-04 0.000000000000000000e+00
1.197604867294245517e-04 0.000000000000000000e+00
1.080409144793528407e-04 0.000000000000000000e+00
9.746820107626430452e-05 0.000000000000000000e+00
8.793011672312899896e-05 0.000000000000000000e+00
7.932541425375638289e-05 0.000000000000000000e+00
7.156275438987137576e-05 0.000000000000000000e+00
6.455973617083994847e-05 0.000000000000000000e+00
5.824202226400569140e-05 0.000000000000000000e+00
5.254254987078274265e-05 0.000000000000000000e+00
4.740081885223018334e-05 0.000000000000000000e+00
4.276224951753506673e-05 0.000000000000000000e+00
3.857760325830092489e-05 0.000000000000000000e+00
3.480245987865057173e-05 0.000000000000000000e+00
3.139674607298135106e-05 0.000000000000000000e+00
2.832431004614066277e-05 0.000000000000000000e+00
2.555253776060251942e-05 0.000000000000000000e+00
2.305200673708849958e-05 0.000000000000000000e+00
2.079617373371384924e-05 0.000000000000000000e+00
1.876109298835946322e-05 0.000000000000000000e+00
1.692516203340142415e-05 0.000000000000000000e+00
1.526889238460845928e-05 0.000000000000000000e+00
1.377470267006363522e-05 0.000000000000000000e+00
1.242673200316250762e-05 0.000000000000000000e+00
1.121067161863537153e-05 0.000000000000000000e+00
1.011361298440267578e-05 0.000000000000000000e+00
9.123910776964523327e-06 0.000000000000000000e+00
8.231059265802687168e-06 0.000000000000000000e+00
7.425580794609267516e-06 0.000000000000000000e+00
6.698925175567045240e-06 0.000000000000000000e+00
6.043378928746448874e-06 0.000000000000000000e+00
5.451983403191996637e-06 0.000000000000000000e+00
4.918460910550010974e-06 0.000000000000000000e+00
4.437148087142904510e-06 0.000000000000000000e+00
4.002935777125946080e-06 0.000000000000000000e+00
3.611214798583043631e-06 0.000000000000000000e+00
3.257827016867192462e-06 0.000000000000000000e+00
2.939021205826430028e-06 0.000000000000000000e+00
2.651413228380620032e-06 0.000000000000000000e+00
2.391950113764137129e-06 0.000000000000000000e+00
2.157877650112896941e-06 0.000000000000000000e+00
1.946711148389756839e-06 0.000000000000000000e+00
1.756209067305877128e-06 0.000000000000000000e+00
1.584349219265818998e-06 0.000000000000000000e+00
1.429307304761238085e-06 0.000000000000000000e+00
1.289437547354942201e-06 0.000000000000000000e+00
1.163255223694858222e-06 0.000000000000000000e+00
1.049420903113254422e-06 0.000000000000000000e+00
9.467262295139565506e-07 0.000000000000000000e+00
8.540810946215587391e-07 0.000000000000000000e+00
7.705020664363100072e-07 0.000000000000000000e+00
6.951019500621065767e-07 0.000000000000000000e+00
6.270803700953888732e-07 0.000000000000000000e+00
5.657152746065984845e-07 0.000000000000000000e+00
5.103552705286236998e-07 0.000000000000000000e+00
4.604127090919931363e-07 0.000000000000000000e+00
4.153574479085135484e-07 0.000000000000000000e+00
3.747112234875400820e-07 0.000000000000000000e+00
3.380425744489250216e-07 0.000000000000000000e+00
3.049622615423388859e-07 0.000000000000000000e+00
2.751191358562703479e-07 0.000000000000000000e+00
2.481964113575842394e-07 0.000000000000000000e+00
2.239083021944552125e-07 0.000000000000000000e+00
2.019969890675516637e-07 0.000000000000000000e+00
1.822298824673371210e-07 0.000000000000000000e+00
1.643971537266538279e-07 0.000000000000000000e+00
1.483095076806037259e-07 0.000000000000000000e+00
1.337961732904180653e-07 0.000000000000000000e+00
1.207030909017097722e-07 0.000000000000000000e+00
1.088912768947615208e-07 0.000000000000000000e+00
9.823534836756745693e-08 0.000000000000000000e+00
8.862219219105865019e-08 0.000000000000000000e+00
7.994976430848502074e-08 0.000000000000000000e+00
7.212600653346520357e-08 0.000000000000000000e+00
6.506786934846935316e-08 0.000000000000000000e+00
5.870043033070313717e-08 0.000000000000000000e+00
5.295609884743813274e-08 0.000000000000000000e+00
4.777389857860769218e-08 0.000000000000000000e+00
4.309882025060663849e-08 0.000000000000000000e+00
3.888123771054054472e-08 0.000000000000000000e+00
3.507638114252748936e-08 0.000000000000000000e+00
3.164386183422099228e-08 0.000000000000000000e+00
2.854724344893246367e-08 0.000000000000000000e+00
2.575365525238458666e-08 0.000000000000000000e+00
2.323344318848686281e-08 0.000000000000000000e+00
2.095985510028390713e-08 0.000000000000000000e+00
1.890875675468526530e-08 0.000000000000000000e+00
1.705837565656704421e-08 0.000000000000000000e+00
1.538906993282119707e-08 0.000000000000000000e+00
1.388311983304766652e-08 0.000000000000000000e+00
1.252453963365849707e-08 0.000000000000000000e+00
1.129890794875082698e-08 0.000000000000000000e+00
1.019321464648938803e-08 0.000000000000000000e+00
9.195722746010410518e-09 0.000000000000000000e+00
8.295843828876496478e-09 0.000000000000000000e+00
7.484025642570293633e-09 0.000000000000000000e+00
6.751650702932194966e-09 0.000000000000000000e+00
6.090944819204184448e-09 0.000000000000000000e+00
5.494894570668207794e-09 0.000000000000000000e+00
4.957172858890541188e-09 0.000000000000000000e+00
4.472071745306069300e-09 0.000000000000000000e+00
4.034441861210536631e-09 0.000000000000000000e+00
3.639637746995512679e-09 0.000000000000000000e+00
3.283468540399244249e-09 0.000000000000000000e+00
2.962153490327794087e-09 0.000000000000000000e+00
2.672281824023273779e-09 0.000000000000000000e+00
2.410776541567708799e-09 0.000000000000000000e+00
2.174861753399609141e-09 0.000000000000000000e+00
1.962033214129621170e-09 0.000000000000000000e+00
1.770031739870558263e-09 0.000000000000000000e+00
1.596819226905408301e-09 0.000000000000000000e+00
1.440557017130808031e-09 0.000000000000000000e+00
1.299586380623999267e-09 0.000000000000000000e+00
1.172410908154997847e-09 0.000000000000000000e+00
1.057680626739743846e-09 0.000000000000000000e+00
9.541776696201403292e-10 0.000000000000000000e+00
8.608033485572753106e-10 0.000000000000000000e+00
7.765664912095506568e-10 0.000000000000000000e+00
7.005729197966606746e-10 0.000000000000000000e+00
6.320159593648742334e-10 0.000000000000000000e+00
5.701678748985042684e-10 0.000000000000000000e+00
5.143721463821379409e-10 0.000000000000000000e+00
4.640364998130826207e-10 0.000000000000000000e+00
4.186266201879555138e-10 0.000000000000000000e+00
3.776604797264483571e-10 0.000000000000000000e+00
3.407032211262009186e-10 0.000000000000000000e+00
3.073625415342598782e-10 0.000000000000000000e+00
2.772845282358103494e-10 0.000000000000000000e+00
2.501499018558375332e-10 0.000000000000000000e+00
2.256706271951429583e-10 0.000000000000000000e+00
2.035868557246094850e-10 0.000000000000000000e+00
1.836641672821345796e-10 0.000000000000000000e+00
1.656910816927672743e-10 0.000000000000000000e+00
1.494768138977632613e-10 0.000000000000000000e+00
1.348492487631690959e-10 0.000000000000000000e+00
1.216531140704426128e-10 0.000000000000000000e+00
1.097483322953325745e-10 0.000000000000000000e+00
9.900853367906649430e-11 0.000000000000000000e+00
8.931971480805579408e-11 0.000000000000000000e+00
8.057902846286894733e-11 0.000000000000000000e+00
7.269369189067586352e-11 0.000000000000000000e+00
6.558000191242772868e-11 0.000000000000000000e+00
5.916244641009391310e-11 0.000000000000000000e+00
5.337290276235810024e-11 0.000000000000000000e+00
4.814991472012745853e-11 0.000000000000000000e+00
4.343804004586831543e-11 0.000000000000000000e+00
3.918726199192454458e-11 0.000000000000000000e+00
3.535245837063958290e-11 5.069491250667692642e-265
3.189292258043836725e-11 2.227232316488398885e-223
2.877193150354101301e-11 1.362957861998022831e-188
2.595635568852542145e-11 1.749942336815635115e-159
2.341630767980692454e-11 4.396801158546948927e-135
2.112482476104236879e-11 1.360941366270017939e-114
1.905758274476295681e-11 2.366147562282257240e-97
1.719263777010217561e-11 8.083652564731108188e-83
1.551019336779065497e-11 1.527111665082364820e-70
1.399239031980288651e-11 3.753529447889616293e-60
1.262311708300797223e-11 2.437627144210981845e-51
1.138783876446162950e-11 7.523808668248070129e-44
1.027344283290689983e-11 1.796496995005873249e-37
9.268099928704581704e-12 4.973907367508139669e-32
8.361138294683080410e-12 2.235854971764289274e-27
7.542930494987226455e-12 2.159788732479105260e-23
6.804791219443135574e-12 5.663922566838274027e-20
6.138885088624704614e-12 4.901355366181288961e-17
5.538143480972712194e-12 1.647614574273053089e-14
4.996189499079105290e-12 2.466206549994384903e-12
4.507270278653748244e-12 1.842968374397034701e-10
4.066195921627935075e-12 7.568133040975263210e-09
3.668284405168135925e-12 1.851057637197809680e-07
3.309311881807362049e-12 2.885309330528739881e-06
2.985467843126314267e-12 3.033850469775502709e-05
2.693314671046850371e-12 2.257193878061552561e-04
2.429751147371234230e-12 1.236901736460508565e-03
2.191979534220987643e-12 5.162982940314950024e-03
1.977475875931598647e-12 1.688446918168118663e-02
1.783963207157000146e-12 4.428790806611310887e-02
1.609387382786977081e-12 9.500456930069174633e-02
1.451895273110262877e-12 1.693634926703231625e-01
1.309815092765009000e-12 2.541974072702491427e-01
1.181638654666720200e-12 3.245872217308300445e-01
1.066005360539144697e-12 3.555046787743073033e-01
9.616877581063233816e-13 3.360344663154909428e-01
8.675785116350641001e-13 2.753208017277384845e-01
7.826786475197164840e-13 1.960658515820656311e-01
7.060869501352507244e-13 1.215139638860650434e-01
6.369903953956392963e-13 6.553589847993353257e-02
5.746555204689217380e-13 3.071735326986260034e-02
5.184206380385055756e-13 1.248100731251271765e-02
4.676888124644592242e-13 4.380243421814538837e-03
4.219215232865906357e-13 1.321539852203595716e-03
3.806329488071898060e-13 3.407902132165226117e-04
3.433848090732351790e-13 7.460315869726423662e-05
3.097817135163230506e-13 1.375553127545939923e-05
2.794669638651488968e-13 2.117286895245609103e-06
2.521187677783561468e-13 2.693609080384411969e-07
2.274468230053453244e-13 2.801169939479869138e-08
2.051892358156491067e-13 2.352363229016378076e-09
1.851097409860119394e-13 1.574104487807275219e-10
1.669951938350877717e-13 8.271868154187270772e-12
1.506533076837155015e-13 3.359991860217103758e-13
1.359106127237287768e-13 1.037001364134405647e-14
1.226106146286473172e-13 2.387011472475150625e-16
1.106121333598419146e-13 4.016435492705298502e-18
9.978780453447458242e-14 4.834199198386991779e-20
9.002272744723874449e-14 4.065904931779560271e-22
8.121324539453019437e-14 2.330274134370714553e-24
7.326584535419431503e-14 8.857393301242930696e-27
6.609616534086127498e-14 2.168663534292943000e-29
5.962809889992346683e-14 3.314725554246182237e-32
5.379298723432999812e-14 3.057944861158530212e-35
4.852889038856234391e-14 1.642094270839240724e-38
4.377992975341165841e-14 4.936682496930273481e-42
3.949569491218711622e-14 7.968195483981695971e-46
3.563070853203010413e-14 6.601389268665885943e-50
3.214394362011241819e-14 2.674656477786804691e-54
2.899838802038212995e-14 5.031536394313724954e-59
2.616065152797560003e-14 4.156190183606192799e-64
2.360061145078581635e-14 1.419740491622534201e-69
2.129109285582359573e-14 1.880430410511989500e-75
1.920758010615870453e-14 9.010946301804650794e-82
1.732795662640646471e-14 1.450227665143680596e-88
1.563227013434940223e-14 7.236553457076940132e-96
1.410252084662254261e-14 1.027406819444481136e-103
1.272247041025841521e-14 3.784134127771114177e-112
1.147746953188606229e-14 3.274201654749822713e-121
1.035430247486811251e-14 5.981879434146436961e-131
9.341046773699462995e-15 2.057669115105659855e-141
8.426946676536270328e-15 1.178157479416164879e-152
7.602298972437586394e-15 9.835476297114998229e-165
6.858349991373162200e-15 1.038275511052341647e-177
6.187202683649154140e-15 1.189257288817400120e-191
5.581732792392830063e-15 1.253759098640610840e-206
5.035513229267382376e-15 1.019262708960029141e-222
4.542745850658391069e-15 5.282903067605430439e-240
4.098199910136359567e-15 1.422779010267942589e-258
3.697156533863272085e-15 1.597919488807002941e-278
3.335358629548368136e-15 5.907459899762467208e-300
3.008965697235033108e-15 0.000000000000000000e+00
2.714513062231907048e-15 0.000000000000000000e+00
2.448875097445885485e-15 0.000000000000000000e+00
2.209232044718802084e-15 0.000000000000000000e+00
1.993040082976414128e-15 0.000000000000000000e+00
1.798004325460655759e-15 0.000000000000000000e+00
1.622054459410204382e-15 0.000000000000000000e+00
1.463322769603729506e-15 0.000000000000000000e+00
1.320124312484119101e-15 0.000000000000000000e+00
1.190939030412019249e-15 0.000000000000000000e+00
1.074395616189940928e-15 0.000000000000000000e+00
9.692569565788858262e-16 0.000000000000000000e+00
8.744070002892617758e-16 0.000000000000000000e+00
7.888389110495124938e-16 0.000000000000000000e+00
7.116443799968883019e-16 0.000000000000000000e+00
6.420039839405946639e-16 0.000000000000000000e+00
5.791784871502874613e-16 0.000000000000000000e+00
5.225009943376449992e-16 0.000000000000000000e+00
4.713698715349327420e-16 0.000000000000000000e+00
4.252423597251218145e-16 0.000000000000000000e+00
3.836288134320984726e-16 0.000000000000000000e+00
3.460875031134107705e-16 0.000000000000000000e+00
3.122199261825607609e-16 0.000000000000000000e+00
2.816665768873521562e-16 0.000000000000000000e+00
2.541031301411817517e-16 0.000000000000000000e+00
2.292369987986519132e-16 0.000000000000000000e+00
2.068042278307119198e-16 0.000000000000000000e+00
1.865666924309245499e-16 0.000000000000000000e+00
1.683095703106639223e-16 0.000000000000000000e+00
1.518390613514692944e-16 0.000000000000000000e+00
1.369803304086677393e-16 0.000000000000000000e+00
1.235756514289457229e-16 0.000000000000000000e+00
1.114827331816830482e-16 0.000000000000000000e+00
1.005732088315528860e-16 0.000000000000000000e+00
9.073127331916633035e-17 0.000000000000000000e+00
8.185245408551307258e-17 0.000000000000000000e+00
7.384250209134480841e-17 0.000000000000000000e+00
6.661639135967368709e-17 0.000000000000000000e+00
6.009741642144915769e-17 0.000000000000000000e+00
5.421637808377827828e-17 0.000000000000000000e+00
4.891084887759243112e-17 0.000000000000000000e+00
4.412451038743255784e-17 0.000000000000000000e+00
3.980655542910937978e-17 0.000000000000000000e+00
3.591114872930222848e-17 0.000000000000000000e+00
3.239694038221177014e-17 0.000000000000000000e+00
2.922662691857016170e-17 0.000000000000000000e+00
2.636655532774602652e-17 0.000000000000000000e+00
2.378636582962595055e-17 0.000000000000000000e+00
2.145866960426928322e-17 0.000000000000000000e+00
1.935875805843684474e-17 0.000000000000000000e+00
1.746434054283248151e-17 0.000000000000000000e+00
1.575530773592664916e-17 0.000000000000000000e+00
1.421351818266220898e-17 0.000000000000000000e+00
1.282260572214610542e-17 0.000000000000000000e+00
1.156780576016548280e-17 0.000000000000000000e+00
1.043579854239792362e-17 0.000000000000000000e+00
9.414567764661220965e-18 0.000000000000000000e+00
8.493273019338157983e-18 0.000000000000000000e+00
7.662134723995292539e-18 0.000000000000000000e+00
6.912330310703974540e-18 0.000000000000000000e+00
6.235900574110740123e-18 0.000000000000000000e+00
5.625665184138893245e-18 0.000000000000000000e+00
5.075146466482121822e-18 0.000000000000000000e+00
4.578500641820361682e-18 0.000000000000000000e+00
4.130455793856047304e-18 0.000000000000000000e+00
3.726255907701664655e-18 0.000000000000000000e+00
3.361610384581614746e-18 0.000000000000000000e+00
3.032648496945774551e-18 0.000000000000000000e+00
2.735878300534304831e-18 0.000000000000000000e+00
2.468149567242176241e-18 0.000000000000000000e+00
2.226620345315853264e-18 0.000000000000000000e+00
2.008726791915663119e-18 0.000000000000000000e+00
1.812155957816604662e-18 0.000000000000000000e+00
1.634821235355010866e-18 0.000000000000000000e+00
1.474840209000442653e-18 0.000000000000000000e+00
1.330514673435935891e-18 0.000000000000000000e+00
1.200312607036993618e-18 0.000000000000000000e+00
1.082851909397856096e-18 0.000000000000000000e+00
9.768857302774500806e-19 0.000000000000000000e+00
8.812892342318258046e-19 0.000000000000000000e+00
7.950476604385903440e-19 0.000000000000000000e+00
7.172455509681056381e-19 0.000000000000000000e+00
6.470570331591905721e-19 0.000000000000000000e+00
5.837370529460207717e-19 0.000000000000000000e+00
5.266134660780035795e-19 0.000000000000000000e+00
4.750799032802336630e-19 0.000000000000000000e+00
4.285893336182265685e-19 0.000000000000000000e+00
3.866482577415333577e-19 0.000000000000000000e+00
3.488114693673820833e-19 0.000000000000000000e+00
3.146773293973246609e-19 0.000000000000000000e+00
2.838835025012809581e-19 0.000000000000000000e+00
2.561031109128298574e-19 0.000000000000000000e+00
2.310412646079431844e-19 0.000000000000000000e+00
2.084319310350223228e-19 0.000000000000000000e+00
1.880351111681692444e-19 0.000000000000000000e+00
1.696342919074343147e-19 0.000000000000000000e+00
1.530341477831842959e-19 0.000000000000000000e+00
1.380584675680114527e-19 0.000000000000000000e+00
1.245482837871714936e-19 0.000000000000000000e+00
1.123601852721404375e-19 0.000000000000000000e+00
1.013647948450501387e-19 0.000000000000000000e+00
9.144539597450182291e-20 0.000000000000000000e+00
8.249669382467699498e-20 0.000000000000000000e+00
7.442369754624147114e-20 0.000000000000000000e+00
6.714071194447682805e-20 0.000000000000000000e+00
6.057042782119794714e-20 0.000000000000000000e+00
5.464310133435658374e-20 0.000000000000000000e+00
4.929581366423483233e-20 0.000000000000000000e+00
4.447180312752678658e-20 0.000000000000000000e+00
4.011986264968303123e-20 0.000000000000000000e+00
3.619379619966789133e-20 0.000000000000000000e+00
3.265192841714332318e-20 0.000000000000000000e+00
2.945666222677228992e-20 0.000000000000000000e+00
2.657407974368213859e-20 0.000000000000000000e+00
2.397358223369016146e-20 0.000000000000000000e+00
2.162756530645874089e-20 0.000000000000000000e+00
1.951112589372603726e-20 0.000000000000000000e+00
1.760179790219573086e-20 0.000000000000000000e+00
1.587931373500943350e-20 0.000000000000000000e+00
1.432538915035517490e-20 0.000000000000000000e+00
1.292352917347272002e-20 0.000000000000000000e+00
1.165885300180163842e-20 0.000000000000000000e+00
1.051793604463951803e-20 0.000000000000000000e+00
9.488667420545740408e-21 0.000000000000000000e+00
8.560121399826875328e-21 0.000000000000000000e+00
7.722441427455694797e-21 0.000000000000000000e+00
6.966735495327212641e-21 0.000000000000000000e+00
6.284981753217777407e-21 0.000000000000000000e+00
5.669943356508203441e-21 0.000000000000000000e+00
5.115091646774207742e-21 0.000000000000000000e+00
4.614536849802224321e-21 0.000000000000000000e+00
4.162965555389705178e-21 0.000000000000000000e+00
3.755584315271832097e-21 0.000000000000000000e+00
3.388068760466946494e-21 0.000000000000000000e+00
3.056517697918212476e-21 0.000000000000000000e+00
2.757411699164978683e-21 0.000000000000000000e+00
2.487575741462415419e-21 0.000000000000000000e+00
2.244145504781240386e-21 0.000000000000000000e+00
2.024536966930420992e-21 0.000000000000000000e+00
1.826418974052771704e-21 0.000000000000000000e+00
1.647688495329226719e-21 0.000000000000000000e+00
1.486448299218033988e-21 0.000000000000000000e+00
1.340986814262303371e-21 0.000000000000000000e+00
1.209759960687102595e-21 0.000000000000000000e+00
1.091374759927610182e-21 0.000000000000000000e+00
9.845745481033651109e-22 0.000000000000000000e+00
8.882256364782010924e-22 0.000000000000000000e+00
8.013052773067198820e-22 0.000000000000000000e+00
7.228908073240225285e-22 0.000000000000000000e+00
6.521498536362845551e-22 0.000000000000000000e+00
5.883314980476639515e-22 0.000000000000000000e+00
5.307583060319958548e-22 0.000000000000000000e+00
4.788191357368744781e-22 0.000000000000000000e+00
4.319626506871449348e-22 0.000000000000000000e+00
3.896914673251534017e-22 0.000000000000000000e+00
3.515568752633140663e-22 0.000000000000000000e+00
3.171540742045081649e-22 0.000000000000000000e+00
2.861178769699301374e-22 0.000000000000000000e+00
2.581188330218010725e-22 0.000000000000000000e+00
2.328597313321269337e-22 0.000000000000000000e+00
2.100724454751060384e-22 0.000000000000000000e+00
1.895150874538644373e-22 0.000000000000000000e+00
1.709694400492098923e-22 0.000000000000000000e+00
1.542386404346583375e-22 0.000000000000000000e+00
1.391450904692937929e-22 0.000000000000000000e+00
1.255285714860161935e-22 0.000000000000000000e+00
1.132445435636675221e-22 0.000000000000000000e+00
1.021626112296799940e-22 0.000000000000000000e+00
9.216513930667938938e-23 0.000000000000000000e+00
8.314600421011794258e-23 0.000000000000000000e+00
7.500946744196952101e-23 0.000000000000000000e+00
6.766915932255222532e-23 0.000000000000000000e+00
6.104716217274042426e-23 0.000000000000000000e+00
5.507318321454079484e-23 0.000000000000000000e+00
4.968380841029064616e-23 0.000000000000000000e+00
4.482182931998604176e-23 0.000000000000000000e+00
4.043563583128858834e-23 0.000000000000000000e+00
3.647866831600896783e-23 0.000000000000000000e+00
3.290892339770561209e-23 0.000000000000000000e+00
2.968850808407316347e-23 0.000000000000000000e+00
2.678323753123923084e-23 0.000000000000000000e+00
2.416227217020675469e-23 0.000000000000000000e+00
2.179779034353859951e-23 0.000000000000000000e+00
1.966469297729126776e-23 0.000000000000000000e+00
1.774033715329112047e-23 0.000000000000000000e+00
1.600429575360719239e-23 0.000000000000000000e+00
1.443814062583376994e-23 0.000000000000000000e+00
1.302524696748165043e-23 0.000000000000000000e+00
1.175061685299886792e-23 0.000000000000000000e+00
1.060072003016134748e-23 0.000000000000000000e+00
9.563350295877312293e-24 0.000000000000000000e+00
8.627495926827307759e-24 0.000000000000000000e+00
7.783222789560428657e-24 0.000000000000000000e+00
7.021568889248971944e-24 0.000000000000000000e+00
6.334449237737093177e-24 0.000000000000000000e+00
5.714570031052014333e-24 0.000000000000000000e+00
5.155351225367595199e-24 0.000000000000000000e+00
4.650856689563815618e-24 0.000000000000000000e+00
4.195731192944699233e-24 0.000000000000000000e+00
3.785143559239779873e-24 0.000000000000000000e+00
3.414735383464486058e-24 0.000000000000000000e+00
3.080574767268871515e-24 0.000000000000000000e+00
2.779114581670880610e-24 0.000000000000000000e+00
2.507154814133297456e-24 0.000000000000000000e+00
