# k  Ps  Pt
4.567701005640500538e-05 2.678886925493493774e-09 9.527015128488789273e-12
4.864206259987002997e-05 2.673043897089116380e-09 9.526739049474908042e-12
5.179958694861865173e-05 2.667207286413203064e-09 9.526462396229190502e-12
5.516207711254966079e-05 2.661377087492429506e-09 9.526185145229658950e-12
5.874283813091330593e-05 2.655553300348570409e-09 9.525907295071539372e-12
6.255603871902831118e-05 2.649735922703212195e-09 9.525628835643458354e-12
6.661676733247986473e-05 2.643924952028337058e-09 9.525349756123290773e-12
7.094109187063754596e-05 2.638120395529222078e-09 9.525070080352624318e-12
7.554612325573637161e-05 2.632322255158700060e-09 9.524789813909677466e-12
8.045008313909423226e-05 2.626530512050555121e-09 9.524508886516867103e-12
8.567237600237466455e-05 2.620745195279757726e-09 9.524227401448536043e-12
9.123366593919076675e-05 2.614966277390098023e-09 9.523945257568903856e-12
9.715595842087003907e-05 2.609193772307539645e-09 9.523662503595666136e-12
1.034626873699158889e-04 2.603427676228746254e-09 9.523379123432036798e-12
1.101788078857087041e-04 2.597667999577409523e-09 9.523095153558142962e-12
1.173308949893535596e-04 2.591914725122330762e-09 9.522810529002039745e-12
1.249472487783955703e-04 2.586167871680632685e-09 9.522525316946488316e-12
1.330580064074929705e-04 2.580427417365503405e-09 9.522239435020605786e-12
1.416952613381405315e-04 2.574693380091854364e-09 9.521952947188398073e-12
1.508931903293068467e-04 2.568965750608174165e-09 9.521665817376877323e-12
1.606881886714701610e-04 2.563244530025483830e-09 9.521378047817200067e-12
1.711190141991653210e-04 2.557529715435299692e-09 9.521089625803582903e-12
1.822269406518803488e-04 2.551821306718126413e-09 9.520800548502538031e-12
1.940559209901401340e-04 2.546119316560827200e-09 9.520510861503493218e-12
2.066527613130014231e-04 2.540423752000665928e-09 9.520220589390283733e-12
2.200673060651327164e-04 2.534734583165887100e-09 9.519929618203020145e-12
2.343526352663252840e-04 2.529051814204326685e-09 9.519637961561929173e-12
2.495652745438541628e-04 2.523375470900205265e-09 9.519345714200923833e-12
2.657654187987659039e-04 2.517705531829118149e-09 9.519052793751320048e-12
2.830171703911149453e-04 2.512041999105451895e-09 9.518759205719786789e-12
3.013887927866310836e-04 2.506384878281004544e-09 9.518464969286698910e-12
3.209529806684634267e-04 2.500734169428650296e-09 9.518170082869887695e-12
3.417871475828164907e-04 2.495089848808148406e-09 9.517874453667890753e-12
3.639737322566524691e-04 2.489451976227300830e-09 9.517578307937632580e-12
3.876005247995399140e-04 2.483820499574523899e-09 9.517281444742744608e-12
4.127610140803854993e-04 2.478195422106409072e-09 9.516983874237083728e-12
4.395547576535959898e-04 2.472576762835149346e-09 9.516685667317471447e-12
4.680877756984190780e-04 2.466964509910717391e-09 9.516386776262567371e-12
4.984729705302525394e-04 2.461358668961112371e-09 9.516087221040168984e-12
5.308305733438816332e-04 2.455759225853024183e-09 9.515786944144943442e-12
5.652886199563611491e-04 2.450166205696424428e-09 9.515486041416005915e-12
6.019834574320124610e-04 2.444579586137477941e-09 9.515184423561309542e-12
6.410602835942005775e-04 2.438999389350112654e-09 9.514882174897068912e-12
6.826737215586862421e-04 2.433425597311448134e-09 9.514579223245715511e-12
7.269884315619193653e-04 2.427858201966391303e-09 9.514275534619039358e-12
7.741797625052216714e-04 2.422297227243995568e-09 9.513971200660962129e-12
8.244344457929553673e-04 2.416742654538762032e-09 9.513666146044457441e-12
8.779513342101253649e-04 2.411194503935411451e-09 9.513360447798755284e-12
9.349421887630771305e-04 2.405652750959649771e-09 9.513054007448965008e-12
9.956325165967406295e-04 2.400117405200754770e-09 9.512746859841299378e-12
1.060262463303983469e-03 2.394588477866538609e-09 9.512439047876013912e-12
1.129087763157846135e-03 2.389065946471201033e-09 9.512130480040372609e-12
1.202380751026631148e-03 2.383549842388520637e-09 9.511821278520051025e-12
1.280431439975897139e-03 2.378040133432761233e-09 9.511511313298076698e-12
1.363548668821324946e-03 2.372536826117980899e-09 9.511200607672584501e-12
1.452061324173208393e-03 2.367039947052267970e-09 9.510889266092765747e-12
1.546319641808062200e-03 2.361549457385146479e-09 9.510577130158202181e-12
1.646696592516770251e-03 2.356065390430589748e-09 9.510264331880030702e-12
1.753589357912923533e-03 2.350587726193639352e-09 9.509950788085890184e-12
1.867420902040972577e-03 2.345116474604122089e-09 9.509636536808183252e-12
1.988641645002891135e-03 2.339651631294438711e-09 9.509321558200816219e-12
2.117731245225738454e-03 2.334193190517418973e-09 9.509005826304967993e-12
2.255200497422368226e-03 2.328741161309294315e-09 9.508689375685018628e-12
2.401593353755315449e-03 2.323295542859854561e-09 9.508372200579575993e-12
2.557489076201415433e-03 2.317856333027199062e-09 9.508054290022144484e-12
2.723504528633851826e-03 2.312423533218598198e-09 9.507735647231718456e-12
2.900296617691177845e-03 2.306997130413559525e-09 9.507416216357499159e-12
3.088564892091562319e-03 2.301577142748901403e-09 9.507096069790590488e-12
3.289054310677507614e-03 2.296163561173144971e-09 9.506775167582093117e-12
3.502558190143923410e-03 2.290756387580498264e-09 9.506453515201376957e-12
3.729921344113416772e-03 2.285355624515201341e-09 9.506131121054534118e-12
3.972043425979792861e-03 2.279961265226191508e-09 9.505807954112575490e-12
4.229882488747073108e-03 2.274573307737101018e-09 9.505484004087994735e-12
4.504458775949983333e-03 2.269191780406032530e-09 9.505159386610526296e-12
4.796858758656191019e-03 2.263816641228204463e-09 9.504833923788100275e-12
5.108239434524260852e-03 2.258447929870020431e-09 9.504507779325189883e-12
5.439832905928392547e-03 2.253085610962676735e-09 9.504180802343802590e-12
5.792951255264964724e-03 2.247729694936236822e-09 9.503853034009395837e-12
6.168991736732162660e-03 2.242380196743143353e-09 9.503524534780849394e-12
6.569442305125869005e-03 2.237037092418119029e-09 9.503195200669323808e-12
6.995887503528892305e-03 2.231700414577162998e-09 9.502865167961815739e-12
7.450014733190345705e-03 2.226370129592228905e-09 9.502534290511065821e-12
7.933620930404667107e-03 2.221046265781273025e-09 9.502202687100861098e-12
8.448619676809810547e-03 2.215728804442383188e-09 9.501870274801020188e-12
8.997048771239588363e-03 2.210417747163859079e-09 9.501537058196921880e-12
9.581078293090966244e-03 2.205113091454197952e-09 9.501203023256553761e-12
1.020301918911255094e-02 2.199814848807086413e-09 9.500868217423691889e-12
1.086533241759102091e-02 2.194523025040079506e-09 9.500532663005541076e-12
1.157063868611841496e-02 2.189237588828933521e-09 9.500196222213114306e-12
1.232172882147152849e-02 2.183958575255786098e-09 9.499859043908687741e-12
1.312157481263590518e-02 2.178685943286330835e-09 9.499520947468474360e-12
1.397334157067084415e-02 2.173419741744539842e-09 9.499182142360070146e-12
1.488039945194767448e-02 2.168159943037236633e-09 9.498842505932930500e-12
1.584633759431491873e-02 2.162906553165362192e-09 9.498502061890219604e-12
1.687497811895977834e-02 2.157659571610532357e-09 9.498160804908366211e-12
1.797039125416176331e-02 2.152418993073361179e-09 9.497818709183172228e-12
1.913691144078116801e-02 2.147184813973327482e-09 9.497475756133524459e-12
2.037915448321072492e-02 2.141957049399780175e-09 9.497132009290299606e-12
2.170203581365449941e-02 2.136735688454058824e-09 9.496787417812075627e-12
2.311078994200452957e-02 2.131520728106638009e-09 9.496441965573691878e-12
2.461099116827585725e-02 2.126312196791269365e-09 9.496095776090854411e-12
2.620857563955760611e-02 2.121110054586387221e-09 9.495748669177070404e-12
2.790986483875660187e-02 2.115914319841236535e-09 9.495400723241064773e-12
2.972159059807691003e-02 2.110724991484869462e-09 9.495051930873974640e-12
3.165092173621029958e-02 2.105542068044959933e-09 9.494702282780674527e-12
3.370549242463925788e-02 2.100365554919338729e-09 9.494351800278129039e-12
3.589343239529423774e-02 2.095195452155854940e-09 9.494000480730787263e-12
3.822339910909483551e-02 2.090031746527527850e-09 9.493648261281446483e-12
4.070461201266162982e-02 2.084874441748551441e-09 9.493295155748738828e-12
4.334688901874985539e-02 2.079723556638093215e-09 9.492941247046423237e-12
4.616068535475412182e-02 2.074579069680780123e-09 9.492586434073095744e-12
4.915713493300339493e-02 2.069440996764582450e-09 9.492230786302321520e-12
5.234809440654537155e-02 2.064309315575063228e-09 9.491874198749631307e-12
5.574619008474333143e-02 2.059184053877746989e-09 9.491516795956094225e-12
5.936486789432728756e-02 2.054065188544951664e-09 9.491158468443789132e-12
6.321844658358867497e-02 2.048952732611895580e-09 9.490799273061052591e-12
6.732217438024414025e-02 2.043846685531275512e-09 9.490439204435398224e-12
7.169228932715600300e-02 2.038747047657254216e-09 9.490078261669483700e-12
7.634608353465384412e-02 2.033653811733702030e-09 9.489716407295050033e-12
8.130197160369517784e-02 2.028566978378044759e-09 9.489353641577061592e-12
8.657956349061114720e-02 2.023486552320373290e-09 9.488989983181488672e-12
9.219974210175320428e-02 2.018412527374522699e-09 9.488625400292560918e-12
9.818474592507796250e-02 2.013344909072475091e-09 9.488259915471451826e-12
1.045582570256320953e-01 2.008283699137485083e-09 9.487893533907721305e-12
1.113454947531298256e-01 2.003228894518716188e-09 9.487526238024516431e-12
1.185733155324114468e-01 1.998180486572920134e-09 9.487157983390213495e-12
1.262703191316469076e-01 1.993138504136028735e-09 9.486788904404614362e-12
1.344669618287739343e-01 1.988102905538766934e-09 9.486418799326599045e-12
1.431956769239626226e-01 1.983073729478809345e-09 9.486047849158903452e-12
1.524910030749583867e-01 1.978050941295227381e-09 9.485675885059791017e-12
1.623897209631170457e-01 1.973034571519236773e-09 9.485303050478437274e-12
1.729309988309042090e-01 1.968024592005852982e-09 9.484929206845893362e-12
1.841565474667353208e-01 1.963021027521544733e-09 9.484554469370519519e-12
1.961107852504193061e-01 1.958023867272404914e-09 9.484178783649871471e-12
2.088410139122697795e-01 1.953033120150581684e-09 9.483802189044808756e-12
2.223976057013501428e-01 1.948048760700020998e-09 9.483424558968680140e-12
2.368342027034530395e-01 1.943070803133232194e-09 9.483045958480599509e-12
2.522079290975020593e-01 1.938099277884998286e-09 9.482666533014538047e-12
2.685796171902460894e-01 1.933134142593164649e-09 9.482286072941134263e-12
2.860140481236506105e-01 1.928175401456468641e-09 9.481904594171869628e-12
3.045802082074330897e-01 1.923223065197864299e-09 9.481522146620077617e-12
3.243515618910338683e-01 1.918277148605378904e-09 9.481138799577997980e-12
3.454063424551353512e-01 1.913337626900577738e-09 9.480754427154032535e-12
3.678278615729778656e-01 1.908404496657976431e-09 9.480369008817645720e-12
3.917048389663640995e-01 1.903477794780723443e-09 9.479982724219684055e-12
4.171317534607802413e-01 1.898557485042617557e-09 9.479595390454031887e-12
4.442092168287110621e-01 1.893643591454223795e-09 9.479207122699114238e-12
4.730443719004228109e-01 1.888736084606868835e-09 9.478817771153212033e-12
5.037513165174891672e-01 1.883834996033076742e-09 9.478427490021997550e-12
5.364515550066017990e-01 1.878940287907440234e-09 9.478036085339892182e-12
5.712744789601159612e-01 1.874052006632072321e-09 9.477643787443452591e-12
6.083578792257138268e-01 1.869170114469426776e-09 9.477250402259909193e-12
6.478484911310842254e-01 1.864294642389826503e-09 9.476856082913180746e-12
6.899025751010319230e-01 1.859425561550786560e-09 9.476460679178335427e-12
7.346865349644369214e-01 1.854562891788792659e-09 9.476064289158531828e-12
7.823775763976626996e-01 1.849706611699440718e-09 9.475666798726074328e-12
8.331644081097923094e-01 1.844856751261935343e-09 9.475268358192685705e-12
8.872479885442360326e-01 1.840013291430868306e-09 9.474868866485992476e-12
9.448423210513048343e-01 1.835176219082258806e-09 9.474468251690414584e-12
1.006175300678193274e+00 1.830345563021472467e-09 9.474066658575879742e-12
1.071489615927013306e+00 1.825521321227567468e-09 9.473664073907478763e-12
1.141043709049079702e+00 1.820703454963659799e-09 9.473260291731604921e-12
1.215112798675193062e+00 1.815892015988949020e-09 9.472855577852972143e-12
1.293989968828402448e+00 1.811086975390891711e-09 9.472449778202937403e-12
1.377987328628332619e+00 1.806288330406517684e-09 9.472042873923147905e-12
1.467437247275954038e+00 1.801496099471576584e-09 9.471634958114868932e-12
1.562693669205453162e+00 1.796710256367762262e-09 9.471225888836156266e-12
1.664133514607171849e+00 1.791930821240189170e-09 9.470815768206934934e-12
1.772158170863311621e+00 1.787157796014702105e-09 9.470404602370819134e-12
1.887195080797914093e+00 1.782391165375398761e-09 9.469992306887282925e-12
2.009699434025602915e+00 1.777630940159149593e-09 9.469578934734108685e-12
2.140155968091638439e+00 1.772877122049322157e-09 9.469164490883774731e-12
2.279080886530168382e+00 1.768129692571426631e-09 9.468748872877404237e-12
2.427023901430313213e+00 1.763388677433107145e-09 9.468332214052411589e-12
2.584570408592235413e+00 1.758654067447286360e-09 9.467914461389511587e-12
2.752343803880096917e+00 1.753925852973594032e-09 9.467495558825030874e-12
2.931007949937540769e+00 1.749204031325435213e-09 9.467075487374490999e-12
3.121269803026147205e+00 1.744488629896007410e-09 9.466654391253527884e-12
3.323882210381077229e+00 1.739779620394225105e-09 9.466232113143389554e-12
3.539646889152703313e+00 1.735077011212598478e-09 9.465808693902723759e-12
3.769417598721698237e+00 1.730380816949597068e-09 9.465384209813998957e-12
4.014103518939990067e+00 1.725691010834238547e-09 9.464958509675647981e-12
4.274672847665050845e+00 1.721007614542710631e-09 9.464531707930741983e-12
4.552156631822522392e+00 1.716330612571441724e-09 9.464103715624369978e-12
4.847652847156431299e+00 1.711660025852708098e-09 9.463674643551587985e-12
5.162330742810005368e+00 1.706995827904423979e-09 9.463244341349139228e-12
5.497435467928296404e+00 1.702338034989729902e-09 9.462812894230675945e-12
5.854292998589499142e+00 1.697686639971125484e-09 9.462380258500416207e-12
6.234315384560519036e+00 1.693041655339421372e-09 9.461946498954396536e-12
6.639006336637454986e+00 1.688403065057878433e-09 9.461511522392655434e-12
7.069967176679734955e+00 1.683770878622650456e-09 9.461075376921062417e-12
7.528903173881439592e+00 1.679145090161617633e-09 9.460638025464322606e-12
8.017630292352031063e+00 1.674525708179856812e-09 9.460199510890798212e-12
8.538082376705743215e+00 1.669912732845666989e-09 9.459759830510512423e-12
9.092318804092377249e+00 1.665306149872118833e-09 9.459318898446782504e-12
9.682532632948031903e+00 1.660705955750448878e-09 9.458876690039118421e-12
1.031105928070920541e+01 1.656112182542847888e-09 9.458433383121721359e-12
1.098038576482743345e+01 1.651524804891893389e-09 9.457988828941803496e-12
1.169316054364996837e+01 1.646943826212678088e-09 9.457543041652352410e-12
1.245220399610625606e+01 1.642369245118196079e-09 9.457096009236524372e-12
1.326051958166685196e+01 1.637801074427168949e-09 9.456647800942167645e-12
1.412130572473395951e+01 1.633239300731478733e-09 9.456198334393896698e-12
1.503796847048866958e+01 1.628683919736872289e-09 9.455747579910038079e-12
1.601413496227323563e+01 1.624134945287175250e-09 9.455295612703022960e-12
1.705366779383654574e+01 1.619592373273584230e-09 9.454842404799454487e-12
1.816068029323358246e+01 1.615056192568253930e-09 9.454387885979266065e-12
1.933955279885540435e+01 1.610526424541069772e-09 9.453932176830928268e-12
2.059494999199286625e+01 1.606003050498239810e-09 9.453475162677365070e-12
2.193183935451651223e+01 1.601486064709951357e-09 9.453016804432995212e-12
2.335551082470853146e+01 1.596975500897640284e-09 9.452557296542837323e-12
2.487159772902236554e+01 1.592471326522221595e-09 9.452096441610786384e-12
2.648609907259566043e+01 1.587973551275474808e-09 9.451634292161064844e-12
2.820540327671692538e+01 1.583482179227364078e-09 9.451170867154347093e-12
3.003631345717349532e+01 1.578997195878458823e-09 9.450706074875216878e-12
3.198607434350403267e+01 1.574518632527442250e-09 9.450240098227657279e-12
3.406240094567332477e+01 1.570046448759770550e-09 9.449772689195118013e-12
3.627350908159947807e+01 1.565580677001754638e-09 9.449304037820541820e-12
3.862814788632826435e+01 1.561121305418907635e-09 9.448834067358853021e-12
4.113563443149104870e+01 1.556668332134090791e-09 9.448362761829765519e-12
4.380589059203055058e+01 1.552221753180385773e-09 9.447890091736388638e-12
4.664948230607361523e+01 1.547781570281144389e-09 9.447416061882732114e-12
4.967766138329749737e+01 1.543347796070311795e-09 9.446940744413983247e-12
5.290241002722249419e+01 1.538920415859994851e-09 9.446464044224367715e-12
5.633648824759958273e+01 1.534499431187171031e-09 9.445985965336889736e-12
5.999348435050048778e+01 1.530084853136794045e-09 9.445506570249228960e-12
6.388786870589323286e+01 1.525676665993816127e-09 9.445025757462149548e-12
6.803505100545807238e+01 1.521274885785125102e-09 9.444543619803313871e-12
7.245144123720486107e+01 1.516879501031445093e-09 9.444060081128691515e-12
7.715451461816414280e+01 1.512490523551206162e-09 9.443575209515810734e-12
8.216288074208294745e+01 1.508107932938311963e-09 9.443088872173008940e-12
8.749635721573767455e+01 1.503731741402776965e-09 9.442601139808263275e-12
9.317604807523318300e+01 1.499361955157317969e-09 9.442112045837085546e-12
9.922442729257556948e+01 1.494998566072350354e-09 9.441621533508570403e-12
1.056654277029440863e+02 1.490641571364953991e-09 9.441129579597201998e-12
1.125245357045415204e+02 1.486290981177660414e-09 9.440636242784964671e-12
1.198288921057372391e+02 1.481946780057014626e-09 9.440141419115005979e-12
1.276073995185465719e+02 1.477608981371500232e-09 9.439645187930950718e-12
1.358908367233941874e+02 1.473277583329753391e-09 9.439147532100309975e-12
1.447119804576871047e+02 1.468952584469534260e-09 9.438648436330351146e-12
1.541057351101060249e+02 1.464633971096353085e-09 9.438147807269877620e-12
1.641092708337997976e+02 1.460321774003185867e-09 9.437645836316219219e-12
1.747621706249873625e+02 1.456015960759352110e-09 9.437142309611930836e-12
1.861065869489368936e+02 1.451716552007348107e-09 9.436637353972818580e-12
1.981874085330804292e+02 1.447423540182619356e-09 9.436130914459572113e-12
2.110524379872434793e+02 1.443136925705494377e-09 9.435622987742430809e-12
2.247525809538215071e+02 1.438856703766382163e-09 9.435113536555628528e-12
2.393420475363438698e+02 1.434582886546801226e-09 9.434602634279184589e-12
2.548785668034642242e+02 1.430315460245640092e-09 9.434090184379303972e-12
2.714236152171434355e+02 1.426054434088563245e-09 9.433576241539342778e-12
2.890426598888997773e+02 1.421799797829703820e-09 9.433060731131508814e-12
3.078054176266581408e+02 1.417551574080197716e-09 9.432543798137172989e-12
3.277861307972281111e+02 1.413309737540686814e-09 9.432025267192360386e-12
3.490638610959650237e+02 1.409074294646349661e-09 9.431505174943076916e-12
3.717228023860415078e+02 1.404845257736739899e-09 9.430983597691412345e-12
3.958526138451899783e+02 1.400622617114980300e-09 9.430460464495268337e-12
4.215487747381557142e+02 1.396406368366153992e-09 9.429935739039537073e-12
4.489129622186509891e+02 1.392196519247279930e-09 9.429409466514615684e-12
4.780534536557472620e+02 1.387993062005819995e-09 9.428881589183032459e-12
5.090855550766567603e+02 1.383796005840663457e-09 9.428352161672555991e-12
5.421320574212138581e+02 1.379605346410795413e-09 9.427821148814129122e-12
5.773237224134213648e+02 1.375421075194340423e-09 9.427288485182856115e-12
6.147997999725866975e+02 1.371243205180455055e-09 9.426754253561791679e-12
6.547085792114097558e+02 1.367071739581279325e-09 9.426218468524770918e-12
6.972079752012521112e+02 1.362906659743146783e-09 9.425680996021399843e-12
7.424661538263807188e+02 1.358747978104101193e-09 9.425141914715861621e-12
7.906621971996468119e+02 1.354595689602060868e-09 9.424601182476151192e-12
8.419868122726030606e+02 1.350449805778171490e-09 9.424058872597936456e-12
8.966430854439424820e+02 1.346310314306212946e-09 9.423514892903517057e-12
9.548472861521955792e+02 1.342177217250185327e-09 9.422969250472534757e-12
1.016829722632388211e+03 1.338050511114324723e-09 9.422421914002038869e-12
1.082835653222832661e+03 1.333930206582042424e-09 9.421872951175491713e-12
1.153126256827977386e+03 1.329816294318986547e-09 9.421322289504999567e-12
1.227979666377376361e+03 1.325708780685116178e-09 9.420769966963656854e-12
1.307692069370028321e+03 1.321607660544010289e-09 9.420215939594376578e-12
1.392578879858866003e+03 1.317512935970082554e-09 9.419660215238818023e-12
1.482975986512790087e+03 1.313424606474315996e-09 9.419102783072508618e-12
1.579241081694752893e+03 1.309342666972654877e-09 9.418543599574393795e-12
1.681755076814862150e+03 1.305267133347297415e-09 9.417982771304792968e-12
1.790923609558963562e+03 1.301197984159889348e-09 9.417420136452985388e-12
1.907178648956616826e+03 1.297135232878675985e-09 9.416855784978173008e-12
2.030980204639617796e+03 1.293078880930192951e-09 9.416289719863563320e-12
2.162818147054361816e+03 1.289028924858187652e-09 9.415721908558169426e-12
2.303214145830481812e+03 1.284985351087267385e-09 9.415152244352900572e-12
2.452723733975726191e+03 1.280948185763376540e-09 9.414580911048075658e-12
2.611938506064820103e+03 1.276917404693592957e-09 9.414007723446993129e-12
2.781488459120384050e+03 1.272893018341353718e-09 9.413432750332974709e-12
2.962044485448492196e+03 1.268875032668071328e-09 9.412856028758341630e-12
3.154321027292851795e+03 1.264863435091600340e-09 9.412277457431695261e-12
3.359078903811707278e+03 1.260858231289162744e-09 9.411697070190858657e-12
3.577128321563610825e+03 1.256859426812995817e-09 9.411114901429232666e-12
3.809332080414190386e+03 1.252867007324059505e-09 9.410530835130133571e-12
4.056608987549472658e+03 1.248880993464966733e-09 9.409945019077754624e-12
4.319937493104534042e+03 1.244901369420542625e-09 9.409357325621488376e-12
4.600359561793416106e+03 1.240928136745192935e-09 9.408767758707703670e-12
4.898984795859849328e+03 1.236961297797920551e-09 9.408176328161561348e-12
5.216994825663110532e+03 1.233000846675338445e-09 9.407582980333046149e-12
5.555647985271742982e+03 1.229046794181483590e-09 9.406987789418565885e-12
5.916284291566399588e+03 1.225099138503884147e-09 9.406390733682744732e-12
6.300330746553483550e+03 1.221157878551339171e-09 9.405791796737567635e-12
6.709306983870059412e+03 1.217223003022395314e-09 9.405190883025655203e-12
7.144831281823125209e+03 1.213294524642615220e-09 9.404588081885726994e-12
7.608626966756059119e+03 1.209372439054812813e-09 9.403983351365851287e-12
8.102529232079442409e+03 1.205456745050377955e-09 9.403376673765973717e-12
8.628492399948992897e+03 1.201547442173603612e-09 9.402768036081693835e-12
9.188597654324126779e+03 1.197644532450484854e-09 9.402157446163340164e-12
9.785061276005713808e+03 1.193748013799612955e-09 9.401544878828701119e-12
1.042024341223913689e+04 1.189857895080257711e-09 9.400930394843197975e-12
1.109665741558200534e+04 1.185974160612297611e-09 9.400313862003860630e-12
1.181697978899043483e+04 1.182096823077999425e-09 9.399695371598049064e-12
1.258406077647527309e+04 1.178225875750856970e-09 9.399074861095597403e-12
1.340093564123397664e+04 1.174361321204735574e-09 9.398452342371736703e-12
1.427083667588540811e+04 1.170503156600446765e-09 9.397827783181779230e-12
1.519720599233054418e+04 1.166651382894661524e-09 9.397201182300072729e-12
1.618370914184659887e+04 1.162806002653956683e-09 9.396572551158884960e-12
1.723424961930947029e+04 1.158967014657414278e-09 9.395941870621587938e-12
1.835298430893438490e+04 1.155134417253950787e-09 9.395309118061040516e-12
1.954433993265361278e+04 1.151308214523583917e-09 9.394674317312809091e-12
2.081303056621524956e+04 1.147488401293847626e-09 9.394037416848656447e-12
2.216407629231177270e+04 1.143674979183972777e-09 9.393398420409535988e-12
2.360282306454833451e+04 1.139867946751989590e-09 9.392757306483798395e-12
2.513496386084993355e+04 1.136067307301653914e-09 9.392114092808910189e-12
2.676656121000844360e+04 1.132273058025623320e-09 9.391468746326347772e-12
2.850407118050653298e+04 1.128485201866639364e-09 9.390821281837395067e-12
3.035436892653907489e+04 1.124703733406431013e-09 9.390171644708772712e-12
3.232477589231390448e+04 1.120928657543422476e-09 9.389519865457112208e-12
3.442308878227956302e+04 1.117159970984195383e-09 9.388865906742183388e-12
3.665761041190868127e+04 1.113397672198462706e-09 9.388209745960431062e-12
3.903718256111364462e+04 1.109641773010757861e-09 9.387551472044073679e-12
4.157122096029104432e+04 1.105892255237510033e-09 9.386890921963106881e-12
4.426975254742975812e+04 1.102149130968399798e-09 9.386228187529754516e-12
4.714345514370802266e+04 1.098412397721120591e-09 9.385563237359233183e-12
5.020369970457075397e+04 1.094682052190270265e-09 9.384896033170622564e-12
5.346259531346829317e+04 1.090958098107988274e-09 9.384226596485325275e-12
5.693303709629723744e+04 1.087240533056202970e-09 9.383554895700322788e-12
6.062875724613001512e+04 1.083529357139101680e-09 9.382880921569608319e-12
6.456437936013806029e+04 1.079824569115255256e-09 9.382204652054993317e-12
6.875547630371265404e+04 1.076126177343896818e-09 9.381526149508845063e-12
7.321863183074332483e+04 1.072434168436912523e-09 9.380845286978601225e-12
7.797150620388380776e+04 1.068748554299721022e-09 9.380162157016075594e-12
8.303290607445641945e+04 1.065069323333699990e-09 9.379476647640397045e-12
8.842285889849922387e+04 1.061396485368473840e-09 9.378788833565355474e-12
9.416269218342084787e+04 1.057730034019087330e-09 9.378098647803323558e-12
1.002751178788243706e+05 1.054069976805150722e-09 9.377406145790590473e-12
1.067843222454346687e+05 1.050416303533444920e-09 9.376711225729602218e-12
1.137160615577285498e+05 1.046769017624207696e-09 9.376013906622944743e-12
1.210977640189495287e+05 1.043128125629158451e-09 9.375314236137873432e-12
1.289586382917819428e+05 1.039493618992493281e-09 9.374612125883110413e-12
1.373297890741267765e+05 1.035865501074137943e-09 9.373907594295438791e-12
1.462443401772953803e+05 1.032243770577711405e-09 9.373200618373760695e-12
1.557375655936388357e+05 1.028628428297872434e-09 9.372491193350211921e-12
1.658470290722303907e+05 1.025019475412763416e-09 9.371779318479223243e-12
1.766127327548812318e+05 1.021416911953939637e-09 9.371064981991129297e-12
1.880772754606434901e+05 1.017820733852810271e-09 9.370348134801147242e-12
2.002860212450969266e+05 1.014230947017035973e-09 9.369628819472299782e-12
2.132872789014082518e+05 1.010647541061507667e-09 9.368906927808768261e-12
2.271324931134251237e+05 1.007070526467322743e-09 9.368182544195219693e-12
2.418764480171700125e+05 1.003499899579036896e-09 9.367455623235629863e-12
2.575774839762214979e+05 9.999356660441415941e-10 9.366726204912893282e-12
2.742977284287357470e+05 9.963778129725506567e-10 9.365994156524036632e-12
2.921033417195345392e+05 9.928263443882651193e-10 9.365259503142091738e-12
3.110647788900202722e+05 9.892812635102533727e-10 9.364522261663256586e-12
3.312570684617616353e+05 9.857425741640022043e-10 9.363782456244232673e-12
3.527601093168964726e+05 9.822102708430984894e-10 9.363040021871877645e-12
3.756589868500688463e+05 9.786843506006724183e-10 9.362294917697755879e-12
4.000443096428670688e+05 9.751648192521021027e-10 9.361547185876489039e-12
4.260125679929761100e+05 9.716516701235955123e-10 9.360796749669867694e-12
4.536665157166967401e+05 9.681449146433904479e-10 9.360043705587839181e-12
4.831155767355698626e+05 9.646445431350658585e-10 9.359287947536541253e-12
5.144762780559589737e+05 9.611505565074630743e-10 9.358529470911678208e-12
5.478727108548345277e+05 9.576629557950723673e-10 9.357768271936028331e-12
5.834370214962085010e+05 9.541817408442368738e-10 9.357004335374703500e-12
6.213099344211751595e+05 9.507069124811112955e-10 9.356237656113066657e-12
6.616413089805161580e+05 9.472384683529633938e-10 9.355468197371559378e-12
7.045907324132579379e+05 9.437764127238511169e-10 9.354695987019827127e-12
7.503281513175177388e+05 9.403207357841316335e-10 9.353920914145124825e-12
7.990345441122783814e+05 9.368714514778323408e-10 9.353143102827378096e-12
8.509026371510046301e+05 9.334285495767344770e-10 9.352362438140258130e-12
9.061376673206728883e+05 9.299920323550204859e-10 9.351578927102852867e-12
9.649581941437019268e+05 9.265618985452025489e-10 9.350792544133480647e-12
1.027596964596280945e+06 9.231381540782229403e-10 9.350003333723737389e-12
1.094301834064986557e+06 9.197207903711733198e-10 9.349211194322462285e-12
1.165336747085913084e+06 9.163098102827241235e-10 9.348416140340786273e-12
1.240982781746974681e+06 9.129052177022495368e-10 9.347618197037428684e-12
1.321539261885922169e+06 9.095070112313984596e-10 9.346817334969238118e-12
1.407324941485021729e+06 9.061151845141984034e-10 9.346013474091321563e-12
1.498679265948887449e+06 9.027297449370236851e-10 9.345206675699041955e-12
1.595963715256161755e+06 8.993506861433175165e-10 9.344396858286737631e-12
1.699563234299866483e+06 8.959780139410891743e-10 9.343584066712710478e-12
1.809887756076089805e+06 8.926117235345795589e-10 9.342768236040807331e-12
1.927373823748046532e+06 8.892518177516635859e-10 9.341949380033479891e-12
2.052486318004025146e+06 8.858982961353610865e-10 9.341127477836656734e-12
2.185720296543998644e+06 8.825511575562375845e-10 9.340302502790510279e-12
2.327602952973738778e+06 8.792104031742069904e-10 9.339474450914012495e-12
2.478695702857527882e+06 8.758760326989975651e-10 9.338643303092292507e-12
2.639596405183669180e+06 8.725480406085687776e-10 9.337808983918841892e-12
2.810941728033084888e+06 8.692264345751911052e-10 9.336971559440445960e-12
2.993409667811643798e+06 8.659112132951538697e-10 9.336130999491863409e-12
3.187722232014450245e+06 8.626023701122425256e-10 9.335287215725631093e-12
3.394648296137804631e+06 8.592999131643924949e-10 9.334440279372502683e-12
3.615006646043011919e+06 8.560038337426792273e-10 9.333590079171530454e-12
3.849669217810653616e+06 8.527141386366214565e-10 9.332736672168278615e-12
4.099564547905017156e+06 8.494308276269005149e-10 9.331880039151299726e-12
4.365681447300465778e+06 8.461538966157280647e-10 9.331020117852577926e-12
4.649072914108192548e+06 8.428833482396040656e-10 9.330156919717520546e-12
4.950860300185104832e+06 8.396191838723680853e-10 9.329290443306723460e-12
5.272237748211499304e+06 8.363613994750527024e-10 9.328420625957995012e-12
5.614476916795067489e+06 8.331099975978717721e-10 9.327547478473929493e-12
5.978932012297430076e+06 8.298649747580030388e-10 9.326670944065364447e-12
6.367045147294113412e+06 8.266263364002785121e-10 9.325791066447315371e-12
6.780352046870708466e+06 8.233940742567262555e-10 9.324907732916619290e-12
7.220488125334186479e+06 8.201681951670493267e-10 9.324021004101188396e-12
7.689194957384774461e+06 8.169486960767469324e-10 9.323130825602318500e-12
8.188327169353977777e+06 8.137355819606290672e-10 9.322237237004563332e-12
8.719859777776386589e+06 8.105288448973687194e-10 9.321340128684537516e-12
9.285896004333820194e+06 8.073284882445463823e-10 9.320439519430155864e-12
9.888675598094508052e+06 8.041345120581567036e-10 9.319535392014866746e-12
1.053058369797720201e+07 8.009469160334601415e-10 9.318627723294318182e-12
1.121416027050904185e+07 7.977657004969745591e-10 9.317716497731754441e-12
1.194211016022026353e+07 7.945908651452688077e-10 9.316801693452587788e-12
1.271731379244518653e+07 7.914224072726225925e-10 9.315883257826925069e-12
1.354283857087901980e+07 7.882603274829069189e-10 9.314961178612362354e-12
1.442195101498900168e+07 7.851046307913479294e-10 9.314035495086648530e-12
1.535812968530727737e+07 7.819552847975248419e-10 9.313105801663890852e-12
1.635507894774925150e+07 7.788123558287129315e-10 9.312172868524729530e-12
1.741674363142076135e+07 7.756758166201078033e-10 9.311236352433886186e-12
1.854732463791513816e+07 7.725456333922571017e-10 9.310295827359174072e-12
1.975129556386264786e+07 7.694218346294897998e-10 9.309351611700715561e-12
2.103342040250774100e+07 7.663043905819058902e-10 9.308403329839219538e-12
2.239877239435690269e+07 7.631933636355799783e-10 9.307451713618435498e-12
2.385275410148643330e+07 7.600886971926987286e-10 9.306496054640909468e-12
2.540111878494361043e+07 7.569904067538685027e-10 9.305536522322035849e-12
2.704999316982896253e+07 7.538984258268349199e-10 9.304572270606333145e-12
2.880590168813770264e+07 7.508129661238337290e-10 9.303605895263297475e-12
3.067579229528870061e+07 7.477338097051556855e-10 9.302634680474329143e-12
3.266706396249362454e+07 7.446609930925465067e-10 9.301659051124493101e-12
3.478759595374950022e+07 7.415946313703629972e-10 9.300680423838357864e-12
3.704577900330395252e+07 7.385346088351756287e-10 9.299697328187807180e-12
3.945054851695540547e+07 7.354809057286873140e-10 9.298709486506835353e-12
4.201141992856573313e+07 7.324336964625987789e-10 9.297719084750616400e-12
4.473852635168652982e+07 7.293927658094217825e-10 9.296723370306931747e-12
4.764265867528087646e+07 7.263582873998821265e-10 9.295724530732260755e-12
5.073530826219849288e+07 7.233300802532766733e-10 9.294720224613555929e-12
5.402871241935664415e+07 7.203082884660553859e-10 9.293712275398756883e-12
5.753590281954538822e+07 7.172928799884733615e-10 9.292700247700994385e-12
6.127075706646284461e+07 7.142839322778652279e-10 9.291685128254639435e-12
6.524805360701157898e+07 7.112812378744951966e-10 9.290664193970455865e-12
6.948353020814426243e+07 7.082850330313839171e-10 9.289640502538893840e-12
7.399394622964356840e+07 7.052951644132374719e-10 9.288612026206441608e-12
7.879714893924084306e+07 7.023116587275426656e-10 9.287579088650239647e-12
8.391214413248071074e+07 6.993344930297760004e-10 9.286541355582026114e-12
8.935917133676542342e+07 6.963637673333424872e-10 9.285500136148781127e-12
9.515978389715036750e+07 6.933993912163641030e-10 9.284454193996604314e-12
1.013369342607883513e+08 6.904414325153314491e-10 9.283404424969748873e-12
1.079150647974821776e+08 6.874896751200988399e-10 9.282347880837135610e-12
1.149202045157087445e+08 6.845444914459668631e-10 9.281289563519509876e-12
1.223800720568210185e+08 6.816055907864177589e-10 9.280225517552034433e-12
1.303241853749527186e+08 6.786731096317074412e-10 9.279157570247860334e-12
1.387839785366291106e+08 6.757468990532559228e-10 9.278083656597682705e-12
1.477929261022445261e+08 6.728271320565689855e-10 9.277006117345292072e-12
1.573866755815663636e+08 6.699138674242786749e-10 9.275925755225146053e-12
1.676031884873881340e+08 6.670067498708289783e-10 9.274837615385817803e-12
1.784828905454634428e+08 6.641061198000738362e-10 9.273746390730423500e-12
1.900688316550783813e+08 6.612119463389872577e-10 9.272651647027083615e-12
2.024068562332285047e+08 6.583240495635981266e-10 9.271550826817128480e-12
2.155457846164132357e+08 6.554424058272744194e-10 9.270443548624325796e-12
2.295376062378554344e+08 6.525673808972668647e-10 9.269334970128189414e-12
2.444376853445222378e+08 6.496984883523604804e-10 9.268218153711376449e-12
2.603049800679401755e+08 6.468360917915319308e-10 9.267098247611869152e-12
2.772022757156618834e+08 6.439801688487826690e-10 9.265974923004594352e-12
2.951964332064889669e+08 6.411304599937548066e-10 9.264844407438577206e-12
3.143586536324732900e+08 6.382871388473921142e-10 9.263709171250245126e-12
3.347647599945614934e+08 6.354502267232980253e-10 9.262569496260706510e-12
3.564954972266755104e+08 6.326196493234274965e-10 9.261424270658091378e-12
3.796368516953778267e+08 6.297955839121534925e-10 9.260276066864860383e-12
4.042803914393858910e+08 6.269776582450128310e-10 9.259119374160494350e-12
4.305236284951865673e+08 6.241663549895926438e-10 9.257961288518965548e-12
4.584704047424730062e+08 6.213612945725387972e-10 9.256796170268368680e-12
4.882313027961435914e+08 6.185626040736724907e-10 9.255625848558528569e-12
5.199240835707032084e+08 6.157701769821942932e-10 9.254448709043356892e-12
5.536741522484978437e+08 6.129843403211070520e-10 9.253269631247632155e-12
5.896150544955594540e+08 6.102046421735789931e-10 9.252081767696514711e-12
6.278890048885127306e+08 6.074315525592157703e-10 9.250892211280481766e-12
6.686474496435326338e+08 6.046646398704598445e-10 9.249694361765437397e-12
7.120516658739472628e+08 6.019042446073299688e-10 9.248493390297843346e-12
7.582733997477461100e+08 5.991500402144950841e-10 9.247284238871569031e-12
8.074955460701000690e+08 5.964023165379627494e-10 9.246071349187145579e-12
8.599128719799027443e+08 5.936610428687154858e-10 9.244854228279259137e-12
9.157327876239808798e+08 5.909260505464164127e-10 9.243630218847124846e-12
9.751761668584358692e+08 5.881973258827811817e-10 9.242399051695093948e-12
1.038478221224503875e+09 5.854751577825681188e-10 9.241165251680174245e-12
1.105889430657269478e+09 5.827591439088107137e-10 9.239922435764366125e-12
1.177676534609835148e+09 5.800496182839773619e-10 9.238675853696860794e-12
1.254123587514827251e+09 5.773464550338145271e-10 9.237423493362440266e-12
1.335533082759558678e+09 5.746496938702848631e-10 9.236165968179620707e-12
1.422227149622255325e+09 5.719593374703938137e-10 9.234903318536872005e-12
1.514548827905596018e+09 5.692751443953359415e-10 9.233631610289226353e-12
1.612863425311121941e+09 5.665974421674632807e-10 9.232356138368407411e-12
1.717559962925453663e+09 5.639260717886320814e-10 9.231074331692599426e-12
1.829052714538067818e+09 5.612610674992098695e-10 9.229786768717991934e-12
1.947782845881514311e+09 5.586024026200157541e-10 9.228493044733064101e-12
2.074220160280303717e+09 5.559501131473982448e-10 9.227193817413955452e-12
2.208864957616011620e+09 5.533042229724150321e-10 9.225889593556303975e-12
2.352250013964111328e+09 5.506645652944133355e-10 9.224577708609367855e-12
2.504942689735950947e+09 5.480310909683904913e-10 9.223257513393566096e-12
2.667547174667522430e+09 5.454040255744961047e-10 9.221933089145168363e-12
2.840706878538114548e+09 5.427832289416993103e-10 9.220602440983099942e-12
3.025106977078861237e+09 5.401687885811959222e-10 9.219267612657522966e-12
3.221477123145022392e+09 5.375604109695299371e-10 9.217924292151198635e-12
3.430594333879700184e+09 5.349580473064463742e-10 9.216572599995218329e-12
3.653286065293514729e+09 5.323619618900566774e-10 9.215218455192441210e-12
3.890433486425675869e+09 5.297716995011164598e-10 9.213855814940960395e-12
4.142974966042292118e+09 5.271871086433545866e-10 9.212484516331006753e-12
4.411909785668331146e+09 5.246083428541579169e-10 9.211110724112992915e-12
4.698302093645157814e+09 5.220347777667300117e-10 9.209728238709476965e-12
5.003285115859759331e+09 5.194661586190482533e-10 9.208339136038660469e-12
5.328065639806969643e+09 5.169019545591352394e-10 9.206943238615268673e-12
5.673928789727474213e+09 5.143414425200169115e-10 9.205540567663554101e-12
6.042243111716710091e+09 5.117835975863835197e-10 9.204131063910544174e-12
6.434465988925768852e+09 5.092269720032894313e-10 9.202714676685901065e-12
6.852149408281446457e+09 5.066695064653739639e-10 9.201291422995949260e-12
7.296946101544406891e+09 5.041082350586540592e-10 9.199861086481547362e-12
7.770616085004244804e+09 5.015389054294555161e-10 9.198423803592911568e-12
8.275033623689014435e+09 4.989553483414082300e-10 9.196979564234409130e-12
8.812194647645704269e+09 4.963484597949503143e-10 9.195525867643368388e-12
9.384224649636779785e+09 4.937055092474169131e-10 9.194069450349673950e-12
9.993387095503791809e+09 4.910068584542473981e-10 9.192601237541188319e-12
1.064209238047679901e+10 4.882249158067533571e-10 9.191130527566883749e-12
1.133290736686833382e+10 4.853180541464449978e-10 9.189650018939598375e-12
1.206856554089270210e+10 4.822257994666268103e-10 9.188162344954802536e-12
1.285197782879883003e+10 4.788590472147494387e-10 9.186667238115706813e-12
1.368624411511612701e+10 4.750869233255144139e-10 9.185164661439983673e-12
1.457466550858952332e+10 4.707174996496233874e-10 9.183654565449335253e-12
1.552075740433822823e+10 4.654701408035673974e-10 9.182136909791532516e-12
1.652826339392482185e+10 4.589364596339549164e-10 9.180611724401795928e-12
1.760117007837507629e+10 4.505264820376218470e-10 9.179078958464077858e-12
1.874372284276141739e+10 4.393973693832700292e-10 9.177538493031769160e-12
1.996044265476974106e+10 4.243653644837285949e-10 9.175990372711831599e-12
2.125614395371927261e+10 4.038113824076096441e-10 9.174434448398188836e-12
2.263595370081970215e+10 3.756142984353090144e-10 9.172870912783701939e-12
2.410533166604759216e+10 3.371973705453618870e-10 9.171299447190908770e-12
2.567009203191270828e+10 2.858784937733276667e-10 9.169720244567104365e-12
2.733642639960034561e+10 2.199141642524346297e-10 9.168133059433423550e-12
2.911092828852196121e+10 1.409774629951607639e-10 9.166538146261071716e-12
3.100061922621523285e+10 5.936124818968284026e-11 9.164935702712730604e-12
3.301297653183068466e+10 3.936701927482133019e-12 9.163325060723054758e-12
3.515596290314054108e+10 3.961427396823326401e-11 9.161706752265783697e-12
3.743805792414112854e+10 2.951891126951766441e-10 9.160080477570186835e-12
3.986829161792475891e+10 1.003081771255727006e-09 9.158446569378804946e-12
4.245628017758226776e+10 2.548807731497036467e-09 9.156804782383291614e-12
4.521226401652331543e+10 5.522568110802114914e-09 9.155155114197145147e-12
4.814714828877465820e+10 1.076128539897069072e-08 9.153498018912297431e-12
5.127254603958924866e+10 1.937138892805332931e-08 9.151833388505366270e-12
5.460082415711215973e+10 3.273316426433846084e-08 9.150161201460190012e-12
5.814515230692800140e+10 5.250210036176697239e-08 9.148481756473128955e-12
6.191955504311666870e+10 8.063180159270370445e-08 9.146795379689893866e-12
6.593896730202124786e+10 1.194421782930959278e-07 9.145101603142783873e-12
7.021929349830445862e+10 1.717446353805520837e-07 9.143401088005025487e-12
7.477747045713677979e+10 2.410267653345365619e-07 9.141694334989994421e-12
7.963153443153065491e+10 3.316972579798739596e-07 9.139980930981150477e-12
8.480069246999845886e+10 4.493873875506135822e-07 9.138261994720540968e-12
9.030539841693463135e+10 6.013258209165887812e-07 9.136537378053817396e-12
9.616743384644534302e+10 7.967986572845485823e-07 9.134807413607458373e-12
1.024099942498694153e+11 1.047728400683589938e-06 9.133073283364587124e-12
1.090577808180321655e+11 1.369398546768373219e-06 9.131332690780490836e-12
1.161370981814029236e+11 1.781371904576883377e-06 9.129593431853789581e-12
1.236759584948992615e+11 2.308658785874014667e-06 9.127848555533625543e-12
1.317041922792024689e+11 2.983193007118914343e-06 9.126103450014215179e-12
1.402535664571585693e+11 3.845711775718583283e-06 9.124356632033229354e-12
1.493579100523346558e+11 4.948127662877981705e-06 9.122610568011639284e-12
1.590532480471036987e+11 6.356535574658317097e-06 9.120865901035464272e-12
1.693779439299140930e+11 8.154958203806144927e-06 9.119124281649424707e-12
1.803728514958008118e+11 1.045022516996591619e-05 9.117387007818148121e-12
1.920814765007925415e+11 1.337782963556507356e-05 9.115656608267111240e-12
2.045501488098573914e+11 1.710950014939452408e-05 9.113934391367183898e-12
2.178282057195782471e+11 2.186253543852072231e-05 9.112222622214712455e-12
2.319681871809242249e+11 2.791152818528477289e-05 9.110523698193923787e-12
2.470260436946147766e+11 3.560273555289520612e-05 9.108840686107240886e-12
2.630613577016912842e+11 4.537193499359233888e-05 9.107175798695198085e-12
2.801375793453059692e+11 5.776637749324089208e-05 9.105533205682683659e-12
2.983222775366323853e+11 7.347181207882180591e-05 9.103915968070224085e-12
3.176874073183324585e+11 9.334434417338615395e-05 9.102328144270636271e-12
3.383095945834986572e+11 1.184504439396835365e-04 9.100773756440609547e-12
3.602704392766974487e+11 1.501133441454189537e-04 9.099257414412500005e-12
3.836568382768413086e+11 1.899689388661306134e-04 9.097784091080576056e-12
4.085613292394879761e+11 2.400298409275411721e-04 9.096358798858868338e-12
4.350824567591551514e+11 3.027620180874231464e-04 9.094987377010848909e-12
4.633251623004714355e+11 3.811678046677833241e-04 9.093674569354427878e-12
4.934011994411241455e+11 4.788835577542663725e-04 9.092426961949216584e-12
5.254295760696489258e+11 6.002789235046089274e-04 9.091249568625503274e-12
5.595370252878286133e+11 7.505694892280384816e-04 9.090148439948081314e-12
5.958585068809510498e+11 9.359177005191105783e-04 9.089129670708535566e-12
6.345377413402774658e+11 1.163538948605187225e-03 9.088198291043472319e-12
6.757277785507314453e+11 1.441780509842373976e-03 9.087358148773565303e-12
7.195916033940771484e+11 1.780168107155435725e-03 9.086613028410312106e-12
7.663027806638836670e+11 2.189399418038717217e-03 9.085966960694011652e-12
8.160461418441813965e+11 2.681270768483980799e-03 9.085420756228194124e-12
8.690185164692298584e+11 3.268469189889708533e-03 9.084974175158580175e-12
9.254295109584383545e+11 3.964284449311409469e-03 9.084626127370702886e-12
9.855023380081203613e+11 4.782072712245218592e-03 9.084373471359556698e-12
1.049474699821931152e+12 5.734592372393930958e-03 9.084210545506242809e-12
1.117599728674886475e+12 6.833109748211972818e-03 9.084129222722216763e-12
1.190146988532556152e+12 8.086202312270487913e-03 9.084120799334875628e-12
1.267403541688906738e+12 9.498412067914576221e-03 9.084173274809262497e-12
1.349675084643248047e+12 1.106880033809904719e-02 9.084274289991427691e-12
1.437287157710885498e+12 1.278926771541468062e-02 9.084409459059149739e-12
1.530586433153768066e+12 1.464311993748427555e-02 9.084565388073249186e-12
1.629942086928208252e+12 1.660384475865453111e-02 9.084726825564615380e-12
1.735747259477361572e+12 1.863442156708064804e-02 9.084882037334950329e-12
1.848420611348918701e+12 2.068747470642914171e-02 9.085020622324670054e-12
1.968407979793253906e+12 2.270637315034804149e-02 9.085134988485738508e-12
2.096184142897078857e+12 2.462774557991105617e-02 9.085220184482130129e-12
2.232254698233191895e+12 2.638504926091255615e-02 9.085275416363710976e-12
2.377158063459703613e+12 2.791327729280652925e-02 9.085302486190617411e-12
2.531467606785240723e+12 2.915442486403676398e-02 9.085306482079948897e-12
2.695793915729922852e+12 3.006297546082672273e-02 9.085293776974135307e-12
2.870787213159444824e+12 3.061021429984087799e-02 9.085271796677658503e-12
3.057139930152398926e+12 3.078732242532734170e-02 9.085247072920765020e-12
3.255589445881069336e+12 3.060576794234769887e-02 9.085223957185343360e-12
3.466921005347586914e+12 3.009535768272780451e-02 9.085205800092659796e-12
3.691970826520308105e+12 2.929981812633711963e-02 9.085192834826765928e-12
3.931629409165168945e+12 2.827100865267780094e-02 9.085185178816037435e-12
4.186845058464685059e+12 2.706327664077546116e-02 9.085180559481297038e-12
4.458627637367402344e+12 2.572831837698566493e-02 9.085176848474260984e-12
4.748052562514978516e+12 2.431232592399089690e-02 9.085173042909068409e-12
5.056265059559037109e+12 2.285466952894353240e-02 9.085168582541631560e-12
5.384484694705166992e+12 2.138804769526562663e-02 9.085162817833458683e-12
5.734010200415095703e+12 1.993915043585560085e-02 9.085156174003267402e-12
6.106224614362090820e+12 1.852913151787113563e-02 9.085150226012980045e-12
6.502600751973245117e+12 1.717393112812677994e-02 9.085141887547168761e-12
6.924707034213864258e+12 1.588445471200337217e-02 9.085136092784178349e-12
7.374213693673234375e+12 1.466718550515780893e-02 9.085129389705926845e-12
7.852899383508907227e+12 1.352504404241552244e-02 9.085121843332117502e-12
8.362658215400327148e+12 1.245839074723294367e-02 9.085114264719052030e-12
8.905507254360689453e+12 1.146588148848543855e-02 9.085106680565375718e-12
9.483594500062242188e+12 1.054507214684106443e-02 9.085099238479499476e-12
1.009920738625767969e+13 9.692779146390285636e-03 9.085087096649621611e-12
1.075478183192799414e+13 8.905374586810965026e-03 9.085078718430968964e-12
1.145291187997160156e+13 8.178985904054024078e-03 9.085070669931935237e-12
1.219635996157452539e+13 7.509668562842956863e-03 9.085062289102207822e-12
1.298806782687539453e+13 6.893510635079138846e-03 9.085054967056200463e-12
1.383116818517860547e+13 6.326707771963940678e-03 9.085045866256537739e-12
1.472899710077346875e+13 5.805612005450739611e-03 9.085039156353727911e-12
1.568510719340889844e+13 5.326762207439638894e-03 9.085030581652353741e-12
1.670328169565639258e+13 4.886896783810320416e-03 9.085021583195012924e-12
1.778754942278569531e+13 4.482962384968157236e-03 9.085013329408944336e-12
1.894220071438543359e+13 4.112111928173216996e-03 9.085004504769274142e-12
2.017180441081082812e+13 3.771700815594632421e-03 9.084995300542446987e-12
2.148122593163055078e+13 3.459278841638813422e-03 9.084986372628831413e-12
2.287564652760803125e+13 3.172580369662712698e-03 9.084977425346985360e-12
2.436058378239628516e+13 2.909514123236048300e-03 9.084968691272318673e-12
2.594191344506672656e+13 2.668152280846733480e-03 9.084960250881696820e-12
2.762589267986476562e+13 2.446719333503768849e-03 9.084951887069892190e-12
2.941918482518638672e+13 2.243581439060276118e-03 9.084943470060490010e-12
3.132888575974539062e+13 2.057236224102493554e-03 9.084935221820759518e-12
3.336255198026097656e+13 1.886302658153460625e-03 9.084927273558200954e-12
3.552823050176239062e+13 1.729511818955993064e-03 9.084919516251201219e-12
3.783449069882828906e+13 1.585698300240778388e-03 9.084911875904231377e-12
4.029045821374967969e+13 1.453791854125743941e-03 9.084904643079050952e-12
4.290585106578909375e+13 1.332809925556080249e-03 9.084897588641344065e-12
4.569101810441617188e+13 1.221850499461813724e-03 9.084890985365179963e-12
4.865697995867753906e+13 1.120085725440498302e-03 9.084884660295231891e-12
5.181547264472800000e+13 1.026756009793794661e-03 9.084878735096932113e-12
5.517899400408096875e+13 9.411639264347575369e-04 9.084873202086586997e-12
5.876085315632434375e+13 8.626697862110237376e-04 9.084868111662135068e-12
6.257522316198293750e+13 7.906868987114211173e-04 9.084863509356909292e-12
6.663719710391170312e+13 7.246765264679256224e-04 9.084859300897902661e-12
7.096284780912100000e+13 6.641448099612006243e-04 9.084855600454303919e-12
7.556929144735687500e+13 6.086387735680542270e-04 9.084852311306637001e-12
8.047475525808243750e+13 5.577424807357771012e-04 9.084849491138581030e-12
8.569864967385215625e+13 5.110759086329770681e-04 9.084847114301491490e-12
9.126164512546265625e+13 4.682888412907866278e-04 9.084845135177585445e-12
9.718575383279518750e+13 4.290590984742894591e-04 9.084843542240252924e-12
1.034944169049766875e+14 3.930942094769672673e-04 9.084842109669640681e-12
1.102125970945206562e+14 3.601238420947102683e-04 9.084841256741034696e-12
1.173668775724562500e+14 3.298979673956309441e-04 9.084838924886309595e-12
1.249855671152917500e+14 3.021900846285017757e-04 9.084839760842796306e-12
1.330988121200326250e+14 2.767903882476789720e-04 9.084839336616482160e-12
1.417387158904710938e+14 2.535072647291162161e-04 9.084838898020047139e-12
1.509394656667711250e+14 2.321654181118673914e-04 9.084838553009896044e-12
1.607374679009775625e+14 2.126026033134903340e-04 9.084838214891164347e-12
1.711714923137257500e+14 1.946712500621981552e-04 9.084837821726821524e-12
1.822828253021765938e+14 1.782366099915329717e-04 9.084836777479942858e-12
1.941154333061770625e+14 1.631741365521322657e-04 9.084836577474724396e-12
2.067161367790964375e+14 1.493697472168334373e-04 9.084836574127484733e-12
2.201347954517036250e+14 1.367193293424801980e-04 9.084836082708355620e-12
2.344245056221643750e+14 1.251270671281994257e-04 9.084835410056515002e-12
2.496418102528117812e+14 1.145050045491003023e-04 9.084834641289985284e-12
2.658469227050342188e+14 1.047725882988429825e-04 9.084833775146529241e-12
2.831039649975475625e+14 9.585590847872888659e-05 9.084832766193437522e-12
3.014812215308555000e+14 8.768712769411965793e-05 9.084831699539913041e-12
3.210514092818308750e+14 8.020403595377335816e-05 9.084830486225942789e-12
3.418919655375603125e+14 7.334958215589081401e-05 9.084828988907598461e-12
3.640853543070006875e+14 6.707142886913396759e-05 9.084827236911710799e-12
3.877193926228470000e+14 6.132157379393924702e-05 9.084825364177009255e-12
4.128875980248099375e+14 5.605599326851331437e-05 9.084823162259753575e-12
4.396895585992193125e+14 5.123431171213871030e-05 9.084820625520924275e-12
4.682313270391801875e+14 4.681950063572124713e-05 9.084817882585355312e-12
4.986258402845301250e+14 4.277760136950502261e-05 9.084814588889804149e-12
5.309933664020976250e+14 3.907747444915539052e-05 9.084811084855033205e-12
5.654619804744602500e+14 3.569056052597619866e-05 9.084806778620584986e-12
6.021680713803277500e+14 3.259067701192443830e-05 9.084802042918171334e-12
6.412568814717703750e+14 2.975380152440691936e-05 9.084794038677930652e-12
6.828830812837590000e+14 2.715794178225250624e-05 9.084790760595014502e-12
7.272113815501156250e+14 2.478288516094906895e-05 9.084783913878066165e-12
7.744171849474771250e+14 2.261012231077347024e-05 9.084772684471992487e-12
8.246872801462683750e+14 2.062269955978245062e-05 9.084764377305319102e-12
8.782205809148931250e+14 1.880505268072882530e-05 9.084757061725539303e-12
9.352289132017387500e+14 1.714290125730395483e-05 9.084742411579913131e-12
9.959378533093832500e+14 1.562318665339138126e-05 9.084730203450772463e-12
1.060587620477628625e+15 1.423391296301765715e-05 9.084716180522219299e-12
1.129434027407100000e+15 1.296409094627421853e-05 9.084699005906341882e-12
1.202749492484698750e+15 1.180364937488145691e-05 9.084680563197190008e-12
1.280824117716064500e+15 1.074335697440988804e-05 9.084661551883054320e-12
1.363966836630356750e+15 9.774739823865252544e-06 9.084634454713912458e-12
1.452506636699556500e+15 8.890053667225041807e-06 9.084607616399249674e-12
1.546793861109116500e+15 8.082185588132387982e-06 9.084576912828427341e-12
1.647201595031156000e+15 7.344622008640695884e-06 9.084543293170412220e-12
1.754127141885378750e+15 6.671393616069822527e-06 9.084504759118819918e-12
1.867993595429188250e+15 6.057024562735517396e-06 9.084459425721935529e-12
1.989251513897676500e+15 5.496509883533415797e-06 9.084408918689210347e-12
2.118380702817674250e+15 4.985256537756107916e-06 9.084351929141182862e-12
2.255892113550571500e+15 4.519054381433612332e-06 9.084286814816818225e-12
2.402329865076037500e+15 4.094049377315848388e-06 9.084214149942813562e-12
2.558273397016721500e+15 3.706717241694517662e-06 9.084130261544412660e-12
2.724339762423205000e+15 3.353819283801207767e-06 9.084036188869358684e-12
2.901186069391658000e+15 3.032396549014768070e-06 9.083929642058471025e-12
3.089512081175108500e+15 2.739737598499983659e-06 9.083809393503959507e-12
3.290062985077146500e+15 2.473360116950747537e-06 9.083673447100226455e-12
3.503632341083966500e+15 2.230991592700146316e-06 9.083520308654529654e-12
3.731065221902302500e+15 2.010551101528946914e-06 9.083345585949548837e-12
3.973261556828222500e+15 1.810134755299185815e-06 9.083149578060344388e-12
4.231179692677698000e+15 1.627999693891966739e-06 9.082933389887281909e-12
4.505840185869783000e+15 1.462553922282320015e-06 9.082678516716621610e-12
4.798329840666861000e+15 1.312336808884081559e-06 9.082405808995528041e-12
5.109806009551056000e+15 1.176015327044751564e-06 9.082077497007187621e-12
5.441501172752882000e+15 1.052370228385310073e-06 9.081717677210701247e-12
5.794727815053148000e+15 9.402866535920283775e-07 9.081312770078803845e-12
6.170883619154475000e+15 8.387461233032888633e-07 9.080856120714377172e-12
6.571456996172956000e+15 7.468177036808854681e-07 9.080343427534170818e-12
6.998032975132903000e+15 6.636518973130515083e-07 9.079777721439266363e-12
7.452299474769043000e+15 5.884725719072518914e-07 9.079129104445858900e-12
7.936053982453360000e+15 5.205710194841010869e-07 9.078389724585551308e-12
8.451210666673550000e+15 4.593023911511002301e-07 9.077573080464480961e-12
8.999807951207637000e+15 4.040774366273977995e-07 9.076659789292798158e-12
9.584016580964130000e+15 3.543597001649329602e-07 9.075637603627054223e-12
1.020614821140369800e+16 3.096603901407519083e-07 9.074497423330849573e-12
1.086866455553032400e+16 2.695347540778574078e-07 9.073225682386654238e-12
1.157418712464440200e+16 2.335780762604594151e-07 9.071812004395214328e-12
1.232550760140262200e+16 2.014223047546561755e-07 9.070242982951268421e-12
1.312559888622858600e+16 1.727329009234330660e-07 9.068506675817736494e-12
1.397762686078420000e+16 1.472058462559716877e-07 9.066591375854658548e-12
1.488496291504849600e+16 1.245647948783357624e-07 9.064484442036820604e-12
1.585119728757305800e+16 1.045586109337633422e-07 9.062176308204932076e-12
1.688015327169828200e+16 8.695859715841449590e-08 9.059656767987819046e-12
1.797590234394544600e+16 7.155637236509533585e-08 9.056919030342318508e-12
1.914278027444436400e+16 5.816145175390333764e-08 9.053956742192138868e-12
2.038540428314452800e+16 4.659902123463380679e-08 9.050766903461804625e-12
2.170869130969601600e+16 3.670782901480664079e-08 9.047351325389054963e-12
2.311787746928983200e+16 2.833813094215563442e-08 9.043716790632449700e-12
2.461853877144573600e+16 2.134965834947739263e-08 9.039878295113336299e-12
2.621661318372733200e+16 1.560970587667216607e-08 9.035857325096955324e-12
2.791842412768932400e+16 1.099130129873255156e-08 9.031691094430225075e-12
2.973070550002763200e+16 7.371596436045417743e-09 9.027416446406346029e-12
3.166062831794001600e+16 4.630463445434428325e-09 9.023081891375881421e-12
3.371582909412673200e+16 2.649496823787003555e-09 9.018745604649723992e-12
3.590444005371290800e+16 1.311500746512322919e-09 9.014471823217586028e-12
3.823512131265456000e+16 5.005913135306358480e-10 9.010321591173265176e-12
4.071709514495604800e+16 1.030573742036301794e-10 9.006357605378521238e-12
4.336018247429262400e+16 9.064313191225007151e-12 9.002635692850244220e-12
4.617484173442704000e+16 1.152288727950113589e-10 8.999196542954336754e-12
4.917221025219332800e+16 3.279691226774011610e-10 8.996059713487596475e-12
5.236414831679139200e+16 5.673712823889619128e-10 8.993219538950400275e-12
5.576328610977213600e+16 7.711108431515717375e-10 8.990650748637187926e-12
5.938307368140952800e+16 8.977587175659492846e-10 8.988288243548614902e-12
6.323783417121419200e+16 9.286356226189557075e-10 8.986049079759543058e-12
6.734282048316943200e+16 8.673703169281059278e-10 8.983842475817790852e-12
7.171427563995760800e+16 7.364968560916624531e-10 8.981576667572687809e-12
7.636949705498537600e+16 5.709497110120502359e-10 8.979178533387602598e-12
8.132690497652804800e+16 4.091282970727601566e-10 8.976611450858836109e-12
8.660611537482310400e+16 2.831570817317454211e-10 8.973874434259445782e-12
9.222801756051017600e+16 2.108084666072850899e-10 8.971009270007242175e-12
9.821485684155876800e+16 1.917314462871520154e-10 8.968079967153765251e-12
1.045903225457394720e+17 2.097284818045712117e-10 8.965145181419699120e-12
1.113796417569376000e+17 2.407528919047903850e-10 8.962253592944638255e-12
1.186096791362194880e+17 2.636126019381516775e-10 8.959404746790299599e-12
1.263090432226197920e+17 2.684609718946764772e-10 8.956570990053623517e-12
1.345081996342895040e+17 2.586728957792078279e-10 8.953721925144243901e-12
1.432395916179169600e+17 2.451894559457239283e-10 8.950830670789645154e-12
1.525377684234291200e+17 2.373345460606444591e-10 8.947892798406204465e-12
1.624395220119370560e+17 2.367967466265879388e-10 8.944923947039602251e-12
1.729840326378731840e+17 2.389170661907630358e-10 8.941943486605605871e-12
1.842130238813544960e+17 2.389189733706298369e-10 8.938946668594329990e-12
1.961709277442458560e+17 2.363128767376583336e-10 8.935929643848654888e-12
2.089050604631720960e+17 2.335051800745473130e-10 8.932893520264054075e-12
2.224658097351600640e+17 2.318399569354509531e-10 8.929819944647257289e-12
2.369068340967528640e+17 2.305519271696850672e-10 8.926749956119717720e-12
2.522852752454932800e+17 2.288648456569965740e-10 8.923642763877915395e-12
2.686619841439461440e+17 2.270432876137315825e-10 8.920564683004502772e-12
2.861017618009054080e+17 2.253789349364399463e-10 8.917405581512615042e-12
3.046736156825426560e+17 2.237326442732973341e-10 8.914252279211126020e-12
3.244510327680868480e+17 2.220490227214589582e-10 8.911139800108706617e-12
3.455122703305048320e+17 2.203845038527044990e-10 8.907891817550524662e-12
3.679406655927341440e+17 2.187292358328481260e-10 8.904544187586090938e-12
3.918249654847978880e+17 2.170788596685982328e-10 8.901506041748414407e-12
4.172596778065805440e+17 2.154349078681010517e-10 8.898239643325278959e-12
4.443454451857916800e+17 2.137955569408395920e-10 8.894815306358684762e-12
4.731894433108513280e+17 2.121596657097773701e-10 8.891332945533439491e-12
5.039058050144113920e+17 2.105253903144965087e-10 8.887595317170800067e-12
5.366160718856404480e+17 2.089069611765298836e-10 8.884299089551709930e-12
5.714496751982039040e+17 2.073365615178696091e-10 8.882747193750479513e-12
6.085444480569395200e+17 2.057205118750386001e-10 8.878968368741054643e-12
6.480471707897685760e+17 2.041249348980640782e-10 8.875785708120782282e-12
6.901141517428299520e+17 2.025398194538830864e-10 8.872766119024176393e-12
7.349118457770835200e+17 2.009065563988984766e-10 8.867279603140207754e-12
7.826175129136398080e+17 1.993212120195668457e-10 8.863559187265326865e-12
8.334199197340387840e+17 1.977475197894141935e-10 8.860149034640833871e-12
8.875200863108366080e+17 1.961742622952552931e-10 8.856358849665641905e-12
9.451320816240746240e+17 1.946422979607470047e-10 8.854276409357589382e-12
1.006483870610906496e+18 1.930528415622396256e-10 8.849226675577700786e-12
1.071818216200215168e+18 1.914999393048615585e-10 8.845517143384751518e-12
1.141393639901379072e+18 1.899366686036507244e-10 8.840943416585622801e-12
1.215485444748169472e+18 1.884058336760475710e-10 8.837489678808626664e-12
1.294386804645521920e+18 1.868813710796664643e-10 8.834238981034557564e-12
1.378409924429469696e+18 1.853269978770583237e-10 8.829166669211973027e-12
1.467887275230675968e+18 1.838507995832332040e-10 8.827440705276214549e-12
1.563172910029630976e+18 1.823178596722505710e-10 8.822701766404570540e-12
1.664643864609093888e+18 1.808089088566032816e-10 8.818770779120347016e-12
1.772701649447180800e+18 1.793071280962248306e-10 8.814803860212185003e-12
1.887773838454463488e+18 1.778194635949445307e-10 8.811098868837283146e-12
2.010315760841335040e+18 1.763272518034535794e-10 8.806667321757352788e-12
2.140812302810478336e+18 1.748506517380203816e-10 8.802504867405041369e-12
2.279779826203344384e+18 1.734048995770547479e-10 8.799443570375319588e-12
2.427768211692598272e+18 1.719512558434312402e-10 8.795309021771721121e-12
2.585363034605345792e+18 1.704809541619546586e-10 8.790131929676609913e-12
2.753187881986361856e+18 1.690288795806363444e-10 8.785717185984273358e-12
2.931906820070102016e+18 1.675844034703284533e-10 8.781662404646415002e-12
3.122227021924745728e+18 1.661451775758503046e-10 8.777652415809295220e-12
3.324901565665714176e+18 1.647251006486981180e-10 8.774660244086650022e-12
3.540732414310865408e+18 1.632181404606691021e-10 8.766284970001500360e-12
3.770573589068531200e+18 1.618128284916732211e-10 8.762964065674015174e-12
4.015334548614358016e+18 1.603980742354284976e-10 8.758780556299412816e-12
4.275983787728969216e+18 1.589880709883497197e-10 8.754459190664458369e-12
4.553552669535487488e+18 1.575700377540039961e-10 8.749313394342057094e-12
4.849139506500828160e+18 1.562327202829213147e-10 8.748105292196682320e-12
5.163913906349080576e+18 1.548180030690708532e-10 8.742262946444730509e-12
5.499121400082753536e+18 1.534337347923045880e-10 8.737775231127246303e-12
5.856088370425254912e+18 1.520714187872019419e-10 8.734313045210664959e-12
6.236227300185416704e+18 1.507020820330973384e-10 8.730147219313923642e-12
6.641042361311469568e+18 1.492312369897617219e-10 8.719614937781765933e-12
7.072135366750101504e+18 1.478701536598957479e-10 8.714828618834339046e-12
7.531212108660700160e+18 1.466129857006190151e-10 8.715498767718431123e-12
8.020089108065534976e+18 1.451542416916227674e-10 8.704263017263687541e-12
8.540700802642776064e+18 1.438094246209513245e-10 8.699157985972433599e-12
9.095107201104044032e+18 1.424686707602686753e-10 8.693841481775347221e-12
9.685502034443980800e+18 1.411593654800938913e-10 8.689993387003377551e-12
1.031422143631599206e+19 1.398137523182459283e-10 8.683583645859049973e-12
1.098375318688036454e+19 1.385058163928663140e-10 8.679247515290536586e-12
1.169674655670330982e+19 1.372331099614998860e-10 8.676095972801166783e-12
1.245602278965711258e+19 1.359229114111485606e-10 8.670544367017074617e-12
1.326458626630149939e+19 1.346236186815896167e-10 8.665223489426589375e-12
1.412563639191922893e+19 1.333343435517779358e-10 8.660076120577530731e-12
1.504258025624404787e+19 1.320631198250388398e-10 8.655610364876006353e-12
1.601904611497641984e+19 1.308005040400025935e-10 8.651392104427113810e-12
1.705889774643047424e+19 1.294039463932647761e-10 8.639157576778728647e-12
1.816624974012062720e+19 1.281796672178268849e-10 8.635965137732579546e-12
1.934548377778301747e+19 1.268957148318527260e-10 8.629278770737909748e-12
2.060126597125510349e+19 1.256748910658154300e-10 8.625382152985230386e-12
2.193856532581533286e+19 1.245283057678893201e-10 8.626275118757104225e-12
2.336267340204356813e+19 1.231719136062527544e-10 8.612921706730719965e-12
2.487922525400001331e+19 1.219414386856001308e-10 8.607449804257065159e-12
2.649422172657365402e+19 1.208010464016372704e-10 8.607413449015544753e-12
2.821405320022963814e+19 1.197862926733833987e-10 8.617320680746604929e-12
3.004552487710815846e+19 1.185819149079248906e-10 8.612474978605091812e-12
3.199588370853351424e+19 1.170268742093954992e-10 8.582271871296177451e-12
3.407284707047972454e+19 1.158119968095846333e-10 8.575369434793816143e-12
3.628463330045993370e+19 1.146095002680218612e-10 8.568179025795268517e-12
3.863999421667051110e+19 1.138098294166531789e-10 8.591394860562046473e-12
4.114824974806668902e+19 1.126109810229729933e-10 8.584381770547005282e-12
4.381932481239294771e+19 1.113753467845150591e-10 8.574152005146648418e-12
4.666378858809692160e+19 1.098593118327692181e-10 8.542024564536819769e-12
4.969289633551731917e+19 1.087570317895095340e-10 8.539017677843386070e-12
5.291863393282955674e+19 1.075954758649155975e-10 8.532282019374906907e-12
5.635376530297566822e+19 1.066728364696210788e-10 8.544910936833415538e-12
6.001188291923576422e+19 1.056203818843206463e-10 8.546268730427268683e-12
6.390746158929497293e+19 1.044417722430428461e-10 8.536570337501643091e-12
6.805591573061782733e+19 1.029836205339935774e-10 8.501790047101235102e-12
7.247366036376493261e+19 1.021556708683098104e-10 8.521398649394999422e-12
7.717817606499955507e+19 1.011050456921346433e-10 8.521515867683057838e-12
8.218807813518634189e+19 9.997427403434867833e-11 8.512866854742356158e-12
8.752319025868824576e+19 9.878734853222688544e-11 8.498878671605382713e-12
9.320462294371391898e+19 9.779937927522560586e-11 8.502873333679664327e-12
9.925485705449970074e+19 9.671099570766390363e-11 8.495500486493664283e-12
1.056978327658533192e+20 9.566705785837032833e-11 8.492797580404083765e-12
1.125590442920486175e+20 9.452078027972049278e-11 8.480218939905622350e-12
1.198656407648916111e+20 9.344759780756323598e-11 8.474138346235632233e-12
1.276465336601388646e+20 9.237023085326468395e-11 8.466835487500720672e-12
1.359325111973316690e+20 9.126395000114933746e-11 8.455124011214394840e-12
1.447563601657183109e+20 9.022492507008930671e-11 8.449395525968587871e-12
1.541529956583238861e+20 8.905121850753606232e-11 8.431031798270974114e-12
1.641595992274948915e+20 8.810356878153155471e-11 8.431755161298048454e-12
1.748157660086094725e+20 8.707604864967938023e-11 8.425968454851080882e-12
1.861636613940901315e+20 8.596306409406477331e-11 8.409521210440967509e-12
1.982481878776690442e+20 8.493357191981452496e-11 8.402829776916051528e-12
2.111171627290895319e+20 8.406064928077557462e-11 8.409046471647090822e-12
2.248215072022946120e+20 8.304026343715301933e-11 8.402230769145368173e-12
2.394154480257560412e+20 8.191631996675935456e-11 8.381084480110418181e-12
2.549567319722535158e+20 8.092666054478512862e-11 8.375734362257458760e-12
2.715068543571113738e+20 7.994849452032517114e-11 8.368500753492207674e-12
2.891313023690445947e+20 7.892700425518144003e-11 8.354645586150570372e-12
3.078998141964624200e+20 7.796294149557089035e-11 8.348645417786958966e-12
3.278866549745322557e+20 7.694399108562750564e-11 8.336088934836121451e-12
3.491709106449443717e+20 7.597445114012505597e-11 8.329151495972347701e-12
3.718368008911175680e+20 7.511014041902739320e-11 8.330722758747560025e-12
3.959740123871094374e+20 7.406738356490960037e-11 8.310710975025182958e-12
4.216780536788808499e+20 7.315274803372969558e-11 8.305942875620800354e-12
4.490506331020969902e+20 7.225094291226462710e-11 8.302184336548423370e-12
4.782000612319116001e+20 7.127922036189670128e-11 8.289717369915175817e-12
5.092416794571403428e+20 7.035739806859166496e-11 8.284785969849568378e-12
5.422983163746681487e+20 6.934790781923595494e-11 8.263011842649956820e-12
5.775007738099896812e+20 6.853761025829698844e-11 8.263777771614614387e-12
6.149883443870459494e+20 6.759061542665057915e-11 8.251407310001232712e-12
6.549093626952598159e+20 6.670990087517620565e-11 8.251129892179803939e-12
6.974217922347764285e+20 6.573060665521388908e-11 8.225658528456302162e-12
7.426938504623215084e+20 6.496401546266491459e-11 8.233454777800832090e-12
7.909046744109464945e+20 6.401092918259294094e-11 8.215641311712954479e-12
8.422450295174822625e+20 6.313958656309657937e-11 8.207165649547044670e-12
8.969180644623667692e+20 6.220194425943600977e-11 8.186053432183193019e-12
9.551401150088000307e+20 6.137990965425228040e-11 8.184842705707101973e-12
1.017141560021843313e+21 6.051268390457973194e-11 8.172783517715779119e-12
1.083167733054680728e+21 5.963011203471005451e-11 8.154938789849787972e-12
1.153479893109087666e+21 5.883646521461952761e-11 8.151440709569016217e-12
1.228356258411360813e+21 5.826069077753540214e-11 8.182685616731738111e-12
1.308093107294121492e+21 5.743485166215982957e-11 8.175535693470746022e-12
1.393005950540256117e+21 5.644817004109334387e-11 8.134312894803850471e-12
1.483430779827703775e+21 5.541801989138769123e-11 8.101561034536992050e-12
1.579725397215104991e+21 5.478932720663949277e-11 8.108955871437601950e-12
1.682270830929024123e+21 5.407175718296637392e-11 8.123546121983430067e-12
1.791472843054681162e+21 5.324615128757371964e-11 8.102821002958249672e-12
1.907763535096226775e+21 5.216093648103525441e-11 8.045851558427141777e-12
2.031603057759420416e+21 5.168336719053087713e-11 8.079207830074541638e-12
2.163481431722219274e+21 5.058172595364673324e-11 8.022895628195843369e-12
2.303920486597860262e+21 4.875886241281084087e-11 7.849451748286555987e-12
2.453475925762830238e+21 4.752051891160381900e-11 7.764445137783883014e-12
2.612739525219762307e+21 4.826721199689525332e-11 7.979912266990298424e-12
2.782341475196310913e+21 4.617610498731595712e-11 7.762342168956936579e-12
2.962952873745207788e+21 4.510135394967177018e-11 7.691415822252243704e-12
3.155288382212501668e+21 4.610951894026408238e-11 7.955228482541769302e-12
3.360109053081550324e+21 4.408682185983979040e-11 7.738025747814134708e-12
3.578225341381874287e+21 4.327136016698041006e-11 7.708384488412965142e-12
3.810500311579228111e+21 4.189240968059634156e-11 7.580604420230974553e-12
4.057853052635849425e+21 4.142568977331736280e-11 7.611313549252730202e-12
4.321262314754067137e+21 4.047656453500417954e-11 7.549279085927193812e-12
4.601770382193671537e+21 3.976871814095193045e-11 7.528890641795146848e-12
4.900487197486894547e+21 3.977922130388842435e-11 7.643382390822272638e-12
5.218594753370783744e+21 3.858606568819153766e-11 7.536772004247475458e-12
5.557351769814902768e+21 3.773048732167097728e-11 7.485823622473692037e-12
5.918098674651103232e+21 3.684935704302650183e-11 7.425929711385648249e-12
6.302262907513120752e+21 3.618684930992497852e-11 7.410314733185766475e-12
6.711364568073483846e+21 3.608712805904856388e-11 7.497551451544010288e-12
7.147022430926475887e+21 3.542178835273548520e-11 7.472752286993224797e-12
7.610960350918446416e+21 3.451002310049902516e-11 7.406529777976581381e-12
8.105014084269991002e+21 3.372956469680425253e-11 7.364549201096633182e-12
8.631138552480720224e+21 3.273208972757121012e-11 7.270480513089994880e-12
9.191415577759529828e+21 3.226735672892884343e-11 7.283889554022118188e-12
9.788062120587682644e+21 3.146242447078021414e-11 7.225111949130751531e-12
1.042343905201127581e+22 3.133513404133160510e-11 7.300287128059347027e-12
1.110006049537315255e+22 3.046839743895306416e-11 7.228192259377073518e-12
1.182060377444900982e+22 2.976449570941006136e-11 7.187313195136945227e-12
1.258792000735125753e+22 2.908254890616306029e-11 7.146084363606334151e-12
1.340504538812032378e+22 2.848530874732841787e-11 7.121130895763462504e-12
1.427521320064197958e+22 2.837054878988063249e-11 7.195656743396823358e-12
1.520186661243059175e+22 2.768898450476536690e-11 7.150056356717056594e-12
1.618867229890052725e+22 2.656955327876657004e-11 7.005148114801347745e-12
1.723953495203605643e+22 2.627776909259234246e-11 7.046061779302424641e-12
1.835861273086984716e+22 2.565360703812269099e-11 7.007987341937801760e-12
1.955033371490400181e+22 2.511551835801901102e-11 6.987986486945439605e-12
2.081941342558089537e+22 2.456034134105909716e-11 6.960905136077122212e-12
2.217087348513255195e+22 2.410455869191803919e-11 6.942339943869460804e-12
2.361006148664030134e+22 2.348470255895339461e-11 6.890369161812167992e-12
2.514267215392968750e+22 2.304483615394283755e-11 6.889741250753364435e-12
2.677476987502527827e+22 2.259319218422851949e-11 6.881298752428638485e-12
2.851281269833185886e+22 2.206321150715819333e-11 6.855521432414765291e-12
3.036367788648965551e+22 2.147760567858415232e-11 6.802606345201709993e-12
3.233468912901882171e+22 2.103697701677830433e-11 6.803665726901698512e-12
3.443364552143038264e+22 2.038640237213638333e-11 6.706702872117739372e-12
3.666885242547285157e+22 1.996289006050083896e-11 6.698301469042770726e-12
3.904915433262121012e+22 1.944172421158323921e-11 6.661715551313414449e-12
4.158396986085137292e+22 1.908789018248725103e-11 6.671034830945921320e-12
4.428332902317476859e+22 1.852615949949226540e-11 6.606916037894588596e-12
4.715791291540214435e+22 1.796170613467743519e-11 6.550837175773813295e-12
5.021909598017923370e+22 1.754070923138039934e-11 6.529407602131177909e-12
5.347899101452310885e+22 1.712666292753112271e-11 6.515748980170239703e-12
5.695049709895705376e+22 1.650410165907753060e-11 6.406427870288846723e-12
6.064735063788932930e+22 1.624738826999738060e-11 6.450253421360895094e-12
6.458417971319960450e+22 1.578639741736594527e-11 6.418566950244621338e-12
6.877656196610394371e+22 1.524055272148501441e-11 6.325528979756229373e-12
7.324108623633446024e+22 1.486239918197793135e-11 6.310700264835558504e-12
7.799541820252540948e+22 1.472430719720306354e-11 6.375439171942810403e-12
8.305837028354928778e+22 1.421772816042652033e-11 6.299001830007055072e-12
8.844997607738720440e+22 1.364817693398373353e-11 6.207936957176925307e-12
