# k_modes P_scalar P_tensor
4.5675673068762243e-05 2.7199392305680399e-09 9.5289320568241728e-12
4.8641450068142650e-05 2.7140508351029739e-09 9.5286636837795028e-12
5.1799798574828650e-05 2.7081676125106835e-09 9.5283903828928029e-12
5.5163222490979552e-05 2.7022909334454149e-09 9.5281169511200093e-12
5.8745037612327790e-05 2.6964203482363155e-09 9.5278417978569476e-12
6.2559424345416250e-05 2.6905559669066902e-09 9.5275652952073738e-12
6.6621483847830113e-05 2.6846993854156662e-09 9.5272930932310515e-12
7.0947297813680777e-05 2.6788474362781776e-09 9.5270139822517075e-12
7.5553992141036170e-05 2.6730034476938776e-09 9.5267397677659123e-12
8.0459804733352394e-05 2.6671654673214141e-09 9.5264635229740244e-12
8.5684157703336408e-05 2.6613333615687720e-09 9.5261847361136243e-12
9.1247734265093350e-05 2.6555096683725243e-09 9.5259125039022593e-12
9.7172560618972913e-05 2.6496887494652325e-09 9.5256266114339130e-12
1.0348209315330000e-04 2.6438771015934436e-09 9.5253503660029199e-12
1.1020131130821945e-04 2.6380711291720808e-09 9.5250708866765837e-12
1.1735681646930253e-04 2.6322705248931033e-09 9.5247869868145639e-12
1.2497693728243621e-04 2.6264771266797748e-09 9.5245053288980195e-12
1.3309184180693555e-04 2.6206913828057358e-09 9.5242275697811801e-12
1.4173365695089517e-04 2.6149103785668662e-09 9.5239431084830390e-12
1.5093659566162233e-04 2.6091379131173074e-09 9.5236657707907900e-12
1.6073709237470011e-04 2.6033697454935901e-09 9.5233801073890520e-12
1.7117394725792208e-04 2.5976085554328549e-09 9.5230958635606941e-12
1.8228847982116272e-04 2.5918540872412477e-09 9.5228121438838568e-12
1.9412469250032211e-04 2.5861049000482001e-09 9.5225236340473802e-12
2.0672944486297497e-04 2.5803630596733782e-09 9.5222379025424164e-12
2.2015263912540591e-04 2.5746277061879954e-09 9.5219518240353584e-12
2.3444741771549001e-04 2.5688988154486949e-09 9.5216652749102500e-12
2.4967037366357102e-04 2.5631765441089206e-09 9.5213788909725346e-12
2.6588177465427750e-04 2.5574600455804017e-09 9.5210894618254082e-12
2.8314580162629361e-04 2.5517508611199613e-09 9.5208027551158531e-12
3.0153080286470299e-04 2.5460462510835383e-09 9.5205085650302572e-12
3.2110956459186022e-04 2.5403501155661125e-09 9.5202214250893589e-12
3.4195959912805378e-04 2.5346590618607978e-09 9.5199286482490499e-12
3.6416345176279268e-04 2.5289749981229301e-09 9.5196373735705282e-12
3.8780902755161889e-04 2.5232972374420861e-09 9.5193450446996138e-12
4.1298993933223255e-04 2.5176251582902235e-09 9.5190492850224607e-12
4.3980587833773114e-04 2.5119611153902694e-09 9.5187590251539299e-12
4.6836300887421361e-04 2.5063027982349926e-09 9.5184655025864138e-12
4.9877438862528083e-04 2.5006503542691020e-09 9.5181692854143110e-12
5.3116041624742274e-04 2.4950034160696382e-09 9.5178689405249602e-12
5.6564930802831433e-04 2.4893652968848695e-09 9.5175770995531757e-12
6.0237760549511398e-04 2.4837328339035241e-09 9.5172816992352273e-12
6.4149071598239066e-04 2.4781056518691520e-09 9.5169813088716531e-12
6.8314348829977940e-04 2.4724857472602321e-09 9.5166835485156533e-12
7.2750082577843691e-04 2.4668723733181322e-09 9.5163855965110288e-12
7.7473833912335870e-04 2.4612657582554114e-09 9.5160882833025955e-12
8.2504304165617463e-04 2.4556645770674258e-09 9.5157865440050818e-12
8.7861408970091792e-04 2.4500683445578996e-09 9.5154783925894638e-12
9.3566357104394454e-04 2.4444826319820531e-09 9.5151855400347316e-12
9.9641734458949592e-04 2.4389002640766611e-09 9.5148800964860132e-12
1.0611159345351405e-03 2.4333249117970691e-09 9.5145762841034836e-12
1.1300154826071017e-03 2.4277565216099918e-09 9.5142739449761362e-12
1.2033887621253809e-03 2.4221946756089320e-09 9.5139714069193784e-12
1.2815262579133760e-03 2.4166386075284690e-09 9.5136657023518887e-12
1.3647373163273321e-03 2.4110887111792965e-09 9.5133583533464040e-12
1.4533513699586027e-03 2.4055450109035750e-09 9.5130494634486229e-12
1.5477192418573310e-03 2.4000091808094706e-09 9.5127456167601346e-12
1.6482145344409492e-03 2.3944779251342232e-09 9.5124337697093817e-12
1.7552351085861927e-03 2.3889544605265138e-09 9.5121267242539513e-12
1.8692046587603741e-03 2.3834365730237509e-09 9.5118156218333653e-12
1.9905743904278322e-03 2.3779257528030584e-09 9.5115064374842178e-12
2.1198248063724161e-03 2.3724210635135817e-09 9.5111954110212671e-12
2.2574676090080926e-03 2.3669230192038140e-09 9.5108846014510297e-12
2.4040477262088438e-03 2.3614312798235410e-09 9.5105726279048675e-12
2.5601454686782149e-03 2.3559463338972547e-09 9.5102615211979915e-12
2.7263788273994586e-03 2.3504668799742943e-09 9.5099459386571832e-12
2.9034059202619135e-03 2.3449942138940761e-09 9.5096311762365648e-12
3.0919275975498295e-03 2.3395275909203690e-09 9.5093141675931974e-12
3.2926902166087301e-03 2.3340695117944427e-09 9.5090050881965952e-12
3.5064885966742329e-03 2.3286161986517405e-09 9.5086886007694334e-12
3.7341691655615292e-03 2.3231681548343973e-09 9.5083667177732198e-12
3.9766333106732070e-03 2.3177283564080519e-09 9.5080515920459776e-12
4.2348409475920848e-03 2.3122933446506593e-09 9.5077290686267218e-12
4.5098143203871595e-03 2.3068656013068210e-09 9.5074092998413899e-12
4.8026420486779915e-03 2.3014452788831277e-09 9.5070929758404455e-12
5.1144834374799364e-03 2.2960303777449894e-09 9.5067717905223218e-12
5.4465730668928304e-03 2.2906218358715660e-09 9.5064496577364461e-12
5.8002256798038070e-03 2.2852193024042425e-09 9.5061250797049884e-12
6.1768413869545428e-03 2.2798244956659676e-09 9.5058052333381994e-12
6.5779112099798535e-03 2.2744347444115709e-09 9.5054789853924967e-12
7.0050229843625824e-03 2.2690518113408256e-09 9.5051536583186131e-12
7.4598676456744612e-03 2.2636757202044126e-09 9.5048293831203009e-12
7.9442459239902827e-03 2.2583058377412852e-09 9.5045034830651682e-12
8.4600754729784698e-03 2.2529418296004916e-09 9.5041745590325559e-12
9.0093984618922571e-03 2.2475850176546045e-09 9.5038481492687460e-12
9.5943896605180101e-03 2.2422334789303316e-09 9.5035161960927947e-12
1.0217365049089072e-02 2.2368890613444879e-09 9.5031864416264058e-12
1.0880790987251877e-02 2.2315521100823912e-09 9.5028603999189747e-12
1.1587293978384070e-02 2.2262201248733117e-09 9.5025274298938901e-12
1.2339671067921764e-02 2.2208957590006262e-09 9.5021988354275420e-12
1.3140900916862736e-02 2.2155763714520102e-09 9.5018633075713448e-12
1.3994155594285792e-02 2.2102642289906281e-09 9.5015305881294309e-12
1.4902813135572641e-02 2.2049580097939975e-09 9.5011949674191921e-12
1.5870470916050369e-02 2.1996591270968610e-09 9.5008625389332473e-12
1.6900959893000930e-02 2.1943662752701896e-09 9.5005276972981183e-12
1.7998359772421476e-02 2.1890790856820654e-09 9.5001887841093146e-12
1.9167015160580985e-02 2.1837992721266984e-09 9.4998532673619350e-12
2.0411552764316970e-02 2.1785252118409549e-09 9.4995140658701920e-12
2.1736899708168590e-02 2.1732577530275974e-09 9.4991749127028509e-12
2.3148303040863301e-02 2.1679969405265637e-09 9.4988359659277759e-12
2.4651350508383393e-02 2.1627426439096378e-09 9.4984966503751838e-12
2.6251992675853219e-02 2.1574930155546743e-09 9.4981488969532018e-12
2.7956566485827221e-02 2.1522519527090993e-09 9.4978097755770677e-12
2.9771820346246411e-02 2.1470166161253480e-09 9.4974668166347500e-12
3.1704940847386176e-02 2.1417879791871333e-09 9.4971243119990015e-12
3.3763581213568317e-02 2.1365650838795720e-09 9.4967780157070506e-12
3.5955891602277100e-02 2.1313490049046804e-09 9.4964326789868693e-12
3.8290551370633662e-02 2.1261390126728458e-09 9.4960850756742691e-12
4.0776803436972285e-02 2.1209364451296793e-09 9.4957411612537437e-12
4.3424490873555148e-02 2.1157395920136376e-09 9.4953933058580409e-12
4.6244095875296660e-02 2.1105486007559954e-09 9.4950421478763805e-12
4.9246781258774720e-02 2.1053651826312464e-09 9.4946953496101302e-12
5.2444434655822901e-02 2.1001869770368283e-09 9.4943423117151573e-12
5.5849715576666549e-02 2.0950162560814800e-09 9.4939932759923161e-12
5.9476105528925245e-02 2.0898507920423898e-09 9.4936381472462116e-12
6.3337961390903572e-02 2.0846923400686554e-09 9.4932849159129926e-12
6.7450572250474128e-02 2.0795406046521513e-09 9.4929321969076423e-12
7.1830219934578193e-02 2.0743955121759936e-09 9.4925796780979495e-12
7.6494243468981205e-02 2.0692557577351295e-09 9.4922213943294739e-12
8.1461107723477741e-02 2.0641229606272238e-09 9.4918647549963791e-12
8.6750476514313751e-02 2.0589959220700423e-09 9.4915042297618971e-12
9.2383290453237260e-02 2.0538769567512139e-09 9.4911504892912336e-12
9.8381849851383651e-02 2.0487631357366745e-09 9.4907900173366682e-12
1.0476990300621015e-01 2.0436561695977806e-09 9.4904307661919304e-12
1.1157274022100828e-01 2.0385552932840753e-09 9.4900690999611004e-12
1.1881729392921865e-01 2.0334605451579025e-09 9.4897052284950009e-12
1.2653224531993806e-01 2.0283727253902979e-09 9.4893429115071451e-12
1.3474813788675119e-01 2.0232913802771980e-09 9.4889799824715778e-12
1.4349749834942538e-01 2.0182155062248475e-09 9.4886117275667641e-12
1.5281496542719905e-01 2.0131478817956469e-09 9.4882512450058369e-12
1.6273742697347574e-01 2.0080856810841211e-09 9.4878851958890189e-12
1.7330416601483986e-01 2.0030286161743359e-09 9.4875122355074640e-12
1.8455701627256538e-01 1.9979798284572879e-09 9.4871471809669429e-12
1.9654052778232303e-01 1.9929370052788440e-09 9.4867791340591258e-12
2.0930214326777810e-01 1.9879002198039055e-09 9.4864083768031904e-12
2.2289238596633873e-01 1.9828695229597247e-09 9.4860351735571731e-12
2.3736505965066085e-01 1.9778457609269199e-09 9.4856635379104179e-12
2.5277746163779075e-01 1.9728282375504135e-09 9.4852901411752991e-12
2.6919060962925012e-01 1.9678172852461335e-09 9.4849166109053121e-12
2.8666948328012598e-01 1.9628128180815973e-09 9.4845425033746636e-12
3.0528328145353267e-01 1.9578143333769449e-09 9.4841653917985347e-12
3.2510569617892116e-01 1.9528231559788648e-09 9.4837916876032353e-12
3.4621520439883163e-01 1.9478373650656814e-09 9.4834120562308247e-12
3.6869537865912194e-01 1.9428586274691850e-09 9.4830346466225582e-12
3.9263521797268647e-01 1.9378861238640302e-09 9.4826553791736574e-12
4.1812950016655892e-01 1.9329196022887602e-09 9.4822730853711666e-12
4.4527915710734473e-01 1.9279601932340490e-09 9.4818932979252678e-12
4.7419167429049314e-01 1.9230064744033919e-09 9.4815089873864516e-12
5.0498151637538602e-01 1.9180592602209034e-09 9.4811242097861399e-12
5.3777058035094494e-01 1.9131189175450428e-09 9.4807407117163593e-12
5.7268867812582036e-01 1.9081847284817051e-09 9.4803549807949621e-12
6.0987405045375775e-01 1.9032571702818679e-09 9.4799693400700724e-12
6.4947391422876433e-01 1.8983359267468270e-09 9.4795822792414522e-12
6.9164504531680437e-01 1.8934212493262931e-09 9.4791950266533472e-12
7.3655439923147703e-01 1.8885124684719325e-09 9.4788042148672923e-12
7.8437977211092180e-01 1.8836101424267751e-09 9.4784126234484528e-12
8.3531050461274403e-01 1.8787145101318928e-09 9.4780214720934490e-12
8.8954823151370788e-01 1.8738254250806668e-09 9.4776300106121451e-12
9.4730767998184973e-01 1.8689424232287200e-09 9.4772359096883478e-12
1.0088175196813531e+00 1.8640660467595577e-09 9.4768419001829056e-12
1.0743212680757941e+00 1.8591961621326391e-09 9.4764472926614799e-12
1.1440782545137989e+00 1.8543323140577946e-09 9.4760497753080368e-12
1.2183646469139742e+00 1.8494751735230186e-09 9.4756527702045265e-12
1.2974745451137426e+00 1.8446237173630322e-09 9.4752510230855166e-12
1.3817211452106237e+00 1.8397796168758151e-09 9.4748530853863350e-12
1.4714379795056314e+00 1.8349413956011252e-09 9.4744514182555367e-12
1.5669802369577082e+00 1.8301099168819206e-09 9.4740504242986997e-12
1.6687261693768443e+00 1.8252839739159949e-09 9.4736438849739094e-12
1.7770785889230498e+00 1.8204658331567128e-09 9.4732435162814886e-12
1.8924664628397634e+00 1.8156536553571434e-09 9.4728397806885188e-12
2.0153466117352039e+00 1.8108469353911742e-09 9.4724300490126399e-12
2.1462055181352286e+00 1.8060477185392497e-09 9.4720249580681322e-12
2.2855612524677333e+00 1.8012548867030252e-09 9.4716187169418299e-12
2.4339655241035176e+00 1.7964679036916935e-09 9.4712084659429373e-12
2.5920058655737712e+00 1.7916879126062598e-09 9.4708002236056285e-12
2.7603079586114578e+00 1.7869134814223040e-09 9.4703864266612727e-12
2.9395381112253451e+00 1.7821458088630101e-09 9.4699734109445897e-12
3.1304058956135412e+00 1.7773849360297854e-09 9.4695613999872767e-12
3.3336669573598843e+00 1.7726294288457131e-09 9.4691427310747152e-12
3.5501260070349239e+00 1.7678820335888243e-09 9.4687320777460455e-12
3.7806400060452003e+00 1.7631402398024159e-09 9.4683160153728168e-12
4.0261215593435260e+00 1.7584047322011055e-09 9.4678982083837217e-12
4.2875425284321329e+00 1.7536752417726679e-09 9.4674771958913583e-12
4.5659378789625178e+00 1.7489523084447778e-09 9.4670558675888542e-12
4.8624097781645439e+00 1.7442358994212233e-09 9.4666340823337190e-12
5.1781319583266736e+00 1.7395265221267625e-09 9.4662145530071405e-12
5.5143543636022887e+00 1.7348226104161377e-09 9.4657887755881936e-12
5.8724080985386973e+00 1.7301255228551731e-09 9.4653641432907428e-12
6.2537106979202424e+00 1.7254350452264319e-09 9.4649394994473646e-12
6.6597717387887458e+00 1.7207505620799251e-09 9.4645114623421572e-12
7.0921988168591223e+00 1.7160729373626768e-09 9.4640847391850607e-12
7.5527039109911414e+00 1.7114010507965911e-09 9.4636532200249483e-12
8.0431101609138640e+00 1.7067363479252326e-09 9.4632248210733947e-12
8.5653590850361070e+00 1.7020771406183200e-09 9.4627902119078163e-12
9.1215182669181409e+00 1.6974252874743755e-09 9.4623597239739179e-12
9.7137895408351795e+00 1.6927795290152876e-09 9.4619263345369871e-12
1.0344517708839616e+01 1.6881395987513082e-09 9.4614885373512196e-12
1.1016199823832721e+01 1.6835069086857180e-09 9.4610542180364680e-12
1.1731495075397296e+01 1.6788807141321154e-09 9.4606192478630913e-12
1.2493235317529637e+01 1.6742605866579917e-09 9.4601811913407228e-12
1.3304436279949970e+01 1.6696461423036172e-09 9.4597378521313030e-12
1.4168309507376655e+01 1.6650387494253265e-09 9.4592969711170843e-12
1.5088275074032238e+01 1.6604376709811999e-09 9.4588543800508205e-12
1.6067975123717837e+01 1.6558429841695614e-09 9.4584104729042133e-12
1.7111288289060724e+01 1.6512540817521843e-09 9.4579618044110150e-12
1.8222345047021683e+01 1.6466728621978869e-09 9.4575192460010033e-12
1.9405544071453594e+01 1.6420973025141796e-09 9.4570711712652219e-12
2.0665569647451910e+01 1.6375286582075849e-09 9.4566248446476040e-12
2.2007410216440103e+01 1.6329654679433071e-09 9.4561717761214112e-12
2.3436378125409686e+01 1.6284100719092427e-09 9.4557255163703631e-12
2.4958130658502753e+01 1.6238596658469987e-09 9.4552698062219591e-12
2.6578692434200835e+01 1.6193163471244605e-09 9.4548168167653101e-12
2.8304479256789961e+01 1.6147796372371102e-09 9.4543637696609610e-12
3.0142323516530816e+01 1.6102491440282544e-09 9.4539083438363617e-12
3.2099501239092895e+01 1.6057247101018051e-09 9.4534496571854139e-12
3.4183760891340739e+01 1.6012069766975592e-09 9.4529914347200032e-12
3.6403354057515436e+01 1.5966952070822242e-09 9.4525293217235739e-12
3.8767068107257984e+01 1.5921905347671208e-09 9.4520700290606334e-12
4.1284260984806423e+01 1.5876925603440922e-09 9.4516112033756173e-12
4.3964898257098525e+01 1.5831999874273054e-09 9.4511451334627360e-12
4.6819592567452908e+01 1.5787136296698018e-09 9.4506766260885931e-12
4.9859645651024728e+01 1.5742351703183679e-09 9.4502157513870240e-12
5.3097093078377405e+01 1.5697615908577218e-09 9.4497444108400192e-12
5.6544751904307425e+01 1.5652957028953489e-09 9.4492795445715590e-12
6.0216271410566236e+01 1.5608350994508024e-09 9.4488065964248184e-12
6.4126187143368909e+01 1.5563816305097682e-09 9.4483367343143613e-12
6.8289978459622873e+01 1.5519336848366352e-09 9.4478602028446929e-12
7.2724129809704209e+01 1.5474927533520223e-09 9.4473860457093321e-12
7.7446195999399450e+01 1.5430585190062242e-09 9.4469123417434159e-12
8.2474871689383107e+01 1.5386307820702270e-09 9.4464378855349964e-12
8.7830065407382165e+01 1.5342087703948796e-09 9.4459579102410888e-12
9.3532978366040609e+01 1.5297938119165299e-09 9.4454805655780604e-12
9.9606188398522022e+01 1.5253848693332374e-09 9.4449994638141351e-12
1.0607373934415462e+02 1.5209822653565208e-09 9.4445166373946156e-12
1.1296123623799494e+02 1.5165853294158133e-09 9.4440278051930726e-12
1.2029594668116366e+02 1.5121962894021507e-09 9.4435469172445096e-12
1.2810690879328376e+02 1.5078125371373094e-09 9.4430576668650569e-12
1.3642504617439846e+02 1.5034363894617815e-09 9.4425745705585159e-12
1.4528329033150840e+02 1.4990652088455843e-09 9.4420810327932598e-12
1.5471671105441334e+02 1.4947013501426556e-09 9.4415919078619347e-12
1.6476265525701285e+02 1.4903434473550140e-09 9.4410985171217818e-12
1.7546089483374425e+02 1.4859922973529305e-09 9.4406059565083679e-12
1.8685378411651894e+02 1.4816470847520777e-09 9.4401089966394851e-12
1.9898642755552632e+02 1.4773086064988008e-09 9.4396127047117172e-12
2.1190685828775872e+02 1.4729769747059854e-09 9.4391178330055338e-12
2.2566622830020873e+02 1.4686509751277173e-09 9.4386165966914856e-12
2.4031901094058992e+02 1.4643322647396190e-09 9.4381195961321927e-12
2.5592321657732887e+02 1.4600179836969324e-09 9.4376084260985961e-12
2.7254062226262317e+02 1.4557122659581578e-09 9.4371097390716151e-12
2.9023701630779550e+02 1.4514126288425326e-09 9.4366075472764011e-12
3.0908245873923164e+02 1.4471183360725695e-09 9.4360969877080872e-12
3.2915155866602987e+02 1.4428309839760263e-09 9.4355884510956311e-12
3.5052376965747573e+02 1.4385505569719895e-09 9.4350818609398300e-12
3.7328370429973558e+02 1.4342759957809528e-09 9.4345702707521489e-12
3.9752146917709229e+02 1.4300079779070680e-09 9.4340580913704722e-12
4.2333302160392628e+02 1.4257464022476055e-09 9.4335446871035427e-12
4.5082054951973890e+02 1.4214904182962971e-09 9.4330244163190111e-12
4.8009287605121324e+02 1.4172418430958220e-09 9.4325092757649807e-12
5.1126589034298956e+02 1.4129992470635590e-09 9.4319898435251371e-12
5.4446300636280773e+02 1.4087632204051517e-09 9.4314699602302600e-12
5.7981565149741573e+02 1.4045331250866094e-09 9.4309453956534887e-12
6.1746378687361414e+02 1.4003099923801602e-09 9.4304230305283544e-12
6.5755646146437994e+02 1.3960935458331893e-09 9.4299010702329471e-12
7.0025240217376279e+02 1.3918830361452503e-09 9.4293744032895106e-12
7.4572064223672260e+02 1.3876787740287236e-09 9.4288451528497234e-12
7.9414119042173468e+02 1.3834814008528061e-09 9.4283176070036734e-12
8.4570574368551650e+02 1.3792898119509262e-09 9.4277842956088347e-12
9.0061844610131857e+02 1.3751046233748812e-09 9.4272494024892194e-12
9.5909669706532543e+02 1.3709265604929299e-09 9.4267178613345284e-12
1.0213720119808993e+03 1.3667542029934921e-09 9.4261799289263461e-12
1.0876909388280988e+03 1.3625880120947588e-09 9.4256387787142707e-12
1.1583160342471529e+03 1.3584295610414271e-09 9.4251052717067962e-12
1.2335269030002405e+03 1.3542761966327450e-09 9.4245610369495612e-12
1.3136213049267888e+03 1.3501297507382162e-09 9.4240187644590151e-12
1.3989163337747023e+03 1.3459898187553193e-09 9.4234756369681294e-12
1.4897496725745605e+03 1.3418564498342391e-09 9.4229320397564725e-12
1.5864809305267895e+03 1.3377287810877250e-09 9.4223818601625503e-12
1.6894930666945177e+03 1.3336077599914168e-09 9.4218317573286819e-12
1.7991939061385654e+03 1.3294931565460550e-09 9.4212800828229618e-12
1.9160177544969260e+03 1.3253854595233764e-09 9.4207303412027304e-12
2.0404271174008206e+03 1.3212834542206811e-09 9.4201738823007696e-12
2.1729145315345827e+03 1.3171884481328308e-09 9.4196199968313734e-12
2.3140045145884292e+03 1.3130994030143516e-09 9.4190612879661191e-12
2.4642556418240797e+03 1.3090169946834107e-09 9.4185025819937755e-12
2.6242627574743033e+03 1.3049411554048163e-09 9.4179433511663635e-12
2.7946593297312911e+03 1.3008711860290281e-09 9.4173785988411478e-12
2.9761199586473226e+03 1.2968079692738445e-09 9.4168146870186488e-12
3.1693630468764850e+03 1.2927508769686967e-09 9.4162470129079336e-12
3.3751536438308385e+03 1.2887002715202931e-09 9.4156782175384257e-12
3.5943064745111592e+03 1.2846564623088918e-09 9.4151105790291037e-12
3.8276891650033463e+03 1.2806188358295223e-09 9.4145396095123361e-12
4.0762256774101716e+03 1.2765873909672992e-09 9.4139652725132627e-12
4.3408999678173841e+03 1.2725626660828028e-09 9.4133914846799908e-12
4.6227598817760163e+03 1.2685436880374846e-09 9.4128111271283886e-12
4.9229213027230053e+03 1.2645316347441331e-09 9.4122328544502925e-12
5.2425725697639045e+03 1.2605256838195482e-09 9.4116505416055976e-12
5.5829791823075284e+03 1.2565266431974265e-09 9.4110702610430231e-12
5.9454888101783708e+03 1.2525334935551504e-09 9.4104843675952171e-12
6.3315366290414904e+03 1.2485473450281486e-09 9.4099011381292611e-12
6.7426510022632410e+03 1.2445668749323064e-09 9.4093106705663588e-12
7.1804595317020276e+03 1.2405932961276617e-09 9.4087220832038524e-12
7.6466955013842744e+03 1.2366257092580786e-09 9.4081285392669763e-12
8.1432047395760901e+03 1.2326646736249921e-09 9.4075343304407955e-12
8.6719529264177454e+03 1.2287105406604689e-09 9.4069420279237679e-12
9.2350333760514204e+03 1.2247622882366355e-09 9.4063439546326468e-12
9.8346753240522939e+03 1.2208205342465873e-09 9.4057447265799810e-12
1.0473252752972463e+04 1.2168851095696591e-09 9.4051430597847346e-12
1.1153293790938122e+04 1.2129561775225573e-09 9.4045402358360943e-12
1.1877490720509342e+04 1.2090335125736850e-09 9.4039344921384780e-12
1.2648710637426822e+04 1.2051173494245843e-09 9.4033275866828004e-12
1.3470006801444473e+04 1.2012075191513790e-09 9.4027182848726728e-12
1.4344630724185154e+04 1.1973043667650358e-09 9.4021092075362638e-12
1.5276045041875615e+04 1.1934072135292164e-09 9.4014950552048384e-12
1.6267937223923727e+04 1.1895165114540280e-09 9.4008793336031605e-12
1.7324234171610606e+04 1.1856322299154830e-09 9.4002618516772497e-12
1.8449117764692928e+04 1.1817548060222292e-09 9.3996460155331178e-12
1.9647041417465705e+04 1.1778833475394300e-09 9.3990247718932320e-12
2.0922747709829990e+04 1.1740184187907503e-09 9.3984025849261293e-12
2.2281287163167272e+04 1.1701592858371130e-09 9.3977735668171896e-12
2.3728038235354637e+04 1.1663074756306170e-09 9.3971499481347600e-12
2.5268728614079704e+04 1.1624613195164772e-09 9.3965183204384821e-12
2.6909457892757284e+04 1.1586219191643176e-09 9.3958875548102173e-12
2.8656721718820430e+04 1.1547891528568511e-09 9.3952566485421069e-12
3.0517437509989519e+04 1.1509624409874694e-09 9.3946209240671264e-12
3.2498971840329763e+04 1.1471420813916050e-09 9.3939827579121355e-12
3.4609169604519455e+04 1.1433284227595881e-09 9.3933449757666919e-12
3.6856385075788283e+04 1.1395209201003672e-09 9.3927031550189127e-12
3.9249514980486631e+04 1.1357198091448469e-09 9.3920591928764601e-12
4.1798033720226318e+04 1.1319248732728451e-09 9.3914112750820563e-12
4.4512030881037797e+04 1.1281369582911043e-09 9.3907664244043685e-12
4.7402251178042403e+04 1.1243552875868814e-09 9.3901181719346211e-12
5.0480136993781744e+04 1.1205793734290123e-09 9.3894624715413996e-12
5.3757873678610566e+04 1.1168105241198841e-09 9.3888101655076872e-12
5.7248437792501158e+04 1.1130476342256356e-09 9.3881520683964440e-12
6.0965648479245858e+04 1.1092912166994874e-09 9.3874924136038085e-12
6.4924222176448871e+04 1.1055412677216126e-09 9.3868311941579034e-12
6.9139830877905784e+04 1.1017978797084692e-09 9.3861691903850478e-12
7.3629164179027532e+04 1.0980607308869400e-09 9.3855036407726743e-12
7.8409995350951867e+04 1.0943299962398721e-09 9.3848360104926543e-12
8.3501251704925933e+04 1.0906056103047858e-09 9.3841657670415652e-12
8.8923089525533971e+04 1.0868875045831505e-09 9.3834923098618094e-12
9.4696973869430338e+04 1.0831759430154111e-09 9.3828178389509872e-12
1.0084576354550319e+05 1.0794710414104220e-09 9.3821434075964380e-12
1.0739380161289960e+05 1.0757723554168235e-09 9.3814651759223589e-12
1.1436701175520153e+05 1.0720798558533238e-09 9.3807828396308681e-12
1.2179300091229216e+05 1.0683937783814023e-09 9.3800984161939357e-12
1.2970116857623462e+05 1.0647140494021554e-09 9.3794112886857398e-12
1.3812282318386436e+05 1.0610411864725266e-09 9.3787259913629957e-12
1.4709130606689706e+05 1.0573744454065155e-09 9.3780359610683806e-12
1.5664212345026198e+05 1.0537136561216895e-09 9.3773396599184157e-12
1.6681308702125333e+05 1.0500597930518335e-09 9.3766456975258139e-12
1.7764446362600496e+05 1.0464121630818678e-09 9.3759479238595783e-12
1.8917913468593854e+05 1.0427711090858625e-09 9.3752494510258931e-12
2.0146276596531991e+05 1.0391364225731082e-09 9.3745483143082917e-12
2.1454398836202131e+05 1.0355078390833753e-09 9.3738421641484417e-12
2.2847459043725554e+05 1.0318858746461056e-09 9.3731356323016675e-12
2.4330972344649601e+05 1.0282702624939069e-09 9.3724262981156444e-12
2.5910811968330442e+05 1.0246608742681196e-09 9.3717129394574998e-12
2.7593232500048779e+05 1.0210580227454497e-09 9.3709984651513609e-12
2.9384894642914232e+05 1.0174611620327586e-09 9.3702778081105538e-12
3.1292891587589210e+05 1.0138714498864223e-09 9.3695616427848844e-12
3.3324777094232093e+05 1.0102876121795871e-09 9.3688381882498805e-12
3.5488595397834620e+05 1.0067101744771081e-09 9.3681122769373885e-12
3.7792913055349112e+05 1.0031393902825350e-09 9.3673862254437371e-12
4.0246852860689245e+05 9.9957475975857224e-10 9.3666554553142709e-12
4.2860129961871414e+05 9.9601686787265644e-10 9.3659253509107800e-12
4.5643090323287668e+05 9.9246474661693859e-10 9.3651868410413167e-12
4.8606751685379934e+05 9.8891944890223079e-10 9.3644498389218678e-12
5.1762847183875914e+05 9.8538056901258563e-10 9.3637104493594796e-12
5.5123871801274770e+05 9.8184804893951607e-10 9.3629681764469463e-12
5.8703131834485370e+05 9.7832171817536344e-10 9.3622213509445918e-12
6.2514797574456269e+05 9.7480191817115811e-10 9.3614732121865833e-12
6.6573959406360250e+05 9.7128862188719553e-10 9.3607234949647106e-12
7.0896687552431086e+05 9.6778146516189802e-10 9.3599686970112238e-12
7.5500095693975466e+05 9.6428110139580343e-10 9.3592151247347551e-12
8.0402408724439249e+05 9.6078657731208364e-10 9.3584534828040359e-12
8.5623034901764372e+05 9.5729861107141334e-10 9.3576907374250423e-12
9.1182642685682687e+05 9.5381729794579692e-10 9.3569278442466125e-12
9.7103242564152041e+05 9.5034229018943937e-10 9.3561613920259656e-12
1.0340827419288076e+06 9.4687332992605626e-10 9.3553888024603174e-12
1.1012269919292724e+06 9.4341116433505439e-10 9.3546174324282153e-12
1.1727309997376287e+06 9.3995547602544354e-10 9.3538441554266437e-12
1.2488778497303200e+06 9.3650600244852520e-10 9.3530663333122578e-12
1.3299690072966209e+06 9.3306274682841678e-10 9.3522839681339385e-12
1.4163255123401491e+06 9.2962607434919147e-10 9.3515007055863795e-12
1.5082892502758869e+06 9.2619552712904935e-10 9.3507119591025824e-12
1.6062243055545776e+06 9.2277152812840884e-10 9.3499219302389546e-12
1.7105184030731416e+06 9.1935390235345472e-10 9.3491288722988327e-12
1.8215844431775550e+06 9.1594283872739046e-10 9.3483346213091179e-12
1.9398621363354011e+06 9.1253835698523435e-10 9.3475395324802065e-12
2.0658197439496631e+06 9.0913951303261692e-10 9.3467337596992067e-12
2.1999559322056812e+06 9.0574778985649066e-10 9.3459325762203037e-12
2.3428017462906372e+06 9.0236191312248781e-10 9.3451228488531667e-12
2.4949227128015598e+06 8.9898265725280569e-10 9.3443125281967712e-12
2.6569210786651401e+06 8.9560969405968523e-10 9.3434982254590587e-12
2.8294381954334336e+06 8.9224313005629977e-10 9.3426810100382892e-12
3.0131570583947292e+06 8.8888320143638727e-10 9.3418633551703617e-12
3.2088050105519751e+06 8.8552955274080341e-10 9.3410415524656788e-12
3.4171566221738756e+06 8.8218204301199305e-10 9.3402140683598143e-12
3.6390367573186113e+06 8.7884134284111075e-10 9.3393879138838573e-12
3.8753238394708056e+06 8.7550690427983192e-10 9.3385573698124582e-12
4.1269533292202060e+06 8.7217841806723953e-10 9.3377190860286563e-12
4.3949214277502829e+06 8.6885669528697883e-10 9.3368816661764344e-12
4.6802890207988294e+06 8.6554122560334882e-10 9.3360396613471054e-12
4.9841858787048133e+06 8.6223239222856718e-10 9.3351971649448773e-12
5.3078151291691884e+06 8.5892964182857777e-10 9.3343482190758927e-12
5.6524580204376960e+06 8.5563357168067038e-10 9.3334992273278491e-12
6.0194789937628228e+06 8.5234347841580930e-10 9.3326425617524985e-12
6.4103310852268767e+06 8.4906010878179864e-10 9.3317863440693174e-12
6.8265616783121312e+06 8.4578284392265826e-10 9.3309237754972641e-12
7.2698186299920874e+06 8.4251262662342615e-10 9.3300652240159553e-12
7.7418567945975503e+06 8.3924805191867446e-10 9.3291951514685258e-12
8.2445449712851355e+06 8.3599046949667461e-10 9.3283284966748547e-12
8.7798733026133776e+06 8.3273865642676389e-10 9.3274516432113731e-12
9.3499611535173506e+06 8.2949355404263782e-10 9.3265750914510549e-12
9.9570655018748697e+06 8.2625445934650843e-10 9.3256908759957814e-12
1.0603589873882003e+07 8.2302239199814908e-10 9.3248105073265079e-12
1.1292093859613732e+07 8.1979621773138429e-10 9.3239211590769291e-12
1.2025303246441377e+07 8.1657689938979365e-10 9.3230337232101789e-12
1.2806120810425155e+07 8.1336351384258553e-10 9.3221377011109807e-12
1.3637637808404936e+07 8.1015654793077881e-10 9.3212385765273033e-12
1.4523146216286708e+07 8.0695621618229263e-10 9.3203388568063200e-12
1.5466151761975296e+07 8.0376193602399838e-10 9.3194317478420148e-12
1.6470387804551823e+07 8.0057440590060585e-10 9.3185253563814674e-12
1.7539830114642754e+07 7.9739303024955990e-10 9.3176127253074582e-12
1.8678712614496268e+07 7.9421788696901056e-10 9.3166947422187296e-12
1.9891544140081294e+07 7.9104953889326438e-10 9.3157779484589501e-12
2.1183126291569266e+07 7.8788746112605163e-10 9.3148562865428814e-12
2.2558572442870151e+07 7.8473171236815772e-10 9.3139302672836742e-12
2.4023327985480350e+07 7.8158241150256943e-10 9.3130013841181924e-12
2.5583191886788372e+07 7.7843933220214046e-10 9.3120669103052848e-12
2.7244339648187377e+07 7.7530266648893201e-10 9.3111290475755082e-12
2.9013347753886461e+07 7.7217231854427372e-10 9.3101866948259958e-12
3.0897219707211863e+07 7.6904807466700909e-10 9.3092371815411646e-12
3.2903413757477999e+07 7.6593080977543892e-10 9.3082911170378433e-12
3.5039872427197382e+07 7.6282014358107276e-10 9.3073438879678692e-12
3.7315053956528299e+07 7.5971500999450580e-10 9.3063825234067140e-12
3.9737965789448597e+07 7.5661698474320946e-10 9.3054261662409523e-12
4.2318200234228194e+07 7.5352490913170185e-10 9.3044606431384505e-12
4.5065972439377867e+07 7.5043922586169959e-10 9.3034913566360617e-12
4.7992160835424200e+07 7.4736019274647622e-10 9.3025214641772548e-12
5.1108350202617325e+07 7.4428740702135918e-10 9.3015459896759218e-12
5.4426877535077251e+07 7.4122108459931612e-10 9.3005675568159303e-12
5.7960880882956110e+07 7.3816085042282218e-10 9.2995814526287883e-12
6.1724351365979187e+07 7.3510698861042279e-10 9.2985912294939347e-12
6.5732188564290591e+07 7.3205987099990471e-10 9.2976015768949452e-12
7.0000259505892843e+07 7.2901903706476893e-10 9.2966065927311297e-12
7.4545461484212860e+07 7.2598441004215913e-10 9.2956053341328041e-12
7.9385788954488561e+07 7.2295590656046952e-10 9.2945966681376459e-12
8.4540404773820788e+07 7.1993462062869968e-10 9.2935946226867450e-12
9.0029716066925317e+07 7.1691899199515053e-10 9.2925790886854216e-12
9.5875455017943501e+07 7.1391024028965942e-10 9.2915658066342407e-12
1.0210076490816210e+08 7.1090739228778288e-10 9.2905421124472690e-12
1.0873029174026574e+08 7.0791110412244517e-10 9.2895165302010053e-12
1.1579028181186730e+08 7.0492140790511036e-10 9.2884894410616687e-12
1.2330868562460263e+08 7.0193790467485705e-10 9.2874556366948152e-12
1.3131526854016690e+08 6.9896071938184238e-10 9.2864166711505644e-12
1.3984172862139255e+08 6.9598998016501975e-10 9.2853743066017346e-12
1.4892182212487584e+08 6.9302543067923186e-10 9.2843249565721259e-12
1.5859149714200890e+08 6.9006768052750609e-10 9.2832768315655763e-12
1.6888903591747528e+08 6.8711616685342718e-10 9.2822224287451606e-12
1.7985520640865746e+08 6.8417098804933605e-10 9.2811629676991820e-12
1.9153342368599516e+08 6.8123181339305024e-10 9.2800938917144760e-12
2.0396992181324351e+08 6.7829954210276875e-10 9.2790275504209736e-12
2.1721393688814977e+08 6.7537315280084254e-10 9.2779497872235621e-12
2.3131790196815807e+08 6.7245377353920064e-10 9.2768761458251554e-12
2.4633765465290245e+08 6.6954029527192106e-10 9.2757913278681780e-12
2.6233265814526674e+08 6.6663345189450537e-10 9.2747054441612192e-12
2.7936623666620576e+08 6.6373282596005882e-10 9.2736127158896925e-12
2.9750582615535975e+08 6.6083867991230860e-10 9.2725167000328056e-12
3.1682324124993014e+08 6.5795087047105251e-10 9.2714154072361973e-12
3.3739495959885460e+08 6.5506905497421039e-10 9.2703039196517127e-12
3.5930242463782239e+08 6.5219426844317805e-10 9.2691969070096375e-12
3.8263236802383822e+08 6.4932537071807024e-10 9.2680781179338294e-12
4.0747715300588441e+08 6.4646296173449105e-10 9.2669560634322738e-12
4.3393514009101111e+08 6.4360715465500081e-10 9.2658323899126202e-12
4.6211107645361942e+08 6.4075729089852834e-10 9.2646976012396365e-12
4.9211651062953001e+08 6.3791415217133463e-10 9.2635628577774855e-12
5.2407023413663840e+08 6.3507714608566891e-10 9.2624196094021159e-12
5.5809875177057827e+08 6.3224676302081366e-10 9.2612749398680180e-12
5.9433678243719101e+08 6.2942284989930499e-10 9.2601266077079574e-12
6.3292779250472724e+08 6.2660521915414990e-10 9.2589719144803410e-12
6.7402456378717995e+08 6.2379391080491138e-10 9.2578113385444263e-12
7.1778979840754128e+08 6.2098880065847999e-10 9.2566429556301755e-12
7.6439676293551493e+08 6.1819021274283849e-10 9.2554715538550207e-12
8.1402997434986985e+08 6.1539822438960473e-10 9.2542983696711193e-12
8.6688593054122663e+08 6.1261236857432126e-10 9.2531163322406451e-12
9.2317388824718070e+08 6.0983286086515066e-10 9.2519285600303959e-12
9.8311669149980223e+08 6.0705994448572623e-10 9.2507388202539975e-12
1.0469516538651699e+09 6.0429310433619455e-10 9.2495392176242277e-12
1.1149314979677832e+09 6.0153282003318849e-10 9.2483369449308837e-12
1.1873253560195265e+09 5.9877886321418890e-10 9.2471285920920907e-12
1.2644198353140612e+09 5.9603115835938637e-10 9.2459129213298584e-12
1.3465201529052033e+09 5.9328994018174768e-10 9.2446934674370128e-12
1.4339513439612548e+09 5.9055499885287227e-10 9.2434670412976527e-12
1.5270595485792427e+09 5.8782664856371015e-10 9.2422384312657695e-12
1.6262133821536884e+09 5.8510448880429628e-10 9.2410013788367988e-12
1.7318053947249091e+09 5.8238882117959017e-10 9.2397606311699694e-12
1.8442536250847659e+09 5.7967923228917281e-10 9.2385094977314048e-12
1.9640032557922642e+09 5.7697635840173157e-10 9.2372581788676444e-12
2.0915283756513109e+09 5.7427969899598866e-10 9.2359986156722912e-12
2.2273338566284657e+09 5.7158941970749259e-10 9.2347335240356784e-12
2.3719573526409903e+09 5.6890552056428344e-10 9.2334627944596207e-12
2.5259714281289206e+09 5.6622797896362894e-10 9.2321860221336118e-12
2.6899858248376088e+09 5.6355689584090735e-10 9.2309049933020963e-12
2.8646498757855144e+09 5.6089181344070895e-10 9.2296121428848984e-12
3.0506550759736552e+09 5.5823333211652843e-10 9.2283173540967506e-12
3.2487378200143290e+09 5.5558121395822030e-10 9.2270168032687659e-12
3.4596823175176582e+09 5.5293533704670566e-10 9.2257085932280592e-12
3.6843236977773299e+09 5.5029613671183156e-10 9.2244001248559666e-12
3.9235513160477738e+09 5.4766284518358551e-10 9.2230787147215401e-12
4.1783122745016546e+09 5.4503588765100755e-10 9.2217517807391202e-12
4.4496151718073959e+09 5.4241542861727195e-10 9.2204225406089408e-12
4.7385340961716766e+09 5.3980080386362155e-10 9.2190802332141729e-12
5.0462128776545057e+09 5.3719269798293581e-10 9.2177373138743431e-12
5.3738696165928354e+09 5.3459055874803218e-10 9.2163853062249709e-12
5.7228015060598602e+09 5.3199450600167565e-10 9.2150277013978291e-12
6.0943899674524155e+09 5.2940464884947768e-10 9.2136682476662562e-12
6.4901061195388002e+09 5.2681997351416777e-10 9.2122920916950046e-12
6.9115166026177855e+09 5.2424131824469278e-10 9.2109173291630645e-12
7.3602897808481827e+09 5.2166798056859363e-10 9.2095366645716480e-12
7.8382023473023291e+09 5.1909928661486523e-10 9.2081451689374876e-12
8.3471463578945999e+09 5.1653487874719526e-10 9.2067461829464862e-12
8.8891367220308628e+09 5.1397396625323169e-10 9.2053390129996739e-12
9.4663191796348648e+09 5.1141570850454782e-10 9.2039279406523505e-12
1.0080978796133371e+10 5.0885850175842362e-10 9.2025115380347244e-12
1.0735549009029900e+10 5.0630014692362384e-10 9.2010892450913292e-12
1.1432621261884665e+10 5.0373722916768707e-10 9.1996556835681585e-12
1.2174955263839767e+10 5.0116526736255794e-10 9.1982110124219724e-12
1.2965489915307739e+10 4.9857832956513590e-10 9.1967659702820149e-12
1.3807354943079357e+10 4.9596657666682367e-10 9.1953140141616154e-12
1.4703883290911606e+10 4.9331628073012367e-10 9.1938574632080516e-12
1.5658624314653204e+10 4.9060699363715012e-10 9.1923926851999335e-12
1.6675357834144585e+10 4.8780881872329006e-10 9.1909166259340188e-12
1.7758109097524727e+10 4.8487843895147698e-10 9.1894357044740374e-12
1.8911164717190002e+10 4.8175163066013329e-10 9.1879490899372506e-12
2.0139089640492123e+10 4.7833349831687318e-10 9.1864463845438474e-12
2.1446745222366493e+10 4.7448600623977455e-10 9.1849376227572731e-12
2.2839308471435776e+10 4.7000645629728435e-10 9.1834321287372285e-12
2.4322292545788887e+10 4.6459688924222752e-10 9.1819103504749586e-12
2.5901568579574146e+10 4.5782632061319902e-10 9.1803876247956727e-12
2.7583388926819481e+10 4.4907138934450271e-10 9.1788560907305750e-12
2.9374411914504326e+10 4.3744345865527988e-10 9.1773064656651579e-12
3.1281728202875282e+10 4.2169989036386453e-10 9.1757576181618016e-12
3.3312888857372555e+10 4.0014796620490183e-10 9.1742028778546288e-12
3.5475935243298431e+10 3.7058924255365615e-10 9.1726367279949287e-12
3.7779430861582642e+10 3.3039588394985734e-10 9.1710603878314952e-12
4.0232495251685738e+10 2.7693291592457596e-10 9.1694760129591256e-12
4.2844840095854584e+10 2.0876311723050998e-10 9.1678952011479916e-12
4.5626807667675896e+10 1.2843231723054263e-10 9.1662925802325882e-12
4.8589411777137848e+10 4.8250704219608660e-11 9.1646942248670665e-12
5.1744381374304077e+10 1.2090940735366054e-12 9.1630823209578966e-12
5.5104206984231270e+10 5.9846765061023691e-11 9.1614629397715338e-12
5.8682190156956261e+10 3.6587894343614157e-10 9.1598340727864365e-12
6.2492496128337883e+10 1.1718384215033856e-09 9.1582008776445320e-12
6.6550209900223930e+10 2.8914314250091584e-09 9.1565571697673890e-12
7.0871395961978836e+10 6.1502983565362534e-09 9.1549060315508419e-12
7.5473161889797882e+10 1.1826598933639445e-08 9.1532501043780045e-12
8.0373726075601730e+10 2.1071027201449759e-08 9.1515791337058239e-12
8.5592489853656677e+10 3.5298392289980626e-08 9.1499041711115136e-12
9.1150114310454590e+10 5.6218121106998184e-08 9.1482248515176453e-12
9.7068602081961639e+10 8.5845188133701179e-08 9.1465404411903231e-12
1.0337138446205522e+11 1.2653626043398308e-07 9.1448225551636399e-12
1.1008341416701694e+11 1.8122954246812612e-07 9.1431448000175692e-12
1.1723126412334546e+11 2.5351682297920897e-07 9.1414293187846850e-12
1.2484323266996912e+11 3.4799331168038591e-07 9.1397197984988417e-12
1.3294945559137991e+11 4.7047670750698472e-07 9.1379191544562298e-12
1.4158202542520575e+11 6.2846816765858128e-07 9.1362556242381533e-12
1.5077511851656754e+11 8.3177162845002259e-07 9.1345199078983600e-12
1.6056513032224225e+11 1.0927651177619971e-06 9.1327950014245613e-12
1.7099081950027139e+11 1.4272121948421539e-06 9.1310589779487469e-12
1.8209346135550366e+11 1.8557271836534225e-06 9.1292658202021008e-12
1.9391701124852148e+11 2.4038270002087977e-06 9.1275048795099616e-12
2.0650827861492929e+11 3.1050523307228852e-06 9.1257324230360740e-12
2.1991711228391141e+11 4.0015713579939298e-06 9.1240866579528765e-12
2.3419659782974780e+11 5.1477161093230327e-06 9.1223375690704328e-12
2.4940326773762219e+11 6.6116695212703310e-06 9.1205005435332955e-12
2.6559732521572360e+11 8.4814437243528532e-06 9.1187602746832698e-12
2.8284288253976904e+11 1.0867552144056395e-05 9.1170376323644762e-12
3.0120821487350641e+11 1.3910308120424188e-05 9.1152921429105674e-12
3.2076603057008905e+11 1.7792092750574855e-05 9.1136633245374078e-12
3.4159375902447278e+11 2.2729489297873000e-05 9.1118436268398356e-12
3.6377385721638013e+11 2.9018256167098810e-05 9.1102375830468958e-12
3.8739413615751312e+11 3.7006809458170405e-05 9.1084734855929329e-12
4.1254810853535254e+11 4.7162579668612163e-05 9.1068344893528620e-12
4.3933535892988983e+11 6.0035193840299298e-05 9.1051696222366503e-12
4.6786193806901581e+11 7.6339952494680272e-05 9.1035614216862640e-12
4.9824078268333850e+11 9.6994802609528955e-05 9.1019725348881979e-12
5.3059216262274481e+11 1.2306501304694216e-04 9.1004430614282515e-12
5.6504415700472021e+11 1.5593916195930411e-04 9.0989659097749213e-12
6.0173316127962561e+11 1.9729048977497042e-04 9.0974564825630407e-12
6.4080442722026819e+11 2.4924543763987322e-04 9.0961419816529050e-12
6.8241263797372119e+11 3.1431345525772652e-04 9.0946714079280201e-12
7.2672252045191174e+11 3.9560997698845325e-04 9.0933740033788183e-12
7.7390949748546753e+11 4.9687781356749436e-04 9.0921377887967183e-12
8.2416038232276904e+11 6.2260718921946525e-04 9.0909783326882039e-12
8.7767411822357422e+11 7.7816039631991142e-04 9.0899020178494520e-12
9.3466256607545654e+11 9.6997177630369984e-04 9.0888768902896417e-12
9.9535134315106848e+11 1.2052637939666368e-03 9.0879637927785648e-12
1.0599807163269290e+12 1.4929069589773073e-03 9.0872351247380103e-12
1.1288065533000757e+12 1.8419372945777405e-03 9.0864066129666663e-12
1.2021013355682451e+12 2.2642149018129798e-03 9.0858739895465460e-12
1.2801552371842288e+12 2.7708639728107327e-03 9.0852468328319719e-12
1.3632772735549121e+12 3.3753796594804433e-03 9.0848314194508659e-12
1.4517965248333801e+12 4.0904257404507059e-03 9.0844973712254295e-12
1.5460634387472600e+12 4.9299741819007880e-03 9.0842389282263092e-12
1.6464512180212820e+12 5.9063914659819314e-03 9.0840971215262938e-12
1.7533572978870037e+12 7.0301021817849967e-03 9.0840273134374223e-12
1.8672049195288411e+12 8.3098957278352741e-03 9.0840390748884425e-12
1.9884448056960681e+12 9.7489727238649574e-03 9.0841116661519886e-12
2.1175569451142041e+12 1.1345161686215780e-02 9.0842071668921797e-12
2.2550524927603882e+12 1.3089923969336708e-02 9.0843519392078611e-12
2.4014757935261211e+12 1.4963994538277466e-02 9.0845978194312212e-12
2.5574065372786201e+12 1.6939182821272530e-02 9.0847622278216740e-12
2.7234620538532124e+12 1.8980785217859657e-02 9.0848261392907446e-12
2.9002997570621826e+12 2.1031170954426737e-02 9.0849512954068837e-12
3.0886197473960679e+12 2.3039152013700760e-02 9.0850802961151928e-12
3.2891675837217612e+12 2.4937689022896024e-02 9.0851484516693396e-12
3.5027372349499639e+12 2.6660960419676957e-02 9.0852109382002758e-12
3.7301742233583916e+12 2.8144892359233124e-02 9.0852335257884890e-12
3.9723789720145132e+12 2.9332476945998772e-02 9.0852423485499584e-12
4.2303103695504902e+12 3.0179326589797807e-02 9.0852106253708853e-12
4.5049895664036279e+12 3.0664459878121331e-02 9.0851879139828860e-12
4.7975040175508223e+12 3.0778381489592718e-02 9.0851825626120750e-12
5.1090117877432461e+12 3.0538386950083370e-02 9.0851476499376526e-12
5.4407461362845469e+12 2.9976744985286879e-02 9.0851317953873811e-12
5.7940203995048721e+12 2.9138848104449482e-02 9.0852013694458999e-12
6.1702331902594678e+12 2.8073841450185166e-02 9.0851204390597434e-12
6.5708739350369980e+12 2.6840482400551393e-02 9.0851187492317504e-12
6.9975287705995635e+12 2.5488876796237379e-02 9.0851193914135902e-12
7.4518868234979355e+12 2.4062865488159162e-02 9.0851522068637387e-12
7.9357468973241787e+12 2.2600992698201809e-02 9.0851132811327705e-12
8.4510245941751562e+12 2.1135761493019378e-02 9.0851304067712822e-12
8.9997598985212754e+12 1.9691891251034658e-02 9.0851009673507082e-12
9.5841252535057559e+12 1.8290107003101103e-02 9.0850958195604213e-12
1.0206434161646748e+13 1.6945393505699673e-02 9.0850940707153486e-12
1.0869150343994637e+13 1.5667839396130284e-02 9.0851453880839835e-12
1.1574897494003797e+13 1.4463132044878904e-02 9.0851035798990234e-12
1.2326469664735035e+13 1.3333802137487279e-02 9.0850844428902571e-12
1.3126842330512691e+13 1.2279883120139518e-02 9.0850379170703399e-12
1.3979184166827092e+13 1.1299822048355971e-02 9.0850159838059117e-12
1.4886869595122080e+13 1.0391002478341736e-02 9.0850103338377128e-12
1.5853492142129070e+13 9.5501177259226348e-03 9.0849915445375142e-12
1.6882878666640670e+13 8.7736423224233830e-03 9.0850822808341226e-12
1.7979104510044828e+13 8.0572291542300237e-03 9.0849615165716029e-12
1.9146509630601461e+13 7.3973692059381849e-03 9.0849475544243667e-12
2.0389715785338828e+13 6.7901509744178017e-03 9.0850615992517087e-12
2.1713644827588980e+13 6.2315175177445918e-03 9.0850470019892690e-12
2.3123538192606875e+13 5.7179956767413210e-03 9.0850418606619171e-12
2.4624977648412816e+13 5.2460461388325929e-03 9.0849020169103329e-12
2.6223907394012148e+13 4.8127482057780963e-03 9.0850267913889071e-12
2.7926657592481328e+13 4.4147807599517353e-03 9.0850209684760267e-12
2.9739969432082691e+13 4.0494302768994527e-03 9.0850131007087448e-12
3.1671021814631227e+13 3.7140837982934400e-03 9.0850037991471759e-12
3.3727459776767207e+13 3.4063246276574461e-03 9.0849943929051751e-12
3.5917424756656398e+13 3.1239182096736069e-03 9.0849877421472170e-12
3.8249586825946773e+13 2.8647991252322975e-03 9.0849761279462430e-12
4.0733179014581008e+13 2.6270686594639719e-03 9.0849710445356687e-12
4.3378033864365727e+13 2.4089731045348478e-03 9.0849609055921370e-12
4.6194622356003203e+13 2.2089052077320509e-03 9.0849571578428512e-12
4.9194095363707734e+13 2.0253802861386772e-03 9.0849485995624453e-12
5.2388327801517195e+13 1.8570398098216277e-03 9.0849407954670905e-12
5.5789965636077969e+13 1.7026310437900968e-03 9.0849339171636463e-12
5.9412475952031547e+13 1.5610066827512893e-03 9.0849255143535635e-12
6.3270200268200883e+13 1.4311116697951363e-03 9.0849154654685455e-12
6.7378411315668531e+13 1.3119780742112254e-03 9.0849088816141169e-12
7.1753373502519797e+13 1.2027172584648323e-03 9.0849048112912901e-12
7.6412407304634641e+13 1.1025126361155304e-03 9.0848990311506493e-12
8.1373957837458125e+13 1.0106162499071904e-03 9.0848898575418834e-12
8.6657667880209938e+13 9.2634091703264893e-04 9.0848838949708786e-12
9.2284455641654531e+13 8.4905647805775272e-04 9.0848767729188662e-12
9.8276597575290531e+13 7.7818505609337661e-04 9.0848747738095075e-12
1.0465781657183064e+14 7.1319553379500268e-04 9.0848681977895957e-12
1.1145337587813470e+14 6.5360018010461357e-04 9.0848505165491807e-12
1.1869017911440077e+14 5.9895527307156728e-04 9.0848376969680003e-12
1.2639687678560802e+14 5.4885296014677357e-04 9.0848611150421300e-12
1.3460397970886241e+14 5.0291205206097120e-04 9.0848343792293299e-12
1.4334397980573241e+14 4.6079392821918926e-04 9.0848527855935050e-12
1.5265147873776816e+14 4.2217638749268764e-04 9.0848262330798897e-12
1.6256332489448025e+14 3.8677756856248386e-04 9.0848517782402985e-12
1.7311875927612738e+14 3.5432363680718335e-04 9.0848356169339548e-12
1.8435957084883116e+14 3.2457319126630275e-04 9.0848329834769807e-12
1.9633026198710812e+14 2.9730204164605774e-04 9.0848332320257264e-12
2.0907822465877266e+14 2.7230329164970699e-04 9.0848366444604534e-12
2.2265392804973834e+14 2.4938885301672737e-04 9.0848386080821369e-12
2.3711111837154375e+14 2.2838494920589291e-04 9.0848386582235218e-12
2.5250703164259691e+14 2.0913157925780829e-04 9.0848152216875336e-12
2.6890262028559262e+14 1.9148560760456971e-04 9.0848150953876910e-12
2.8636279443815712e+14 1.7531257871623794e-04 9.0847976446398580e-12
3.0495667893208388e+14 1.6049111137814804e-04 9.0848375377800108e-12
3.2475788695856869e+14 1.4690752522181417e-04 9.0848378919899161e-12
3.4584481150282350e+14 1.3445989475344201e-04 9.0848366350815549e-12
3.6830093570193625e+14 1.2305340932816137e-04 9.0848087080550909e-12
3.9221516335459975e+14 1.1260268383715956e-04 9.0848388482387443e-12
4.1768217089128244e+14 1.0302720713512486e-04 9.0848332648292021e-12
4.4480278219822144e+14 9.4254657832595440e-05 9.0848321959111140e-12
4.7368436777919025e+14 8.6218234990470950e-05 9.0848322965711282e-12
5.0444126983536250e+14 7.8856627590323208e-05 9.0848322789226337e-12
5.3719525494607175e+14 7.2113399186753537e-05 9.0847894677907371e-12
5.7207599614274262e+14 6.5937954197654703e-05 9.0848289417548801e-12
6.0922158628442875e+14 6.0281882884151869e-05 9.0847923339140640e-12
6.4877908476744450e+14 5.5102570070500085e-05 9.0847840045206938e-12
6.9090509973356888e+14 5.0360332212094889e-05 9.0848248226482060e-12
7.3576640808165925e+14 4.6018031604313735e-05 9.0847827435721999e-12
7.8354061573745262e+14 4.2043040483281214e-05 9.0848199725098136e-12
8.3441686079543538e+14 3.8403916894650006e-05 9.0847587896529123e-12
8.8859656231656288e+14 3.5073410844593028e-05 9.0848083338474998e-12
9.4629421774639562e+14 3.2025093554157333e-05 9.0848040744924723e-12
1.0077382521104589e+15 2.9235540656056478e-05 9.0847980505814190e-12
1.0731719223490001e+15 2.6683087753485134e-05 9.0847914892958541e-12
1.1428542803712282e+15 2.4347705964590469e-05 9.0847209760504627e-12
1.2170611986418265e+15 2.2211650861818005e-05 9.0847750320869656e-12
1.2960864623601425e+15 2.0257763669390568e-05 9.0847716068838996e-12
1.3802429325557538e+15 1.8470852706323182e-05 9.0847579376160846e-12
1.4698637847054080e+15 1.6836914191142379e-05 9.0847470482012727e-12
1.5653038277746928e+15 1.5343077790360998e-05 9.0847362565418578e-12
1.6669409089068565e+15 1.3977410774836573e-05 9.0846452680823933e-12
1.7751774093196688e+15 1.2729452698185705e-05 9.0847047918240638e-12
1.8904418373326675e+15 1.1588954407347971e-05 9.0846857537963580e-12
2.0131905248317562e+15 1.0546840463975143e-05 9.0845672124846345e-12
2.1439094338870790e+15 9.5950913928120725e-06 9.0846363008927802e-12
2.2831160806770315e+15 8.7256773459940199e-06 9.0845036019423764e-12
2.4313615843348375e+15 7.9318987191125363e-06 9.0844695574228419e-12
2.5892328488292060e+15 7.2072517118321593e-06 9.0844377381676195e-12
2.7573548865173630e+15 6.5458572532442251e-06 9.0844021045147622e-12
2.9363932925688890e+15 5.9423290805716290e-06 9.0843536540311842e-12
3.1270568800572370e+15 5.3918006837215542e-06 9.0844051886636748e-12
3.3301004861507235e+15 4.8896357733294160e-06 9.0843471097590766e-12
3.5463279605128940e+15 4.4317126573949756e-06 9.0841766993369500e-12
3.7765953477436360e+15 4.0143776373898835e-06 9.0842051494213195e-12
4.0218142764596415e+15 3.6339941490441674e-06 9.0840388647294253e-12
4.2829555684324580e+15 3.2874756992025475e-06 9.0839141507636317e-12
4.5610530820717590e+15 2.9719007145209576e-06 9.0837989411095160e-12
4.8572078054711570e+15 2.6845951869863281e-06 9.0836793447446053e-12
5.1725922152201230e+15 2.4231428449582527e-06 9.0836544052711330e-12
5.5084549182388230e+15 2.1852498782180133e-06 9.0834947299866725e-12
5.8661255950133820e+15 1.9688801492537022e-06 9.0831995387786226e-12
6.2470202638007480e+15 1.7722089889562349e-06 9.0829990310271039e-12
6.6526468866454850e+15 1.5934983112807514e-06 9.0827716931607041e-12
7.0846113394015790e+15 1.4311813984084870e-06 9.0825188723051378e-12
7.5446237693949790e+15 1.2838236693380092e-06 9.0822331568033497e-12
8.0345053658974860e+15 1.1501140444127515e-06 9.0819032974690610e-12
8.5561955702148490e+15 1.0288547432573085e-06 9.0815329113723251e-12
9.1117597539355820e+15 9.1895330141770415e-07 9.0811516092700468e-12
9.7033973957371980e+15 8.1940924673932553e-07 9.0807658780594676e-12
1.0333450789122322e+16 7.2928700693587700e-07 9.0801235415218361e-12
1.1004414315559542e+16 6.4777892424673007e-07 9.0795367053252402e-12
1.1718944319739320e+16 5.7411407607341972e-07 9.0788932950675432e-12
1.2479869626043660e+16 5.0759882458110038e-07 9.0782411473981100e-12
1.3290202737861490e+16 4.4758390228502305e-07 9.0773020224670082e-12
1.4153151764090642e+16 3.9351396921269578e-07 9.0764694044582386e-12
1.5072133120041146e+16 3.4484106853939859e-07 9.0753433256037759e-12
1.6050785053023510e+16 3.0110288638786311e-07 9.0742585942432060e-12
1.7092982046171160e+16 2.6184750246276869e-07 9.0728660908918893e-12
1.8202850157518664e+16 2.2668915543574049e-07 9.0714355972868079e-12
1.9384783355066972e+16 1.9526210569444857e-07 9.0698304586668170e-12
2.0643460912502940e+16 1.6723906354880913e-07 9.0680841829610292e-12
2.1983865934443972e+16 1.4232016697152626e-07 9.0661158241985203e-12
2.3411305084551004e+16 1.2023583256612907e-07 9.0639919965870039e-12
2.4931429594609284e+16 1.0073837059993044e-07 9.0616192122298943e-12
2.6550257637756996e+16 8.3603950658751766e-08 9.0590659427154382e-12
2.8274198154433060e+16 6.8627894536312036e-08 9.0563083593559932e-12
3.0110076225372416e+16 5.5623147678757403e-08 9.0533260024102131e-12
3.2065160092103188e+16 4.4416730401580332e-08 9.0500900105931680e-12
3.4147189931913948e+16 3.4850541409241091e-08 9.0466221083129653e-12
3.6364408501218672e+16 2.6776458051164782e-08 9.0429060150625785e-12
3.8725593768628304e+16 2.0056612681332181e-08 9.0390313618195806e-12
4.1240093666931648e+16 1.4559048629098284e-08 9.0349794285232333e-12
4.3917863101561720e+16 1.0157743646139665e-08 9.0307823994206676e-12
4.6769503362066592e+16 6.7304156726786064e-09 9.0265171686044206e-12
4.9806304092618576e+16 4.1572086923171621e-09 9.0221568898907618e-12
5.3040287987714080e+16 2.3199855127973276e-09 9.0178438583212052e-12
5.6484258390025384e+16 1.1016620737447403e-09 9.0135808892725585e-12
6.0151849978834952e+16 3.8660729905948229e-10 9.0094836338181361e-12
6.4057582749730976e+16 6.1683448930713705e-11 9.0055519919567777e-12
6.8216919499275232e+16 1.8086232873753652e-11 9.0018946501278911e-12
7.2646327042212704e+16 1.5410870852020223e-10 8.9984841570962082e-12
7.7363341403597040e+16 3.7864340416702749e-10 8.9954521399467211e-12
8.2386637243914576e+16 6.1510884141158853e-10 8.9926687207481248e-12
8.7736101792065648e+16 8.0530565832029839e-10 8.9901209094848162e-12
9.3432913578911104e+16 9.1249849131002206e-10 8.9877524176579386e-12
9.9499626283073168e+16 9.2283511852338279e-10 8.9855685781153347e-12
1.0596025802095816e+17 8.4436728877109372e-10 8.9833248084285852e-12
1.1284038643447616e+17 7.0290830449525326e-10 8.9810470736158299e-12
1.2016724995293448e+17 5.3495962678743945e-10 8.9785737291836767e-12
1.2796985562998074e+17 3.7842115324498526e-10 8.9759580360795864e-12
1.3627909398252874e+17 2.6295362847621693e-10 8.9732747645840966e-12
1.4512786128632630e+17 2.0260734838628702e-10 8.9703849317036421e-12
1.5455118981230685e+17 1.9323642148004904e-10 8.9673435506969276e-12
1.6458638651936230e+17 2.1611332818112244e-10 8.9644806063086163e-12
1.7527318075259542e+17 2.4689598841058312e-10 8.9615514660248888e-12
1.8665388153179786e+17 2.6623671269636993e-10 8.9586484145819153e-12
1.9877354505287488e+17 2.6727483378061669e-10 8.9560088716875808e-12
2.1168015306531936e+17 2.5567914958665012e-10 8.9531029121968104e-12
2.2542480283197507e+17 2.4283201493990870e-10 8.9502219561389218e-12
2.4006190942310291e+17 2.3669330481130400e-10 8.9471862140729657e-12
2.5564942114564502e+17 2.3723657537157966e-10 8.9444002984104407e-12
2.7224904896059350e+17 2.3918854192363931e-10 8.9414424449006344e-12
2.8992651079667686e+17 2.3850763561491836e-10 8.9381272181216402e-12
3.0875179172766330e+17 2.3564496325130029e-10 8.9358745482918771e-12
3.2879942104327149e+17 2.3305319171094144e-10 8.9326155802383056e-12
3.5014876731062995e+17 2.3157838211120073e-10 8.9296619437030897e-12
3.7288435259446336e+17 2.3022009745873206e-10 8.9259535650174741e-12
3.9709618707993613e+17 2.2844435753000519e-10 8.9224889552759394e-12
4.2288012542301107e+17 2.2665922731944311e-10 8.9197194323323765e-12
4.5033824623901965e+17 2.2500644517291031e-10 8.9158907947319916e-12
4.7957925623193702e+17 2.2332252639991340e-10 8.9118956465989519e-12
5.1071892056422835e+17 2.2165934268547158e-10 8.9094797675277843e-12
5.4388052117112934e+17 2.2001405006866780e-10 8.9069077621279250e-12
5.7919534483387302e+17 2.1835479809409579e-10 8.9034831592534810e-12
6.1680320294404006e+17 2.1670763327785218e-10 8.9003721626442420e-12
6.5685298501690765e+17 2.1507093968956202e-10 8.8973162248142484e-12
6.9950324814504832e+17 2.1343928891423979e-10 8.8941833252271870e-12
7.4492284472586227e+17 2.1179845297938489e-10 8.8905069271958774e-12
7.9329159094828109e+17 2.1018348120428663e-10 8.8875678594986469e-12
8.4480097868503642e+17 2.0856183265203724e-10 8.8840794000875910e-12
8.9965493360905216e+17 2.0691440592732630e-10 8.8790416239553640e-12
9.5807062253519501e+17 2.0531307564020733e-10 8.8757907998549988e-12
1.0202793131836973e+18 2.0371351576668378e-10 8.8723492389899496e-12
1.0865272897691476e+18 2.0212650803621216e-10 8.8691811793933766e-12
1.1570768280396644e+18 2.0051037522664597e-10 8.8644893597545217e-12
1.2322072336266860e+18 1.9893328681802975e-10 8.8610340029981320e-12
1.3122159478159296e+18 1.9734851340683835e-10 8.8570997274727217e-12
1.3974197251175488e+18 1.9578246280355792e-10 8.8535392217652721e-12
1.4881558872972539e+18 1.9422401864295600e-10 8.8500678235783076e-12
1.5847836588331894e+18 1.9268249941314516e-10 8.8470400939535305e-12
1.6876855890857756e+18 1.9115203287066639e-10 8.8443588604488108e-12
1.7972690668105772e+18 1.8959940183366360e-10 8.8401806107032481e-12
1.9139679330105316e+18 1.8806350954595463e-10 8.8365302035656337e-12
2.0382441985125015e+18 1.8654318827576117e-10 8.8334543618726919e-12
2.1705898730681480e+18 1.8497802758281747e-10 8.8276078085688808e-12
2.3115289132207186e+18 1.8349827403125924e-10 8.8258692416336758e-12
2.4616192966489339e+18 1.8193069201587452e-10 8.8192557552674248e-12
2.6214552312008172e+18 1.8042987302020597e-10 8.8155813217515998e-12
2.7916695073625943e+18 1.7896580175953523e-10 8.8132808000159089e-12
2.9729360034762424e+18 1.7748535090973287e-10 8.8100419842450025e-12
3.1659723536240932e+18 1.7600222741285919e-10 8.8060415898834139e-12
3.3715427887420708e+18 1.7453007381568097e-10 8.8020786875314454e-12
3.5904611622102728e+18 1.7307053723194989e-10 8.7982029842079616e-12
3.8235941718983926e+18 1.7161557782484426e-10 8.7940969031478545e-12
4.0718647914229002e+18 1.7008938483589647e-10 8.7859428234520858e-12
4.3362559241996324e+18 1.6863020932314452e-10 8.7812624609122695e-12
4.6178142947584379e+18 1.6715922956969411e-10 8.7760755069435824e-12
4.9176545927259771e+18 1.6577748994251204e-10 8.7745509870721422e-12
5.2369638858818048e+18 1.6434752154459317e-10 8.7706446337349018e-12
5.5770063197601393e+18 1.6294332522580835e-10 8.7677965675007591e-12
5.9391281224020972e+18 1.6149905544922942e-10 8.7622937929630630e-12
6.3247629340725279e+18 1.6010249007534173e-10 8.7591211678365285e-12
6.7354374830423562e+18 1.5867391832145684e-10 8.7537339145850448e-12
7.1727776299056077e+18 1.5729704273728761e-10 8.7511064752612681e-12
7.6385148043620803e+18 1.5578589834660270e-10 8.7410617250197781e-12
8.1344928599476152e+18 1.5438636916433004e-10 8.7359694441288821e-12
8.6626753738502820e+18 1.5299264041402916e-10 8.7308025463896407e-12
9.2251534207131853e+18 1.5160536390018323e-10 8.7255736199620904e-12
9.8241538511987139e+18 1.5022384664534639e-10 8.7202433255372981e-12
1.0462048108091185e+19 1.4884742245490297e-10 8.7147882546040126e-12
1.1141361614838528e+19 1.4747683192202858e-10 8.7092566321725070e-12
1.1864783773704616e+19 1.4611308643236083e-10 8.7036638853630858e-12
1.2635178613112965e+19 1.4476471174602847e-10 8.6984788184718046e-12
1.3455596126335318e+19 1.4349250991190204e-10 8.6973589195151554e-12
1.4329284346416132e+19 1.4219491564750096e-10 8.6945141084513845e-12
1.5259702205134977e+19 1.4084298022236509e-10 8.6880984092925668e-12
1.6250533226918695e+19 1.3961580530679253e-10 8.6891043300260660e-12
1.7305700111914787e+19 1.3807754200284399e-10 8.6714327141837830e-12
1.8429380265961374e+19 1.3688723199689480e-10 8.6743130371095608e-12
1.9626022338938454e+19 1.3557422803217765e-10 8.6684215706217589e-12
2.0900363836972192e+19 1.3426765353943896e-10 8.6624694540265969e-12
2.2257449878223380e+19 1.3296211174017877e-10 8.6561308956932097e-12
2.3702653166510477e+19 1.3201219290429594e-10 8.6732537073929592e-12
2.5241695261844140e+19 1.3041937127850370e-10 8.6446747961802586e-12
2.6880669232085414e+19 1.2908962386648217e-10 8.6358718209626908e-12
2.8626063775400600e+19 1.2790755072870481e-10 8.6355552266736668e-12
3.0484788909019877e+19 1.2665180869048129e-10 8.6302819070621027e-12
3.2464203325994598e+19 1.2562535506330811e-10 8.6416627645771185e-12
3.4572143528265736e+19 1.2406765868799881e-10 8.6160506280632265e-12
3.6816954851375464e+19 1.2281235165224513e-10 8.6091720434111673e-12
3.9207524503650714e+19 1.2193490475038103e-10 8.6271425001187587e-12
4.1753316750664221e+19 1.2041566405414602e-10 8.5989859894918489e-12
4.4464410384260719e+19 1.1900300028300669e-10 8.5790464349637449e-12
4.7351538624497435e+19 1.1819746251081278e-10 8.6056148543367756e-12
5.0426131612462842e+19 1.1669141031905880e-10 8.5771220061869851e-12
5.3700361662205469e+19 1.1548968121055524e-10 8.5708457694613428e-12
5.7187191450929693e+19 1.1466509540836034e-10 8.5926134803996073e-12
6.0900425338233102e+19 1.1319680346892551e-10 8.5637534425117739e-12
6.4854764017571095e+19 1.1203103568869774e-10 8.5589347776974963e-12
6.9065862716303008e+19 1.1107299738749080e-10 8.5710188395050015e-12
7.3550393174737551e+19 1.0993498257965409e-10 8.5689661730503282e-12
7.8326109649558798e+19 1.0871739699350249e-10 8.5568441412994410e-12
8.3411919202926117e+19 1.0759534477331395e-10 8.5535563572906278e-12
8.8827956555540038e+19 1.0633749733207400e-10 8.5386659487126752e-12
9.4595663800002527e+19 1.0567950591692845e-10 8.5736672373884148e-12
1.0073787529006198e+20 1.0456888133175054e-10 8.5699945029103147e-12
1.0727890804182814e+20 1.0323843248698226e-10 8.5471100645813924e-12
1.1424465800483575e+20 1.0190892774140508e-10 8.5222553493154255e-12
1.2166270258411898e+20 1.0092302883433948e-10 8.5287600795686633e-12
1.2956240981915443e+20 9.9682311124115745e-11 8.5108343804526463e-12
1.3797505465193990e+20 9.8434215691977928e-11 8.4903914072100012e-12
1.4693394274449131e+20 9.7409351157865180e-11 8.4914813556199233e-12
1.5647454233595933e+20 9.6295544365690028e-11 8.4826810027614142e-12
1.6663462466140127e+20 9.5258962602358826e-11 8.4801810937894283e-12
1.7745441348809559e+20 9.4149801128653676e-11 8.4710334484270802e-12
1.8897674436145126e+20 9.3055973922965344e-11 8.4608033783400212e-12
2.0124723419093388e+20 9.1915728478920870e-11 8.4472379618789476e-12
2.1431446184741136e+20 9.0938601452181873e-11 8.4470107667131427e-12
2.2823016048692150e+20 9.0251721519081403e-11 8.4773062369870921e-12
2.4304942236223003e+20 8.9143896740826513e-11 8.4657597774960934e-12
2.5883091693307907e+20 8.7981679405180125e-11 8.4478341859061954e-12
2.7563712313858120e+20 8.6770452908916052e-11 8.4230844952665158e-12
2.9353457675134055e+20 8.5627851758089046e-11 8.4027595220162373e-12
3.1259413379260121e+20 8.5003414229337450e-11 8.4365999809297329e-12
3.3289125105122594e+20 8.4104889687504998e-11 8.4385514947000982e-12
3.5450628481715339e+20 8.2740359644618928e-11 8.3993314032878716e-12
3.7752480901193944e+20 8.1602811935896193e-11 8.3748240741421680e-12
4.0203795397594330e+20 8.0594739914922534e-11 8.3647857562381672e-12
4.2814276725334953e+20 8.0023965712315850e-11 8.4017109201296004e-12
4.5594259780339748e+20 7.8996753251140621e-11 8.3902931486866706e-12
4.8554750515894878e+20 7.7978240226225384e-11 8.3797526221340401e-12
5.1707469515216408e+20 7.6890983656509972e-11 8.3603465664281305e-12
5.5064898393243399e+20 7.5773225933519444e-11 8.3347265397562728e-12
5.8640329211352121e+20 7.5143365575221639e-11 8.3620933827715928e-12
6.2447917100627303e+20 7.4145478194867413e-11 8.3500374798207411e-12
6.6502736302031267e+20 7.2985197715974901e-11 8.3168994720127515e-12
7.0820839845321992e+20 7.2045893017655886e-11 8.3086350969006678e-12
7.5419323103003673e+20 7.1084870320198651e-11 8.2976884104083279e-12
8.0316391470907287e+20 7.0235842442968219e-11 8.2980837605819684e-12
8.5531432443353078e+20 6.9066362421770457e-11 8.2571685625947647e-12
9.1085092368247672e+20 6.8651669318510539e-11 8.3118818033888028e-12
9.6999358185972839e+20 6.7750009293929917e-11 8.3051567795674747e-12
1.0329764447569111e+21 6.6579285543469875e-11 8.2612285390948231e-12
1.1000488615366164e+21 6.5588480248525760e-11 8.2401409346079292e-12
1.1714763719058268e+21 6.5032988810019368e-11 8.2771409327410544e-12
1.2475417573876283e+21 6.4373465314979698e-11 8.2901306487759689e-12
1.3285461608532662e+21 6.3118546719474225e-11 8.2374477816406057e-12
1.4148102787468834e+21 6.2406304536400422e-11 8.2520506400400993e-12
1.5066756307227008e+21 6.1178933450598393e-11 8.1876687296383479e-12
1.6045059117214511e+21 6.0327906148132984e-11 8.1808340640315806e-12
1.7086884318386664e+21 5.9981362383638581e-11 8.2428898488276554e-12
1.8196356496853565e+21 5.8954248091707353e-11 8.2152496187939227e-12
1.9377868053117985e+21 5.6625956270723265e-11 7.9671990437730793e-12
2.0636096591588413e+21 5.6945649935667628e-11 8.1383904719088158e-12
2.1976023439216576e+21 5.4924610852021688e-11 7.9416293581501080e-12
2.3402953366571094e+21 5.6187704046683051e-11 8.2329287327269512e-12
2.4922535589424257e+21 5.2936754017783763e-11 7.8519127139957471e-12
2.6540786133999362e+21 5.2184023196676179e-11 7.8410025810690081e-12
2.8264111654417743e+21 5.1459934061126473e-11 7.8418335434881312e-12
3.0099334796644969e+21 5.0397587571684449e-11 7.7932032081096599e-12
3.2053721209345357e+21 5.1581437095783735e-11 8.1015879749427287e-12
3.4135008308587617e+21 5.1318625990717061e-11 8.1642815815312191e-12
3.6351435910275463e+21 4.8823866622365169e-11 7.8601866822561797e-12
3.8711778851578949e+21 4.6754492092664270e-11 7.6469343662916728e-12
4.1225381730518041e+21 4.5970019422067559e-11 7.6235334202652233e-12
4.3902195901224961e+21 4.6305912849793183e-11 7.7699478897517088e-12
4.6752818871358797e+21 4.4484649164523341e-11 7.5902047565844482e-12
4.9788536257638815e+21 4.3745681074877428e-11 7.5747194801057262e-12
5.3021366465601282e+21 4.3036362832650927e-11 7.5654540983038797e-12
5.6464108270471453e+21 4.2283851276433778e-11 7.5362033181623268e-12
6.0130391487512964e+21 4.1895166335074600e-11 7.5756985057635583e-12
6.4034730932471385e+21 4.0348831451053574e-11 7.4122863464918527e-12
6.8192583885730464e+21 3.9707601948305557e-11 7.4103419594733171e-12
7.2620411287685489e+21 3.8673678292927019e-11 7.3179680678683584e-12
7.7335742907612377e+21 3.7838581034981995e-11 7.2693294168985294e-12
8.2357246744021917e+21 3.7146839256152904e-11 7.2573409128323687e-12
8.7704802931273357e+21 3.6337009746049342e-11 7.2087913865475654e-12
9.3399582445023674e+21 3.6025548814574192e-11 7.2523890584112881e-12
9.9464130918127816e+21 3.5284154001801496e-11 7.2192719184990810e-12
1.0592245789880035e+22 3.4300203190767328e-11 7.1334679278695226e-12
1.1280013190441722e+22 3.3431948992711190e-11 7.0667919983181899e-12
1.2012438164728552e+22 3.3002974758506269e-11 7.0739007493372579e-12
1.2792420383311201e+22 3.2198908034151611e-11 7.0336916209133907e-12
1.3623047795897132e+22 3.1611679323327060e-11 6.9918219166833224e-12
1.4507608856523650e+22 3.0102347050383399e-11 6.8408796677636718e-12
1.5449605542547489e+22 3.0029440337442927e-11 6.8890302434483078e-12
1.6452767218974476e+22 2.9294491549562983e-11 6.8076358415374721e-12
1.7521065403015083e+22 2.8909731167221572e-11 6.8413630207523080e-12
1.8658729487322501e+22 2.7254095130162942e-11 6.6186949156386960e-12
1.9870263484158365e+22 2.7613910489550606e-11 6.7466924613740828e-12
2.1160463856777376e+22 2.6019196477236664e-11 6.5321827682064340e-12
2.2534438508627111e+22 2.6288034554957137e-11 6.6968258412278561e-12
2.3997627005537094e+22 2.5517969224183769e-11 6.6158311592667214e-12
2.5555822110961859e+22 2.4872268498507894e-11 6.5161357144018430e-12
2.7215192719531786e+22 2.4506258986990585e-11 6.5338651166233220e-12
2.8982308279707029e+22 2.4061038362807892e-11 6.5706680751446451e-12
3.0864164802226412e+22 2.3185423853047859e-11 6.4663167996702591e-12
3.2868212557313028e+22 2.2958923869163120e-11 6.5095685967223793e-12
3.5002385570297012e+22 2.1957392898242663e-11 6.3594710185716268e-12
3.7275133032420784e+22 2.0908237641794527e-11 6.1948854750929482e-12
3.9695452751190211e+22 2.3541505095797929e-11 7.0568487678264662e-12
4.2272926772694975e+22 2.3045184031896129e-11 7.0701507810166163e-12
4.5017759316929231e+22 2.2868812438028217e-11 7.1726597808642147e-12
4.7940817176302308e+22 1.9162927263001554e-11 6.1854893057528890e-12
5.1053672737268463e+22 1.9497303619275445e-11 6.4064380668511514e-12
5.4368649795409015e+22 2.1121065539165026e-11 6.9729120102498514e-12
5.7898872345339638e+22 1.9161198001365971e-11 6.5058924876423224e-12
6.1658316538605296e+22 1.7649914808039201e-11 6.1883705372929360e-12
6.5661866015269417e+22 1.6972997954287669e-11 6.0587384065263371e-12
6.9925370828242888e+22 1.8151879944862030e-11 6.5194236527714959e-12
7.4465710193649297e+22 1.7758756955979543e-11 6.5434804891431133e-12
7.9300859315642337e+22 1.7658861668932155e-11 6.6041405533046294e-12
8.4449960550239446e+22 1.8369138060245978e-11 7.0297263854823244e-12
8.9933399189916333e+22 1.7577618376321972e-11 6.9945244646653364e-12
