# #Columns: f_hz, Omega_GW
7.0614590564306433e-20 2.3195933451335370e-23
7.5199681805348543e-20 2.4210290982026182e-23
8.0082488596685097e-20 2.8143507722384231e-23
8.5282341971054397e-20 3.5754813626127352e-23
9.0819828148658764e-20 4.7686050259655689e-23
9.6716870038013523e-20 5.5262063116488935e-23
1.0299681402874536e-19 6.2487151500304623e-23
1.0968452241995048e-19 7.1645191692540046e-23
1.1680647185004193e-19 7.6622451045395463e-23
1.2439085811776280e-19 8.1726189642063558e-23
1.3246770780935810e-19 8.4595606839973893e-23
1.4106899717383434e-19 8.6833046143842246e-23
1.5022877871693214e-19 8.8913332345374912e-23
1.5998331601500181e-19 8.9660233873912555e-23
1.7037122728250727e-19 9.0137072993559292e-23
1.8143363826154172e-19 9.0133730686214344e-23
1.9321434503864638e-19 8.9975401838963996e-23
2.0575998743352238e-19 8.9690788534827182e-23
2.1912023364608392e-19 8.9377146748923298e-23
2.3334797689286813e-19 8.9061162674376931e-23
2.4849954481128640e-19 8.8710245157284627e-23
2.6463492246074756e-19 8.8359918931597214e-23
2.8181798980351755e-19 8.7991811206652268e-23
3.0011677460549801e-19 8.7619675499042800e-23
3.1960372175815932e-19 8.7248868041767164e-23
3.4035598008787756e-19 8.6871158990875890e-23
3.6245570778814755e-19 8.6494832912392661e-23
3.8599039768388083e-19 8.6115140495909361e-23
4.1105322361551306e-19 8.5735442043179369e-23
4.3774340931424991e-19 8.5357101819409442e-23
4.6616662122883089e-19 8.4977927586415283e-23
4.9643538685901588e-19 8.4600084956135011e-23
5.2866954025197117e-19 8.4222290475045895e-23
5.6299669642527752e-19 8.3845432651832120e-23
5.9955275659480285e-19 8.3469877271848167e-23
6.3848244620763158e-19 8.3095020873656659e-23
6.7993988791013235e-19 8.2721450712121340e-23
7.2408921171953427e-19 8.2348813274520886e-23
7.7110520481468418e-19 8.1977449792569226e-23
8.2117400351851559e-19 8.1607150817155456e-23
8.7449383021177399e-19 8.1238057529316403e-23
9.3127577809544629e-19 8.0870226830715776e-23
9.9174464690877591e-19 8.0503556678625110e-23
1.0561398329114589e-18 8.0138138747847291e-23
1.1247162766534636e-18 7.9773915003661428e-23
1.1977454722847127e-18 7.9410921340101191e-23
1.2755165424004460e-18 7.9049171745855950e-23
1.3583373826776192e-18 7.8688637290355855e-23
1.4465358808339384e-18 7.8329340422444746e-23
1.5404612147353607e-18 7.7971264125244221e-23
1.6404852347913273e-18 7.7614414036147923e-23
1.7470039361105794e-18 7.7258792593043656e-23
1.8604390262458391e-18 7.6904389476614377e-23
1.9812395947340795e-18 7.6551207517190898e-23
2.1098838910420556e-18 7.6199241838229558e-23
2.2468812179560000e-18 7.5848491352271610e-23
2.3927739479114336e-18 7.5498954813651427e-23
2.5481396702457078e-18 7.5150628575022661e-23
2.7135934778742539e-18 7.4803511037124297e-23
2.8897904024435385e-18 7.4457599208852289e-23
3.0774280076014287e-18 7.4112891367052607e-23
3.2772491506517555e-18 7.3769383156062520e-23
3.4900449235265114e-18 7.3427072882465347e-23
3.7166577847188730e-18 7.3085956859496243e-23
3.9579848945765204e-18 7.2746034151621007e-23
4.2149816671595635e-18 7.2407301964966150e-23
4.4886655527249189e-18 7.2069756132458540e-23
4.7801200658120368e-18 7.1733394549343606e-23
5.0904990748770968e-18 7.1398212908611983e-23
5.4210313704583642e-18 7.1064208194826074e-23
5.7730255299581244e-18 7.0731379418840059e-23
6.1478750983007787e-18 7.0399722988696967e-23
6.5470641049773632e-18 7.0069237677601219e-23
6.9721729393185495e-18 6.9739918967650020e-23
7.4248846072561760e-18 6.9411765321856024e-23
7.9069913943439824e-18 6.9084772936514975e-23
8.4204019614163163e-18 6.8758937871147568e-23
8.9671489009766862e-18 6.8434259995178221e-23
9.5493967842317229e-18 6.8110734972765413e-23
1.0169450730628854e-17 6.7788360710394435e-23
1.0829765533824553e-17 6.7467134110125910e-23
1.1532955380212718e-17 6.7147051549218608e-23
1.2281804198488978e-17 6.6828110759209857e-23
1.3079276681224715e-17 6.6510309770409324e-23
1.3928530022085429e-17 6.6193646382473657e-23
1.4832926415160845e-17 6.5878117902655747e-23
1.5796046365891706e-17 6.5563721361642875e-23
1.6821702866291402e-17 6.5250453279650653e-23
1.7913956490581773e-17 6.4938311575850578e-23
1.9077131471007048e-17 6.4627292421229834e-23
2.0315832817469791e-17 6.4317395246290820e-23
2.1634964548765836e-17 6.4008615550487221e-23
2.3039749107595304e-17 6.3700951836584383e-23
2.4535748036213870e-17 6.3394401136920817e-23
2.6128883994579439e-17 6.3088959461158709e-23
2.7825464208163601e-17 6.2784625695056497e-23
2.9632205438258206e-17 6.2481395543046023e-23
3.1556260573634040e-17 6.2179266924589779e-23
3.3605246948828640e-17 6.1878236456799104e-23
3.5787276501174664e-17 6.1578302733378034e-23
3.8110987885960730e-17 6.1279462489347667e-23
4.0585580676869076e-17 6.0981713453904474e-23
4.3220851787088888e-17 6.0685052743173453e-23
4.6027234255296956e-17 6.0389478191102382e-23
4.9015838550059028e-17 6.0094986927863277e-23
5.2198496556176623e-17 5.9801576686785644e-23
5.5587808417120402e-17 5.9509244600461100e-23
5.9197192418999645e-17 5.9217987820120356e-23
6.3040938113559151e-17 5.8927804289908830e-23
6.7134262890516263e-17 5.8638690368796303e-23
7.1493372223208640e-17 5.8350643779668500e-23
7.6135523826065723e-17 5.8063660792687369e-23
8.1079095977902207e-17 5.7777740668923115e-23
8.6343660281526494e-17 5.7492879693819549e-23
9.1950059147718434e-17 5.7209076016878211e-23
9.7920488310336924e-17 5.6926325845231712e-23
1.0427858469923301e-16 5.6644626506947188e-23
1.1104952001885788e-16 5.6363976274526157e-23
1.1826010040304494e-16 5.6084372216998304e-23
1.2593887254049661e-16 5.5805812048246747e-23
1.3411623669112906e-16 5.5528293224128102e-23
1.4282456704070481e-16 5.5251812323404901e-23
1.5209833987023914e-16 5.4976367106423261e-23
1.6197427004760092e-16 5.4701954669642711e-23
1.7249145638167881e-16 5.4428572011321017e-23
1.8369153641457204e-16 5.4156218255668504e-23
1.9561885126462424e-16 5.3884890099173050e-23
2.0832062117291736e-16 5.3614584869054374e-23
2.2184713244821165e-16 5.3345299853959513e-23
2.3625193655044974e-16 5.3077032654292486e-23
2.5159206210099350e-16 5.2809780558465377e-23
2.6792824065894243e-16 5.2543540720998438e-23
2.8532514715738610e-16 5.2278310439896480e-23
3.0385165595147141e-16 5.2014087896391140e-23
3.2358111349198497e-16 5.1750869319243613e-23
3.4459162870395971e-16 5.1488653523873484e-23
3.6696638221992168e-16 5.1227437474055386e-23
3.9079395569202450e-16 5.0967218782103995e-23
4.1616868248682070e-16 5.0707995454577721e-23
4.4319102115107479e-16 5.0449764219684783e-23
4.7196795312716151e-16 5.0192523012179511e-23
5.0261340629261217e-16 4.9936268293310173e-23
5.3524870600059374e-16 4.9680998436153502e-23
5.7000305540700256e-16 4.9426710027256457e-23
6.0701404698577327e-16 4.9173400536760133e-23
6.4642820725750008e-16 4.8921067846127516e-23
6.8840157688795499e-16 4.8669708951157025e-23
7.3310032845310240e-16 4.8419322430092095e-23
7.8070142431634680e-16 4.8169905206948995e-23
8.3139331722256095e-16 4.7921455249308413e-23
8.8537669638251828e-16 4.7673969753998265e-23
9.4286528200150946e-16 4.7427445469557312e-23
1.0040866713976698e-15 4.7181880513024373e-23
1.0692832400597796e-15 4.6937272095512427e-23
1.1387131012118635e-15 4.6693617977903349e-23
1.2126511276834852e-15 4.6450915996401967e-23
1.2913900401313024e-15 4.6209163631812540e-23
1.3752415659201924e-15 4.5968358269655310e-23
1.4645376732519398e-15 4.5728497127214233e-23
1.5596318854273720e-15 4.5489577416447170e-23
1.6609006804451778e-15 4.5251596673000552e-23
1.7687449814783331e-15 4.5014552712164494e-23
1.8835917441290041e-15 4.4778442701982570e-23
2.0058956467458463e-15 4.4543264599402775e-23
2.1361408904956242e-15 4.4309015715411427e-23
2.2748431163157063e-15 4.4075694421038308e-23
2.4225514463366168e-15 4.3843297319292017e-23
2.5798506578566012e-15 4.3611822610038926e-23
2.7473634984750351e-15 4.3381268150195939e-23
2.9257531515502743e-15 4.3151631032793810e-23
3.1157258617426255e-15 4.2922909426871623e-23
3.3180337310370635e-15 4.2695099895889775e-23
3.5334776963151159e-15 4.2468200403256179e-23
3.7629107002640382e-15 4.2242207964730749e-23
4.0072410681770503e-15 4.2017120264128168e-23
4.2674361040133138e-15 4.1792935624465407e-23
4.5445259199543838e-15 4.1569651655359240e-23
4.8396075146185347e-15 4.1347265907387991e-23
5.1538491160783816e-15 4.1125775941303021e-23
5.4884948068759926e-15 4.0905178052564952e-23
5.8448694493458796e-15 4.0685470678134632e-23
6.2243839307450914e-15 4.0466650912447737e-23
6.6285407489560776e-15 4.0248716710406241e-23
7.0589399608760532e-15 4.0031666026775819e-23
7.5172855170423857e-15 3.9815496181599743e-23
8.0053920075730380e-15 3.9600205088747990e-23
8.5251918461291389e-15 3.9385790009163011e-23
9.0787429203408257e-15 3.9172248416844309e-23
9.6682367389846951e-15 3.8959578011461053e-23
1.0296007108167402e-14 3.8747776590472526e-23
1.0964539370864203e-14 3.8536841454596217e-23
1.1676480246392305e-14 3.8326771110237761e-23
1.2434648308772835e-14 3.8117561977888696e-23
1.3242045145465822e-14 3.7909212888236582e-23
1.4101867240655447e-14 3.7701721459341530e-23
1.5017518630131190e-14 3.7495085170225676e-23
1.5992624377866047e-14 3.7289301527408011e-23
1.7031044927645390e-14 3.7084367389599841e-23
1.8136891386564222e-14 3.6880281084353794e-23
1.9314541800900821e-14 3.6677039155060759e-23
2.0568658488802655e-14 3.6474639799506394e-23
2.1904206498404311e-14 3.6273080809936824e-23
2.3326473264453840e-14 3.6072360238498583e-23
2.4841089541267776e-14 3.5872475761255661e-23
2.6454051694887881e-14 3.5673425180930682e-23
2.8171745442695525e-14 3.5475206043951041e-23
3.0000971134467255e-14 3.5277816026690018e-23
3.1948970674960657e-14 3.5081252457055683e-23
3.4023456194616402e-14 3.4885513729674527e-23
3.6232640581883379e-14 3.4690597100513827e-23
3.8585269998045255e-14 3.4496500300014453e-23
4.1090658503274495e-14 3.4303220979149535e-23
4.3758724930997280e-14 3.4110756455038879e-23
4.6600032156556646e-14 3.3919104965960380e-23
4.9625828915637617e-14 3.3728264029064299e-23
5.2848094338012786e-14 3.3538231691983952e-23
5.6279585372918866e-14 3.3349004897324802e-23
5.9933887293820841e-14 3.3160582031505742e-23
6.3825467482510729e-14 3.2972960420579145e-23
6.7969732705474329e-14 3.2786137913841056e-23
7.2383090109282203e-14 3.2600112247846439e-23
7.7083012176484238e-14 3.2414880920726316e-23
8.2088105899171466e-14 3.2230441766527521e-23
8.7418186444059289e-14 3.2046791793748427e-23
9.3094355600735404e-14 3.1863929908587262e-23
9.9139085323648338e-14 3.1681853373804897e-23
1.0557630669857696e-13 3.1500560326682331e-23
1.1243150468580272e-13 3.1320048985514413e-23
1.1973181901507155e-13 3.1140316354088842e-23
1.2750615163178630e-13 3.0961360250636521e-23
1.3578528111981283e-13 3.0783177508584332e-23
1.4460198455389878e-13 3.0605766503834138e-23
1.5399116726411506e-13 3.0429125013895749e-23
1.6399000102606304e-13 3.0253251066126469e-23
1.7463807122394019e-13 3.0078142575638303e-23
1.8597753356907902e-13 2.9903796903016200e-23
1.9805328099441672e-13 2.9730212068949127e-23
2.1091312138562002e-13 2.9557385339172418e-23
2.2460796685251200e-13 2.9385314842323399e-23
2.3919203529012306e-13 2.9213998213694322e-23
2.5472306502734186e-13 2.9043433625081215e-23
2.7126254341296863e-13 2.8873619177105215e-23
2.8887595024413830e-13 2.8704552020313730e-23
3.0763301700084369e-13 2.8536230119838111e-23
3.2760800291287499e-13 2.8368650664542589e-23
3.4887998895212270e-13 2.8201812796264106e-23
3.7153319091415204e-13 2.8035712942049573e-23
3.9565729282855044e-13 2.7870350071557092e-23
4.2134780201801546e-13 2.7705721450852718e-23
4.4870642721185185e-13 2.7541825299949630e-23
4.7784148121085216e-13 2.7378659345486447e-23
5.0886830969768219e-13 2.7216220854559197e-23
5.4190974789045752e-13 2.7054508084833455e-23
5.7709660684739121e-13 2.6893518039287657e-23
6.1456819134778475e-13 2.6733249326687709e-23
6.5447285139967004e-13 2.6573699341362709e-23
6.9696856955751638e-13 2.6414865967208865e-23
7.4222358637517572e-13 2.6256747144191946e-23
7.9041706647026186e-13 2.6099341468214411e-23
8.4173980783690076e-13 2.5942646252754473e-23
8.9639499721500479e-13 2.5786659569727440e-23
9.5459901450660751e-13 2.5631379306404373e-23
1.0165822894239314e-12 2.5476802845646025e-23
1.0825902137606372e-12 2.5322928201561116e-23
1.1528841128979732e-12 2.5169753086506247e-23
1.2277422803920019e-12 2.5017275436957356e-23
1.3074610797378086e-12 2.4865492897765452e-23
1.3923561176726386e-12 2.4714403902343805e-23
1.4827634936629932e-12 2.4564006176579823e-23
1.5790411305224704e-12 2.4414297483002206e-23
1.6815701914282407e-12 2.4265275994286971e-23
1.7907565889460985e-12 2.4116939537357756e-23
1.9070325920383718e-12 2.3969286003676989e-23
2.0308585374168155e-12 2.3822312710556606e-23
2.1627246520156899e-12 2.3676018038610368e-23
2.3031529938002705e-12 2.3530399723854573e-23
2.4526995185944167e-12 2.3385455604816655e-23
2.6119562811097244e-12 2.3241184053142177e-23
2.7815537788902221e-12 2.3097582712827551e-23
2.9621634484522477e-12 2.2954649588069901e-23
3.1545003235016687e-12 2.2812382724140408e-23
3.3593258657524649e-12 2.2670779729774719e-23
3.5774509795537117e-12 2.2529838507899040e-23
3.8097392222600271e-12 2.2389556969118552e-23
4.0571102230552733e-12 2.2249932856730722e-23
4.3205433237645763e-12 2.2110964652825213e-23
4.6010814560687613e-12 2.1972649874725782e-23
4.8998352704710463e-12 2.1834986890616420e-23
5.2179875333624768e-12 2.1697973338139655e-23
5.5567978095942525e-12 2.1561607021291070e-23
5.9176074490951735e-12 2.1425885814409039e-23
6.3018448972761255e-12 2.1290807538941099e-23
6.7110313502456762e-12 2.1156370377096425e-23
7.1467867772257215e-12 2.1022572489240231e-23
7.6108363340097666e-12 2.0889411788175830e-23
8.1050171928549974e-12 2.0756886466738009e-23
8.6312858158474389e-12 2.0624994108832050e-23
9.1917257005357614e-12 2.0493732765076996e-23
9.7885556284981451e-12 2.0363100304279428e-23
1.0424138449498972e-11 2.0233095008034229e-23
1.1100990436011334e-11 2.0103714896591817e-23
1.1821791245140089e-11 1.9974957878947841e-23
1.2589394527384636e-11 1.9846822087180292e-23
1.3406839224241835e-11 1.9719305104687839e-23
1.4277361599375497e-11 1.9592405250473639e-23
1.5204408050984846e-11 1.9466120061682568e-23
1.6191648756095427e-11 1.9340448010024030e-23
1.7242992200790337e-11 1.9215386937131650e-23
1.8362600653907445e-11 1.9090934888519826e-23
1.9554906645461867e-11 1.8967089797983341e-23
2.0824630515033158e-11 1.8843849617560471e-23
2.2176799099590250e-11 1.8721212556620058e-23
2.3616765634739704e-11 1.8599176676208563e-23
2.5150230948186084e-11 1.8477739927495980e-23
2.6783266029309996e-11 1.8356900223931846e-23
2.8522336064215268e-11 1.8236655560852452e-23
3.0374326031401983e-11 1.8117003958152643e-23
3.2346567959397167e-11 1.7997943345736078e-23
3.4446869954256606e-11 1.7879472163757076e-23
3.6683547111858273e-11 1.7761588278351865e-23
3.9065454437367225e-11 1.7644289870496968e-23
4.1602021902202761e-11 1.7527575002828010e-23
4.4303291777296385e-11 1.7411441528155728e-23
4.7179958390443796e-11 1.7295887612567361e-23
5.0243410465149815e-11 1.7180911008623812e-23
5.3505776208587081e-11 1.7066510305944115e-23
5.6979971327168689e-11 1.6952683422550376e-23
6.0679750159832338e-11 1.6839428292597210e-23
6.4619760131469885e-11 1.6726743125587348e-23
6.8815599742084433e-11 1.6614625797133634e-23
7.3283880321253564e-11 1.6503074251469132e-23
7.8042291792386585e-11 1.6392086768862856e-23
8.3109672707131944e-11 1.6281661305678373e-23
8.8506084827206799e-11 1.6171796265602358e-23
9.4252892548914095e-11 1.6062489509997790e-23
1.0037284748478996e-10 1.5953739279060428e-23
1.0689017853724235e-10 1.5845543542920292e-23
1.1383068782077657e-10 1.5737900300092289e-23
1.2122185281257160e-10 1.5630808005465225e-23
1.2909293513581549e-10 1.5524264707093398e-23
1.3747509640647553e-10 1.5418268520396944e-23
1.4640152160213930e-10 1.5312817456990364e-23
1.5590755044134793e-10 1.5207909617629052e-23
1.6603081729354279e-10 1.5103543156614308e-23
1.7681140017354158e-10 1.4999716257283219e-23
1.8829197941040369e-10 1.4896426879883054e-23
2.0051800661885874e-10 1.4793673308491579e-23
2.1353788464225429e-10 1.4691453657162447e-23
2.2740315917942287e-10 1.4589766126650096e-23
2.4216872285410501e-10 1.4488608947461743e-23
2.5789303253485769e-10 1.4387980104988149e-23
2.7463834076580370e-10 1.4287877948502244e-23
2.9247094222446100e-10 1.4188300428808343e-23
3.1146143618238459e-10 1.4089245675697596e-23
3.3168500600768497e-10 1.3990711778966417e-23
3.5322171681599706e-10 1.3892696689150199e-23
3.7615683244828283e-10 1.3795198910249183e-23
4.0058115303038867e-10 1.3698216513401104e-23
4.2659137445075414e-10 1.3601747597674604e-23
4.5429047117945405e-10 1.3505790559556492e-23
4.8378810394412915e-10 1.3410343357361283e-23
5.1520105387682820e-10 1.3315404414898311e-23
5.4865368485052323e-10 1.3220971697018953e-23
5.8427843583569730e-10 1.3127043369225226e-23
6.2221634522625572e-10 1.3033617895067815e-23
6.6261760921053214e-10 1.2940693168112076e-23
7.0564217639802739e-10 1.2848267724729907e-23
7.5146038105597385e-10 1.2756339485841652e-23
8.0025361746272170e-10 1.2664906854450098e-23
8.5221505804770796e-10 1.2573967988062138e-23
9.0755041816114384e-10 1.2483521064929375e-23
9.6647877050109387e-10 1.2393564350410439e-23
1.0292334124223294e-09 1.2304095799671388e-23
1.0960627895605846e-09 1.2215113933006376e-23
1.1672314794288608e-09 1.2126616773077451e-23
1.2430212388798308e-09 1.2038602650717336e-23
1.3237321195812773e-09 1.1951069753886549e-23
1.4096836559206544e-09 1.1864016529311248e-23
1.5012161300417907e-09 1.1777441206844496e-23
1.5986919190219365e-09 1.1691341872142307e-23
1.7024969295226552e-09 1.1605716855093662e-23
1.8130421255943742e-09 1.1520564195934031e-23
1.9307651556830750e-09 1.1435882137330194e-23
2.0561320852805760e-09 1.1351668997799139e-23
2.1896392420778705e-09 1.1267923116718269e-23
2.3318151809265212e-09 1.1184642869936418e-23
2.4832227763873772e-09 1.1101826434643227e-23
2.6444614511510771e-09 1.1019472100031454e-23
2.8161695491525002e-09 1.0937578069244633e-23
2.9990268627745302e-09 1.0856142389691721e-23
3.1937573241461795e-09 1.0775163557112926e-23
3.4011318711899833e-09 1.0694639620839912e-23
3.6219714997653253e-09 1.0614569223166310e-23
3.8571505139912119e-09 1.0534950519316528e-23
4.1075999876163065e-09 1.0455781829274297e-23
4.3743114501400888e-09 1.0377061604354997e-23
4.6583408122782518e-09 1.0298787931711908e-23
4.9608125463133540e-09 1.0220959203658427e-23
5.2829241378808121e-09 1.0143573550236506e-23
5.6259508268145735e-09 1.0066629375810775e-23
5.9912506558218661e-09 9.9901249889309578e-24
6.3802698469744387e-09 9.9140587360755155e-24
6.7945485273019380e-09 9.8384289179312436e-24
7.2357268261549902e-09 9.7632339052537353e-24
7.7055513684776413e-09 9.6884718302129301e-24
8.2058821896955659e-09 9.6141412151827170e-24
8.7387000995966784e-09 9.5402403688142576e-24
9.3061145243573249e-09 9.4667676982197411e-24
9.9103718577607518e-09 9.3937215389457781e-24
1.0553864354670555e-08 9.3211002312386128e-24
1.1239139601967767e-08 9.2489019188780987e-24
1.1968910604447814e-08 9.1771249499730619e-24
1.2746066525606820e-08 9.1057676542234276e-24
1.3573684125840282e-08 9.0348285075760403e-24
1.4455039943337824e-08 8.9643059146799085e-24
1.5393623265898549e-08 8.8941982337593942e-24
1.6393149945021578e-08 8.8245037872975000e-24
1.7457577106962828e-08 8.7552208584265261e-24
1.8591118818998369e-08 8.6863478268009256e-24
1.9798262772917290e-08 8.6178830179535899e-24
2.1083788051794031e-08 8.5498249385876988e-24
2.2452784050379250e-08 8.4821717764789779e-24
2.3910670624013810e-08 8.4149222240940674e-24
2.5463219545837118e-08 8.3480744677728867e-24
2.7116577357237699e-08 8.2816271082028302e-24
2.8877289702011233e-08 8.2155784365879727e-24
3.0752327240565680e-08 8.1499268399819810e-24
3.2749113246766086e-08 8.0846707077185783e-24
3.4875552996677256e-08 8.0198082404205163e-24
3.7140065065552619e-08 7.9553378240331514e-24
3.9551614656974826e-08 7.8912579673940054e-24
4.2119749096097687e-08 7.8275672229524341e-24
4.4854635627508470e-08 7.7642639891216906e-24
4.7767101667349541e-08 7.7013467490750331e-24
5.0868677669060985e-08 7.6388138616605334e-24
5.4171642772447152e-08 7.5766636475784115e-24
5.7689073416792754e-08 7.5148946335765735e-24
6.1434895110487530e-08 7.4535051552998809e-24
6.5423937562116793e-08 7.3924938350869351e-24
6.9671993391278179e-08 7.3318589007240611e-24
7.4195880651565814e-08 7.2715988001895960e-24
7.9013509413246385e-08 7.2117120826843771e-24
8.4143952669229429e-08 7.1521969953784931e-24
8.9607521845050149e-08 7.0930521633549722e-24
9.5425847211803829e-08 7.0342758990061132e-24
1.0162196352039325e-07 6.9758668072425459e-24
1.0822040119611035e-07 6.9178233794499062e-24
1.1524728345459309e-07 6.8601439788726990e-24
1.2273042972363931e-07 6.8028271863376672e-24
1.3069946578032695e-07 6.7458713033267647e-24
1.3918594103946656e-07 6.6892750050955707e-24
1.4822345345774067e-07 6.6330366264940348e-24
1.5784778254801862e-07 6.5771547069906386e-24
1.6809703103045084e-07 6.5216276792630079e-24
1.7901177568114686e-07 6.4664539533338963e-24
1.9063522797563567e-07 6.4116322334169640e-24
2.0301340516309803e-07 6.3571608689326669e-24
2.1619531244867288e-07 6.3030384567994664e-24
2.3023313700505807e-07 6.2492633567087194e-24
2.4518245458154575e-07 6.1958340708340381e-24
2.6110244952841681e-07 6.1427490978930233e-24
2.7805614910778446e-07 6.0900069071673843e-24
2.9611067301854851e-07 6.0376060874560161e-24
3.1533749912327447e-07 5.9855450941936609e-24
3.3581274642907957e-07 5.9338224993660996e-24
3.5761747644277239e-07 5.8824366492146983e-24
3.8083801409338719e-07 5.8313859997151038e-24
4.0556628949258241e-07 5.7806687889243011e-24
4.3190020188595415e-07 5.7302833780510386e-24
4.5994400723618620e-07 5.6802281039561200e-24
4.8980873097239199e-07 5.6305009034849014e-24
5.2161260753982924e-07 5.5811000315597615e-24
5.5548154849007346e-07 5.5320230640077781e-24
5.9154964096485390e-07 5.4832679142012421e-24
6.2995967854709737e-07 5.4348322194123320e-24
6.7086372658070316e-07 5.3867140022907325e-24
7.1442372419729565e-07 5.3389119346937233e-24
7.6081212543325346e-07 5.2914250469067178e-24
8.1021258197524302e-07 5.2442527290960133e-24
8.6282067023731400e-07 5.1973933768470037e-24
9.1884466564789732e-07 5.1508541343533279e-24
9.7850636721230833e-07 5.1047200567113613e-24
1.0420419756149803e-06 5.0594599389987240e-24
1.1097030283380588e-06 5.0169715500129565e-24
1.1817573954983061e-06 4.9835463022334274e-24
1.2584903403448989e-06 4.9771248567015438e-24
1.3402056486167364e-06 5.0429580859141682e-24
1.4272268312301415e-06 5.2844018093097641e-24
1.5198984050586944e-06 5.9191436520728169e-24
1.6185872568755527e-06 7.3764477450675435e-24
1.7236840958581929e-06 1.0462908156839749e-23
1.8356050004061881e-06 1.6638464297451794e-23
1.9547930653955386e-06 2.8476224859223076e-23
2.0817201563914446e-06 5.0422642659714553e-23
2.2168887777641001e-06 9.0056772757117688e-23
2.3608340621035091e-06 1.6018727559903180e-22
2.5141258888096022e-06 2.8228724296401787e-22
2.6773711402447094e-06 4.9212817635770512e-22
2.8512161043810482e-06 8.4912328394830069e-22
3.0363490334548405e-06 1.4514413557010194e-21
3.2335028687569267e-06 2.4610449122999623e-21
3.4434581423476081e-06 4.1444525061386948e-21
3.6670460671829711e-06 6.9395207841507912e-21
3.9051518278873112e-06 1.1563787520565266e-20
4.1587180851989434e-06 1.9191902103695413e-20
4.4287487079644057e-06 3.1742707907655373e-20
4.7163127474552716e-06 5.2345278768283480e-20
5.0225486697421525e-06 8.6102196682343750e-20
5.3486688628823001e-06 1.4128912417283397e-19
5.6959644367637522e-06 2.3135502817182890e-19
6.0658103346098587e-06 3.7805448624510820e-19
6.4596707763795580e-06 6.1659749145987304e-19
6.8791050556142346e-06 1.0036748383092452e-18
7.3257737126814123e-06 1.6304418948277748e-18
7.8014451088538669e-06 2.6434742484545703e-18
8.3080024272525237e-06 4.2767983964493392e-18
8.8474511283685450e-06 6.9034093795597520e-18
9.4219268896814354e-06 1.1115360092239136e-17
1.0033704060806985e-05 1.7849942711738720e-17
1.0685204667647097e-05 2.8582272702496340e-17
1.1379008001191292e-05 4.5623253142758395e-17
1.2117860828929402e-05 7.2573528642949154e-17
1.2904688269305051e-05 1.1500841762017165e-16
1.3742605372259715e-05 1.8150580155762689e-16
1.4634929451715502e-05 2.8517930667620602e-16
1.5585193218822192e-05 4.4588439011539463e-16
1.6597158767960225e-05 6.9348592115219554e-16
1.7674832470873692e-05 1.0723013609482247e-15
1.8822480837896281e-05 1.6477355217631184e-15
2.0044647409065766e-05 2.5148304660757367e-15
2.1346170742000686e-05 3.8102315616292164e-15
2.2732203567749343e-05 5.7273597755328370e-15
2.4208233190453854e-05 8.5362369642544671e-15
2.5780103211587528e-05 1.2607318655327994e-14
2.7454036664773229e-05 1.8439036714464438e-14
2.9236660652775744e-05 2.6689660622560673e-14
3.1135032584200826e-05 3.8208489299242712e-14
3.3156668113778602e-05 5.4064627686452912e-14
3.5309570896839714e-05 7.5570258527691442e-14
3.7602264275789624e-05 1.0428646998824551e-13
4.0043825024021630e-05 1.4201309431843808e-13
4.2643919280862917e-05 1.9076334634423964e-13
4.5412840819823690e-05 2.5268063033722760e-13
4.8361551801645189e-05 3.2998495388358052e-13
5.1501726173497975e-05 4.2488197271623095e-13
5.4845795886139377e-05 5.3949127283995090e-13
5.8407000112006770e-05 6.7582294183926794e-13
6.2199437659106159e-05 8.3580338206445531e-13
6.6238122788191193e-05 1.0213911268123178e-12
7.0539044654226941e-05 1.2348017956361156e-12
7.5119230607455112e-05 1.4787552422794988e-12
7.9996813604674109e-05 1.7568183943330174e-12
8.5191103997621541e-05 2.0737252612707110e-12
9.0722665982654390e-05 2.4356697218722432e-12
9.6613399014410371e-05 2.8505357548341781e-12
1.0288662450574621e-04 3.3280812038205425e-12
1.0956717815721929e-04 3.8800515649981742e-12
1.1668150828162754e-04 4.5202234310279776e-12
1.2425778051288028e-04 5.2644849714635959e-12
1.3232598931375324e-04 6.1309261708276548e-12
1.4091807672396279e-04 7.1399689931448810e-12
1.5006805881871270e-04 8.3146475819497035e-12
1.5981216037833738e-04 9.6809277448608722e-12
1.7018895830220819e-04 1.1268231513150716e-11
1.8123953433469208e-04 1.3110034720117801e-11
1.9300763770777225e-04 1.5244571681545536e-11
2.0553985834427337e-04 1.7715698443925920e-11
2.1888581130736809e-04 2.0573683847620843e-11
2.3309833322661343e-04 2.3876205073265331e-11
2.4823369147818655e-04 2.7689242890859896e-11
2.6435180694741960e-04 3.2088080496699222e-11
2.8151649125560867e-04 3.7158455246221887e-11
2.9979569939021425e-04 4.2997566604289420e-11
3.1926179873868071e-04 4.9715555534391114e-11
3.3999185559092704e-04 5.7436709184093056e-11
3.6206794024479011e-04 6.6301000497482720e-11
3.8557745192236391e-04 7.6465719141524941e-11
4.1061346478350871e-04 8.8106708845020164e-11
4.3727509640648294e-04 1.0142035509405163e-10
4.6566790019444092e-04 1.1662453227790892e-10
4.9590428326135765e-04 1.3396011291839494e-10
5.2810395145183489e-04 1.5369200233393839e-10
5.6239438325652365e-04 1.7610914609427366e-10
5.9891133449951537e-04 2.0152533678778471e-10
6.3779937579565510e-04 2.3027737974844372e-10
6.7921246490560967e-04 2.6272380600817444e-10
7.2331455625469852e-04 2.9924141561291130e-10
7.7028025002844134e-04 3.4021951750895543e-10
8.2029548341476348e-04 3.8605412624049764e-10
8.7355826672929748e-04 4.3713651120079247e-10
9.3027946733830120e-04 4.9384215731917901e-10
9.9068364448253463e-04 5.5651420341836934e-10
1.0550099383073730e-03 6.2544371079765693e-10
1.1235130166186557e-03 7.0084919132854277e-10
1.1964640831125329e-03 7.8284824444125819e-10
1.2741519510710011e-03 8.7143383099823687e-10
1.3568841867736459e-03 9.6644509865767012e-10
1.4449883271526558e-03 1.0675436972230887e-09
1.5388131765115519e-03 1.1742000208032577e-09
1.6387301874414323e-03 1.2856850442191124e-09
1.7451349314019171e-03 1.4010943749883017e-09
1.8584486647885070e-03 1.5193908411260851e-09
1.9791199966868178e-03 1.6394942319014834e-09
2.1076266649158941e-03 1.7604210083875704e-09
2.2444774273924057e-03 1.8814732199881486e-09
2.3902140763032639e-03 2.0025017728448552e-09
2.5454135830609019e-03 2.1242060973046726e-09
2.7106903825333080e-03 2.2484793356539240e-09
2.8866988055915883e-03 2.3787364577454373e-09
3.0741356696061214e-03 2.5201756622832625e-09
3.2737430371465597e-03 2.6798822302910487e-09
3.4863111538075602e-03 2.8666737241635020e-09
3.7126815767913835e-03 3.0905804322210084e-09
3.9537505066327468e-03 3.3618873488144627e-09
4.2104723352570667e-03 3.6896978327371095e-09
4.4838634244181346e-03 4.0801423292307503e-09
4.7750061294743211e-03 4.5343373957149814e-09
5.0850530844338427e-03 5.0465890921859062e-09
5.4152317652326441e-03 5.6030797279801663e-09
5.7668493493120733e-03 6.1816438652686475e-09
6.1412978907344380e-03 6.7529593973330403e-09
6.5400598313250582e-03 7.2830335297424582e-09
6.9647138696600089e-03 7.7370621119376109e-09
7.4169412111335714e-03 8.0836215880137724e-09
7.8985322238510590e-03 8.2986646615154793e-09
8.4113935266959105e-03 8.3684039658182590e-09
8.9575555376345331e-03 8.2904666603450226e-09
9.5391805121411381e-03 8.0733353238541567e-09
1.0158571103567200e-02 7.7343413925158134e-09
1.0818179479346926e-02 7.2967670763081255e-09
1.1520617029127808e-02 6.7868341014999422e-09
1.2268664703263181e-02 6.2309453379031375e-09
1.3065284022594792e-02 5.6535590908223242e-09
1.3913628803113892e-02 5.0757080181539102e-09
1.4817057641919899e-02 4.5142755190748330e-09
1.5779147213905872e-02 3.9817977884821045e-09
1.6803706431815710e-02 3.4867413430148505e-09
1.7894791525729870e-02 3.0340480175441381e-09
1.9056722101680364e-02 2.6258039826127593e-09
2.0294098242972621e-02 2.2619119771637443e-09
2.1611818721914686e-02 1.9407150062028280e-09
2.3015100394058737e-02 1.6595254213084064e-09
2.4509498851731544e-02 1.4150529109541033e-09
2.6100930418626479e-02 1.2037233267953499e-09
2.7795695572529304e-02 1.0219192494882369e-09
2.9600503888909859e-02 8.6613837241815100e-10
3.1522500604133828e-02 7.3309769297328120e-10
3.3569294903452562e-02 6.1978836020570443e-10
3.5748990045770229e-02 5.2350047443177836e-10
3.8070215444446213e-02 4.4182901803018470e-10
4.0542160831142780e-02 3.7265960465338933e-10
4.3174612637976138e-02 3.1415159420381097e-10
4.5977992741999846e-02 2.6471203583817604e-10
4.8963399725419882e-02 2.2297031393556580e-10
5.2142652814882104e-02 1.8775230988804909e-10
5.5528338673790797e-02 1.5805526490456631e-10
5.9133861232913712e-02 1.3302565376400490e-10
6.2973494756542236e-02 1.1193807495481568e-10
6.7062440354309416e-02 9.4177530011806556e-11
7.1416886162380955e-02 7.9223216448946960e-11
7.6054071432292161e-02 6.6634684838751547e-11
8.0992354781145581e-02 5.6039776275509468e-11
8.6251286873376548e-02 4.7124293659353800e-11
9.1851687821840777e-02 3.9623147595422378e-11
9.7815729614638566e-02 3.3312801874541602e-11
1.0416702389402356e-01 2.8004843549510577e-11
1.1093071543489560e-01 2.3540521162183138e-11
1.1813358169296516e-01 1.9786118668602714e-11
1.2580413881671026e-01 1.6629032883837229e-11
1.3397275454280458e-01 1.3974462092367370e-11
1.4267176842199791e-01 1.1742608527477671e-11
1.5193561985139917e-01 9.8663141333318459e-12
1.6180098442005017e-01 8.2890624543451745e-12
1.7230691910759627e-01 6.9633008969693057e-12
1.8349501691086359e-01 5.8490216625658414e-12
1.9540957151055000e-01 4.9125687105405755e-12
2.0809775262990129e-01 4.1256307827670193e-12
2.2160979277966231e-01 3.4643923107932021e-12
2.3599918612858958e-01 2.9088251023072602e-12
2.5132290028686649e-01 2.4420827775699993e-12
2.6764160184089292e-01 2.0499996924081575e-12
2.8501989653229298e-01 1.7206633743107382e-12
3.0352658503206920e-01 1.4440572772912827e-12
3.2323493532246256e-01 1.2117612224518955e-12
3.4422297276489550e-01 1.0166960561160836e-12
3.6657378900240667e-01 8.5291186568531130e-13
3.9037587091945486e-01 7.1540694820900699e-13
4.1572345096152624e-01 5.9997766599891886e-13
4.4271688020139094e-01 5.0309132562169559e-13
4.7146302562900172e-01 4.2177910503709093e-13
5.0207569323794721e-01 3.5354640693204968e-13
5.3467607858336519e-01 2.9629707620479340e-13
5.6939324659519353e-01 2.4827001669161080e-13
6.0636464254621125e-01 2.0798566275918456e-13
6.4573663619792265e-01 1.7420105704943612e-13
6.8766510127845037e-01 1.4587218676556264e-13
7.3231603258662814e-01 1.2212210489624140e-13
7.7986620316547051e-01 1.0221434829767775e-13
8.3050386414662691e-01 8.5530470572194584e-14
8.8442949003668014e-01 7.1551139293836953e-14
9.4185657239572684e-01 5.9840344822387382e-14
1.0030124650504693e+00 5.0032049065641614e-14
1.0681392841880974e+00 4.1819019881965316e-14
1.1374948668942453e+00 3.4943412368775344e-14
1.2113537919301018e+00 2.9188822217432877e-14
1.2900084667897431e+00 2.4373713328254522e-14
1.3737702853414062e+00 2.0345760095753214e-14
1.4629708606359277e+00 1.6977224451963589e-14
1.5579633377627695e+00 1.4160967783592151e-14
1.6591237919515542e+00 1.1807148075042039e-14
1.7668527174539190e+00 9.8404577965484466e-15
1.8815766131002638e+00 8.1977609221521924e-15
2.0037496708087805e+00 6.8261567402245290e-15
2.1338555737311955e+00 5.6813181160038801e-15
2.2724094111545607e+00 4.7261142872959440e-15
2.4199597177396752e+00 3.9294452833808299e-15
2.5770906451700002e+00 3.2652736537140282e-15
2.7444242748082082e+00 2.7118006862791864e-15
2.9226230805163040e+00 2.2507831386318905e-15
3.1123925513898953e+00 1.8669586210548140e-15
3.3144839847894243e+00 1.5475591501983183e-15
3.5296974607266907e+00 1.2819095427271516e-15
3.7588850093816588e+00 1.0610838056764502e-15
4.0029539842899524e+00 8.7762325835370158e-16
4.2628706545558437e+00 7.2529545966795533e-16
4.5396640303115028e+00 5.9889635801024460e-16
4.8344299365684886e+00 4.9408132837967427e-16
5.1483353515890187e+00 4.0722420242312814e-16
5.4826230269529344e+00 3.3530078236457098e-16
5.8386164076116618e+00 2.7578884066676195e-16
6.2177248714066060e+00 2.2658639492769755e-16
6.6214493087965804e+00 1.8594178401696364e-16
7.0513880648829401e+00 1.5239648809520925e-16
7.5092432672584088e+00 1.2473660930342078e-16
7.9968275647303102e+00 1.0195231050384152e-16
8.5160713035972204e+00 8.3204090839704918e-17
9.0690301698906897e+00 6.7794267348535572e-17
9.6578933278359571e+00 5.5143505628460608e-17
1.0284992086753920e+01 4.4770980908426199e-17
1.0952809130714842e+01 3.6277896308363724e-17
1.1663988347484638e+01 2.9333748900195360e-17
1.2421345295677513e+01 2.3664792428452583e-17
1.3227878351552157e+01 1.9044517067171901e-17
1.4086780579584410e+01 1.5285647119721357e-17
1.5001452373809709e+01 1.2233444498856758e-17
1.5975514919983111e+01 9.7601926969403326e-18
1.7012824531855053e+01 7.7605761131443547e-18
1.8117487918316989e+01 6.1478412778412926e-18
1.9293878441863498e+01 4.8505954667289879e-18
2.0546653432733866e+01 3.8101615259533199e-18
2.1880772627284134e+01 2.9783658644717150e-18
2.3301517803583614e+01 2.3157151915525531e-18
2.4814513691974348e+01 1.7898702619022820e-18
2.6425750243380616e+01 1.3743930324914550e-18
2.8141606343523854e+01 1.0477014800093158e-18
2.9968875066933538e+01 7.9220837749439808e-19
3.1914790570729547e+01 5.9360930396326260e-19
3.3987056734650380e+01 4.4029158189311687e-19
3.6193877660715856e+01 3.2285025203427246e-19
3.8543990153265952e+01 2.3368552969012260e-19
4.1046698307972321e+01 1.6667442942993778e-19
4.3711910346753513e+01 1.1689892603371528e-19
4.6550177844425754e+01 8.0423633089448212e-20
4.9572737502391533e+01 5.4113070198761626e-20
5.2791555634738970e+01 3.5482184426747598e-20
5.6219375542884073e+01 2.2574101413045934e-20
5.9869767966299364e+01 1.3860203013392593e-20
6.3757184809076328e+01 8.1585327191387255e-21
6.7897016355014429e+01 4.5670139748917703e-21
7.2305652197754952e+01 2.4087872667997819e-21
7.7000546127188329e+01 1.1874729507298185e-21
8.2000285229005968e+01 5.4737948283020234e-22
8.7324663470979246e+01 2.4348261681652689e-22
9.2994760067278847e+01 1.1799024820084979e-22
9.9033022931084091e+01 7.4916805671806808e-23
1.0546335754587952e+02 6.1604193698018570e-23
1.1231122160726085e+02 5.4045380448987034e-23
1.1960372580996103e+02 4.4664439377249116e-23
1.2736974117909195e+02 3.3688066988067308e-23
1.3564001337053350e+02 2.3573451455480017e-23
1.4444728439299658e+02 1.6059772540205274e-23
1.5382642223363112e+02 1.1350040514406246e-23
1.6381455890040132e+02 8.5815065098829984e-24
1.7445123742770016e+02 6.6941103538602653e-24
1.8577856842723671e+02 5.0832408746753680e-24
1.9784139680395023e+02 3.6796687299589036e-24
2.1068747929698944e+02 2.6532005202214922e-24
2.2436767354866046e+02 2.0766940559383363e-24
2.3893613944982638e+02 1.8193532659169976e-24
2.5445055355893413e+02 1.6727513514044699e-24
2.7097233744351252e+02 1.5117750376026372e-24
2.8856690084815949e+02 1.3324739253224336e-24
3.0730390065174458e+02 1.1739919228227227e-24
3.2725751663898376e+02 1.0509795366699154e-24
3.4850674517823347e+02 9.5547970770530903e-25
3.7113571196811711e+02 8.8163938490538198e-25
3.9523400509116721e+02 8.2762712420150185e-25
4.2089702969307757e+02 7.8872504479666984e-25
4.4822638569166247e+02 7.5973679823905744e-25
4.7733027001096747e+02 7.3777481145814591e-25
5.0832390493289773e+02 7.2071633078419869e-25
5.4132999426223398e+02 7.0655490865567813e-25
5.7647920911104040e+02 6.9376078105116085e-25
6.1391070522558130e+02 6.8142876338767869e-25
6.5377267390397515e+02 6.6931228494529124e-25
6.9622292868552438e+02 6.5755426470804999e-25
7.4142953013457463e+02 6.4634504351933056e-25
7.8957145119229710e+02 6.3571419687688136e-25
8.4083928573056596e+02 6.2553468085422096e-25
8.9543600311316777e+02 6.1565428353025410e-25
9.5357775175148595e+02 6.0598986434444288e-25
1.0154947148361392e+03 5.9650843865002699e-25
1.0814320216322449e+03 5.8719014891797604e-25
1.1516507179461830e+03 5.7802821230230076e-25
1.2264287996060427e+03 5.6901235728993551e-25
1.3060623130470663e+03 5.6013137428008558e-25
1.3908665273595948e+03 5.5137482338950042e-25
1.4811771824394116e+03 5.4273473292684741e-25
1.5773518181819961e+03 5.3420882671600484e-25
1.6797711899831024e+03 5.2579053470631254e-25
1.7888407761493213e+03 5.1748172911315083e-25
1.9049923831868566e+03 5.0927995285609383e-25
2.0286858553234272e+03 5.0118571964965380e-25
2.1604108950317304e+03 4.9319661877892806e-25
2.3006890017615547e+03 4.8530859110390939e-25
2.4500755365561108e+03 4.7752045028291671e-25
2.6091619207266094e+03 4.6982477638940545e-25
2.7785779772891524e+03 4.6222389143006217e-25
2.9589944244342819e+03 4.5471267796893652e-25
3.1511255309003277e+03 4.4729058216283043e-25
3.3557319437633569e+03 4.3996413762700949e-25
3.5736236998392310e+03 4.3272952399290373e-25
3.8056634326192520e+03 4.2559149938881020e-25
4.0527697874364635e+03 4.1854526082160803e-25
4.3159210583825707e+03 4.1159150214643109e-25
4.5961590613742710e+03 4.0472755157956585e-25
4.8945932587028483e+03 3.9794235007552615e-25
5.2124051513952418e+03 3.9123890982150135e-25
5.5508529567770820e+03 3.8461428154393055e-25
5.9112765897549152e+03 3.7807448273815606e-25
6.2951029675398040e+03 3.7162494527769585e-25
6.7038516588126322e+03 3.6526258966240864e-25
7.1391408996965456e+03 3.5898963973108515e-25
7.6026940003543614e+03 3.5280041413424950e-25
8.0963461675732706e+03 3.4669381922581475e-25
8.6220517703491751e+03 3.4066502195457629e-25
9.1818920772336423e+03 3.3470652408308406e-25
9.7780834960761294e+03 3.2881778259652137e-25
1.0412986348783483e+04 3.2300118992224653e-25
1.1089114215834070e+04 3.1725541814295163e-25
1.1809143887543776e+04 3.1158383130521653e-25
1.2575925961479013e+04 3.0598563134728495e-25
1.3392496127972536e+04 3.0046228995502426e-25
1.4262087188422585e+04 2.9501431063811430e-25
1.5188141853953211e+04 2.8964021700805653e-25
1.6174326375108973e+04 2.8435056270806908e-25
1.7224545056540366e+04 2.7914102050134153e-25
1.8342955714147338e+04 2.7401621600785702e-25
1.9533986135872645e+04 2.6897050552435767e-25
2.0802351611314403e+04 2.6399158656951761e-25
2.2153073599559342e+04 2.5907946592122685e-25
2.3591499609138675e+04 2.5423878497599023e-25
2.5123324368816302e+04 2.4946222780389408e-25
2.6754612373020263e+04 2.4476803557736587e-25
2.8491821891176285e+04 2.4015418014083072e-25
3.0341830535998852e+04 2.3561339111917072e-25
3.2311962491959010e+04 2.3112379064523925e-25
3.4410017511733349e+04 2.2669834995680154e-25
3.6644301795425199e+04 2.2233551453491523e-25
3.9023660874811045e+04 2.1804282721573989e-25
4.1557514632804050e+04 2.1381064788545375e-25
4.4255894596769329e+04 2.0963770761080265e-25
4.7129483653344731e+04 2.0554375103810410e-25
5.0189658341987655e+04 2.0148900340688621e-25
5.3448533894698834e+04 1.9749315355196083e-25
5.6919012200226469e+04 1.9355091166752952e-25
6.0614832882644005e+04 1.8966465997175812e-25
6.4550627696526892e+04 1.8583786136493699e-25
6.8741978454067081e+04 1.8207978376905987e-25
7.3205478713473043e+04 1.7838282896160985e-25
7.7958799472867555e+04 1.7474203235786455e-25
8.3020759129769664e+04 1.7116705878190729e-25
8.8411397983137314e+04 1.6766233407139195e-25
9.4152057572908379e+04 1.6421717396594829e-25
1.0026546517116492e+05 1.6082014852795755e-25
1.0677582375940446e+05 1.5749612681137321e-25
1.1370890784814426e+05 1.5424077377181187e-25
1.2109216551821791e+05 1.5105760886763162e-25
1.2895482708772378e+05 1.4793138272789334e-25
1.3732802083486490e+05 1.4484258754155204e-25
1.4624489623480392e+05 1.4178697550687275e-25
1.5574075519843583e+05 1.3876511740902519e-25
1.6585319183266631e+05 1.3576073659800946e-25
1.7662224127547606e+05 1.3279465288295284e-25
1.8809053819504796e+05 1.2987271049333847e-25
2.0030348558041276e+05 1.2699222522596755e-25
2.1330943449189910e+05 1.2416387891373706e-25
2.2715987548298357e+05 1.2137095717679947e-25
2.4190964245139316e+05 1.1862413340800247e-25
2.5761712972652639e+05 1.1592429543493561e-25
2.7434452325259580e+05 1.1329837206012416e-25
2.9215804678280366e+05 1.1073252142788052e-25
3.1112822405918379e+05 1.0821335398042796e-25
3.3133015801609796e+05 1.0573646178667544e-25
3.5284382811278064e+05 1.0328783447231001e-25
3.7575440697200765e+05 1.0089190879311935e-25
4.0015259757854027e+05 9.8544194155551153e-26
4.2613499237224658e+05 9.6234230925614995e-26
4.5380445565757254e+05 9.3960074712095138e-26
4.8327053084336151e+05 9.1716047401864307e-26
5.1464987412519532e+05 8.9521819697352528e-26
5.4806671632731915e+05 8.7369141567695970e-26
5.8365335473245836e+05 8.5257064597570199e-26
6.2155067684680840e+05 8.3191545167907630e-26
6.6190871817367838e+05 8.1150918333988281e-26
7.0488725620405260e+05 7.9155596074614416e-26
7.5065644297573483e+05 7.7189884827445106e-26
7.9939747870524565e+05 7.5247787170438937e-26
8.5130332915954303e+05 7.3343948681199343e-26
9.0657948960750387e+05 7.1463782370697377e-26
9.6544479837569816e+05 6.9621746068821702e-26
1.0281323032294034e+06 6.7800461996622185e-26
1.0948901840086780e+06 6.6022799347620605e-26
1.1659827351724368e+06 6.4296594765004741e-26
1.2416914121402267e+06 6.2592231907328026e-26
1.3223159455742387e+06 6.0931394499530656e-26
1.4081755280131090e+06 5.9299315009254477e-26
1.4996100775551402e+06 5.7710573917509148e-26
1.5969815835941846e+06 5.6153945916488099e-26
1.7006755399356091e+06 5.4622898839140063e-26
1.8111024709664083e+06 5.3124832836605132e-26
1.9286995569212735e+06 5.1635915226919979e-26
2.0539323646791496e+06 5.0193597874658934e-26
2.1872966909426819e+06 4.8763335121127127e-26
2.3293205250972956e+06 4.7327425235866010e-26
2.4805661395213637e+06 4.5907721382649637e-26
2.6416323156225784e+06 4.4502349146879458e-26
2.8131567144135614e+06 4.3129080523438253e-26
2.9958184010120407e+06 4.1764631168287280e-26
3.1903405330595686e+06 4.0370756127049288e-26
3.3974932237028829e+06 3.9027557657673590e-26
3.6180965904718912e+06 3.7673452410931382e-26
3.8530240021249903e+06 3.6442057505626221e-26
4.1032055363163017e+06 3.5292240505125279e-26
4.3696316617729831e+06 3.4163996942140363e-26
4.6533571595613128e+06 3.3056622162471660e-26
4.9555052989647919e+06 3.1893582960649164e-26
5.2772722845076462e+06 3.0774245770881262e-26
5.6199319917285871e+06 2.9627062945980283e-26
5.9848410104541061e+06 2.8521633193921139e-26
6.3734440155380890e+06 2.7469392396860485e-26
6.7872794863293795e+06 2.6446076401555244e-26
7.2279857975120703e+06 2.5470553245711914e-26
7.6973077054309612e+06 2.4500426322586042e-26
8.1971032555819582e+06 2.3545958400028013e-26
8.7293511386148874e+06 2.2617036400933583e-26
9.2961585239695050e+06 2.1703501446369526e-26
9.8997694021600764e+06 2.0832016545639173e-26
1.0542573468733931e+07 1.9973425053865173e-26
1.1227115585076177e+07 1.9163290639887837e-26
1.1956105853516875e+07 1.8391644041736154e-26
1.2732430346625788e+07 1.7647512134102744e-26
1.3559162533174861e+07 1.6934529743813018e-26
1.4439575446000660e+07 1.6239473043148157e-26
1.5377154639942560e+07 1.5573900921217949e-26
1.6375611991154535e+07 1.4927397636898413e-26
1.7438900392422903e+07 1.4293874302074353e-26
1.8571229402670342e+07 1.3683464800422649e-26
1.9777081912599117e+07 1.3097944932746447e-26
2.1061231892456967e+07 1.2526131718593383e-26
2.2428763292185564e+07 1.1975525419796258e-26
2.3885090168778419e+07 1.1434136190728127e-26
2.5435978120534539e+07 1.0918982048597885e-26
2.7087567113061320e+07 1.0418283764411764e-26
2.8846395787400588e+07 9.9413067467317133e-27
3.0719427346508835e+07 9.4848368061653129e-27
3.2714077122577824e+07 9.0462267642672359e-27
3.4838241934337519e+07 8.6331372969837361e-27
3.7100331350560352e+07 8.2314861825812789e-27
3.9509300983547039e+07 7.8330689559812573e-27
4.2074687944396146e+07 7.4446744096323780e-27
4.4806648600427069e+07 7.0645205958450556e-27
4.7715998784242034e+07 6.7409563378224091e-27
5.0814256613605946e+07 6.4701023129833151e-27
5.4113688091679186e+07 6.1997661265141142e-27
5.7627355668122537e+07 5.9409587389803180e-27
6.1369169953340068e+07 5.6462456634887921e-27
6.5353944790586434e+07 5.3914100255828982e-27
6.9597455903972596e+07 5.0968246773763433e-27
7.4116503354563370e+07 4.8295806894690207e-27
7.8928978051817045e+07 4.5598325630403411e-27
8.4053932583702341e+07 4.3032985122230803e-27
8.9511656645895079e+07 4.0971243165814916e-27
9.5323757368683785e+07 3.8990187333447304e-27
1.0151324485960652e+08 3.7413060391650150e-27
1.0810462330046351e+08 3.4929212938718623e-27
1.1512398795938182e+08 2.9508047601324126e-27
1.2259912850198306e+08 2.4143636111511191e-27
1.3055963901067019e+08 1.6741356147735999e-27
1.3903703514761066e+08 1.1093476021777501e-27
