# k  Ps  Pt
4.563211185768888242e-05 2.731373682894391511e-09 4.616539308332787306e-12
4.627601631533961152e-05 2.730351714189253476e-09 4.616525268373527217e-12
4.692900676383536594e-05 2.729329876089203808e-09 4.616511223145597570e-12
4.759121141354769144e-05 2.728308168606095592e-09 4.616497172638743424e-12
4.826276028399545495e-05 2.727286591775636974e-09 4.616483116883332973e-12
4.894378522937406522e-05 2.726265145591925193e-09 4.616469055838537905e-12
4.963441996444350340e-05 2.725243830077965382e-09 4.616454989512918409e-12
5.033480009078261750e-05 2.724222645255936323e-09 4.616440917914079861e-12
5.104506312341392253e-05 2.723201591129802691e-09 4.616426841017455644e-12
5.176534851780304679e-05 2.722159875188624888e-09 4.616377475956575734e-12
5.249579769724071847e-05 2.721139089847775041e-09 4.616363387679242797e-12
5.323655408060956281e-05 2.720118435260726987e-09 4.616349294110298964e-12
5.398776311054376661e-05 2.719097911466586929e-09 4.616335195287569169e-12
5.474957228198611641e-05 2.718077518432628295e-09 4.616321091120385854e-12
5.552213117114688948e-05 2.717057256235922811e-09 4.616306981715021534e-12
5.630559146487304750e-05 2.716037124846681634e-09 4.616292866985315330e-12
5.710010699043015892e-05 2.715017124295888055e-09 4.616278746955288601e-12
5.790583374570569655e-05 2.713997254580524107e-09 4.616264621586461292e-12
5.872292992983856204e-05 2.712995839886891444e-09 4.616281456431749138e-12
5.955155597427975019e-05 2.711976228189892178e-09 4.616267324856626082e-12
6.039187457429231163e-05 2.710938430752429111e-09 4.616222213676343686e-12
6.124405072089593330e-05 2.709919084615067411e-09 4.616208067055749598e-12
6.210825173326090030e-05 2.708899869404479241e-09 4.616193915099390619e-12
6.298464729156117684e-05 2.707880785171595767e-09 4.616179757866591107e-12
6.387340947028908613e-05 2.706861831759619939e-09 4.616165595220547183e-12
6.477471277204134049e-05 2.705843008978848225e-09 4.616151427088985557e-12
6.568873416178193066e-05 2.704824317161723272e-09 4.616137253564801681e-12
6.661565310158707842e-05 2.703805756221912239e-09 4.616123074489919239e-12
6.755565158588249842e-05 2.702787326259977541e-09 4.616108889977842922e-12
6.850891417717585577e-05 2.701769026398797537e-09 4.616094698702633711e-12
6.947562804229484123e-05 2.700750873510592729e-09 4.616080528710808319e-12
7.045598298913650210e-05 2.699732851726956479e-09 4.616066353418472569e-12
7.145017150393385931e-05 2.698715750664872321e-09 4.616053536126455615e-12
7.245838878905036854e-05 2.697697973588683129e-09 4.616039320838850766e-12
7.348083280130568093e-05 2.696680327246475655e-09 4.616025099507252054e-12
7.451770429084357268e-05 2.695662811911528039e-09 4.616010872557214823e-12
7.556920684054834543e-05 2.694645427482185576e-09 4.615996639790358707e-12
7.663554690601591802e-05 2.693628173880234200e-09 4.615982401044536918e-12
7.771693385609130546e-05 2.692612725619686813e-09 4.615971045793673464e-12
7.881358001397566996e-05 2.691595745049850928e-09 4.615956815760375430e-12
7.992570069891505996e-05 2.690578895784241840e-09 4.615942580489201737e-12
8.105351426847742379e-05 2.689562177537046314e-09 4.615928339441238560e-12
8.219724216142453846e-05 2.688561121060613147e-09 4.615940466142937025e-12
8.335710894119137643e-05 2.687544712811981982e-09 4.615926307254749583e-12
8.453334233997646086e-05 2.686528434916979588e-09 4.615912141420787121e-12
8.572617330345609795e-05 2.685512285973634086e-09 4.615897966155325855e-12
8.693583603612958777e-05 2.684496226827873133e-09 4.615883711917958118e-12
8.816256804730263725e-05 2.683480285886996782e-09 4.615869428969768473e-12
8.940661019772132149e-05 2.682464476317564753e-09 4.615855140660832112e-12
9.066820674686402028e-05 2.681448798142714527e-09 4.615840846997072586e-12
9.194760540089887862e-05 2.680433251404584339e-09 4.615826547992686866e-12
9.324505736132075024e-05 2.679417836061502486e-09 4.615812243604071871e-12
9.456081737427170350e-05 2.678402552191115169e-09 4.615797933877575565e-12
9.589514378055923852e-05 2.677387399761724828e-09 4.615783618765551053e-12
9.724829856638042829e-05 2.676372367316552002e-09 4.615769275899658089e-12
9.862054741475980368e-05 2.675357458008394768e-09 4.615754911941658746e-12
1.000121597577160120e-04 2.674342676759453814e-09 4.615740536382769583e-12
1.014234088291616267e-04 2.673328024492210884e-09 4.615726151023871845e-12
1.028545717185517746e-04 2.672313501230770023e-09 4.615711755860224592e-12
1.043059294252885610e-04 2.671299105653553037e-09 4.615697348340058837e-12
1.057777669138930550e-04 2.670284839557467118e-09 4.615682931852163912e-12
1.072703731699568711e-04 2.669270702007485086e-09 4.615668504582356637e-12
1.087840412568821276e-04 2.668256692967156400e-09 4.615654066430091752e-12
1.103190683734226314e-04 2.667242837229215663e-09 4.615639661018215507e-12
1.118757559120370210e-04 2.666229168607380670e-09 4.615625347694013449e-12
1.134544095180647244e-04 2.665215634356964391e-09 4.615611032836419676e-12
1.150553391497380942e-04 2.664202258755726901e-09 4.615596759152966316e-12
1.166788591390401937e-04 2.663189017910047491e-09 4.615582484792575484e-12
1.183252882534219349e-04 2.662175875322150382e-09 4.615568149273075489e-12
1.199949497583901287e-04 2.661162829108427443e-09 4.615553749504328781e-12
1.216881714809779679e-04 2.660149914560503529e-09 4.615539344173132535e-12
1.234052858741124835e-04 2.659137131710083644e-09 4.615524933299835070e-12
1.251466300818890320e-04 2.658124480613771344e-09 4.615510516946667996e-12
1.269125460057673397e-04 2.657111961249059872e-09 4.615496095046877675e-12
1.287033803717018321e-04 2.656099573646784866e-09 4.615481667620612902e-12
1.305194847982184443e-04 2.655087317824407697e-09 4.615467234665645782e-12
1.323612158654533357e-04 2.654075193772486097e-09 4.615452796136232582e-12
1.342289351851645674e-04 2.653063201611881079e-09 4.615438352199605149e-12
1.361230094717324373e-04 2.652051341222786700e-09 4.615423902629228279e-12
1.380438106141609390e-04 2.651039612686025536e-09 4.615409447527510808e-12
1.399917157490964748e-04 2.650028016000805975e-09 4.615394986861825955e-12
1.419671073348755842e-04 2.649016551204261395e-09 4.615380520662793134e-12
1.439703732266185211e-04 2.648005218259986338e-09 4.615366048840168880e-12
1.460019067523812830e-04 2.646994017234917084e-09 4.615351571472852006e-12
1.480621067903840373e-04 2.645982948206591478e-09 4.615337088658753554e-12
1.501513778473275698e-04 2.644972011052478015e-09 4.615322600164657868e-12
1.522701301378156483e-04 2.643961205893651119e-09 4.615308106159172467e-12
1.544187796648980703e-04 2.642950532643575292e-09 4.615293606469581393e-12
1.565977483017496306e-04 2.641939991398751906e-09 4.615279101223343970e-12
1.588074638745029228e-04 2.640929582220225648e-09 4.615264590491218067e-12
1.610483602462486918e-04 2.639919305017267628e-09 4.615250074092173107e-12
1.633208774022220321e-04 2.638909160434663891e-09 4.615235553052346834e-12
1.656254615361908039e-04 2.637899154918030764e-09 4.615221037905853655e-12
1.679625651380622312e-04 2.636889281135688456e-09 4.615206516609471338e-12
1.703326470827272259e-04 2.635879539588545287e-09 4.615191989955101728e-12
1.727361727201567746e-04 2.634869930233136223e-09 4.615177457840921638e-12
1.751736139667705834e-04 2.633860452719829391e-09 4.615162919661231296e-12
1.776454493980949472e-04 2.632851107520161993e-09 4.615148376160327655e-12
1.801521643427270278e-04 2.631841894435709118e-09 4.615133826980926852e-12
1.826942509776271724e-04 2.630832813464126949e-09 4.615119272088389083e-12
1.852722084247538530e-04 2.629823864833715681e-09 4.615104711827339279e-12
1.878865428490630472e-04 2.628815048007734771e-09 4.615090145283001308e-12
1.905377675578907902e-04 2.627806363550130319e-09 4.615075573353193292e-12
1.932264031017367058e-04 2.626797811443647750e-09 4.615060995978115887e-12
1.959529773764719617e-04 2.625789391293057274e-09 4.615046412476131880e-12
1.987180257269872627e-04 2.624781103571869745e-09 4.615031823596267856e-12
2.015220910523046521e-04 2.623772948038800715e-09 4.615017228909168608e-12
2.043657239121721766e-04 2.622764924750309811e-09 4.615002628477241846e-12
2.072494826351619593e-04 2.621757033780378412e-09 4.614988022390888554e-12
2.101739334282955358e-04 2.620749274968676995e-09 4.614973410354898958e-12
2.131396504882142307e-04 2.619741648616653337e-09 4.614958792835125184e-12
2.161472161139183217e-04 2.618734154491771251e-09 4.614944169416641644e-12
2.191972208210988149e-04 2.617726792791811688e-09 4.614929540394552291e-12
2.222902634580804261e-04 2.616719563500410536e-09 4.614914905710755766e-12
2.254269513234018424e-04 2.615712466504452086e-09 4.614900265147150228e-12
2.286079002850548950e-04 2.614705501793668132e-09 4.614885618655020070e-12
2.318337349014053565e-04 2.613698660927841884e-09 4.614870951991959813e-12
2.351050885438221423e-04 2.612691882270643146e-09 4.614856161284191310e-12
2.384226035210347582e-04 2.611685238450098862e-09 4.614841368640114161e-12
2.417869312052466394e-04 2.610678727952698467e-09 4.614826571473897149e-12
2.451987321600278833e-04 2.609672351293138968e-09 4.614811770624215789e-12
2.486586762700117954e-04 2.608666107796022018e-09 4.614796964914576104e-12
2.521674428724236024e-04 2.607659998831561961e-09 4.614782156640544041e-12
2.557257208904629335e-04 2.606654024028168587e-09 4.614767345145159673e-12
2.593342089685696152e-04 2.605648181907409166e-09 4.614752527878105617e-12
2.629936156095982313e-04 2.604642480563836599e-09 4.614737719104768273e-12
2.667046593139267368e-04 2.603636930623498647e-09 4.614722936602778464e-12
2.704680687205310015e-04 2.602631513450491325e-09 4.614708148556554862e-12
2.742845827500471297e-04 2.601626256938367284e-09 4.614693405223505763e-12
2.781549507498541369e-04 2.600621168278568594e-09 4.614678719539548489e-12
2.820799326412033281e-04 2.599604308669765328e-09 4.614643245798927457e-12
2.860602990684229488e-04 2.598599460830490343e-09 4.614628492573554326e-12
2.900968315502306326e-04 2.597594745727915904e-09 4.614613733623033146e-12
2.941903226331785831e-04 2.596590163369405572e-09 4.614598968926614933e-12
2.983415760472647748e-04 2.595585713817158780e-09 4.614584198561321186e-12
3.025514068637407479e-04 2.594581397028006213e-09 4.614569422416943822e-12
3.068206416551439689e-04 2.593577213072019995e-09 4.614554640584072043e-12
3.111501186575917283e-04 2.592573161947646266e-09 4.614539853026459344e-12
3.155406879353627055e-04 2.591569243637163096e-09 4.614525059679099344e-12
3.199932115477997015e-04 2.590565458230252166e-09 4.614510260667746924e-12
3.245085637185733305e-04 2.589561805701991765e-09 4.614495455914012987e-12
3.290876310073252101e-04 2.588558286046179693e-09 4.614480645373579556e-12
3.337313124837417702e-04 2.587554899312525782e-09 4.614465829100721471e-12
3.384405199040794966e-04 2.586551645534412974e-09 4.614451007121464227e-12
3.432161778901810217e-04 2.585548524668324950e-09 4.614436179324337158e-12
3.480592241110207663e-04 2.584545536775941676e-09 4.614421345785403721e-12
3.529706094668085404e-04 2.583542681868670797e-09 4.614406506491015437e-12
3.579512982756930060e-04 2.582539959965122637e-09 4.614391661440787795e-12
3.630022684630994801e-04 2.581537371063105582e-09 4.614376810596554166e-12
3.681245117537376948e-04 2.580534915200582257e-09 4.614361953992176447e-12
3.733190338663225556e-04 2.579542731514533713e-09 4.614365236739693319e-12
3.785868547110390696e-04 2.578540542590464564e-09 4.614350376945900221e-12
3.839290085897952465e-04 2.577538486676516789e-09 4.614335511244633605e-12
3.893465443993008625e-04 2.576536563917782004e-09 4.614320639857413084e-12
3.948405258370097119e-04 2.575534774214774784e-09 4.614305762576182539e-12
4.004120316099723446e-04 2.574533117680378398e-09 4.614290879565282726e-12
4.060621556466310574e-04 2.573531594287964661e-09 4.614275990744809934e-12
4.117920073116061448e-04 2.572530203960266220e-09 4.614261095944307606e-12
4.176027116235129285e-04 2.571528946947368311e-09 4.614246195571124227e-12
4.234954094758496272e-04 2.570527823021146929e-09 4.614231289189486670e-12
4.294712578610071865e-04 2.569526832402479977e-09 4.614216377155050287e-12
4.355314300974352749e-04 2.568525974892350694e-09 4.614201459082915178e-12
4.416771160600160557e-04 2.567525250746397595e-09 4.614186535390350338e-12
4.479095224136887213e-04 2.566524659787900573e-09 4.614171605731334164e-12
4.542298728503684304e-04 2.565524202117483254e-09 4.614156670250236329e-12
4.606394083292128278e-04 2.564523877779085472e-09 4.614141728990265711e-12
4.671393873202749070e-04 2.563523686714010491e-09 4.614126781814111944e-12
4.737310860515933902e-04 2.562523628979246093e-09 4.614111828788491506e-12
4.804157987597768411e-04 2.561523704641359636e-09 4.614096869997298607e-12
4.871948379441118685e-04 2.560523913616435716e-09 4.614081905257826496e-12
4.940695346242690925e-04 2.559524255980529455e-09 4.614066934670546923e-12
5.010412386016378262e-04 2.558524731744360698e-09 4.614051958220842055e-12
5.081113187243492145e-04 2.557525340934155208e-09 4.614036975920661582e-12
5.152811631560456690e-04 2.556526083532350700e-09 4.614021987704850491e-12
5.225521796484304841e-04 2.555526959622355103e-09 4.614006993687541934e-12
5.299257958176766155e-04 2.554527969152846410e-09 4.613991993743138553e-12
5.374034594247274190e-04 2.553529112103252639e-09 4.613976987801014956e-12
5.449866386595526684e-04 2.552530388639470239e-09 4.613961976121586825e-12
5.526768224294244681e-04 2.551531798662233813e-09 4.613946958493889177e-12
5.604755206512460237e-04 2.550533342290059732e-09 4.613931935095070332e-12
5.683842645480204374e-04 2.549535019373266355e-09 4.613916905623699699e-12
5.764046069494937899e-04 2.548536831644148557e-09 4.613901873127621180e-12
5.845381225970411408e-04 2.547538777895860989e-09 4.613886835429032203e-12
5.927864084528622303e-04 2.546540857787891446e-09 4.613871791889113459e-12
6.011510840135271105e-04 2.545543071548335806e-09 4.613856742879015398e-12
6.096337916279594149e-04 2.544545418758001685e-09 4.613841687618358542e-12
6.182361968198992266e-04 2.543547899886417889e-09 4.613826626909248784e-12
6.269599886149147165e-04 2.542550514483580382e-09 4.613811559914930733e-12
6.358068798720358438e-04 2.541553262949624551e-09 4.613796487314679617e-12
6.447786076200601006e-04 2.540556145130946263e-09 4.613781408799920715e-12
6.538769333986072787e-04 2.539559161148066148e-09 4.613766324551292826e-12
6.631036436039865764e-04 2.538562310950657297e-09 4.613751234444785095e-12
6.724605498399418560e-04 2.537565594404243304e-09 4.613736138205250919e-12
6.819494892733510543e-04 2.536569011696674816e-09 4.613721036133372872e-12
6.915723249949407882e-04 2.535572563052172789e-09 4.613705928596965215e-12
7.013309463850884691e-04 2.534576247969899212e-09 4.613690814663490052e-12
7.112272694847976895e-04 2.533580066958534595e-09 4.613675695210272589e-12
7.212632373718902467e-04 2.532584019756804842e-09 4.613660569734378935e-12
7.314408205425247450e-04 2.531588106427404452e-09 4.613645438312841093e-12
7.417620172980870933e-04 2.530592327064582799e-09 4.613630301080337637e-12
7.522288541375414788e-04 2.529596681545245482e-09 4.613615157781071041e-12
7.628433861553281193e-04 2.528601170057654257e-09 4.613600008718278124e-12
7.736076974448567994e-04 2.527605792562295121e-09 4.613584853786007875e-12
7.845239015077132847e-04 2.526610548852759214e-09 4.613569692578292326e-12
7.955941416686282712e-04 2.525615439353995273e-09 4.613554525824318654e-12
8.068205914963024351e-04 2.524620463699682642e-09 4.613539352830157448e-12
8.182054552301803920e-04 2.523625622087852494e-09 4.613524173917058517e-12
8.297509682132277751e-04 2.522630914744209332e-09 4.613508989456927595e-12
8.414593973308348140e-04 2.521636341249999589e-09 4.613493798659719149e-12
8.533330414559011680e-04 2.520641901839367903e-09 4.613478601912501199e-12
8.653742319002011079e-04 2.519647596613895362e-09 4.613463399363604837e-12
8.775853328721304209e-04 2.518653425458124097e-09 4.613448190769294511e-12
8.899687419408914158e-04 2.517659387262163427e-09 4.613432974045040343e-12
9.025268905072490614e-04 2.516665478149477321e-09 4.613417741995854111e-12
9.152622442809172374e-04 2.515671703215114953e-09 4.613402503985776588e-12
9.281773037646817845e-04 2.514678062471966279e-09 4.613387260001210184e-12
9.412746047453631349e-04 2.513684555958055964e-09 4.613372010067664212e-12
9.545567187916976712e-04 2.512691183663265936e-09 4.613356754143583348e-12
9.680262537592495935e-04 2.511697945631517830e-09 4.613341492262725284e-12
9.816858543024466460e-04 2.510704841840637002e-09 4.613326224360928594e-12
9.955382023938369549e-04 2.509711872356138225e-09 4.613310950508602988e-12
1.009586017850682121e-03 2.508719037143791937e-09 4.613295670620826744e-12
1.023832058868973625e-03 2.507726336273715345e-09 4.613280384776476864e-12
1.038279122564980976e-03 2.506733769709486444e-09 4.613265092886860039e-12
1.052930045524458867e-03 2.505741337528303107e-09 4.613249795042476613e-12
1.067787704359577771e-03 2.504749039694345104e-09 4.613234491154993552e-12
1.082855016273739706e-03 2.503756876259564341e-09 4.613219181274738010e-12
1.098134939634346201e-03 2.502764847191302072e-09 4.613203865318132434e-12
1.113630474553651368e-03 2.501772952564859031e-09 4.613188543373179471e-12
1.129344663477826072e-03 2.500781192393520979e-09 4.613173215430489327e-12
1.145280591784305409e-03 2.499789566644415758e-09 4.613157881403681407e-12
1.161441388387596209e-03 2.498798075362443145e-09 4.613142541332595280e-12
1.177830226353613089e-03 2.497806718581194532e-09 4.613127195240354039e-12
1.194450323522685100e-03 2.496815496319544940e-09 4.613111843126042451e-12
1.211304943141369543e-03 2.495824408542169206e-09 4.613096484896984786e-12
1.228397394503153448e-03 2.494833455338593916e-09 4.613081120669541283e-12
1.245731033598223951e-03 2.493842636669304238e-09 4.613065750344810544e-12
1.263309263772389784e-03 2.492851952564832650e-09 4.613050373939013064e-12
1.281135536395301960e-03 2.491861403055876237e-09 4.613034991471452686e-12
1.299213351538119812e-03 2.490870988165292481e-09 4.613019602947337256e-12
1.317546258660710424e-03 2.489880707629682261e-09 4.613004207887592681e-12
1.336137857308574870e-03 2.488890561582190634e-09 4.612988806481555272e-12
1.354991797819590608e-03 2.487900529401955597e-09 4.612973360383393653e-12
1.374111782040725706e-03 2.486910628924106197e-09 4.612957902642826472e-12
1.393501564054886897e-03 2.485920863243799669e-09 4.612942438972942226e-12
1.413164950917990140e-03 2.484931232235766128e-09 4.612926969103405527e-12
1.433105803406465760e-03 2.483941735481795464e-09 4.612911492217545159e-12
1.453328036775291621e-03 2.482952373048648597e-09 4.612896008402146422e-12
1.473835621526722395e-03 2.481963145495272146e-09 4.612880518662085127e-12
1.494632584189880577e-03 2.480974052513469369e-09 4.612865022385364750e-12
1.515723008111333724e-03 2.479985093708675113e-09 4.612849518798717630e-12
1.537111034256832690e-03 2.478996269815701213e-09 4.612834009235379584e-12
1.558800862024366110e-03 2.478007580770413462e-09 4.612818493538263843e-12
1.580796750068677288e-03 2.477019025836150862e-09 4.612802970295337560e-12
1.603103017137432786e-03 2.476030605506675718e-09 4.612787440390654860e-12
1.625724042919174991e-03 2.475042319929883788e-09 4.612771904062623090e-12
1.648664268903238857e-03 2.474054169329440575e-09 4.612756361691519957e-12
1.671928199251827320e-03 2.473066153666674556e-09 4.612740813167645480e-12
1.695520401684350335e-03 2.472078272101253362e-09 4.612725256883849928e-12
1.719445508374284511e-03 2.471090525631687389e-09 4.612709694667775132e-12
1.743708216858664553e-03 2.470102913690534460e-09 4.612694125421506043e-12
1.768313290960404731e-03 2.469115436749010418e-09 4.612678549988102879e-12
1.793265561723665028e-03 2.468128257991863491e-09 4.612663195089708145e-12
1.818569928362369099e-03 2.467141048108578475e-09 4.612647601798667051e-12
1.844231359222152887e-03 2.466153972574163642e-09 4.612632000987314226e-12
1.870254892755859270e-03 2.465167036485718748e-09 4.612616402273741518e-12
1.896645638512796861e-03 2.464180235025523874e-09 4.612600796499622480e-12
1.923408778141988060e-03 2.463193568825995824e-09 4.612585184800415985e-12
1.950549566409524524e-03 2.462207037439557092e-09 4.612569566304214698e-12
1.978073332230326914e-03 2.461220640613618981e-09 4.612553940501485863e-12
2.005985479714435336e-03 2.460234378865964293e-09 4.612538308320580582e-12
2.034291489228060978e-03 2.459248251859406087e-09 4.612522669094533595e-12
2.062996918469643757e-03 2.458262260128201295e-09 4.612507023782788786e-12
2.092107403561041089e-03 2.457276403450412810e-09 4.612491371933697464e-12
2.121628660154164375e-03 2.456290681571491514e-09 4.612475713033383367e-12
2.151566484553203706e-03 2.455305094664586162e-09 4.612460047367675361e-12
2.181926754852684964e-03 2.454319643005020512e-09 4.612444375413079564e-12
2.212715432091610403e-03 2.453334325984359383e-09 4.612428695994345192e-12
2.243938561423858800e-03 2.452349144355016600e-09 4.612413010480155661e-12
2.275602273305114050e-03 2.451364097656814630e-09 4.612397317972156473e-12
2.307712784696543378e-03 2.450379185769097188e-09 4.612381618206107045e-12
2.340276400285445490e-03 2.449394409579748363e-09 4.612365912805489885e-12
2.373299513723150112e-03 2.448409768289814253e-09 4.612350200237737227e-12
2.406788608880358876e-03 2.447425261962282180e-09 4.612334480581554013e-12
2.440750261120212469e-03 2.446440890799970626e-09 4.612318754178759708e-12
2.475191138589324762e-03 2.445456654965887526e-09 4.612303021296961779e-12
2.510118003527016337e-03 2.444472554351414552e-09 4.612287281694148506e-12
2.545537713593052330e-03 2.443488589015041646e-09 4.612271535441946943e-12
2.581457223214091851e-03 2.442504748794021597e-09 4.612255763722061972e-12
2.617883584949131769e-03 2.441521014376087168e-09 4.612239930798599609e-12
2.654823950874260138e-03 2.440537414757920314e-09 4.612224090175163339e-12
2.692285573986881453e-03 2.439553950380685408e-09 4.612208242634707887e-12
2.730275809629825311e-03 2.438570619102915655e-09 4.612192384151731334e-12
2.768802116935507613e-03 2.437587422187751004e-09 4.612176517036661416e-12
2.807872060290471719e-03 2.436604404784353312e-09 4.612160723510547432e-12
2.847493310820635708e-03 2.435621546203147092e-09 4.612144965822338833e-12
2.887673647897429606e-03 2.434638822692905816e-09 4.612129200745681109e-12
2.928420960665252797e-03 2.433656231977992339e-09 4.612113423990831759e-12
2.969743249590446783e-03 2.432673770806636423e-09 4.612097629404675319e-12
3.011648628032118948e-03 2.431691445413203218e-09 4.612081828662030876e-12
3.054145323835182491e-03 2.430709255243398583e-09 4.612066020588975660e-12
3.097241680945796855e-03 2.429727200876366407e-09 4.612050206338642258e-12
3.140946161049678730e-03 2.428745282396618904e-09 4.612034386048695658e-12
3.185267345233488371e-03 2.427763499273761250e-09 4.612018558591089302e-12
3.230213935669653744e-03 2.426781851702335570e-09 4.612002724329553246e-12
3.275794757325023281e-03 2.425802569626546266e-09 4.611991186533182878e-12
3.322018759693541948e-03 2.424821191863845578e-09 4.611975337502922636e-12
3.368895018553461941e-03 2.423839948978824608e-09 4.611959480277216186e-12
3.416432737749300515e-03 2.422858840959310978e-09 4.611943614787699959e-12
3.464641250998941324e-03 2.421877867490820961e-09 4.611927740344572370e-12
3.513530023726271333e-03 2.420897028798839027e-09 4.611911857372202117e-12
3.563108654919638647e-03 2.419916324572885416e-09 4.611895965194111362e-12
3.613386879016555839e-03 2.418935755489646394e-09 4.611880065152804545e-12
3.664374567814994866e-03 2.417955321346917247e-09 4.611864156789719877e-12
3.716081732411636099e-03 2.416975022060430192e-09 4.611848239890620002e-12
3.768518525167501715e-03 2.415994856991995532e-09 4.611832313117296327e-12
3.821695241701295650e-03 2.415014827298549019e-09 4.611816378778535956e-12
3.875622322910863855e-03 2.414034932452508653e-09 4.611800435759193603e-12
3.930310357023238457e-03 2.413055171830858541e-09 4.611784482756739300e-12
3.985770081673511295e-03 2.412075546437022947e-09 4.611768521761781575e-12
4.042012386013143534e-03 2.411096055947790144e-09 4.611752552075869798e-12
4.099048312847960313e-03 2.410116700897735530e-09 4.611736574734963677e-12
4.156889060806316996e-03 2.409137488096120986e-09 4.611720603203311454e-12
4.215545986537921896e-03 2.408158442138394402e-09 4.611704686382167698e-12
4.275030606943580440e-03 2.407179531197086818e-09 4.611688760903501235e-12
4.335354601436512169e-03 2.406184625206484427e-09 4.611641883285363526e-12
4.396529814235505124e-03 2.405222086555318936e-09 4.611656827835915166e-12
4.458568256690434960e-03 2.404243565367646236e-09 4.611640845374550219e-12
4.521482109640663147e-03 2.403265179533286654e-09 4.611624854800793975e-12
4.585283725806601346e-03 2.402286952062666926e-09 4.611608903482713659e-12
4.649985632215136722e-03 2.401308911768172754e-09 4.611593054226379462e-12
4.715600532659207020e-03 2.400331141808555378e-09 4.611577465881431722e-12
4.782141310192118688e-03 2.399353470960741683e-09 4.611561798884693983e-12
4.849621029657026974e-03 2.398373699138242619e-09 4.611541759210936989e-12
4.918052940252163469e-03 2.397396247942296055e-09 4.611525972480239368e-12
4.987450478132208348e-03 2.396418975274698789e-09 4.611510254166232631e-12
5.057827269046399725e-03 2.395442049182935376e-09 4.611494914922866723e-12
5.129197131013842406e-03 2.394465081191997359e-09 4.611479234004387662e-12
5.201574077036611073e-03 2.393488243020347220e-09 4.611463534573814095e-12
5.274972317851094571e-03 2.392511531337963022e-09 4.611447810192397983e-12
5.349406264718183264e-03 2.391534963334966493e-09 4.611432094346416274e-12
5.424890532252830272e-03 2.390558537476550064e-09 4.611416384039775552e-12
5.501439941293516551e-03 2.389582077593680824e-09 4.611400418967732637e-12
5.579069521812252130e-03 2.388605896145888857e-09 4.611384641980683027e-12
5.657794515865593142e-03 2.387629728550790105e-09 4.611368621753339505e-12
5.737630380587326051e-03 2.386653673271875106e-09 4.611352548249832432e-12
5.818592791223376783e-03 2.385677755023243366e-09 4.611336469214844202e-12
5.900697644209521552e-03 2.384701973943952630e-09 4.611320384860983659e-12
5.983961060292578536e-03 2.383726330053355617e-09 4.611304295195621920e-12
6.068399387695593006e-03 2.382750823398719908e-09 4.611288200277134187e-12
6.154029205327707190e-03 2.381775443763061714e-09 4.611272080124182740e-12
6.240867326039301229e-03 2.380800184104836500e-09 4.611255920973890980e-12
6.328930799923122505e-03 2.379825061519365306e-09 4.611239756092737647e-12
6.418236917661929858e-03 2.378850076121586945e-09 4.611223585660740347e-12
6.508803213923415078e-03 2.377875228093505554e-09 4.611207409986494800e-12
6.600647470803024455e-03 2.376900517584318874e-09 4.611191229316319883e-12
6.693787721315331771e-03 2.375925944600868515e-09 4.611175043625220041e-12
6.788242252934737278e-03 2.374951516234699600e-09 4.611158866374041090e-12
6.884029611186071214e-03 2.373977225731913859e-09 4.611142684640030318e-12
6.981168603285887661e-03 2.373003072031786576e-09 4.611126496363051598e-12
7.079678301835148728e-03 2.372029054655479022e-09 4.611110300589479580e-12
7.179578048563971249e-03 2.371045826095255279e-09 4.611075907864371846e-12
7.280887458129296427e-03 2.370072107738594453e-09 4.611059740249380934e-12
7.383626421966062690e-03 2.369098526472250758e-09 4.611043566530810075e-12
7.487815112192771662e-03 2.368125082018648437e-09 4.611027386129291143e-12
7.593473985572155027e-03 2.367151774607601427e-09 4.611011199451179038e-12
7.700623787527694289e-03 2.366178604142245222e-09 4.610995006267822134e-12
7.809285556216895470e-03 2.365216595159937498e-09 4.610999902535224955e-12
7.919480626661961481e-03 2.364244005346167281e-09 4.610984276274289760e-12
8.031230634938796298e-03 2.363271305231381619e-09 4.610968183073558890e-12
8.144557522425079077e-03 2.362298630963736032e-09 4.610951877159356735e-12
8.259483540108353630e-03 2.361326091950338760e-09 4.610935561344644368e-12
8.376031252954829753e-03 2.360353688314611354e-09 4.610919235809498364e-12
8.494223544339875656e-03 2.359381420545746360e-09 4.610902901401712609e-12
8.614083620541031563e-03 2.358409323459527192e-09 4.610886621630903489e-12
8.735635015294361538e-03 2.357437365428392524e-09 4.610870338876096046e-12
8.858901594415213854e-03 2.356465544025367968e-09 4.610854048664786101e-12
8.983907560484073393e-03 2.355493859198238989e-09 4.610837750855045941e-12
9.110677457598590281e-03 2.354522134264535055e-09 4.610821113743848787e-12
9.239236176192660785e-03 2.353550799678794447e-09 4.610804978687648867e-12
9.369608957923459061e-03 2.352579644079600814e-09 4.610788920931668638e-12
9.501821400627535191e-03 2.351608512104224735e-09 4.610772610750103095e-12
9.635899463346734098e-03 2.350623724363179128e-09 4.610729540888408680e-12
9.771869471425108020e-03 2.349651413725160659e-09 4.610710324096016431e-12
9.909758121677681234e-03 2.348679991310269762e-09 4.610692580991127700e-12
1.004959248763225878e-02 2.347709437132563455e-09 4.610676276654652202e-12
1.019140002484508929e-02 2.346739014010026894e-09 4.610659958600151226e-12
1.033520857629159108e-02 2.345768701477910217e-09 4.610643586951930121e-12
1.048104637783315619e-02 2.344814543766771493e-09 4.610658456977363362e-12
1.062894206376102831e-02 2.343844579569178463e-09 4.610642207744362051e-12
1.077892467241851893e-02 2.342874329571386286e-09 4.610625345649632447e-12
1.093102365190245194e-02 2.341904581826315201e-09 4.610608983640163319e-12
1.108526886584512011e-02 2.340934971402095657e-09 4.610592614793147354e-12
1.124169059927781870e-02 2.339965498298570491e-09 4.610576239066306252e-12
1.140031956457706643e-02 2.338996162753197613e-09 4.610559856896963295e-12
1.156118690749484944e-02 2.338026964411817990e-09 4.610543467526862856e-12
1.172432421327383387e-02 2.337057903607200178e-09 4.610527071586221243e-12
1.188976351284895018e-02 2.336088980325622079e-09 4.610510669005709571e-12
1.205753728913640070e-02 2.335120194446168911e-09 4.610494259497377708e-12
1.222767848341154567e-02 2.334151546000434839e-09 4.610477843082649147e-12
1.240022050177665321e-02 2.333183035171730530e-09 4.610461420091039040e-12
1.257519722171997895e-02 2.332214661846609818e-09 4.610444990249875052e-12
1.275264299876740365e-02 2.331246426090951022e-09 4.610428553649773850e-12
1.293259267322785511e-02 2.330278327862527398e-09 4.610412110162454584e-12
1.311508157703406355e-02 2.329310367209451907e-09 4.610395659842898917e-12
1.330014554067969132e-02 2.328342544186682428e-09 4.610379202760268517e-12
1.348782090025443109e-02 2.327374858785312709e-09 4.610362738853306783e-12
1.367814450457836839e-02 2.326408115885472043e-09 4.610347793641477557e-12
1.387115372243695813e-02 2.325440671449209754e-09 4.610331249885713892e-12
1.406688644991820752e-02 2.324473364369284642e-09 4.610314698628091731e-12
1.426538111785328675e-02 2.323506195431946768e-09 4.610298141344399839e-12
1.446667669936216316e-02 2.322539163890148640e-09 4.610281576553480856e-12
1.467081271750574588e-02 2.321572270688476752e-09 4.610265006037225608e-12
1.487782925304591448e-02 2.320605515416579210e-09 4.610248428963118815e-12
1.508776695231520137e-02 2.319638898355242472e-09 4.610231845833356852e-12
1.530066703519737149e-02 2.318672418641910720e-09 4.610215254941949982e-12
1.551657130322070359e-02 2.317706077213519440e-09 4.610198658057049272e-12
1.573552214776538505e-02 2.316739873816365306e-09 4.610182054648676710e-12
1.595756255838687993e-02 2.315773808073851184e-09 4.610165443948570532e-12
1.618273613125656429e-02 2.314807880896160712e-09 4.610148827674486793e-12
1.641108707772158046e-02 2.313842091465431052e-09 4.610132204206000485e-12
1.664266023298545741e-02 2.312876440209238068e-09 4.610115574328104392e-12
1.687750106491113164e-02 2.311910927126793042e-09 4.610098937999508147e-12
1.711565568294836845e-02 2.310945552111120428e-09 4.610082294971963054e-12
1.735717084718698539e-02 2.309980315167765645e-09 4.610065645216253643e-12
1.760209397753789706e-02 2.309015250607270604e-09 4.610049055020013722e-12
1.785047316304372647e-02 2.308050331202774510e-09 4.610032471757179078e-12
1.810235717132069669e-02 2.307085549782088336e-09 4.610015881525391393e-12
1.835779545813393324e-02 2.306120906833530710e-09 4.609999285229712274e-12
1.861683817710772446e-02 2.305156401877767839e-09 4.609982681900074544e-12
1.887953618957286667e-02 2.304192035004226220e-09 4.609966071668831947e-12
1.914594107455289129e-02 2.303227806415194111e-09 4.609949454886562044e-12
1.941610513889138398e-02 2.302263715992408259e-09 4.609932831282940757e-12
1.969008142752199167e-02 2.301299763731252997e-09 4.609916200807308929e-12
1.996792373388349418e-02 2.300335949682789357e-09 4.609899563517314747e-12
2.024968661048178256e-02 2.299372273902294924e-09 4.609882919478787732e-12
2.053542537960082598e-02 2.298408736368499162e-09 4.609866268609072832e-12
2.082519614416494455e-02 2.297445337267560309e-09 4.609849611228922252e-12
2.111905579875417507e-02 2.296482076349675196e-09 4.609832946810486519e-12
2.141706204077516162e-02 2.295518953648147356e-09 4.609816275376399199e-12
2.171927338178969435e-02 2.294555969468946347e-09 4.609799597481730796e-12
2.202574915900296776e-02 2.293593123492970292e-09 4.609782912462333634e-12
2.233654954691418476e-02 2.292630416100074590e-09 4.609766221017988779e-12
2.265173556913134198e-02 2.291667847082813096e-09 4.609749522701611571e-12
2.297136911035285028e-02 2.290705416468751190e-09 4.609732817525676768e-12
2.329551292851810701e-02 2.289743124168166247e-09 4.609716105272557511e-12
2.362423066712972600e-02 2.288780970298107630e-09 4.609699386128566540e-12
2.395758686774943427e-02 2.287818954895834038e-09 4.609682660125156106e-12
2.429564698267041092e-02 2.286857078380092419e-09 4.609665928040326734e-12
2.463847738776843779e-02 2.285895340222267214e-09 4.609649188797255670e-12
2.498614539553425593e-02 2.284933740247266206e-09 4.609632442009357956e-12
2.533871926829008372e-02 2.283972279280701261e-09 4.609615689254508883e-12
2.569626823159238196e-02 2.283010956418085947e-09 4.609598928715063065e-12
2.605886248782384937e-02 2.282049772527393289e-09 4.609582162052919249e-12
2.642657322997723698e-02 2.281088727288001877e-09 4.609565388596663657e-12
2.679947265563349668e-02 2.280126973155564593e-09 4.609546967949621524e-12
2.717763398113748688e-02 2.279166183527826094e-09 4.609530137042973551e-12
2.756113145597338665e-02 2.278205532560411313e-09 4.609513299202372618e-12
2.795004037734316604e-02 2.277245020174821225e-09 4.609496454219140605e-12
2.834443710495057611e-02 2.276284646389744735e-09 4.609479602087499364e-12
2.874439907599403779e-02 2.275324411213633560e-09 4.609462742779902327e-12
2.915000482037082355e-02 2.274364314711792782e-09 4.609445876387427411e-12
2.956133397609590416e-02 2.273404356867924463e-09 4.609429002831323629e-12
2.997846730493838180e-02 2.272444537697971681e-09 4.609412122099726109e-12
3.040148670827841001e-02 2.271484857302491061e-09 4.609395234357984540e-12
3.083047524318817401e-02 2.270525315526877170e-09 4.609378339236940492e-12
3.126551713873947091e-02 2.269565912603219930e-09 4.609361437177696105e-12
3.170669781254157465e-02 2.268606648375419607e-09 4.609344527807701025e-12
3.215410388751243492e-02 2.267647522960209169e-09 4.609327611326267814e-12
3.260782320888642311e-02 2.266688536313925475e-09 4.609310687596839776e-12
3.306794486146229922e-02 2.265729688534255658e-09 4.609293756778295367e-12
3.353455918709436628e-02 2.264770979575994714e-09 4.609276818731084208e-12
3.400775780243046886e-02 2.263812409467025244e-09 4.609259873467621278e-12
3.448763361690040247e-02 2.262853978279234623e-09 4.609242921093362413e-12
3.497428085095787703e-02 2.261895685935447724e-09 4.609225961401065749e-12
3.546779505458033666e-02 2.260937532570729909e-09 4.609208994629063508e-12
3.596827312602942500e-02 2.259979518065400962e-09 4.609192020479530280e-12
3.647581333087634992e-02 2.259021642560277631e-09 4.609175039203168030e-12
3.699051532129557507e-02 2.258063906044420452e-09 4.609158050731255335e-12
3.751248015563108523e-02 2.257106308526899873e-09 4.609141055037634225e-12
3.804181031823835463e-02 2.256148849972326627e-09 4.609124052001096081e-12
3.857860973960653556e-02 2.255191530536026620e-09 4.609107041903737767e-12
3.912298381676453801e-02 2.254234350077783227e-09 4.609090024404500759e-12
3.967503943397493460e-02 2.253277308762317473e-09 4.609072999803759058e-12
4.023488498372014555e-02 2.252320406491668425e-09 4.609055967849527921e-12
4.080263038798450509e-02 2.251363643357945953e-09 4.609038928690295963e-12
4.137838711983668483e-02 2.250407019285672722e-09 4.609021882120023317e-12
4.196226822531681777e-02 2.249450534479885299e-09 4.609004828527007466e-12
4.255438834563209788e-02 2.248494188756258892e-09 4.608987767474596404e-12
4.315486373966612166e-02 2.247537982265228289e-09 4.608970699234870353e-12
4.376381230680539969e-02 2.246581914976239921e-09 4.608953623697202791e-12
4.438135361008815893e-02 2.245625986913909027e-09 4.608936540867648132e-12
4.500760889967961309e-02 2.244670198029371154e-09 4.608919450595232989e-12
4.564270113667891898e-02 2.243714548485496511e-09 4.608902353180241696e-12
4.628675501726155217e-02 2.242759038237258347e-09 4.608885248480426652e-12
4.693989699716265979e-02 2.241803667275619715e-09 4.608868136429920371e-12
4.760225531650584541e-02 2.240848435618277729e-09 4.608851017020062496e-12
4.827396002498208355e-02 2.239893343303314132e-09 4.608833890284958073e-12
4.895514300738439822e-02 2.238938390369274299e-09 4.608816756259905256e-12
4.964593800950240637e-02 2.237983576808547755e-09 4.608799614882580350e-12
5.034648066438243696e-02 2.237028902654755256e-09 4.608782466177394875e-12
5.105690851895826332e-02 2.236074367944585983e-09 4.608765310175747768e-12
5.177736106105731290e-02 2.235119972647187342e-09 4.608748146765945412e-12
5.250797974678850927e-02 2.234165716815270176e-09 4.608730976012856053e-12
5.324890802831602071e-02 2.233211600459819857e-09 4.608713797892950282e-12
5.400029138202528528e-02 2.232257623658258422e-09 4.608696612525096536e-12
5.476227733708606549e-02 2.231303786308497722e-09 4.608679419643742374e-12
5.553501550441923562e-02 2.230350088505259450e-09 4.608662219405014905e-12
5.631865760607159682e-02 2.229396530275941894e-09 4.608645011819447759e-12
5.711335750500563108e-02 2.228443111604309155e-09 4.608627796806575809e-12
5.791927123530948851e-02 2.227489832592832780e-09 4.608610574537183579e-12
5.873655703283302276e-02 2.226536693119875447e-09 4.608593344704622939e-12
5.956537536625674395e-02 2.225583693352116944e-09 4.608576107618602748e-12
6.040588896859851870e-02 2.224630833174713168e-09 4.608558862985207319e-12
6.125826286916518509e-02 2.223678112686637522e-09 4.608541610970046448e-12
6.212266442595505006e-02 2.222725531931730164e-09 4.608524351619267768e-12
6.299926335851725734e-02 2.221773090837761269e-09 4.608507084730789599e-12
6.388823178127553404e-02 2.220820789522737665e-09 4.608489810510249528e-12
6.478974423732135335e-02 2.219868627938335046e-09 4.608472528806629739e-12
6.570397773268454866e-02 2.218916606176694302e-09 4.608455239770633008e-12
6.663111177108717309e-02 2.217964724145075251e-09 4.608437943155459012e-12
6.757132838918775142e-02 2.217012981992197108e-09 4.608420639232771961e-12
6.852481219232330056e-02 2.216061379607948487e-09 4.608403327718150969e-12
6.949175039075511373e-02 2.215109917095001112e-09 4.608386008785023661e-12
7.047233283642641288e-02 2.214158593075363073e-09 4.608368679291030250e-12
7.146675206023823945e-02 2.213207404408830944e-09 4.608351332131544725e-12
7.247520330985204873e-02 2.212256355602028218e-09 4.608333977370729813e-12
7.349788458802501701e-02 2.211305302076766835e-09 4.608316307991631592e-12
7.453499669148665185e-02 2.210344862937537742e-09 4.608278900535584099e-12
7.558674325036400521e-02 2.209394247882551706e-09 4.608261544828968129e-12
7.665333076816273350e-02 2.208443772833494696e-09 4.608244181668344123e-12
7.773496866231327518e-02 2.207493437783094969e-09 4.608226810989498956e-12
7.883186930528812697e-02 2.206543242778711923e-09 4.608209432847318161e-12
7.994424806629998881e-02 2.205593187811933132e-09 4.608192047175011751e-12
8.107232335358810493e-02 2.204643272915907030e-09 4.608174653996553423e-12
8.221631665730097516e-02 2.203693498112702798e-09 4.608157253311624907e-12
8.337645259298495648e-02 2.202743863421699208e-09 4.608139845113437505e-12
8.455295894568573556e-02 2.201794368856161756e-09 4.608122429383106619e-12
8.574606671467259467e-02 2.200845014443408910e-09 4.608105006131236156e-12
8.695601015879324269e-02 2.199895800193947930e-09 4.608087575332252179e-12
8.818302684246948075e-02 2.198946726136489015e-09 4.608070136999988961e-12
8.942735768234114091e-02 2.197997792282252044e-09 4.608052691110458264e-12
9.068924699456851202e-02 2.197048998654393936e-09 4.608035237665498625e-12
9.196894254280228720e-02 2.196100345287167001e-09 4.608017776691290635e-12
9.326669558683002570e-02 2.195151832180761904e-09 4.608000308138936934e-12
9.458276093190981504e-02 2.194203459350159299e-09 4.607982831992588611e-12
9.591739697879930748e-02 2.193255226845665830e-09 4.607965348314330257e-12
9.727086577449109428e-02 2.192307134667815028e-09 4.607947857055358215e-12
9.864343306366393782e-02 2.191359182824276924e-09 4.607930358183377707e-12
1.000353683408596872e-01 2.190411371355656576e-09 4.607912851738684707e-12
1.014469449033972848e-01 2.189463700276457767e-09 4.607895337704439142e-12
1.028784399050324955e-01 2.188528852380108955e-09 4.607904180435153563e-12
1.043301344103754608e-01 2.187581459551001295e-09 4.607886657164104407e-12
1.058023134500754581e-01 2.186634207160540279e-09 4.607869126267168132e-12
1.072952660767853977e-01 2.185687095245477129e-09 4.607851587775111980e-12
1.088092854219149808e-01 2.184740118137283727e-09 4.607834029513862471e-12
1.103446687531852571e-01 2.183793278311109045e-09 4.607816456716527668e-12
1.119017175329952707e-01 2.182846578934477872e-09 4.607798876107296736e-12
1.134807374776117955e-01 2.181887381438615680e-09 4.607754937275028738e-12
1.150820386171953341e-01 2.180940972937988472e-09 4.607737350746705793e-12
1.167059353566721053e-01 2.179994705017562913e-09 4.607719756551187589e-12
1.183527465374654142e-01 2.179048577701203990e-09 4.607702154691480734e-12
1.200227955000982838e-01 2.178102590990723643e-09 4.607684545123369031e-12
1.217164101476786858e-01 2.177156744928355233e-09 4.607666927888194547e-12
1.234339230102818874e-01 2.176211039547765010e-09 4.607649303009770229e-12
1.251756713102400720e-01 2.175265474834471110e-09 4.607631670409031667e-12
1.269419970283538479e-01 2.174320050814220770e-09 4.607614030093049476e-12
1.287332469710379956e-01 2.173374767532364581e-09 4.607596382109178939e-12
1.305497728384142353e-01 2.172429624976181746e-09 4.607578726382975417e-12
1.323919312933658221e-01 2.171484623190896710e-09 4.607561062961944441e-12
1.342600840315656130e-01 2.170539762187273574e-09 4.607543391820743913e-12
1.361545978524927869e-01 2.169595041990434642e-09 4.607525712964767468e-12
1.380758447314509862e-01 2.168650463346329321e-09 4.607508027929734077e-12
1.400242018926040055e-01 2.167706027302774591e-09 4.607490338895937544e-12
1.420000518830408509e-01 2.166771127248799167e-09 4.607492453149708277e-12
1.440037826478862415e-01 2.165826983061815184e-09 4.607474780956600581e-12
1.460357876064714844e-01 2.164882979131502659e-09 4.607457099594921193e-12
1.480964657295790188e-01 2.163939115784932530e-09 4.607439409753760032e-12
1.501862216177785869e-01 2.162995393449590910e-09 4.607421712351745596e-12
1.523054655808673830e-01 2.162051811848091880e-09 4.607404006707623565e-12
1.544546137184318046e-01 2.161108371007255529e-09 4.607386292829089789e-12
1.566340880015459069e-01 2.160165070502996698e-09 4.607368569696569036e-12
1.588443163556221838e-01 2.159221911326239297e-09 4.607350839517216674e-12
1.610857327444327469e-01 2.158278892603045502e-09 4.607333100243704141e-12
1.633587772553145856e-01 2.157336014990149983e-09 4.607315353324539395e-12
1.656638961855782799e-01 2.156393278152853545e-09 4.607297597940827363e-12
1.680015421301347400e-01 2.155450682182929395e-09 4.607279834249784867e-12
1.703721740703602883e-01 2.154508227192094891e-09 4.607262062454949230e-12
1.727762574642139615e-01 2.153565913040320351e-09 4.607244282181509892e-12
1.752142643376272402e-01 2.152623739964719165e-09 4.607226493921531879e-12
1.776866733771834683e-01 2.151681707811711603e-09 4.607208697268171577e-12
1.801939700241040609e-01 2.150739816930721091e-09 4.607190892974456573e-12
1.827366465695627606e-01 2.149798114046460662e-09 4.607173186738371300e-12
1.853152022513430697e-01 2.148856614318903907e-09 4.607155614016733216e-12
1.879301433518604514e-01 2.147915231232345063e-09 4.607137978242176960e-12
1.905819832975677586e-01 2.146973972047013299e-09 4.607120296702753099e-12
1.932712427597623461e-01 2.146032788662443678e-09 4.607102459993619960e-12
1.959984497568175998e-01 2.145091805582014370e-09 4.607084747395948705e-12
1.987641397578551739e-01 2.144151008200035585e-09 4.607067127378782452e-12
2.015688557878810572e-01 2.143208379541185564e-09 4.607045193499475443e-12
2.044131485344043431e-01 2.142267816431196346e-09 4.607027449224911321e-12
2.072975764555621547e-01 2.141327387870715345e-09 4.607009681726319307e-12
2.102227058897684353e-01 2.140387083788620494e-09 4.606991869787526433e-12
2.131891111669110273e-01 2.139446956888887475e-09 4.606974122553042699e-12
2.161973747211177466e-01 2.138507169865178554e-09 4.606956776926635466e-12
2.192480872051126295e-01 2.137567367348117439e-09 4.606939093502172810e-12
2.223418476061879423e-01 2.136627700687333719e-09 4.606921390579525885e-12
2.254792633638106059e-01 2.135688169921406685e-09 4.606903668015900215e-12
2.286609504888890698e-01 2.134748777259696462e-09 4.606885930483314488e-12
2.318875336847233126e-01 2.133809528083328089e-09 4.606868189554191881e-12
2.351596464696602551e-01 2.132870431139868481e-09 4.606850464681177299e-12
2.384779313014822044e-01 2.131931621647439252e-09 4.606832996057455036e-12
2.418430397035484791e-01 2.130992684060712600e-09 4.606814987539849555e-12
2.452556323927180537e-01 2.130053888133044941e-09 4.606796971061259142e-12
2.487163794090759550e-01 2.129115233943377431e-09 4.606778946750921882e-12
2.522259602474928863e-01 2.128176735673653430e-09 4.606760948666093103e-12
2.557850639910382862e-01 2.127241255372866648e-09 4.606748974782527986e-12
2.593943894462777955e-01 2.126303084127610224e-09 4.606731046001411243e-12
2.630546452804794488e-01 2.125365056663379632e-09 4.606713113228605207e-12
2.667665501607546230e-01 2.124423311456201891e-09 4.606686788554085581e-12
2.705308328951654961e-01 2.123490261735235082e-09 4.606679385027816013e-12
2.743482325758203610e-01 2.122542577739303711e-09 4.606639169086193558e-12
2.782194987239898776e-01 2.121613892132951629e-09 4.606640199110201616e-12
2.821453914372709648e-01 2.120670110741497266e-09 4.606608360438407986e-12
2.861266815388257001e-01 2.119722915538576113e-09 4.606569210902706744e-12
2.901641507287291422e-01 2.118798954329849868e-09 4.606578899344225223e-12
2.942585917374498372e-01 2.117866449989680460e-09 4.606570509368033811e-12
2.984108084814975914e-01 2.116925953831257407e-09 4.606544625261755532e-12
3.026216162212673200e-01 2.115994678656684341e-09 4.606537983435305887e-12
3.068918417211089489e-01 2.115049645814717505e-09 4.606501617035136790e-12
3.112223234116588966e-01 2.114120717658649598e-09 4.606499843937947634e-12
3.156139115544592810e-01 2.113184539590136449e-09 4.606481936884525405e-12
3.200674684089018229e-01 2.112247097918261773e-09 4.606460494005388607e-12
3.245838684015253106e-01 2.111296147854577578e-09 4.606409817435903695e-12
3.291639982977055956e-01 2.110372587959536695e-09 4.606418030977431013e-12
3.338087573757648197e-01 2.109424572448030094e-09 4.606373229725774256e-12
3.385190576035390086e-01 2.108498843228070387e-09 4.606376313714805909e-12
3.432958238174373955e-01 2.107564299943871489e-09 4.606359955301949588e-12
3.481399939040266678e-01 2.106629073353873677e-09 4.606341785560028174e-12
3.530525189841804967e-01 2.105693733013309644e-09 4.606323039010840383e-12
3.580343635998250451e-01 2.104757693256156287e-09 4.606302465033214049e-12
3.630865059033201447e-01 2.103824256747663384e-09 4.606287213296166349e-12
3.682099378495140019e-01 2.102889171868035407e-09 4.606267964830821650e-12
3.734056653905051260e-01 2.101954917575099522e-09 4.606250301412176089e-12
3.786747086731567791e-01 2.101020608937228709e-09 4.606232217553983795e-12
3.840181022393945875e-01 2.100086449661724529e-09 4.606214137865793145e-12
3.894368952293327801e-01 2.099152452077645354e-09 4.606196085631297280e-12
3.949321515872643018e-01 2.098218606071741636e-09 4.606178044585022622e-12
4.005049502705618214e-01 2.097285844814180805e-09 4.606162393457806328e-12
4.061563854615221070e-01 2.096352698451908050e-09 4.606144935481541600e-12
4.118875667822019526e-01 2.095406941882446272e-09 4.606100111116183782e-12
4.176996195122857913e-01 2.094485723921462106e-09 4.606108238038836520e-12
4.235936848100249064e-01 2.093552540332681512e-09 4.606090068386483257e-12
4.295709199362991448e-01 2.092619417036471247e-09 4.606071708581995375e-12
4.356324984818356061e-01 2.091674228603490100e-09 4.606026774792765074e-12
4.417796105976359855e-01 2.090752804115064011e-09 4.606033388749563601e-12
4.480134632286552621e-01 2.089818991253827939e-09 4.606012345783518947e-12
4.543352803507756388e-01 2.088886087542857059e-09 4.605993221813202366e-12
4.607463032111288048e-01 2.087954250053735433e-09 4.605976011381809180e-12
4.672477905718052660e-01 2.087025358723138765e-09 4.605965241769558253e-12
4.738410189570021469e-01 2.086076357531641989e-09 4.605909589913966144e-12
4.805272829036655868e-01 2.085158790159621509e-09 4.605922859680708225e-12
4.873078952156570387e-01 2.084227773174946811e-09 4.605906268781561885e-12
4.941841872215218534e-01 2.083295914830181198e-09 4.605887458615703253e-12
5.011575090358797446e-01 2.082364310120318179e-09 4.605868889331437862e-12
5.082292298245136841e-01 2.081432856276365656e-09 4.605850329635462390e-12
5.154007380732001931e-01 2.080501552715280413e-09 4.605831778183113973e-12
5.226734418603214971e-01 2.079570465018450666e-09 4.605813357779632102e-12
5.300487691333414242e-01 2.078639439259561018e-09 4.605794768778283310e-12
5.375281679891656950e-01 2.077708573585804684e-09 4.605776214036941185e-12
5.451131069584691513e-01 2.076766722640704130e-09 4.605733146873851625e-12
5.528050752940362189e-01 2.075836299602417085e-09 4.605714917260820426e-12
5.606055832631583469e-01 2.074905567020224261e-09 4.605695679517571772e-12
5.685161624441690265e-01 2.073983805582613705e-09 4.605696079616134127e-12
5.765383660271619082e-01 2.073053613687072530e-09 4.605677394433601900e-12
5.846737691189420882e-01 2.072129541786557898e-09 4.605671705649146665e-12
5.929239690522968287e-01 2.071197203572692720e-09 4.605647725879271755e-12
6.012905856996130227e-01 2.070268214178438566e-09 4.605630859467561659e-12
6.097752617909323325e-01 2.069338886135924233e-09 4.605612600437308426e-12
6.183796632364937373e-01 2.068408876046572432e-09 4.605593034611625962e-12
6.271054794538157839e-01 2.067478357573705259e-09 4.605571360403080701e-12
6.359544236994122413e-01 2.066549132913395584e-09 4.605552552508671340e-12
6.449282334051699150e-01 2.065621193528738715e-09 4.605536171289644200e-12
6.540286705194860994e-01 2.064692326595042189e-09 4.605517493932484521e-12
6.632575218532188455e-01 2.063763594538336339e-09 4.605498792903970762e-12
6.726165994305070006e-01 2.062834991143868879e-09 4.605480054656680214e-12
6.821077408445592738e-01 2.061906535004932001e-09 4.605461316825735356e-12
6.917328096184445219e-01 2.060978276161970715e-09 4.605442689032885784e-12
7.014936955709858424e-01 2.060050320518199199e-09 4.605424403409059393e-12
7.113923151878189799e-01 2.059122521349286134e-09 4.605406138320584629e-12
7.214306119976707787e-01 2.058193685692319235e-09 4.605385333330039313e-12
7.316105569539707032e-01 2.057266001741174903e-09 4.605366687461348190e-12
7.419341488218236247e-01 2.056338466939079316e-09 4.605348034118569706e-12
7.524034145704590060e-01 2.055411075457082605e-09 4.605329372326871510e-12
7.630204097712172118e-01 2.054483827321476704e-09 4.605310702089338566e-12
7.737872190011371165e-01 2.053556722548303542e-09 4.605292023392517072e-12
7.847059562522608056e-01 2.052629761160830881e-09 4.605273336230693504e-12
7.957787653466917854e-01 2.051702943182103561e-09 4.605254640602415449e-12
8.070078203575242748e-01 2.050776268634051379e-09 4.605235936501977462e-12
8.183953260357137438e-01 2.049849737531839865e-09 4.605217223913224478e-12
8.299435182429547586e-01 2.048923349903191564e-09 4.605198502841604257e-12
8.416546643906832603e-01 2.047997105766516208e-09 4.605179773273619378e-12
8.535310638852723342e-01 2.047071005327672994e-09 4.605161034932300851e-12
8.655750485794939664e-01 2.046145048722255023e-09 4.605142287885209300e-12
8.777889832303765738e-01 2.045219235778405597e-09 4.605123532555699639e-12
8.901752659634976084e-01 2.044293566506148077e-09 4.605104768932506379e-12
9.027363287438443518e-01 2.043368040933849381e-09 4.605085997002887385e-12
9.154746378533200613e-01 2.042442659073744337e-09 4.605067216763378030e-12
9.283926943749694072e-01 2.041517420970031688e-09 4.605048428218377557e-12
9.414930346840644226e-01 2.040592326602268904e-09 4.605029631325999448e-12
9.547782309460917105e-01 2.039667376049139889e-09 4.605010826141664802e-12
9.682508916217861250e-01 2.038743677691977274e-09 4.604994419495082206e-12
9.819136619792905307e-01 2.037819001134838852e-09 4.604975569975890251e-12
9.957692246135232406e-01 2.036894465801863841e-09 4.604956706796653007e-12
1.009820299972903568e+00 2.035970074198100069e-09 4.604937834924295210e-12
1.024069646893479790e+00 2.035045826593235712e-09 4.604918954901600822e-12
1.038520063140614624e+00 2.034121723028552461e-09 4.604900066766903686e-12
1.053174385958314252e+00 2.033197763315859694e-09 4.604881170050306246e-12
1.068035492626288052e+00 2.032273947544167423e-09 4.604862264895271831e-12
1.083106301024900020e+00 2.031350275764506074e-09 4.604843351361598975e-12
1.098389770208060501e+00 2.030426747719814382e-09 4.604824428825888342e-12
1.113888900984223662e+00 2.029503364117684149e-09 4.604805498802265770e-12
1.129606736505582631e+00 2.028580124264278346e-09 4.604786559699149327e-12
1.145546362865557333e+00 2.027657028604762832e-09 4.604767612450299907e-12
1.161710909704745998e+00 2.026734076941158130e-09 4.604748656562570849e-12
1.178103550825394308e+00 2.025811269389328256e-09 4.604729692238980061e-12
1.194727504814556029e+00 2.024888606028006328e-09 4.604710719600829866e-12
1.211586035676050832e+00 2.023966086721243973e-09 4.604691738291834832e-12
1.228682453471310332e+00 2.023043711661536044e-09 4.604672748686108395e-12
1.246020114969308645e+00 2.022121480806688060e-09 4.604653750635930152e-12
1.263602424305623639e+00 2.021199393957307305e-09 4.604634743643229130e-12
1.281432833650823389e+00 2.020277451491129943e-09 4.604615728494560388e-12
1.299514843888285975e+00 2.019355653288744594e-09 4.604596704870148340e-12
1.317852005301558771e+00 2.018433999174640489e-09 4.604577672323675733e-12
1.336447918271440605e+00 2.017512489481432329e-09 4.604558631543533743e-12
1.355306233982902064e+00 2.016591124008533365e-09 4.604539582026807058e-12
1.374430655141951174e+00 2.015669902912341531e-09 4.604520524068886399e-12
1.393824936702658501e+00 2.014748826009706218e-09 4.604501457205478680e-12
1.413492886604397647e+00 2.013827893642647584e-09 4.604482382146455118e-12
1.433438366519517393e+00 2.012907105480964641e-09 4.604463298098882314e-12
1.453665292611564519e+00 2.011986461881695010e-09 4.604444205806863354e-12
1.474177636304175643e+00 2.011065962658168017e-09 4.604425104797900392e-12
1.494979425060865230e+00 2.010145607825391612e-09 4.604405995050479461e-12
1.516074743175768846e+00 2.009225397466499929e-09 4.604386876695861363e-12
1.537467732575577450e+00 2.008305331736343247e-09 4.604367750026559457e-12
1.559162593632786198e+00 2.007385410367484559e-09 4.604348614387970956e-12
1.581163585990388531e+00 2.006465633487906907e-09 4.604329470011319498e-12
1.603475029398254259e+00 2.005546001206918070e-09 4.604310317087643415e-12
1.626101304561260896e+00 2.004626525008369892e-09 4.604291181413794725e-12
1.649046853999426521e+00 2.003707197626718980e-09 4.604272046606789311e-12
1.672316182920179140e+00 2.002788015353588503e-09 4.604252904273350707e-12
1.695913860102900905e+00 2.001868979157277740e-09 4.604233756549989498e-12
1.719844518796005195e+00 2.000950087389515997e-09 4.604214599654205038e-12
1.744112857626620272e+00 2.000031340434145685e-09 4.604195434398615845e-12
1.768723641523143764e+00 1.999112738114492604e-09 4.604176260327637656e-12
1.793681702650816057e+00 1.998194280330254903e-09 4.604157077157942532e-12
1.818991941360458942e+00 1.997275967343939588e-09 4.604137885428276276e-12
1.844659327150656614e+00 1.996357799156613309e-09 4.604118685085002202e-12
1.870688899643457193e+00 1.995439775597549296e-09 4.604099475685136012e-12
1.897085769573881198e+00 1.994521896851164573e-09 4.604080257590465826e-12
1.923855119793392410e+00 1.993604162965914965e-09 4.604061030855378770e-12
1.951002206287492768e+00 1.992686573822689360e-09 4.604041795152303242e-12
1.978532359207712199e+00 1.991769129480262249e-09 4.604022550559154165e-12
2.006450983918161235e+00 1.990851830050727772e-09 4.604003297273807842e-12
2.034763562056810748e+00 1.989934675508873876e-09 4.603984035182696575e-12
2.063475652611806321e+00 1.989017665779492475e-09 4.603964764058379624e-12
2.092592893012912292e+00 1.988100801046352080e-09 4.603945484262556251e-12
2.122121000238395006e+00 1.987184081349605280e-09 4.603926195830112638e-12
2.152065771937526240e+00 1.986267506474392323e-09 4.603906898214788886e-12
2.182433087568885544e+00 1.985351076536858881e-09 4.603887591624544986e-12
2.213228909554784796e+00 1.984434791798684781e-09 4.603868276599163141e-12
2.244459284451923331e+00 1.983518652051538381e-09 4.603848952607036018e-12
2.276130344138599604e+00 1.982602657362192597e-09 4.603829619743865347e-12
2.308248307018680112e+00 1.981686807657724012e-09 4.603810277785990859e-12
2.340819479242509882e+00 1.980771103086404751e-09 4.603790927015080477e-12
2.373850255945121113e+00 1.979855543761132974e-09 4.603771567632069621e-12
2.407347122501842573e+00 1.978940126939780962e-09 4.603752193807913449e-12
2.441316655801673008e+00 1.978024854043475199e-09 4.603732808468073522e-12
2.475765525538627720e+00 1.977109726447953942e-09 4.603713414473315214e-12
2.510700495521251074e+00 1.976194744152061207e-09 4.603694011759536875e-12
2.546128425000689255e+00 1.975279907111310393e-09 4.603674600153934497e-12
2.582056270017420108e+00 1.974365215401321524e-09 4.603655179784032027e-12
2.618491084767043287e+00 1.973450669005228801e-09 4.603635750545612786e-12
2.655440022985340764e+00 1.972536268062866694e-09 4.603616312722596826e-12
2.692910339352827975e+00 1.971622012473362594e-09 4.603596866005838317e-12
2.730909390919205038e+00 1.970707902267332938e-09 4.603577410409161839e-12
2.769444638547829296e+00 1.969793937553191738e-09 4.603557946138124197e-12
2.808523648380619075e+00 1.968880118220037236e-09 4.603538472859434612e-12
2.848154093323636449e+00 1.967966444466760461e-09 4.603518990999639591e-12
2.888343754553571063e+00 1.967051936791606393e-09 4.603497300002096204e-12
2.929100523045566895e+00 1.966138545841031780e-09 4.603477781711327494e-12
2.970432401122525157e+00 1.965225300450568998e-09 4.603458254570439512e-12
3.012347504026323453e+00 1.964312200594519202e-09 4.603438718491861780e-12
3.054854061511209196e+00 1.963399246342506183e-09 4.603419173548651956e-12
3.097960419459620862e+00 1.962486437703922990e-09 4.603399619710384495e-12
3.141675041520864742e+00 1.961573774649890267e-09 4.603380056891968040e-12
3.186006510772916300e+00 1.960661257238500909e-09 4.603360485140728790e-12
3.230963531407606837e+00 1.959748885493094643e-09 4.603340904454239328e-12
3.276554930439684377e+00 1.958836659498259372e-09 4.603321314919971578e-12
3.322789659439895793e+00 1.957924579158182767e-09 4.603301716347179632e-12
3.369676796292587095e+00 1.957012644572758052e-09 4.603282108856496955e-12
3.417225546978107431e+00 1.956100855714159287e-09 4.603262492357557299e-12
3.465445247380293914e+00 1.955189217646588425e-09 4.603242877706570635e-12
3.514345365119567521e+00 1.954277754622345341e-09 4.603223317113832251e-12
3.563935501411788831e+00 1.953366438181152783e-09 4.603203749207553056e-12
3.614225392953411831e+00 1.952455268240453577e-09 4.603184173749942048e-12
3.665224913833246667e+00 1.951544243985643566e-09 4.603164588893307961e-12
3.716944077471115992e+00 1.950633366185666123e-09 4.603144996277044413e-12
3.769393038583987554e+00 1.949722634682073976e-09 4.603125395496080896e-12
3.822582095179729578e+00 1.948812050148049868e-09 4.603105787977334664e-12
3.876521690579081802e+00 1.947898048362240769e-09 4.603077733611932565e-12
3.931222415466155251e+00 1.946987785100725857e-09 4.603058175293298670e-12
3.986695009967788472e+00 1.946081844240658344e-09 4.603048868079927778e-12
4.042950365762364662e+00 1.945171936206547821e-09 4.603029441492066638e-12
4.099999528218263301e+00 1.944262182420865096e-09 4.603010024550026477e-12
4.157853698562570699e+00 1.943352041520459196e-09 4.602988965949294854e-12
4.216524236080393173e+00 1.942440881663671097e-09 4.602965596454948666e-12
4.276022660345116577e+00 1.941530414749591648e-09 4.602943446229372450e-12
4.336360653480269001e+00 1.940624879454332617e-09 4.602932533928706581e-12
4.397550062453166930e+00 1.939715672953123236e-09 4.602912653980437676e-12
4.459602901401016339e+00 1.938806609967405199e-09 4.602892758709667358e-12
4.522531353989834635e+00 1.937897690948063904e-09 4.602872849063800158e-12
4.586347775806571825e+00 1.936988860850356803e-09 4.602852792003221252e-12
4.651064696785121022e+00 1.936080121616251272e-09 4.602832592429353817e-12
4.716694823666422565e+00 1.935171534270737680e-09 4.602812397094304769e-12
4.783251042493378513e+00 1.934263157329412560e-09 4.602792344064133510e-12
4.850746421140970099e+00 1.933354913554998832e-09 4.602772250750570957e-12
4.919194211881992018e+00 1.932446802958709344e-09 4.602752116631963413e-12
4.988607853989075025e+00 1.931538825553529175e-09 4.602731941902652276e-12
5.059000976373432934e+00 1.930630994331758800e-09 4.602711757424781745e-12
5.130387400260734587e+00 1.929723306020440578e-09 4.602691555386704492e-12
5.202781141904895712e+00 1.928812519953002636e-09 4.602663874640085470e-12
5.276196415340004719e+00 1.927905359830552283e-09 4.602644219961966290e-12
5.350647635171183580e+00 1.926996951805233100e-09 4.602621175755348280e-12
5.426149419404834084e+00 1.926090008331114887e-09 4.602601310597857941e-12
5.502716592318713573e+00 1.925187879310762212e-09 4.602592414579104595e-12
5.580364187372669704e+00 1.924281370088230393e-09 4.602572849288830939e-12
5.659107450160282937e+00 1.923374959782557292e-09 4.602553166268007842e-12
5.738961841402272057e+00 1.922468681599784462e-09 4.602533440379402529e-12
5.819943039982142352e+00 1.921562556339584713e-09 4.602513718518993931e-12
5.902066946024545402e+00 1.920656582977444813e-09 4.602493998428641177e-12
5.985349684017261751e+00 1.919747267748096892e-09 4.602465886357797189e-12
6.069807605977051601e+00 1.918845441321101117e-09 4.602455387022885538e-12
6.155457294660302558e+00 1.917941034340367566e-09 4.602438373918876754e-12
6.242315566818981587e+00 1.917035225949367553e-09 4.602417646430464785e-12
6.330399476502408085e+00 1.916129530833993535e-09 4.602396815808532655e-12
6.419726318405801102e+00 1.915224112640455472e-09 4.602376286437494078e-12
6.510313631265893797e+00 1.914318851266229168e-09 4.602355770740696953e-12
6.602179201304582357e+00 1.913413731609199420e-09 4.602335233527955473e-12
6.695341065721177820e+00 1.912505657274795722e-09 4.602307502587062878e-12
6.789817516233796368e+00 1.911599787837533148e-09 4.602284391557390136e-12
6.885627102670923705e+00 1.910695375842213589e-09 4.602264466138394690e-12
6.982788636613460831e+00 1.909791100029231961e-09 4.602244504281109368e-12
7.081321195088287723e+00 1.908887041536806514e-09 4.602224702986300170e-12
7.181244124313963084e+00 1.907983095880482576e-09 4.602204806785367677e-12
7.282577043499133040e+00 1.907079215708300193e-09 4.602184703279056203e-12
7.385339848694684406e+00 1.906175482171278647e-09 4.602164589547962754e-12
7.489552716700239365e+00 1.905271895375351651e-09 4.602144465785564391e-12
7.595236109025639060e+00 1.904368455353455883e-09 4.602124332010017888e-12
7.702410775908546725e+00 1.903465162187584794e-09 4.602104188356068061e-12
7.811097760388508782e+00 1.902563356486161749e-09 4.602087311128389037e-12
7.921318402438664918e+00 1.901660362322759740e-09 4.602067161618619243e-12
8.033094343155763539e+00 1.900757512425977047e-09 4.602046995847533584e-12
8.146447529009126498e+00 1.899845550101071998e-09 4.602004308267899674e-12
8.261400216149834108e+00 1.898943013572383404e-09 4.601984159381444399e-12
8.377974974780455497e+00 1.898040624773033206e-09 4.601964002408477918e-12
8.496194693586600621e+00 1.897138383265275354e-09 4.601943836228443535e-12
8.616082584231028463e+00 1.896236289332807569e-09 4.601923661465021700e-12
8.737662185910970436e+00 1.895334343008007770e-09 4.601903478134109790e-12
8.860957369980042131e+00 1.894432544070134951e-09 4.601883285638966463e-12
8.985992344635107543e+00 1.893530892619388395e-09 4.601863084159455843e-12
9.112791659669440492e+00 1.892629388734153390e-09 4.601842873822242384e-12
9.241380211292979041e+00 1.891728032418117510e-09 4.601822654573657090e-12
9.371783247020399443e+00 1.890826823896077010e-09 4.601802426895380802e-12
9.504026370628453790e+00 1.889925762903183961e-09 4.601782190082641098e-12
9.638135547182958618e+00 1.889024849149762609e-09 4.601761943370184436e-12
9.774137108136933705e+00 1.888124083516809937e-09 4.601741688830057052e-12
9.912057756500665562e+00 1.887223465549350550e-09 4.601721425296649990e-12
1.005192457208452161e+01 1.886322995092738899e-09 4.601701152331092233e-12
1.019376501681606584e+01 1.885422672624022863e-09 4.601680871027288138e-12
1.033760694013187020e+01 1.884522497779326932e-09 4.601660580438662780e-12
1.048347858444564196e+01 1.883622443771035212e-09 4.601640215424750189e-12
1.063140859069349098e+01 1.882722522249297589e-09 4.601619804158726686e-12
1.078142600395724493e+01 1.881822747800545021e-09 4.601599381997291796e-12
1.093356027916742867e+01 1.880923120309221202e-09 4.601578948593395592e-12
1.108784128688639470e+01 1.880023640290423081e-09 4.601558505136108591e-12
1.124429931917327785e+01 1.879124307379117509e-09 4.601538050670806202e-12
1.140296509553170168e+01 1.878225121596096910e-09 4.601517585182515974e-12
1.156386976894123109e+01 1.877326082894347233e-09 4.601497108490030421e-12
1.172704493197410258e+01 1.876427191511057556e-09 4.601476621106735475e-12
1.189252262299830676e+01 1.875528447428739627e-09 4.601456122923848000e-12
1.206033533246792722e+01 1.874629850386343930e-09 4.601435613237322587e-12
1.223051600930263660e+01 1.873731400825907926e-09 4.601415093061812581e-12
1.240309806735681697e+01 1.872833098456314910e-09 4.601394561619319880e-12
1.257811539198022999e+01 1.871934943294540284e-09 4.601374018884314976e-12
1.275560234667125314e+01 1.871036935391900678e-09 4.601353464915791841e-12
1.293559377982374947e+01 1.870139074825898365e-09 4.601332899837362278e-12
1.311812503156953369e+01 1.869241361694249020e-09 4.601312323821940155e-12
1.330323194071697657e+01 1.868343795609575690e-09 4.601291735852118359e-12
1.349095085178781339e+01 1.867446376951690759e-09 4.601271136793024414e-12
1.368131862215321881e+01 1.866549105637623878e-09 4.601250526373763940e-12
1.387437262927032933e+01 1.865651981618825334e-09 4.601229904408066201e-12
1.407015077802127578e+01 1.864765202927333958e-09 4.601234256220338232e-12
1.426869150815536003e+01 1.863868394564137526e-09 4.601213675027901231e-12
1.447003380183653398e+01 1.862971734204295061e-09 4.601193083892957640e-12
1.467421719129737667e+01 1.862075221888965623e-09 4.601172482853964894e-12
1.488128176660078417e+01 1.861178857618364072e-09 4.601151871843159614e-12
1.509126818351162314e+01 1.860282641407315551e-09 4.601131250830286699e-12
1.530421767147901768e+01 1.859386573339907521e-09 4.601110619964659521e-12
1.552017204173156451e+01 1.858490653398189954e-09 4.601089979131726490e-12
1.573917369548678558e+01 1.857594881546104808e-09 4.601069328170028250e-12
1.596126563227611683e+01 1.856699257945764799e-09 4.601048667429963840e-12
1.618649145838782744e+01 1.855803782479718967e-09 4.601027996539503127e-12
1.641489539542860498e+01 1.854908455642621730e-09 4.601007317295727493e-12
1.664652228900627762e+01 1.854013277120181060e-09 4.600986628223492795e-12
1.688141761753504611e+01 1.853118247001367055e-09 4.600965929486555753e-12
1.711962750116467546e+01 1.852223365249640459e-09 4.600945220913851538e-12
1.736119871083598198e+01 1.851328631978607085e-09 4.600924502741477207e-12
1.760617867746410425e+01 1.850434047167960062e-09 4.600903774840155094e-12
1.785461550125100416e+01 1.849539610815804320e-09 4.600883037132562391e-12
1.810655796112990146e+01 1.848645323000709608e-09 4.600862289759135624e-12
1.836205552434246968e+01 1.847751183730909477e-09 4.600841532667794727e-12
1.862115835615147574e+01 1.846857193123993233e-09 4.600820766104415098e-12
1.888391732969054004e+01 1.845963351060851831e-09 4.600799989674665038e-12
1.915038403595245953e+01 1.845069657715164456e-09 4.600779203773549945e-12
1.942061079391907086e+01 1.844176113033802331e-09 4.600758408184562565e-12
1.969465066083347793e+01 1.843282717016501585e-09 4.600737602836337567e-12
1.997255744261758181e+01 1.842389469764854473e-09 4.600716787928171357e-12
2.025438570443667174e+01 1.841496371371075296e-09 4.600695963634337318e-12
2.054019078141262256e+01 1.840603421782338233e-09 4.600675129739784648e-12
2.083002878948893510e+01 1.839710621057475471e-09 4.600654286330338181e-12
2.112395663644841903e+01 1.838817969107423438e-09 4.600633433097254370e-12
2.142203203308680415e+01 1.837925457677303435e-09 4.600612550853313119e-12
2.172431350454399634e+01 1.837033074618445532e-09 4.600591610996688105e-12
2.203086040179478999e+01 1.836140836521995501e-09 4.600570651996325714e-12
2.234173291330241184e+01 1.835248752049222157e-09 4.600549694618995891e-12
2.265699207683580951e+01 1.834356840508683659e-09 4.600528785553741857e-12
2.297669979145413777e+01 1.833465078779621235e-09 4.600507866775171653e-12
2.330091882966038597e+01 1.832573465070947942e-09 4.600486934459200228e-12
2.362971284972601538e+01 1.831682000225252699e-09 4.600465992003395207e-12
2.396314640819020525e+01 1.830790684282482747e-09 4.600445039443885965e-12
2.430128497253479480e+01 1.829899517261548469e-09 4.600424076758887118e-12
2.464419493403851646e+01 1.829008499212107791e-09 4.600403104010260304e-12
2.499194362081263066e+01 1.828117630176254280e-09 4.600382121237410502e-12
2.534459931102002983e+01 1.827226910109417170e-09 4.600361128251522428e-12
2.570223124628159184e+01 1.826336339064028753e-09 4.600340125119377992e-12
2.606490964527096565e+01 1.825445917061840155e-09 4.600319111828451545e-12
2.643270571750168685e+01 1.824555644161999133e-09 4.600298088464243192e-12
2.680569167730887870e+01 1.823665520316302978e-09 4.600277054827551845e-12
2.718394075802772036e+01 1.822775545658256779e-09 4.600256011201682826e-12
2.756752722637249775e+01 1.821885720036331182e-09 4.600234957111429759e-12
2.795652639701855335e+01 1.820996043691799674e-09 4.600213893127273424e-12
2.835101464738943022e+01 1.820106516504322987e-09 4.600192818858474379e-12
2.875106943265353010e+01 1.819217138593752353e-09 4.600171734551088969e-12
2.915676930093152563e+01 1.818327909854965110e-09 4.600150639853818272e-12
2.956819390871893916e+01 1.817438830414188194e-09 4.600129535031352814e-12
2.998542403652633936e+01 1.816549900289686165e-09 4.600108420060166415e-12
3.040854160473966417e+01 1.815661119434738208e-09 4.600087294743709169e-12
3.083762968970521356e+01 1.814772487973731607e-09 4.600066159342088987e-12
3.127277254004072660e+01 1.813884005864568246e-09 4.600045013670108694e-12
3.171405559317721057e+01 1.812995673092111134e-09 4.600023857616824305e-12
3.216156549213422977e+01 1.812107489820852374e-09 4.600002691546975618e-12
3.261539010253122939e+01 1.811219455894837399e-09 4.599981514974279793e-12
3.307561852983989326e+01 1.810331571517347915e-09 4.599960328367093115e-12
3.354234113687896013e+01 1.809443836629207832e-09 4.599939131496203352e-12
3.401564956155655750e+01 1.808556251229685098e-09 4.599917924287349234e-12
3.449563673486291293e+01 1.807668815349396767e-09 4.599896706749537659e-12
3.498239689911624595e+01 1.806781529105784083e-09 4.599875479123876428e-12
3.547602562646721225e+01 1.805894392373875150e-09 4.599854241005326537e-12
3.597661983766334970e+01 1.805007405290536514e-09 4.599832992685663830e-12
3.648427782107903994e+01 1.804120567871982362e-09 4.599811734135129192e-12
3.699909925201401961e+01 1.803233885191944391e-09 4.599790478790213464e-12
3.752118521226342551e+01 1.802347341379764171e-09 4.599769184355456982e-12
3.805063820996517876e+01 1.801460937954186046e-09 4.599747854762760196e-12
3.858756219972620016e+01 1.800574689385364401e-09 4.599726528453069752e-12
3.913206260303348927e+01 1.799688590667496230e-09 4.599705192027652696e-12
3.968424632895312953e+01 1.798802641684719794e-09 4.599683845103840251e-12
4.024422179512067288e+01 1.797916842467560125e-09 4.599662487690279040e-12
4.081209894902882240e+01 1.797031193075366811e-09 4.599641119871241318e-12
4.138798928961436729e+01 1.796145693439347377e-09 4.599619741391154934e-12
4.197200588915048769e+01 1.795260343700957152e-09 4.599598352554317340e-12
4.256426341544801062e+01 1.794375143739895331e-09 4.599576952965926700e-12
4.316487815436916264e+01 1.793490093735375350e-09 4.599555543032475238e-12
4.377396803265980907e+01 1.792605193622898627e-09 4.599534122508321817e-12
4.439165264110382481e+01 1.791720443419141123e-09 4.599512691362952034e-12
4.501805325800336277e+01 1.790835843186270632e-09 4.599491249690641861e-12
4.565329287299176997e+01 1.789951392951467895e-09 4.599469797491380796e-12
4.629749621118113367e+01 1.789067092660536659e-09 4.599448334544664622e-12
4.695078975765152052e+01 1.788182942504294255e-09 4.599426861290004126e-12
4.761330178228576671e+01 1.787298942305198361e-09 4.599405377175774043e-12
4.828516236495377711e+01 1.786415092206253200e-09 4.599383882513251163e-12
4.896650342105359499e+01 1.785531392224393434e-09 4.599362377273415502e-12
4.965745872741146627e+01 1.784647842315533439e-09 4.599340861263285176e-12
5.035816394854829525e+01 1.783764442635346332e-09 4.599319334829158057e-12
5.106875666331682595e+01 1.782881193103752550e-09 4.599297797679829411e-12
5.178937639191359210e+01 1.781998093710434256e-09 4.599276249713119813e-12
5.252016462327365076e+01 1.781115144616130842e-09 4.599254691288999848e-12
5.326126484285021689e+01 1.780232345744151910e-09 4.599233122125188478e-12
5.401282256078747679e+01 1.779349697074724536e-09 4.599211542094011506e-12
5.477498534049081513e+01 1.778467198771148648e-09 4.599189951562295262e-12
