# k_modes P_scalar P_tensor
4.5632110342105373e-05 3.0826543774788569e-09 5.2100789323860396e-12
4.6276014782111321e-05 3.0815004931994160e-09 5.2100622356278283e-12
4.6929005212766305e-05 3.0803476589524526e-09 5.2100470464447667e-12
4.7591209844439458e-05 3.0791955200072517e-09 5.2100327846182196e-12
4.8262758696647899e-05 3.0780424681330913e-09 5.2100167182242120e-12
4.8943783623584765e-05 3.0768889838284228e-09 5.2099996706687268e-12
4.9634418340008176e-05 3.0757350306038397e-09 5.2099815680532311e-12
5.0334798447494776e-05 3.0745842462519703e-09 5.2099685781782366e-12
5.1045061461064865e-05 3.0734319243077367e-09 5.2099527341551195e-12
5.1765346836182147e-05 3.0722801473278999e-09 5.2099375481048671e-12
5.2495795996135086e-05 3.0711266235636187e-09 5.2099191492921580e-12
5.3236552359804031e-05 3.0699759406694446e-09 5.2099053096554144e-12
5.3987761369821203e-05 3.0688235704814375e-09 5.2098883551197059e-12
5.4749570521126951e-05 3.0676724976940649e-09 5.2098733451612303e-12
5.5522129389929673e-05 3.0665206652215167e-09 5.2098567854844694e-12
5.6305589663073622e-05 3.0653691174142917e-09 5.2098404512478421e-12
5.7100105167822325e-05 3.0642171579455784e-09 5.2098231638373014e-12
5.7905831902061217e-05 3.0630668905659907e-09 5.2098085018833674e-12
5.8722928064926413e-05 3.0619156051940941e-09 5.2097918381900161e-12
5.9551554087866815e-05 3.0607659931757946e-09 5.2097777704956825e-12
6.0391872666143265e-05 3.0596147288724065e-09 5.2097606352096211e-12
6.1244048790772947e-05 3.0584634084077814e-09 5.2097431484162248e-12
6.2108249780923791e-05 3.0573142168186136e-09 5.2097290181015642e-12
6.2984645316767218e-05 3.0561639936334733e-09 5.2097128839880610e-12
6.3873407472793222e-05 3.0550142415515799e-09 5.2096972898325023e-12
6.4774710751596385e-05 3.0538639181774032e-09 5.2096804679085398e-12
6.5688732118137678e-05 3.0527146245080613e-09 5.2096651385421110e-12
6.6615651034491235e-05 3.0515652208184719e-09 5.2096493645723828e-12
6.7555649495080154e-05 3.0504159336506067e-09 5.2096335416244707e-12
6.8508912062409432e-05 3.0492661508929110e-09 5.2096166027926714e-12
6.9475625903304468e-05 3.0481176178670815e-09 5.2096015379838090e-12
7.0455980825659477e-05 3.0469680611165891e-09 5.2095844698714930e-12
7.1450169315705325e-05 3.0458195324174361e-09 5.2095688958921667e-12
7.2458386575802283e-05 3.0446703732547036e-09 5.2095519934898904e-12
7.3480830562767686e-05 3.0435218967172089e-09 5.2095359955163832e-12
7.4517702026742760e-05 3.0423740908474274e-09 5.2095208851347836e-12
7.5569204550609016e-05 3.0412269366567281e-09 5.2095066246655445e-12
7.6635544589959703e-05 3.0400778240160412e-09 5.2094887652684983e-12
7.7716931513636936e-05 3.0389297014257383e-09 5.2094723366048203e-12
7.8813577644839302e-05 3.0377827641717255e-09 5.2094576688180247e-12
7.9925698302810424e-05 3.0366342029116759e-09 5.2094399628910295e-12
8.1053511845114847e-05 3.0354876620645276e-09 5.2094254702228463e-12
8.2197239710512019e-05 3.0343401588470657e-09 5.2094090549922470e-12
8.3357106462433929e-05 3.0331928592115106e-09 5.2093927371366587e-12
8.4533339833076107e-05 3.0320462890353952e-09 5.2093774112327370e-12
8.5726170768112337e-05 3.0308984988566551e-09 5.2093597225439475e-12
8.6935833472038667e-05 3.0297528639428057e-09 5.2093454824817703e-12
8.8162565454158283e-05 3.0286062455211694e-09 5.2093292876841583e-12
8.9406607575214157e-05 3.0274599766870508e-09 5.2093134329341445e-12
9.0668204094681510e-05 3.0263121583852444e-09 5.2092946576910193e-12
9.1947602718725900e-05 3.0251665918434280e-09 5.2092794866040288e-12
9.3245054648839022e-05 3.0240209737731662e-09 5.2092639692406054e-12
9.4560814631159732e-05 3.0228743311835164e-09 5.2092464276965718e-12
9.5895141006492875e-05 3.0217297532667401e-09 5.2092321796946685e-12
9.7248295761032284e-05 3.0205848453207040e-09 5.2092171022013072e-12
9.8620544577799401e-05 3.0194387945423009e-09 5.2091997950013774e-12
1.0001215688880962e-04 3.0182929526349628e-09 5.2091825816304638e-12
1.0142340592797272e-04 3.0171470181134050e-09 5.2091649478331948e-12
1.0285456878474045e-04 3.0160025882496425e-09 5.2091496472348872e-12
1.0430592645851183e-04 3.0148570809655964e-09 5.2091322189573153e-12
1.0577776391380476e-04 3.0137133983375661e-09 5.2091176890392302e-12
1.0727037013620773e-04 3.0125687071093143e-09 5.2091011515758497e-12
1.0878403818911941e-04 3.0114243668105241e-09 5.2090849486326114e-12
1.1031906527129062e-04 3.0102807504355717e-09 5.2090697477217644e-12
1.1187575277517635e-04 3.0091368486485528e-09 5.2090537839586920e-12
1.1345440634611323e-04 3.0079926753518525e-09 5.2090370929213346e-12
1.1505533594233003e-04 3.0068495453467758e-09 5.2090219357653872e-12
1.1667885589580637e-04 3.0057048019657169e-09 5.2090037207512714e-12
1.1832528497398997e-04 3.0045617669423571e-09 5.2089882045205774e-12
1.1999494644238420e-04 3.0034180064906114e-09 5.2089711722645465e-12
1.2168816812801901e-04 3.0022755851898398e-09 5.2089561923543743e-12
1.2340528248381779e-04 3.0011316373760382e-09 5.2089383062522916e-12
1.2514662665387264e-04 2.9999891928687852e-09 5.2089227579111925e-12
1.2691254253963962e-04 2.9988451645691180e-09 5.2089042030917497e-12
1.2870337686706981e-04 2.9977048858853209e-09 5.2088918785646200e-12
1.3051948125468560e-04 2.9965612508848544e-09 5.2088734772505014e-12
1.3236121228261979e-04 2.9954196085827270e-09 5.2088582666089239e-12
1.3422893156262662e-04 2.9942774105547189e-09 5.2088418275288124e-12
1.3612300580908299e-04 2.9931352311669627e-09 5.2088251513199050e-12
1.3804380691098927e-04 2.9919939186064945e-09 5.2088097240122883e-12
1.3999171200498840e-04 2.9908527498541353e-09 5.2087942838089591e-12
1.4196710354941316e-04 2.9897093987793935e-09 5.2087747755376449e-12
1.4397036939937986e-04 2.9885696652698567e-09 5.2087613056582462e-12
1.4600190288294133e-04 2.9874268270830944e-09 5.2087421462125378e-12
1.4806210287831399e-04 2.9862870988454762e-09 5.2087281594983897e-12
1.5015137389219480e-04 2.9851460459354514e-09 5.2087115881833736e-12
1.5227012613918363e-04 2.9840045157493516e-09 5.2086939130616079e-12
1.5441877562232675e-04 2.9828647647303836e-09 5.2086790869453458e-12
1.5659774421479514e-04 2.9817237997905664e-09 5.2086618730314883e-12
1.5880745974271779e-04 2.9805834409286290e-09 5.2086454422996406e-12
1.6104835606918134e-04 2.9794442877839390e-09 5.2086308569510421e-12
1.6332087317941736e-04 2.9783040734776510e-09 5.2086141594101217e-12
1.6562545726718961e-04 2.9771629604322623e-09 5.2085956144919080e-12
1.6796256082240161e-04 2.9760241329865904e-09 5.2085807997099549e-12
1.7033264271994035e-04 2.9748833984347619e-09 5.2085623817988086e-12
1.7273616830977318e-04 2.9737448000625291e-09 5.2085474354794048e-12
1.7517360950831571e-04 2.9726050902493883e-09 5.2085302749178607e-12
1.7764544489108993e-04 2.9714656720280680e-09 5.2085133647048951e-12
1.8015215978668984e-04 2.9703261538718137e-09 5.2084959957398437e-12
1.8269424637207127e-04 2.9691889489089424e-09 5.2084824265979872e-12
1.8527220376918907e-04 2.9680501277672781e-09 5.2084657541874285e-12
1.8788653814299497e-04 2.9669108765361529e-09 5.2084480587316052e-12
1.9053776280082105e-04 2.9657727808103803e-09 5.2084321280237752e-12
1.9322639829316303e-04 2.9646343155980402e-09 5.2084152678486498e-12
1.9595297251588821e-04 2.9634964842217880e-09 5.2083992599849633e-12
1.9871802081388292e-04 2.9623590573017410e-09 5.2083836927376214e-12
2.0152208608616547e-04 2.9612196847848747e-09 5.2083644438760111e-12
2.0436571889247953e-04 2.9600825823846508e-09 5.2083489056246439e-12
2.0724947756139330e-04 2.9589449929412390e-09 5.2083322470304014e-12
2.1017392829992423e-04 2.9578072665464272e-09 5.2083150804864561e-12
2.1313964530470962e-04 2.9566713087370124e-09 5.2083007578606590e-12
2.1614721087474575e-04 2.9555341685637607e-09 5.2082840719138275e-12
2.1919721552571915e-04 2.9543972054869793e-09 5.2082674369925022e-12
2.2229025810595083e-04 2.9532594390889025e-09 5.2082491234406034e-12
2.2542694591397489e-04 2.9521228970221188e-09 5.2082326877885078e-12
2.2860789481777928e-04 2.9509879982574176e-09 5.2082188883184269e-12
2.3183372937572559e-04 2.9498505877053514e-09 5.2082003891487408e-12
2.3510508295917880e-04 2.9487150557535207e-09 5.2081849235997550e-12
2.3842259787686405e-04 2.9475802763896874e-09 5.2081705204630399e-12
2.4178692550098034e-04 2.9464432896157837e-09 5.2081519565915124e-12
2.4519872639509356e-04 2.9453077218023176e-09 5.2081356254389190e-12
2.4865867044383366e-04 2.9441711837680319e-09 5.2081173056759763e-12
2.5216743698442106e-04 2.9430368040281123e-09 5.2081025280470820e-12
2.5572571494005111e-04 2.9419002501262849e-09 5.2080836363413856e-12
2.5933420295515958e-04 2.9407659236270224e-09 5.2080684132873070e-12
2.6299360953259686e-04 2.9396305121858948e-09 5.2080510007693070e-12
2.6670465317273702e-04 2.9384956891359170e-09 5.2080343620938120e-12
2.7046806251455121e-04 2.9373606371276888e-09 5.2080170482900906e-12
2.7428457647867184e-04 2.9362274072459292e-09 5.2080026788061419e-12
2.7815494441247316e-04 2.9350918576787158e-09 5.2079839332634665e-12
2.8207992623720268e-04 2.9339586804279394e-09 5.2079691226473703e-12
2.8606029259718431e-04 2.9328246325899240e-09 5.2079524954825765e-12
2.9009682501113194e-04 2.9316907768174867e-09 5.2079359315190546e-12
2.9419031602559317e-04 2.9305561295716352e-09 5.2079176967976831e-12
2.9834156937056158e-04 2.9294228812011957e-09 5.2079016661139188e-12
3.0255140011728454e-04 2.9282887650140842e-09 5.2078838289143281e-12
3.0682063483829621e-04 2.9271564541305299e-09 5.2078689286428112e-12
3.1115011176970921e-04 2.9260227619955373e-09 5.2078512944568529e-12
3.1554068097579735e-04 2.9248902563720005e-09 5.2078354961396789e-12
3.1999320451590104e-04 2.9237573999539341e-09 5.2078188030849507e-12
3.2450855661368471e-04 2.9226240070837684e-09 5.2078008852571666e-12
3.2908762382878755e-04 2.9214911990606996e-09 5.2077837260446354e-12
3.3373130523089094e-04 2.9203598226800024e-09 5.2077688582280248e-12
3.3844051257624763e-04 2.9192275179616733e-09 5.2077520517192354e-12
3.4321617048669619e-04 2.9180952759830577e-09 5.2077350821399938e-12
3.4805921663120734e-04 2.9169636287316617e-09 5.2077189025911381e-12
3.5297060190998619e-04 2.9158310748191061e-09 5.2077008253769583e-12
3.5795129064117808e-04 2.9146998765868470e-09 5.2076848982455857e-12
3.6300226075020367e-04 2.9135688099023085e-09 5.2076689383722922e-12
3.6812450396176913e-04 2.9124368349636466e-09 5.2076510722072518e-12
3.7331902599458549e-04 2.9113057912343992e-09 5.2076345962699820e-12
3.7858684675883415e-04 2.9101752576768132e-09 5.2076187639550362e-12
3.8392900055641893e-04 2.9090438639762501e-09 5.2076011104386610e-12
3.8934653628404489e-04 2.9079128061886359e-09 5.2075837810128785e-12
3.9484051763916372e-04 2.9067822113042449e-09 5.2075670139514496e-12
4.0041202332882097e-04 2.9056517294368408e-09 5.2075501639521443e-12
4.0606214728145597e-04 2.9045217004661216e-09 5.2075338598279909e-12
4.1179199886168466e-04 2.9033921453831569e-09 5.2075181234051927e-12
4.1760270308811886e-04 2.9022608586349398e-09 5.2074989949790844e-12
4.2349540085425379e-04 2.9011318825130859e-09 5.2074837540879521e-12
4.2947124915247595e-04 2.9000022237063902e-09 5.2074670023450325e-12
4.3553142130123182e-04 2.8988729895210598e-09 5.2074507444339017e-12
4.4167710717540057e-04 2.8977418940331092e-09 5.2074308569794469e-12
4.4790951343991713e-04 2.8966131381716859e-09 5.2074149004208470e-12
4.5422986378669360e-04 2.8954841506746172e-09 5.2073982430965829e-12
4.6063939917488438e-04 2.8943543398852456e-09 5.2073798340442865e-12
4.6713937807453917e-04 2.8932269718325577e-09 5.2073655505792220e-12
4.7373107671369445e-04 2.8920973487082040e-09 5.2073469220371698e-12
4.8041578932895310e-04 2.8909691882607075e-09 5.2073306527577371e-12
4.8719482841960124e-04 2.8898412002670734e-09 5.2073144111732807e-12
4.9406952500530526e-04 2.8887135073948238e-09 5.2072984274805904e-12
5.0104122888745080e-04 2.8875844298068146e-09 5.2072796678077403e-12
5.0811130891416790e-04 2.8864576667061562e-09 5.2072648094842785e-12
5.1528115324909454e-04 2.8853289581479992e-09 5.2072461602961916e-12
5.2255216964393249e-04 2.8842018154308465e-09 5.2072300503908722e-12
5.2992578571485103e-04 2.8830732830259307e-09 5.2072111617406509e-12
5.3740344922279058e-04 2.8819474806897366e-09 5.2071969218317833e-12
5.4498662835772101e-04 2.8808198481753148e-09 5.2071791027275529e-12
5.5267681202690881e-04 2.8796923917719728e-09 5.2071613090162704e-12
5.6047551014725620e-04 2.8785660184413373e-09 5.2071452116570522e-12
5.6838425394176400e-04 2.8774392560453193e-09 5.2071281189639229e-12
5.7640459624017624e-04 2.8763128243879071e-09 5.2071113495677743e-12
5.8453811178386678e-04 2.8751863770677873e-09 5.2070942753204261e-12
5.9278639753503070e-04 2.8740595503319821e-09 5.2070762291502643e-12
6.0115107299023903e-04 2.8729337360122454e-09 5.2070597311958652e-12
6.0963378049841269e-04 2.8718081368665400e-09 5.2070433612745314e-12
6.1823618558328852e-04 2.8706818013675053e-09 5.2070253626546307e-12
6.2695997727043532e-04 2.8695561654438084e-09 5.2070083507567563e-12
6.3580686841888156e-04 2.8684313092950837e-09 5.2069924888713879e-12
6.4477859605742275e-04 2.8673065687380995e-09 5.2069765376838624e-12
6.5387692172567686e-04 2.8661808509155040e-09 5.2069585367050437e-12
6.6310363181995222e-04 2.8650552495684402e-09 5.2069404719361128e-12
6.7246053794399344e-04 2.8639306883670313e-09 5.2069240156211141e-12
6.8194947726467673e-04 2.8628047368952447e-09 5.2069047465609125e-12
6.9157231287272631e-04 2.8616813386750483e-09 5.2068898472303353e-12
7.0133093414852222e-04 2.8605566377523284e-09 5.2068722852080200e-12
7.1122725713306618e-04 2.8594326809642993e-09 5.2068557934374631e-12
7.2126322490417914e-04 2.8583084964554853e-09 5.2068386157120151e-12
7.3144080795802002e-04 2.8571852319624246e-09 5.2068228301662844e-12
7.4176200459597538e-04 2.8560612616723735e-09 5.2068054776612855e-12
7.5222884131701103e-04 2.8549375612978161e-09 5.2067883304450978e-12
7.6284337321556384e-04 2.8538138010736197e-09 5.2067708013973238e-12
7.7360768438504716e-04 2.8526903851262745e-09 5.2067536061429307e-12
7.8452388832704763e-04 2.8515665720450102e-09 5.2067354149766986e-12
7.9559412836629562e-04 2.8504440896318903e-09 5.2067193501826335e-12
8.0682057807149440e-04 2.8493206724660538e-09 5.2067013155664417e-12
8.1820544168208751e-04 2.8481981633534248e-09 5.2066846487299559e-12
8.2975095454104547e-04 2.8470756291851591e-09 5.2066676555152901e-12
8.4145938353375870e-04 2.8459529621813986e-09 5.2066501347522679e-12
8.5333302753312721e-04 2.8448304095631692e-09 5.2066325399405260e-12
8.6537421785093166e-04 2.8437084468666256e-09 5.2066157369541430e-12
8.7758531869556609e-04 2.8425863470599067e-09 5.2065984036352972e-12
8.8996872763623706e-04 2.8414649572383988e-09 5.2065820872177390e-12
9.0252687607371266e-04 2.8403435135850362e-09 5.2065653856214226e-12
9.1526222971770972e-04 2.8392213097393681e-09 5.2065470136315473e-12
9.2817728907101851e-04 2.8381011377594089e-09 5.2065320652664959e-12
9.4127458992046120e-04 2.8369783442225307e-09 5.2065120399928636e-12
9.5455670383477905e-04 2.8358575692589366e-09 5.2064954295437736e-12
9.6802623866954136e-04 2.8347374326235551e-09 5.2064797082289099e-12
9.8168583907917847e-04 2.8336160312988782e-09 5.2064613793882982e-12
9.9553818703624394e-04 2.8324953044864738e-09 5.2064439994994278e-12
1.0095860023580049e-03 2.8313752007247098e-09 5.2064274843997443e-12
1.0238320432404578e-03 2.8302549466210790e-09 5.2064104027499010e-12
1.0382791067998795e-03 2.8291339911395198e-09 5.2063917445550620e-12
1.0529300296220261e-03 2.8280141078394054e-09 5.2063747737452899e-12
1.0677876883190792e-03 2.8268950160609725e-09 5.2063589823498308e-12
1.0828550000944450e-03 2.8257748152487377e-09 5.2063408546579460e-12
1.0981349233155303e-03 2.8246545224098398e-09 5.2063222764029949e-12
1.1136304580946007e-03 2.8235351008130326e-09 5.2063050148845410e-12
1.1293446468778306e-03 2.8224149604046569e-09 5.2062861346817256e-12
1.1452805750426663e-03 2.8212967505996774e-09 5.2062705337731807e-12
1.1614413715036200e-03 2.8201782863379669e-09 5.2062541729369517e-12
1.1778302093266150e-03 2.8190588331083561e-09 5.2062357104484275e-12
1.1944503063519944e-03 2.8179410314854147e-09 5.2062200007429524e-12
1.2113049258263189e-03 2.8168216835421005e-09 5.2062011552753824e-12
1.2283973770430877e-03 2.8157034380265800e-09 5.2061840569492613e-12
1.2457310159924996e-03 2.8145857067909053e-09 5.2061676171342467e-12
1.2633092460203712e-03 2.8134674547444150e-09 5.2061499272804581e-12
1.2811355184963675e-03 2.8123490806422269e-09 5.2061317240707897e-12
1.2992133334916551e-03 2.8112312051333178e-09 5.2061141575791053e-12
1.3175462404661188e-03 2.8101135715426276e-09 5.2060967551417405e-12
1.3361378389652690e-03 2.8089962644401583e-09 5.2060796679185659e-12
1.3549917793269938e-03 2.8078789303266483e-09 5.2060622306107255e-12
1.3741117633982796e-03 2.8067624699163881e-09 5.2060461343039928e-12
1.3935015452620435e-03 2.8056445537774502e-09 5.2060270452759195e-12
1.4131649319742185e-03 2.8045285026277199e-09 5.2060111266724584e-12
1.4331057843112469e-03 2.8034120684647985e-09 5.2059942153493809e-12
1.4533280175281218e-03 2.8022947323509094e-09 5.2059753457268606e-12
1.4738356021271185e-03 2.8011782464542650e-09 5.2059577584516170e-12
1.4946325646373732e-03 2.8000620510391715e-09 5.2059404088437051e-12
1.5157229884054685e-03 2.7989463926979972e-09 5.2059237847192202e-12
1.5371110143971767e-03 2.7978296868391891e-09 5.2059049159462362e-12
1.5588008420105012e-03 2.7967139931713895e-09 5.2058876357705039e-12
1.5807967299002058e-03 2.7955993361843570e-09 5.2058720029653026e-12
1.6031029968139763e-03 2.7944837118223333e-09 5.2058542804409422e-12
1.6257240224403758e-03 2.7933677138915628e-09 5.2058355629161302e-12
1.6486642482687627e-03 2.7922534545872889e-09 5.2058197909274988e-12
1.6719281784613534e-03 2.7911377590504520e-09 5.2058010669111019e-12
1.6955203807375863e-03 2.7900239532101472e-09 5.2057855649481941e-12
1.7194454872709614e-03 2.7889083386146545e-09 5.2057663970294404e-12
1.7437081955985327e-03 2.7877938504477090e-09 5.2057490513839095e-12
1.7683132695432426e-03 2.7866795275248633e-09 5.2057317030041540e-12
1.7932655401492704e-03 2.7855653061382754e-09 5.2057142717472400e-12
1.8185699066305750e-03 2.7844510733236943e-09 5.2056965165592878e-12
1.8442313373328090e-03 2.7833377386245652e-09 5.2056801549529166e-12
1.8702548707088447e-03 2.7822234527564224e-09 5.2056617213028020e-12
1.8966456163080259e-03 2.7811095965737914e-09 5.2056438009400251e-12
1.9234087557793947e-03 2.7799954711143370e-09 5.2056250725562236e-12
1.9505495438890759e-03 2.7788827078619094e-09 5.2056086140833070e-12
1.9780733095520211e-03 2.7777690130978885e-09 5.2055901113430876e-12
2.0059854568783009e-03 2.7766569870116138e-09 5.2055744454000714e-12
2.0342914662341638e-03 2.7755431405302394e-09 5.2055550742867638e-12
2.0629968953180728e-03 2.7744314891490927e-09 5.2055395233355133e-12
2.0921073802519260e-03 2.7733188304515232e-09 5.2055217953867051e-12
2.1216286366876722e-03 2.7722046806718358e-09 5.2055009724647283e-12
2.1515664609295308e-03 2.7710930717318552e-09 5.2054846308801200e-12
2.1819267310720690e-03 2.7699812975472043e-09 5.2054676819482718e-12
2.2127154081543277e-03 2.7688692362077600e-09 5.2054498982059076e-12
2.2439385373302229e-03 2.7677578697798109e-09 5.2054331157495529e-12
2.2756022490554766e-03 2.7666459486292882e-09 5.2054150128517915e-12
2.3077127602912969e-03 2.7655346843498064e-09 5.2053978542363336e-12
2.3402763757250315e-03 2.7644231808887269e-09 5.2053799386196065e-12
2.3732994890080491e-03 2.7633116755341380e-09 5.2053617301720188e-12
2.4067885840110929e-03 2.7621992372653382e-09 5.2053414657761928e-12
2.4407502360973524e-03 2.7610893403777907e-09 5.2053256994443369e-12
2.4751911134134872e-03 2.7599789931446024e-09 5.2053087817866537e-12
2.5101179781988688e-03 2.7588680774810027e-09 5.2052905062288269e-12
2.5455376881133073e-03 2.7577577229155138e-09 5.2052729880836092e-12
2.5814571975835113e-03 2.7566476573315103e-09 5.2052557192021323e-12
2.6178835591685406e-03 2.7555375366131280e-09 5.2052380513510515e-12
2.6548239249445222e-03 2.7544277257380507e-09 5.2052206722981287e-12
2.6922855479089213e-03 2.7533168906365372e-09 5.2052010653274729e-12
2.7302757834046253e-03 2.7522086824948332e-09 5.2051861214580140e-12
2.7688020905641026e-03 2.7510985081747055e-09 5.2051671664996668e-12
2.8078720337739596e-03 2.7499896890346310e-09 5.2051504817093170e-12
2.8474932841601672e-03 2.7488802430716276e-09 5.2051323164930219e-12
2.8876736210942272e-03 2.7477717909971086e-09 5.2051157279141107e-12
2.9284209337205971e-03 2.7466620247450525e-09 5.2050963582113230e-12
2.9697432225056762e-03 2.7455525688120367e-09 5.2050772813643704e-12
3.0116486008086502e-03 2.7444439952797370e-09 5.2050595745704786e-12
3.0541452964744920e-03 2.7433359551499811e-09 5.2050425865715008e-12
3.0972416534494349e-03 2.7422267856490460e-09 5.2050231559636573e-12
3.1409461334192617e-03 2.7411181582608472e-09 5.2050044537388457e-12
3.1852673174707045e-03 2.7400116629360857e-09 5.2049894950991521e-12
3.2302139077762825e-03 2.7389030102340475e-09 5.2049701479068448e-12
3.2757947293028935e-03 2.7377958557841623e-09 5.2049533488306230e-12
3.3220187315445775e-03 2.7366888153921334e-09 5.2049364736695634e-12
3.3688949902796663e-03 2.7355805346587063e-09 5.2049169356534839e-12
3.4164327093527515e-03 2.7344737810641843e-09 5.2049000031506180e-12
3.4646412224818052e-03 2.7333665868970300e-09 5.2048819417112482e-12
3.5135299950907989e-03 2.7322599588860711e-09 5.2048646541205525e-12
3.5631086261681717e-03 2.7311531437055247e-09 5.2048467010866359e-12
3.6133868501515231e-03 2.7300461126317512e-09 5.2048280498568394e-12
3.6643745388389086e-03 2.7289394945783011e-09 5.2048098834602157e-12
3.7160817033271131e-03 2.7278331992499580e-09 5.2047920319540347e-12
3.7685184959772551e-03 2.7267277320236889e-09 5.2047754591934495e-12
3.8216952124081292e-03 2.7256201370570413e-09 5.2047545267210634e-12
3.8756222935176889e-03 2.7245152524041704e-09 5.2047384682704566e-12
3.9303103275330608e-03 2.7234091641435328e-09 5.2047198057142198e-12
3.9857700520894513e-03 2.7223039438655029e-09 5.2047024988270168e-12
4.0420123563384191e-03 2.7211980785321959e-09 5.2046836689299020e-12
4.0990482830858986e-03 2.7200939641655171e-09 5.2046678755881111e-12
4.1568890309603744e-03 2.7189879492725291e-09 5.2046481543069713e-12
4.2155459566116495e-03 2.7178836092173729e-09 5.2046313340270149e-12
4.2750305769406541e-03 2.7167783480697146e-09 5.2046124495102547e-12
4.3353545713607266e-03 2.7156741184884020e-09 5.2045952455093644e-12
4.3965297840907781e-03 2.7145694832788433e-09 5.2045769563096177e-12
4.4585682264808180e-03 2.7134655429958622e-09 5.2045596914924539e-12
4.5214820793703144e-03 2.7123602083831843e-09 5.2045394523389029e-12
4.5852836954798307e-03 2.7112576143358081e-09 5.2045241742044741e-12
4.6499856018363747e-03 2.7101523459129814e-09 5.2045034645560223e-12
4.7156005022330298e-03 2.7090486728832041e-09 5.2044855093766020e-12
4.7821412797232265e-03 2.7079459383349322e-09 5.2044690503776784e-12
4.8496209991502831e-03 2.7068422110206481e-09 5.2044503882838994e-12
4.9180529097125622e-03 2.7057393610948118e-09 5.2044331058136019e-12
4.9874504475649001e-03 2.7046358974557713e-09 5.2044143413785575e-12
5.0578272384566745e-03 2.7035339673998601e-09 5.2043982224114389e-12
5.1291971004071638e-03 2.7024304139309555e-09 5.2043786797385992e-12
5.2015740464185917e-03 2.7013282586435834e-09 5.2043615235272036e-12
5.2749722872275024e-03 2.7002256504042131e-09 5.2043431968449476e-12
5.3494062340949640e-03 2.6991227218422919e-09 5.2043239387895035e-12
5.4248905016360816e-03 2.6980205863832174e-09 5.2043059064008307e-12
5.5014399106895285e-03 2.6969190097304539e-09 5.2042886470877663e-12
5.5790694912274752e-03 2.6958172729167724e-09 5.2042707796593796e-12
5.6577944853066697e-03 2.6947152002658022e-09 5.2042519635488994e-12
5.7376303500610692e-03 2.6936132161996147e-09 5.2042330006883351e-12
5.8185927607367930e-03 2.6925128292830059e-09 5.2042168269351963e-12
5.9006976137698092e-03 2.6914109900863485e-09 5.2041975400548319e-12
5.9839610299071370e-03 2.6903096340093599e-09 5.2041788865608474e-12
6.0683993573720082e-03 2.6892094453865572e-09 5.2041621704834613e-12
6.1540291750737750e-03 2.6881080677207522e-09 5.2041428580444156e-12
6.2408672958630318e-03 2.6870077126607573e-09 5.2041252212973938e-12
6.3289307698327253e-03 2.6859077456064852e-09 5.2041080245509841e-12
6.4182368876658426e-03 2.6848067844148735e-09 5.2040886008657724e-12
6.5088031840302846e-03 2.6837071018865367e-09 5.2040713496217176e-12
6.6006474410217290e-03 2.6826071384697235e-09 5.2040532404731324e-12
6.6937876916549795e-03 2.6815073152360098e-09 5.2040351004881385e-12
6.7882422234046783e-03 2.6804069060016988e-09 5.2040155219857830e-12
6.8840295817958813e-03 2.6793070345176280e-09 5.2039966676722094e-12
6.9811685740454018e-03 2.6782071686612847e-09 5.2039775286016421e-12
7.0796782727544283e-03 2.6771091271107732e-09 5.2039616205426085e-12
7.1795780196533630e-03 2.6760104691150445e-09 5.2039442186228843e-12
7.2808874293993830e-03 2.6749099641340010e-09 5.2039229007548507e-12
7.3836263934277087e-03 2.6738115790976468e-09 5.2039053998163768e-12
7.4878150838571028e-03 2.6727133473266488e-09 5.2038878964942009e-12
7.5934739574505588e-03 2.6716148021453131e-09 5.2038694681988659e-12
7.7006237596318697e-03 2.6705164299335154e-09 5.2038510815260460e-12
7.8092855285588061e-03 2.6694193530774257e-09 5.2038348969389827e-12
7.9194805992538770e-03 2.6683206198334294e-09 5.2038151865996377e-12
8.0312306077932657e-03 2.6672217906863429e-09 5.2037949686901181e-12
8.1445574955549844e-03 2.6661233462535804e-09 5.2037752009463054e-12
8.2594835135268649e-03 2.6650280668138204e-09 5.2037612940508956e-12
8.3760312266754518e-03 2.6639301242172737e-09 5.2037418780880168e-12
8.4942235183764186e-03 2.6628330710454349e-09 5.2037238958117792e-12
8.6140835949076421e-03 2.6617359049122355e-09 5.2037053776204844e-12
8.7356349900055245e-03 2.6606377445937921e-09 5.2036846075349729e-12
8.8589015694857682e-03 2.6595418213043215e-09 5.2036679067240015e-12
8.9839075359291858e-03 2.6584459475767132e-09 5.2036509823345068e-12
9.1106774334338055e-03 2.6573485111815248e-09 5.2036307065596837e-12
9.2392361524338655e-03 2.6562536013301603e-09 5.2036150485359630e-12
9.3696089345869267e-03 2.6551570313167458e-09 5.2035958377895760e-12
9.5018213777299191e-03 2.6540608411376060e-09 5.2035770677335760e-12
9.6358994409050606e-03 2.6529650951567912e-09 5.2035588448152455e-12
9.7718694494568024e-03 2.6518682926652482e-09 5.2035382424665205e-12
9.9097581002005729e-03 2.6507739058153601e-09 5.2035220643827188e-12
1.0049592466664592e-02 2.6496781882195428e-09 5.2035029770633413e-12
1.0191400004405509e-02 2.6485828952155543e-09 5.2034843987174497e-12
1.0335208556399186e-02 2.6474871255080153e-09 5.2034645660482356e-12
1.0481046358507417e-02 2.6463927668603348e-09 5.2034472096225291e-12
1.0628942045021929e-02 2.6452982200601996e-09 5.2034291560358465e-12
1.0778924654286452e-02 2.6442034862994335e-09 5.2034104327283967e-12
1.0931023634398292e-02 2.6431084781115643e-09 5.2033908600833840e-12
1.1085268848990198e-02 2.6420144432530184e-09 5.2033728732530365e-12
1.1241690583093919e-02 2.6409206635798669e-09 5.2033550938793636e-12
1.1400319549086506e-02 2.6398271177111722e-09 5.2033374545257827e-12
1.1561186892720406e-02 2.6387317727184905e-09 5.2033159658359772e-12
1.1724324199238814e-02 2.6376382541393432e-09 5.2032977466398188e-12
1.1889763499577138e-02 2.6365448624224958e-09 5.2032794757835663e-12
1.2057537276652156e-02 2.6354530456212629e-09 5.2032639953258480e-12
1.2227678471739724e-02 2.6343591697662171e-09 5.2032441340098030e-12
1.2400220490942681e-02 2.6332658882121844e-09 5.2032251402531300e-12
1.2575197211749814e-02 2.6321738204084217e-09 5.2032082320645588e-12
1.2752642989687576e-02 2.6310801186062181e-09 5.2031877691691527e-12
1.2932592665065483e-02 2.6299873158410364e-09 5.2031687699454240e-12
1.3115081569816858e-02 2.6288951182130393e-09 5.2031506609853003e-12
1.3300145534435951e-02 2.6278027874703950e-09 5.2031319689578453e-12
1.3487820895013051e-02 2.6267112857582365e-09 5.2031145968786350e-12
1.3678144500368883e-02 2.6256188849869622e-09 5.2030951427859070e-12
1.3871153719289530e-02 2.6245271072729898e-09 5.2030765951299355e-12
1.4066886447863663e-02 2.6234347138448306e-09 5.2030565171131017e-12
1.4265381116923081e-02 2.6223444376584016e-09 5.2030403215033615e-12
1.4466676699588449e-02 2.6212521708770858e-09 5.2030198556841433e-12
1.4670812718921320e-02 2.6201614447866944e-09 5.2030021362468621e-12
1.4877829255684325e-02 2.6190696632328148e-09 5.2029820107224746e-12
1.5087766956210660e-02 2.6179796803897633e-09 5.2029651358667351e-12
1.5300667040384843e-02 2.6168886557195813e-09 5.2029458644174566e-12
1.5516571309735844e-02 2.6157976353094229e-09 5.2029262970078298e-12
1.5735522155644666e-02 2.6147071823342667e-09 5.2029075262417527e-12
1.5957562567667498e-02 2.6136175644742905e-09 5.2028901109779274e-12
1.6182736141976482e-02 2.6125275371878478e-09 5.2028715740285262e-12
1.6411087089919590e-02 2.6114372399528635e-09 5.2028521715919503e-12
1.6642660246701101e-02 2.6103484348068471e-09 5.2028354147533889e-12
1.6877501080184848e-02 2.6092584118549499e-09 5.2028159259053176e-12
1.7115655699821378e-02 2.6081679804820918e-09 5.2027952982434142e-12
1.7357170865701398e-02 2.6070789710201633e-09 5.2027771928864666e-12
1.7602093997736660e-02 2.6059905442128163e-09 5.2027599305118678e-12
1.7850473184970687e-02 2.6049006735278631e-09 5.2027394586596434e-12
1.8102357195020607e-02 2.6038128282153466e-09 5.2027227199330311e-12
1.8357795483652482e-02 2.6027231077487579e-09 5.2027019258672039e-12
1.8616838204491493e-02 2.6016351619014666e-09 5.2026843328806724e-12
1.8879536218869418e-02 2.6005465283182059e-09 5.2026650664428837e-12
1.9145941105810756e-02 2.5994584302507866e-09 5.2026465399075870e-12
1.9416105172160095e-02 2.5983699522979846e-09 5.2026269406286663e-12
1.9690081462852081e-02 2.5972830003091100e-09 5.2026100807817306e-12
1.9967923771326487e-02 2.5961943125247937e-09 5.2025894214294143e-12
2.0249686650090276e-02 2.5951073632495385e-09 5.2025719258744240e-12
2.0535425421428475e-02 2.5940198742916431e-09 5.2025530158180755e-12
2.0825196188266514e-02 2.5929330667638547e-09 5.2025351662183948e-12
2.1119055845185489e-02 2.5918450166874812e-09 5.2025144962075251e-12
2.1417062089593212e-02 2.5907578972373425e-09 5.2024953768257797e-12
2.1719273433052546e-02 2.5896720426847055e-09 5.2024784697339402e-12
2.2025749212769941e-02 2.5885843893526386e-09 5.2024576390948497e-12
2.2336549603245721e-02 2.5874978451751272e-09 5.2024387064878541e-12
2.2651735628089132e-02 2.5864112385399792e-09 5.2024193221156967e-12
2.2971369171999753e-02 2.5853256548071544e-09 5.2024016828455002e-12
2.3295512992918318e-02 2.5842397234928352e-09 5.2023830185820143e-12
2.3624230734348672e-02 2.5831531548351204e-09 5.2023627515667625e-12
2.3957586937853822e-02 2.5820678712079147e-09 5.2023447495800339e-12
2.4295647055728311e-02 2.5809817976817226e-09 5.2023248300996371e-12
2.4638477463849191e-02 2.5798965658151746e-09 5.2023062783601100e-12
2.4986145474708673e-02 2.5788122378018665e-09 5.2022892402273841e-12
2.5338719350630305e-02 2.5777267445713350e-09 5.2022695191531315e-12
2.5696268317172009e-02 2.5766421200680834e-09 5.2022512314000388e-12
2.6058862576717884e-02 2.5755574113798915e-09 5.2022324552016864e-12
2.6426573322262174e-02 2.5744720883850197e-09 5.2022121089620741e-12
2.6799472751387336e-02 2.5733875395412499e-09 5.2021929986408241e-12
2.7177634080439775e-02 2.5723028599853666e-09 5.2021733023300795e-12
2.7561131558905175e-02 2.5712194954073071e-09 5.2021559351274915e-12
2.7950040483987110e-02 2.5701345662183536e-09 5.2021350960322136e-12
2.8344437215390973e-02 2.5690512159639926e-09 5.2021171185434171e-12
2.8744399190316766e-02 2.5679671691457608e-09 5.2020974076764553e-12
2.9150004938663491e-02 2.5668842710043692e-09 5.2020796855479016e-12
2.9561334098447752e-02 2.5658003014055760e-09 5.2020594743745556e-12
2.9978467431440413e-02 2.5647173072278887e-09 5.2020409195382064e-12
3.0401486839023387e-02 2.5636348084439470e-09 5.2020230528401943e-12
3.0830475378270682e-02 2.5625512748763526e-09 5.2020027430343507e-12
3.1265517278255855e-02 2.5614692459627957e-09 5.2019851702208382e-12
3.1706697956590105e-02 2.5603860515468220e-09 5.2019649012013027e-12
3.2154104036193176e-02 2.5593036965116478e-09 5.2019460180326450e-12
3.2607823362301475e-02 2.5582209984683185e-09 5.2019261046803010e-12
3.3067945019715640e-02 2.5571394150955002e-09 5.2019081419174996e-12
3.3534559350292030e-02 2.5560570645064635e-09 5.2018882800101271e-12
3.4007757970680480e-02 2.5549759072299479e-09 5.2018705099341575e-12
3.4487633790312770e-02 2.5538933450696330e-09 5.2018495709709085e-12
3.4974281029644873e-02 2.5528130199145905e-09 5.2018328575973473e-12
3.5467795238656251e-02 2.5517309339611025e-09 5.2018122244448686e-12
3.5968273315610796e-02 2.5506494858663809e-09 5.2017925630585933e-12
3.6475813526081827e-02 2.5495687255619902e-09 5.2017739767032346e-12
3.6990515522246213e-02 2.5484879562686037e-09 5.2017550496999885e-12
3.7512480362450105e-02 2.5474069099293924e-09 5.2017352235438920e-12
3.8041810531051400e-02 2.5463266067984304e-09 5.2017165856426877e-12
3.8578609958541545e-02 2.5452468904909897e-09 5.2016988215104567e-12
3.9122984041951914e-02 2.5441655797621302e-09 5.2016774656174828e-12
3.9675039665547529e-02 2.5430849757012091e-09 5.2016572376653758e-12
4.0234885221813371e-02 2.5420057371631970e-09 5.2016394588839764e-12
4.0802630632736224e-02 2.5409268923696477e-09 5.2016221653385141e-12
4.1378387371387458e-02 2.5398467592289958e-09 5.2016018953186451e-12
4.1962268483809732e-02 2.5387668223796648e-09 5.2015817107261212e-12
4.2554388611212988e-02 2.5376870905745239e-09 5.2015616034754095e-12
4.3154864012483612e-02 2.5366084763785493e-09 5.2015434575297682e-12
4.3763812587010772e-02 2.5355297207445141e-09 5.2015246994158216e-12
4.4381353897835596e-02 2.5344502980658906e-09 5.2015042415506768e-12
4.5007609195126176e-02 2.5333714663044524e-09 5.2014846590431234e-12
4.5642701439984640e-02 2.5322927688694611e-09 5.2014650278966593e-12
4.6286755328589349e-02 2.5312151240234496e-09 5.2014472256856817e-12
4.6939897316678587e-02 2.5301363902931590e-09 5.2014268524040875e-12
4.7602255644378894e-02 2.5290589033226696e-09 5.2014087073232087e-12
4.8273960361384587e-02 2.5279806150626723e-09 5.2013885948911345e-12
4.8955143352491737e-02 2.5269032931824248e-09 5.2013701187499991e-12
4.9645938363493305e-02 2.5258254319109612e-09 5.2013502206208949e-12
5.0346481027438897e-02 2.5247480278053812e-09 5.2013309176557111e-12
5.1056908891265539e-02 2.5236712116888096e-09 5.2013125070188824e-12
5.1777361442804287e-02 2.5225942477620254e-09 5.2012934578036170e-12
5.2507980138167404e-02 2.5215161513211421e-09 5.2012717309100507e-12
5.3248908429522707e-02 2.5204397726633582e-09 5.2012532166337161e-12
5.4000291793259075e-02 2.5193636951037354e-09 5.2012349929017032e-12
5.4762277758550172e-02 2.5182861589505302e-09 5.2012134271098847e-12
5.5535015936320431e-02 2.5172104460482058e-09 5.2011952855901113e-12
5.6318658048620573e-02 2.5161340392873573e-09 5.2011753847957236e-12
5.7113357958416829e-02 2.5150585487830140e-09 5.2011570374664014e-12
5.7919271699801329e-02 2.5139823483807600e-09 5.2011368936507789e-12
5.8736557508627954e-02 2.5129069839056974e-09 5.2011181459976298e-12
5.9565375853581320e-02 2.5118312628245453e-09 5.2010983105899801e-12
6.0405889467683389e-02 2.5107556670025229e-09 5.2010784213774120e-12
6.1258263380245141e-02 2.5096802628626420e-09 5.2010585781966088e-12
6.2122664949269248e-02 2.5086056242876754e-09 5.2010399875617084e-12
6.2999263894309210e-02 2.5075298699067837e-09 5.2010187590232259e-12
6.3888232329793224e-02 2.5064561511331829e-09 5.2010014179452893e-12
6.4789744798817189e-02 2.5053811849627679e-09 5.2009811383153951e-12
6.5703978307415631e-02 2.5043065524279982e-09 5.2009612322488967e-12
6.6631112359315098e-02 2.5032320968706964e-09 5.2009413406260729e-12
6.7571328991179125e-02 2.5021583309551068e-09 5.2009225517893636e-12
6.8524812808349336e-02 2.5010851277821771e-09 5.2009046023431830e-12
6.9491751021092105e-02 2.5000106110588677e-09 5.2008835822524579e-12
7.0472333481355440e-02 2.4989374812036632e-09 5.2008651070323073e-12
7.1466752720045740e-02 2.4978636725266566e-09 5.2008448864730374e-12
7.2475203984829512e-02 2.4967903937664605e-09 5.2008254272606260e-12
7.3497885278469094e-02 2.4957174413108992e-09 5.2008063179904043e-12
7.4534997397699532e-02 2.4946438268957929e-09 5.2007854789254631e-12
7.5586743972653053e-02 2.4935714869550637e-09 5.2007669690256522e-12
7.6653331506841213e-02 2.4924986761202096e-09 5.2007471390438656e-12
7.7734969417699806e-02 2.4914262674135027e-09 5.2007278066264483e-12
7.8831870077707242e-02 2.4903535673086332e-09 5.2007075382068918e-12
7.9944248856081881e-02 2.4892819113015438e-09 5.2006890961018985e-12
8.1072324161068993e-02 2.4882092169977181e-09 5.2006681483060456e-12
8.2216317482823084e-02 2.4871369061835568e-09 5.2006476772329526e-12
8.3376453436896730e-02 2.4860653557147254e-09 5.2006284391509549e-12
8.4552959808341710e-02 2.4849939222807274e-09 5.2006091142801600e-12
8.5746067596433731e-02 2.4839224810973528e-09 5.2005894342962061e-12
8.6956011060027025e-02 2.4828516501799454e-09 5.2005706905028311e-12
8.8183027763549818e-02 2.4817794770607715e-09 5.2005487974148641e-12
8.9427358623648756e-02 2.4807094852494271e-09 5.2005311326914082e-12
9.0689247956490762e-02 2.4796392218857023e-09 5.2005125606845408e-12
9.1968943525733537e-02 2.4785678684932821e-09 5.2004913618494315e-12
9.3266696591171636e-02 2.4774976860774955e-09 5.2004722763909495e-12
9.4582761958070402e-02 2.4764270510577727e-09 5.2004519012112901e-12
9.5917398027194567e-02 2.4753570273160121e-09 5.2004324729023189e-12
9.7270866845544285e-02 2.4742871902474952e-09 5.2004130938751814e-12
9.8643434157805562e-02 2.4732176411920145e-09 5.2003939734653216e-12
1.0003536945852828e-01 2.4721479934101215e-09 5.2003742997890068e-12
1.0144694604503884e-01 2.4710776742116280e-09 5.2003528869947754e-12
1.0287844107110114e-01 2.4700082279339502e-09 5.2003329647449197e-12
1.0433013560133303e-01 2.4689387386386441e-09 5.2003126059885049e-12
1.0580231466639239e-01 2.4678703172926410e-09 5.2002941552198302e-12
1.0729526731894025e-01 2.4668016791322907e-09 5.2002749016848175e-12
1.0880928669039462e-01 2.4657329825006058e-09 5.2002551879573432e-12
1.1034467004848540e-01 2.4646639254713776e-09 5.2002343757014775e-12
1.1190171885562004e-01 2.4635951597526287e-09 5.2002138263157910e-12
1.1348073882807466e-01 2.4625265291596377e-09 5.2001932200316605e-12
1.1508203999601845e-01 2.4614589880999514e-09 5.2001745644353222e-12
1.1670593676438705e-01 2.4603914704911353e-09 5.2001556177516528e-12
1.1835274797461293e-01 2.4593240931028636e-09 5.2001366296742774e-12
1.2002279696722869e-01 2.4582555649448851e-09 5.2001148592234287e-12
1.2171641164535198e-01 2.4571878913716691e-09 5.2000945534058315e-12
1.2343392453906805e-01 2.4561212578027198e-09 5.2000761048306540e-12
1.2517567287071882e-01 2.4550540623258139e-09 5.2000561197039791e-12
1.2694199862111530e-01 2.4539863769369412e-09 5.2000347512397203e-12
1.2873324859668239e-01 2.4529203818081716e-09 5.2000166214223941e-12
1.3054977449755245e-01 2.4518536718989796e-09 5.1999966351509797e-12
1.3239193298661955e-01 2.4507865733963798e-09 5.1999754759307083e-12
1.3426008575956713e-01 2.4497209732109498e-09 5.1999571505375607e-12
1.3615459961588561e-01 2.4486532823100011e-09 5.1999340327475735e-12
1.3807584653088981e-01 2.4475888272051244e-09 5.1999174420678110e-12
1.4002420372875518e-01 2.4465218007312245e-09 5.1998950572222517e-12
1.4200005375658195e-01 2.4454559544470693e-09 5.1998748231047492e-12
1.4400378455950705e-01 2.4443909599276467e-09 5.1998560475728774e-12
1.4603578955687332e-01 2.4433259447884772e-09 5.1998368903967078e-12
1.4809646771947602e-01 2.4422605726418234e-09 5.1998166245474010e-12
1.5018622364789685e-01 2.4411953435413473e-09 5.1997963099935406e-12
1.5230546765194600e-01 2.4401301017760763e-09 5.1997756352084478e-12
1.5445461583122244e-01 2.4390653910833290e-09 5.1997557320940948e-12
1.5663409015681309e-01 2.4380014563690323e-09 5.1997371309569385e-12
1.5884431855414430e-01 2.4369355112314313e-09 5.1997138992039680e-12
1.6108573498700118e-01 2.4358713082003557e-09 5.1996940360379053e-12
1.6335877954273484e-01 2.4348078893533086e-09 5.1996755052652507e-12
1.6566389851866925e-01 2.4337442428097425e-09 5.1996561356239046e-12
1.6800154450973023e-01 2.4326803112263658e-09 5.1996358067711012e-12
1.7037217649730799e-01 2.4316158501129671e-09 5.1996139990305368e-12
1.7277625993937659e-01 2.4305522819643495e-09 5.1995937336431038e-12
1.7521426686188207e-01 2.4294900443772365e-09 5.1995759834849486e-12
1.7768667595142315e-01 2.4284252120401227e-09 5.1995523322572397e-12
1.8019397264923662e-01 2.4273630607452121e-09 5.1995340685922079e-12
1.8273664924651209e-01 2.4263004794886595e-09 5.1995145166607662e-12
1.8531520498104881e-01 2.4252377789444082e-09 5.1994943727798604e-12
1.8793014613527825e-01 2.4241754388842721e-09 5.1994746628227544e-12
1.9058198613566996e-01 2.4231127690623743e-09 5.1994538794781396e-12
1.9327124565353798e-01 2.4220501270944841e-09 5.1994328046019307e-12
1.9599845270727298e-01 2.4209882089820682e-09 5.1994129350961175e-12
1.9876414276601345e-01 2.4199268274727321e-09 5.1993938708553634e-12
2.0156885885478329e-01 2.4188638539344706e-09 5.1993710273159046e-12
2.0441315166110935e-01 2.4178034230041165e-09 5.1993533030092624e-12
2.0729757964314721e-01 2.4167424878131282e-09 5.1993341404037394e-12
2.1022270913932892e-01 2.4156805984054355e-09 5.1993125669580033e-12
2.1318911447956151e-01 2.4146190260318455e-09 5.1992913304881036e-12
2.1619737809799125e-01 2.4135590727379987e-09 5.1992732254412073e-12
2.1924809064736245e-01 2.4124967237507913e-09 5.1992496154815118e-12
2.2234185111498650e-01 2.4114368278524686e-09 5.1992309204878024e-12
2.2547926694035084e-01 2.4103763986318584e-09 5.1992107330284636e-12
2.2866095413438411e-01 2.4093165131695411e-09 5.1991913609381547e-12
2.3188753740040657e-01 2.4082562248416832e-09 5.1991707747672496e-12
2.3515965025678714e-01 2.4071953885404610e-09 5.1991486470997878e-12
2.3847793516132890e-01 2.4061360759554516e-09 5.1991294486430849e-12
2.4184304363741344e-01 2.4050764647219503e-09 5.1991092568826363e-12
2.4525563640192108e-01 2.4040166295873347e-09 5.1990882331383950e-12
2.4871638349496047e-01 2.4029580356677376e-09 5.1990695265277296e-12
2.5222596441142442e-01 2.4018990900814202e-09 5.1990497037772108e-12
2.5578506823440611e-01 2.4008385208728527e-09 5.1990260268007807e-12
2.5939439377049445e-01 2.3997793130805904e-09 5.1990049212430115e-12
2.6305464968698161e-01 2.3987208080452935e-09 5.1989850012775459e-12
2.6676655465100352e-01 2.3976628775292291e-09 5.1989659628144725e-12
2.7053083747064749e-01 2.3966053249231700e-09 5.1989473706176321e-12
2.7434823723804680e-01 2.3955457009011901e-09 5.1989239555535489e-12
2.7821950347449748e-01 2.3944884946618995e-09 5.1989054339125337e-12
2.8214539627762281e-01 2.3934311646067767e-09 5.1988862688481501e-12
2.8612668647061151e-01 2.3923732676438488e-09 5.1988655227479853e-12
2.9016415575356580e-01 2.3913159310916470e-09 5.1988456395293472e-12
2.9425859685698114e-01 2.3902587410143903e-09 5.1988257119368806e-12
2.9841081369739569e-01 2.3892005137165506e-09 5.1988031652696081e-12
3.0262162153523187e-01 2.3881426026177983e-09 5.1987809633272080e-12
3.0689184713486956e-01 2.3870827993450881e-09 5.1987542704770550e-12
3.1122232892697366e-01 2.3860305896720914e-09 5.1987437711239341e-12
3.1561391717311654e-01 2.3849729203967879e-09 5.1987210056980026e-12
3.2006747413271924e-01 2.3839160703141527e-09 5.1986996694496983e-12
3.2458387423235258e-01 2.3828594752484301e-09 5.1986785373004691e-12
3.2916400423742298e-01 2.3818027943135347e-09 5.1986568553081519e-12
3.3380876342628402e-01 2.3807481686888455e-09 5.1986393000660284e-12
3.3851906376680474e-01 2.3796911742303829e-09 5.1986162181109545e-12
3.4329583009542608e-01 2.3786364504867471e-09 5.1985977194926989e-12
3.4814000029874942e-01 2.3775707897085703e-09 5.1985549262795942e-12
3.5305252549768146e-01 2.3765267225725765e-09 5.1985590564467846e-12
3.5803437023418327e-01 2.3754701426080187e-09 5.1985354323634568e-12
3.6308651266064923e-01 2.3744142942026124e-09 5.1985130506886278e-12
3.6820994473196333e-01 2.3733610155918029e-09 5.1984959341110388e-12
3.7340567240026035e-01 2.3723061901217219e-09 5.1984750580453176e-12
3.7867471581244061e-01 2.3712507284542954e-09 5.1984524276820892e-12
3.8401810951046639e-01 2.3701956605295441e-09 5.1984303134958046e-12
3.8943690263449027e-01 2.3691426118854819e-09 5.1984122532953227e-12
3.9493215912884427e-01 2.3680889206564584e-09 5.1983924381639233e-12
4.0050495795093943e-01 2.3670127493524575e-09 5.1983228299461976e-12
4.0615639328311320e-01 2.3659801044344207e-09 5.1983485433869272e-12
4.1188757474746213e-01 2.3649254900638025e-09 5.1983255932997878e-12
4.1769962762371221e-01 2.3638566775400263e-09 5.1982710298461014e-12
4.2359369307015665e-01 2.3628194017229781e-09 5.1982855277443796e-12
4.2957092834771815e-01 2.3617675837078704e-09 5.1982676473907206e-12
4.3563250704716633e-01 2.3606926865759254e-09 5.1981985428955575e-12
4.4177961931954768e-01 2.3596625139014792e-09 5.1982276454715198e-12
4.4801347210986053e-01 2.3586088989057427e-09 5.1982047097882121e-12
4.5433528939403423e-01 2.3575353861710476e-09 5.1981374970978777e-12
4.6074631241924574e-01 2.3564857149365015e-09 5.1981225319660934e-12
4.6724779994763155e-01 2.3554301616666981e-09 5.1980942129018758e-12
4.7384102850343829e-01 2.3543996614532478e-09 5.1981208559919039e-12
4.8052729262365951e-01 2.3533245131208556e-09 5.1980485063950852e-12
4.8730790511220612e-01 2.3522789003584729e-09 5.1980410420131929e-12
4.9418419729767227e-01 2.3512474431462120e-09 5.1980645585154346e-12
5.0115751929472951e-01 2.3501700124699011e-09 5.1979859904165256e-12
5.0822924026921479e-01 2.3491232904819388e-09 5.1979749917700065e-12
5.1540074870695285e-01 2.3480932851417150e-09 5.1980006962957881e-12
5.2267345268638243e-01 2.3470175795311300e-09 5.1979247351276299e-12
5.3004878015501944e-01 2.3459915977592506e-09 5.1979586775348908e-12
5.3752817920982676e-01 2.3449410997246658e-09 5.1979378719486712e-12
5.4511311838153442e-01 2.3438625428191758e-09 5.1978544543015398e-12
5.5280508692298247e-01 2.3428158534883330e-09 5.1978413437852725e-12
5.6060559510152141e-01 2.3417691262011862e-09 5.1978278010998443e-12
5.6851617449554570e-01 2.3407213326620100e-09 5.1978115215180427e-12
5.7653837829520438e-01 2.3396669924870418e-09 5.1977803443381162e-12
5.8467378160736660e-01 2.3386416569754431e-09 5.1978132923001868e-12
5.9292398176488004e-01 2.3375740967761842e-09 5.1977519330187430e-12
6.0129059864019330e-01 2.3365184500727952e-09 5.1977167314502946e-12
6.0977527496341399e-01 2.3354672971724749e-09 5.1976911326213737e-12
6.1837967664484361e-01 2.3344448331192065e-09 5.1977291055011216e-12
6.2710549310207020e-01 2.3333739509838033e-09 5.1976587869361633e-12
6.3595443759166914e-01 2.3323213948243782e-09 5.1976289733050699e-12
6.4492824754559797e-01 2.3312748685498456e-09 5.1976122070809570e-12
6.5402868491232424e-01 2.3302254570684638e-09 5.1975886398162760e-12
6.6325753650277497e-01 2.3291763533188381e-09 5.1975653764548885e-12
6.7261661434116016e-01 2.3281320359635368e-09 5.1975524486620261e-12
6.8210775602075979e-01 2.3271067048926700e-09 5.1975816205266940e-12
6.9173282506471756e-01 2.3260333490674009e-09 5.1975030270279796e-12
7.0149371129193450e-01 2.3249903844836811e-09 5.1974920278835470e-12
7.1139233118811629e-01 2.3239402697244210e-09 5.1974646719348368e-12
7.2143062828207183e-01 2.3228928548435963e-09 5.1974429234030254e-12
7.3161057352730741e-01 2.3218448467893760e-09 5.1974195344909326e-12
7.4193416568900616e-01 2.3208231875606123e-09 5.1974548622414699e-12
7.5240343173648183e-01 2.3197631727826055e-09 5.1974037735811496e-12
7.6302042724115393e-01 2.3187054444372620e-09 5.1973574744538428e-12
7.7378723678014982e-01 2.3176623552049413e-09 5.1973435665807903e-12
7.8470597434559042e-01 2.3166109697643969e-09 5.1973107755344013e-12
7.9577878375966871e-01 2.3155692057131585e-09 5.1972991391902281e-12
8.0700783909556850e-01 2.3145201971848513e-09 5.1972708594901004e-12
8.1839534510433287e-01 2.3134739087384178e-09 5.1972483455100274e-12
8.2994353764774553e-01 2.3124289433730968e-09 5.1972284065626191e-12
8.4165468413733768e-01 2.3113846312098088e-09 5.1972095526967885e-12
8.5353108397957467e-01 2.3103399988105810e-09 5.1971896076698442e-12
8.6557506902732351e-01 2.3093203342031372e-09 5.1972255888600509e-12
8.7778900403770765e-01 2.3082753723601594e-09 5.1972041974168148e-12
8.9017528713640437e-01 2.3072050889921290e-09 5.1971253273540399e-12
9.0273635028850452e-01 2.3061573336349866e-09 5.1970968808381664e-12
9.1547465977600562e-01 2.3051165506631781e-09 5.1970837178746634e-12
9.2839271668206091e-01 2.3040734140222323e-09 5.1970649437877509e-12
9.4149305738204325e-01 2.3030294597592405e-09 5.1970438889359787e-12
9.5477825404154959e-01 2.3019812764474754e-09 5.1970129662713559e-12
9.6825091512142114e-01 2.3009450709498512e-09 5.1970086561869417e-12
9.8191368588990857e-01 2.2999041265828721e-09 5.1969933076418523e-12
9.9576924894204577e-01 2.2988505426768744e-09 5.1969490418543949e-12
1.0098203247263635e+00 2.2978343830700546e-09 5.1969890962299563e-12
1.0240696720790232e+00 2.2967681072886812e-09 5.1969152222871555e-12
1.0385200887655091e+00 2.2957225462007144e-09 5.1968879284452950e-12
1.0531744120299442e+00 2.2946801945989861e-09 5.1968675408585355e-12
1.0680355191521589e+00 2.2936387636551426e-09 5.1968487993382892e-12
1.0831063280126374e+00 2.2926011313226291e-09 5.1968383389017841e-12
1.0983897976654176e+00 2.2915558744363118e-09 5.1968102150414774e-12
1.1138889289190845e+00 2.2905090792870884e-09 5.1967782097724242e-12
1.1296067649259516e+00 2.2894946503180277e-09 5.1968194040283370e-12
1.1455463917795761e+00 2.2884268421608928e-09 5.1967388322022689e-12
1.1617109391206850e+00 2.2873865098812366e-09 5.1967203690242016e-12
1.1781035807516635e+00 2.2863460377927713e-09 5.1967012034116161e-12
1.1947275352597011e+00 2.2853091499324338e-09 5.1966898087859506e-12
1.2115860666487537e+00 2.2842607355698644e-09 5.1966518133307086e-12
1.2286824849804026e+00 2.2832187292324354e-09 5.1966280546788808e-12
1.2460201470237557e+00 2.2821782821858920e-09 5.1966074026616185e-12
1.2636024569145425e+00 2.2811373821800181e-09 5.1965853876792154e-12
1.2814328668234822e+00 2.2800971497761165e-09 5.1965644636020396e-12
1.2995148776341015e+00 2.2790570338617527e-09 5.1965434422436958e-12
1.3178520396300983e+00 2.2780274382605277e-09 5.1965460520368840e-12
1.3364479531924331e+00 2.2769769771725121e-09 5.1965006588294566e-12
1.3553062695062295e+00 2.2759372475815041e-09 5.1964793962345330e-12
1.3744306912776647e+00 2.2749040052048439e-09 5.1964725563919807e-12
1.3938249734609618e+00 2.2738594738453796e-09 5.1964395553952494e-12
1.4134929239956660e+00 2.2728236480748806e-09 5.1964260636513418e-12
1.4334384045542978e+00 2.2717807756120980e-09 5.1963961104976200e-12
1.4536653313005727e+00 2.2707445346211641e-09 5.1963809158838705e-12
1.4741776756583020e+00 2.2697041129520087e-09 5.1963557027172312e-12
1.4949794650911736e+00 2.2686902164139658e-09 5.1963910524878463e-12
1.5160747838935091e+00 2.2676266659679046e-09 5.1963120465823539e-12
1.5374677739921796e+00 2.2665932423039562e-09 5.1963018447615191e-12
1.5591626357598627e+00 2.2655490671909212e-09 5.1962665233877503e-12
1.5811636288397466e+00 2.2645149692802252e-09 5.1962538891155136e-12
1.6034750729818896e+00 2.2634736070572847e-09 5.1962242692143453e-12
1.6261013488913607e+00 2.2624358923448676e-09 5.1962026471304038e-12
1.6490468990883824e+00 2.2614000469670994e-09 5.1961849707065088e-12
1.6723162287805773e+00 2.2603601463991363e-09 5.1961574922867578e-12
1.6959139067475415e+00 2.2593241668419425e-09 5.1961387522460581e-12
1.7198445662378823e+00 2.2582890030028618e-09 5.1961213876129339e-12
1.7441129058789455e+00 2.2572554779077768e-09 5.1961074883953660e-12
1.7687236905993464e+00 2.2562126649347729e-09 5.1960717845968278e-12
1.7936817525645399e+00 2.2551757916239736e-09 5.1960493369792267e-12
1.8189919921255682e+00 2.2541392189640639e-09 5.1960272471942216e-12
1.8446593787812362e+00 2.2531040156643408e-09 5.1960079341249167e-12
1.8706889521538279e+00 2.2520696781390900e-09 5.1959903051168925e-12
1.8970858229785921e+00 2.2510344087887688e-09 5.1959700051303637e-12
1.9238551741072232e+00 2.2499992703788513e-09 5.1959497560747855e-12
1.9510022615254667e+00 2.2489602989349774e-09 5.1959201720320445e-12
1.9785324153851036e+00 2.2479245291101645e-09 5.1958976479272170e-12
2.0064510410504752e+00 2.2468889802566124e-09 5.1958751452567508e-12
2.0347636201598145e+00 2.2458803020146495e-09 5.1959145746772720e-12
2.0634757117015150e+00 2.2448178687305846e-09 5.1958289997787299e-12
2.0925929531056067e+00 2.2437849379776658e-09 5.1958115173165078e-12
2.1221210613506156e+00 2.2427543842931410e-09 5.1957991030173509e-12
2.1520658340860761e+00 2.2417157302597659e-09 5.1957675552313042e-12
2.1824331507708519e+00 2.2406808002214830e-09 5.1957442040963699e-12
2.2132289738275133e+00 2.2396498510873088e-09 5.1957295912167053e-12
2.2444593498130483e+00 2.2386139777677443e-09 5.1957033859921181e-12
2.2761304106060436e+00 2.2375809568910617e-09 5.1956833078880685e-12
2.3082483746106512e+00 2.2365498858479440e-09 5.1956673662666961e-12
2.3408195479775094e+00 2.2355129413237294e-09 5.1956374094017074e-12
2.3738503258419441e+00 2.2344819414294346e-09 5.1956208474424118e-12
2.4073471935795907e+00 2.2334494532413120e-09 5.1956004119696044e-12
2.4413167280797672e+00 2.2324164905273627e-09 5.1955785213620022e-12
2.4757655990367802e+00 2.2313804671437032e-09 5.1955490910839162e-12
2.5107005702595075e+00 2.2303485732206925e-09 5.1955288815173249e-12
2.5461285009994072e+00 2.2293152523836310e-09 5.1955048540881812e-12
2.5820563472972964e+00 2.2282840841454852e-09 5.1954856783890418e-12
2.6184911633491015e+00 2.2272763239906579e-09 5.1955207177519346e-12
2.6554401028909371e+00 2.2262197252967851e-09 5.1954412992220720e-12
2.6929104206036794e+00 2.2251892956554572e-09 5.1954226086558913e-12
2.7309094735373556e+00 2.2241810290805878e-09 5.1954552419366222e-12
2.7694447225556873e+00 2.2231306979795412e-09 5.1953891784790438e-12
2.8085237338009601e+00 2.2221012521056921e-09 5.1953715814108226e-12
2.8481541801795958e+00 2.2210656575760529e-09 5.1953391720307147e-12
2.8883438428686552e+00 2.2200306915591447e-09 5.1953078861923001e-12
2.9291006128436550e+00 2.2190000778559804e-09 5.1952863539184621e-12
2.9704324924278844e+00 2.2179699009729827e-09 5.1952654569469634e-12
3.0123475968636244e+00 2.2169646726268623e-09 5.1953027350030619e-12
3.0548541559054927e+00 2.2159089194651494e-09 5.1952210221042664e-12
3.0979605154363421e+00 2.2148811293706421e-09 5.1952045522425397e-12
3.1416751391058999e+00 2.2138490730314684e-09 5.1951776585982714e-12
3.1860066099925319e+00 2.2128192189633914e-09 5.1951555259054725e-12
3.2309636322885087e+00 2.2117918589990448e-09 5.1951389502751440e-12
3.2765550330089939e+00 2.2107618790784352e-09 5.1951157077948041e-12
3.3227897637251829e+00 2.2097556125532354e-09 5.1951479808513716e-12
3.3696769023218560e+00 2.2087038210032362e-09 5.1950725837811857e-12
3.4172256547798043e+00 2.2076818721551118e-09 5.1950670799110871e-12
3.4654453569833348e+00 2.2066433754083348e-09 5.1950222775739449e-12
3.5143454765533244e+00 2.2056155992633985e-09 5.1950023278650944e-12
3.5639356147060961e+00 2.2045852967864677e-09 5.1949758890882544e-12
3.6142255081385968e+00 2.2035572711219198e-09 5.1949544917665867e-12
3.6652250309401069e+00 2.2025548374204518e-09 5.1949931540603377e-12
3.7169441965309646e+00 2.2015025441789136e-09 5.1949137792008148e-12
3.7693931596286072e+00 2.2004746718443186e-09 5.1948915310629285e-12
3.8225822182414277e+00 2.1994450871230188e-09 5.1948648041494230e-12
3.8765218156906975e+00 2.1984238278750829e-09 5.1948573475429057e-12
3.9312225426610210e+00 2.1973901023682409e-09 5.1948202258989741e-12
3.9866951392797931e+00 2.1963627175660436e-09 5.1947975411116824e-12
4.0429504972259229e+00 2.1953388599701415e-09 5.1947828049630903e-12
4.0999996618683552e+00 2.1943350151319989e-09 5.1948152058553914e-12
4.1578538344347287e+00 2.1933066585586202e-09 5.1947889451398491e-12
4.2165243742107066e+00 2.1922822838508339e-09 5.1947719269415912e-12
4.2760228007702681e+00 2.1912540634132278e-09 5.1947453385961888e-12
4.3363607962375204e+00 2.1902011754202017e-09 5.1946596284164015e-12
4.3975502075803634e+00 2.1891779085374360e-09 5.1946439566534451e-12
4.4596030489366250e+00 2.1881734924788104e-09 5.1946726108961800e-12
4.5225315039729184e+00 2.1871257447665701e-09 5.1945980694500860e-12
4.5863479282768456e+00 2.1860973784864634e-09 5.1945689545488257e-12
4.6510648517828930e+00 2.1850704156724545e-09 5.1945426440537182e-12
4.7166949812326644e+00 2.1840470082359516e-09 5.1945240738874739e-12
4.7832512026697342e+00 2.1830243471387756e-09 5.1945075005233957e-12
4.8507465839697073e+00 2.1819941066934416e-09 5.1944728558117482e-12
4.9191943774060718e+00 2.1809798027559354e-09 5.1944747760392677e-12
4.9886080222521532e+00 2.1799486853194906e-09 5.1944373955602263e-12
5.0590011474198491e+00 2.1789219811630998e-09 5.1944091124895162e-12
5.1303875741355363e+00 2.1779002018778160e-09 5.1943930954426143e-12
5.2027813186538356e+00 2.1769015795965602e-09 5.1944314066749898e-12
5.2761965950095746e+00 2.1758797594621307e-09 5.1944139518022211e-12
5.3506478178086363e+00 2.1748534055477528e-09 5.1943853291283819e-12
5.4261496050581322e+00 2.1738069385075544e-09 5.1943080086496588e-12
5.5027167810366135e+00 2.1727910841767812e-09 5.1943030793449701e-12
5.5803643792046937e+00 2.1717855222175342e-09 5.1943235437810914e-12
5.6591076451567277e+00 2.1707637024525095e-09 5.1943041135870096e-12
5.7389620396142584e+00 2.1697050383005667e-09 5.1941951823725754e-12
5.8199432414615790e+00 2.1687144060801367e-09 5.1942504138018161e-12
5.9020671508242026e+00 2.1676921830028726e-09 5.1942288384677083e-12
5.9853498921906985e+00 2.1666692127464745e-09 5.1942049955027792e-12
6.0698078175787042e+00 2.1656480947672075e-09 5.1941850680943627e-12
6.1554575097454816e+00 2.1646248171918875e-09 5.1941596782210130e-12
6.2423157854438660e+00 2.1636030891433641e-09 5.1941377433578805e-12
6.3303996987240669e+00 2.1625559332610867e-09 5.1940538188402399e-12
6.4197265442821960e+00 2.1615603889562027e-09 5.1940941174183760e-12
6.5103138608559199e+00 2.1605376437707718e-09 5.1940683488672979e-12
6.6021794346680958e+00 2.1595219011712011e-09 5.1940590605785027e-12
6.6953413029189308e+00 2.1584956732951380e-09 5.1940240618284259e-12
6.7898177573275449e+00 2.1574746752103142e-09 5.1940014406279176e-12
6.8856273477233891e+00 2.1564572797250693e-09 5.1939868039557049e-12
6.9827888856883451e+00 2.1554395957397970e-09 5.1939712526659153e-12
7.0813214482503311e+00 2.1544170728452660e-09 5.1939435224004246e-12
7.1812443816289013e+00 2.1533946857661506e-09 5.1939156371852683e-12
7.2825773050337759e+00 2.1523759847325958e-09 5.1938964673107091e-12
7.3853401145168815e+00 2.1513548794893225e-09 5.1938708478860790e-12
7.4895529868789028e+00 2.1503374338259922e-09 5.1938539576548986e-12
7.5952363836308017e+00 2.1493190546502331e-09 5.1938342268445533e-12
7.7024110550113347e+00 2.1482966822173981e-09 5.1938042450444837e-12
7.8110980440611577e+00 2.1472758093478200e-09 5.1937776209462616e-12
7.9213186907545881e+00 2.1462588764479053e-09 5.1937603473470400e-12
8.0330946361894995e+00 2.1452389231693037e-09 5.1937349725363067e-12
8.1464478268364466e+00 2.1442219141286722e-09 5.1937167162296378e-12
8.2614005188476387e+00 2.1432014123277211e-09 5.1936891726998892e-12
8.3779752824268954e+00 2.1421827695932615e-09 5.1936658817783930e-12
8.4961950062611002e+00 2.1411649538480120e-09 5.1936442276724546e-12
8.6160829020141918e+00 2.1401433335122223e-09 5.1936131001476270e-12
8.7376625088847319e+00 2.1391268273336776e-09 5.1935939639578082e-12
8.8609576982275993e+00 2.1381099605125608e-09 5.1935733721135153e-12
8.9859926782410007e+00 2.1370910449686260e-09 5.1935473517217832e-12
9.1127919987195334e+00 2.1360739071281136e-09 5.1935253764486798e-12
9.2413805558744713e+00 2.1350550558178830e-09 5.1934985765809615e-12
9.3717835972219046e+00 2.1340433026894719e-09 5.1934887209729629e-12
9.5040267265399656e+00 2.1330284113168589e-09 5.1934709426123367e-12
9.6381359088958742e+00 2.1320100554643716e-09 5.1934441444452856e-12
9.7741374757441299e+00 2.1309946768200159e-09 5.1934243353794692e-12
9.9120581300964652e+00 2.1299797707388259e-09 5.1934052098749991e-12
1.0051924951764740e+01 2.1289581456050904e-09 5.1933688187971671e-12
1.0193765402678000e+01 2.1279448561890244e-09 5.1933535048046421e-12
1.0337607332274382e+01 2.1269317777959168e-09 5.1933373711358171e-12
1.0483478982969190e+01 2.1259144556723798e-09 5.1933102473709300e-12
1.0631408995700037e+01 2.1248933982817163e-09 5.1932743747753585e-12
1.0781426415550415e+01 2.1238842272011892e-09 5.1932667361689875e-12
1.0933560697452446e+01 2.1228687023672910e-09 5.1932432534591967e-12
1.1087841711970180e+01 2.1218544272436098e-09 5.1932222986796809e-12
1.1244299751164416e+01 2.1208382692977351e-09 5.1931963309220377e-12
1.1402965534540469e+01 2.1198217076805138e-09 5.1931685773026686e-12
1.1563870215079657e+01 2.1188061798617359e-09 5.1931433360598076e-12
1.1727045385356034e+01 2.1177900573240722e-09 5.1931170097165270e-12
1.1892523083739285e+01 2.1167782805103241e-09 5.1930992719895498e-12
1.2060335800685385e+01 2.1157644394535935e-09 5.1930768863252902e-12
1.2230516485115833e+01 2.1147524006505307e-09 5.1930590085529331e-12
1.2403098550886863e+01 2.1137385216198175e-09 5.1930360114111722e-12
1.2578115883350190e+01 2.1127310090603784e-09 5.1930278549479780e-12
1.2755602846006077e+01 2.1117171178541088e-09 5.1930036708889704e-12
1.2935594287250433e+01 2.1106910502541812e-09 5.1929483845709146e-12
1.3118125547216964e+01 2.1096915656840530e-09 5.1929593745213881e-12
1.3303232464716121e+01 2.1086778027246398e-09 5.1929342739464670e-12
1.3490951384271723e+01 2.1076553461292463e-09 5.1928877027313003e-12
1.3681319163257013e+01 2.1066419313745266e-09 5.1928624932288586e-12
1.3874373179131251e+01 2.1056287526126838e-09 5.1928376196228415e-12
1.4070151336778691e+01 2.1046309033640330e-09 5.1928499342154108e-12
1.4268692075950888e+01 2.1036063167925597e-09 5.1927959598514613e-12
1.4470034378813986e+01 2.1026067358403312e-09 5.1928036858714037e-12
1.4674217777602797e+01 2.1015930000358228e-09 5.1927754452109698e-12
1.4881282362382567e+01 2.1005787799598893e-09 5.1927455708595567e-12
1.5091268788920468e+01 2.0995669166507643e-09 5.1927212446931097e-12
1.5304218286667952e+01 2.0985609382787557e-09 5.1927106532100735e-12
1.5520172666856084e+01 2.0975566798189041e-09 5.1927051567585741e-12
1.5739174330704765e+01 2.0965309311139780e-09 5.1926453899387630e-12
1.5961266277748001e+01 2.0955266813568486e-09 5.1926383618549423e-12
1.6186492114276451e+01 2.0945133850048917e-09 5.1926079965949442e-12
1.6414896061899423e+01 2.0934922886979706e-09 5.1925577774632471e-12
1.6646522966227373e+01 2.0925099124227132e-09 5.1926043612283681e-12
1.6881418305677105e+01 2.0914826676440697e-09 5.1925383700176079e-12
1.7119628200401028e+01 2.0904606512166384e-09 5.1924845854206274e-12
1.7361199421342739e+01 2.0894644960321595e-09 5.1924950968937530e-12
1.7606179399420107e+01 2.0884558972628990e-09 5.1924750957802941e-12
1.7854616234837895e+01 2.0874467217040811e-09 5.1924523497700033e-12
1.8106558706532137e+01 2.0864428538549042e-09 5.1924420824724375e-12
1.8362056281747428e+01 2.0854073980811864e-09 5.1923531851791206e-12
1.8621159125749550e+01 2.0844023127527352e-09 5.1923391123184544e-12
1.8883918111674948e+01 2.0834161879237465e-09 5.1923726667856045e-12
1.9150384830519567e+01 2.0824163874080517e-09 5.1923711186765530e-12
1.9420611601268238e+01 2.0813988871063097e-09 5.1923249387038494e-12
1.9694651481167263e+01 2.0803890612606345e-09 5.1922984707390803e-12
1.9972558276141680e+01 2.0793735265855943e-09 5.1922552684578431e-12
2.0254386551359946e+01 2.0783653184501749e-09 5.1922311132344074e-12
2.0540191641947303e+01 2.0773579653977534e-09 5.1922086648565150e-12
2.0830029663850514e+01 2.0763518701449514e-09 5.1921888644229712e-12
2.1123957524855729e+01 2.0753450071617015e-09 5.1921668355670827e-12
2.1422032935762186e+01 2.0743459107436413e-09 5.1921651421300854e-12
2.1724314421713217e+01 2.0733397595313240e-09 5.1921429555326781e-12
2.2030861333687159e+01 2.0723375820473980e-09 5.1921315472748297e-12
2.2341733860150772e+01 2.0713282849704744e-09 5.1921013118813654e-12
2.2656993038876685e+01 2.0703171493276530e-09 5.1920675597372332e-12
2.2976700768927852e+01 2.0693117209644301e-09 5.1920448452828213e-12
2.3300919822810823e+01 2.0682999465342737e-09 5.1920075885768442e-12
2.3629713858801015e+01 2.0673014138651788e-09 5.1920044586048366e-12
2.3963147433441389e+01 2.0662949359508558e-09 5.1919793938756266e-12
2.4301286014217808e+01 2.0652995069525516e-09 5.1919804122986398e-12
2.4644195992412946e+01 2.0643035058103171e-09 5.1919814841425295e-12
2.4991944696142070e+01 2.0632883952833770e-09 5.1919330106764927e-12
2.5344600403572347e+01 2.0622887513014445e-09 5.1919232782405574e-12
2.5702232356328619e+01 2.0612945162934722e-09 5.1919276678330365e-12
2.6064910773088890e+01 2.0602873913273142e-09 5.1918983555430560e-12
2.6432706863371060e+01 2.0592816639957401e-09 5.1918728382052969e-12
2.6805692841514574e+01 2.0582726055504069e-09 5.1918371277614934e-12
2.7183941940859004e+01 2.0572608367389538e-09 5.1917938023721240e-12
2.7567528428123261e+01 2.0562786929467275e-09 5.1918267772769042e-12
2.7956527617987156e+01 2.0552481157117905e-09 5.1917382947049993e-12
2.8351015887879061e+01 2.0542400492544722e-09 5.1917039183455436e-12
2.8751070692971872e+01 2.0532342132743687e-09 5.1916721847499119e-12
2.9156770581391179e+01 2.0522488499435977e-09 5.1916944629624802e-12
2.9568195209637434e+01 2.0512451963033477e-09 5.1916701780656444e-12
2.9985425358226102e+01 2.0502430859060913e-09 5.1916490643448546e-12
3.0408542947548138e+01 2.0492523942289061e-09 5.1916563191274539e-12
3.0837631053954890e+01 2.0482709312750239e-09 5.1916862677382237e-12
3.1272773926069402e+01 2.0472676970557794e-09 5.1916612365231490e-12
3.1714057001327880e+01 2.0462297826334392e-09 5.1915501662354868e-12
3.2161566922755171e+01 2.0452422932623618e-09 5.1915650654139104e-12
3.2615391555976267e+01 2.0442038128366263e-09 5.1914494574803237e-12
3.3075620006468306e+01 2.0432602020778135e-09 5.1915711460926146e-12
3.3542342637055548e+01 2.0422141556173962e-09 5.1914368042951960e-12
3.4015651085651932e+01 2.0412424129456556e-09 5.1914922702103090e-12
3.4495638283253321e+01 2.0402579024248670e-09 5.1915063917339953e-12
3.4982398472184016e+01 2.0392496747414956e-09 5.1914683995818745e-12
3.5476027224600323e+01 2.0382648831076379e-09 5.1914856925790098e-12
3.5976621461255966e+01 2.0372237468365421e-09 5.1913562152199460e-12
3.6484279470531533e+01 2.0362276890707647e-09 5.1913507532493728e-12
3.6999100927732911e+01 2.0352073149718856e-09 5.1912728918047041e-12
3.7521186914661570e+01 2.0341987064576120e-09 5.1912277513536397e-12
3.8050639939461760e+01 2.0332618748053419e-09 5.1913675827414740e-12
3.8587563956747097e+01 2.0321974329035777e-09 5.1911758098491367e-12
3.9132064388011102e+01 2.0312670310982175e-09 5.1913332868507922e-12
3.9684248142326524e+01 2.0302637243731943e-09 5.1913006426163579e-12
4.0244223637335878e+01 2.0291974686663930e-09 5.1911023428573351e-12
4.0812100820538738e+01 2.0281996814830599e-09 5.1910829157265002e-12
4.1387991190878843e+01 2.0271984430119274e-09 5.1910535701597529e-12
4.1972007820636684e+01 2.0262019889197777e-09 5.1910368213084297e-12
4.2564265377630164e+01 2.0252047861342798e-09 5.1910199031228178e-12
4.3164880147729079e+01 2.0242043342019002e-09 5.1909888592100988e-12
4.3773970057686661e+01 2.0232477906343742e-09 5.1910780278710928e-12
4.4391654698294317e+01 2.0222057712830169e-09 5.1909364683613502e-12
4.5018055347862173e+01 2.0212774162615394e-09 5.1910969142009861e-12
4.5653294996031050e+01 2.0202890095384409e-09 5.1910974609148821e-12
4.6297498367921165e+01 2.0192792645333668e-09 5.1910439270974912e-12
4.6950791948620754e+01 2.0183014747493337e-09 5.1910696504310538e-12
4.7613304008020769e+01 2.0172870234116044e-09 5.1910040094092827e-12
4.8285164625999442e+01 2.0162417986585664e-09 5.1908578074126857e-12
4.8966505717963173e+01 2.0152819891242962e-09 5.1909298163843160e-12
4.9657461060746876e+01 2.0142627545662124e-09 5.1908499014463905e-12
5.0358166318880400e+01 2.0133096767865160e-09 5.1909368464907201e-12
5.1068759071224918e+01 2.0122672596379744e-09 5.1907973311522391e-12
5.1789378837986263e+01 2.0112804738265246e-09 5.1907973683285648e-12
5.2520167108108403e+01 2.0102613783991032e-09 5.1907149774219237e-12
5.3261267367054046e+01 2.0092959135663287e-09 5.1907705906065402e-12
5.4012825124976665e+01 2.0082947419703355e-09 5.1907334168257903e-12
5.4774987945291052e+01 2.0073119212162306e-09 5.1907423964687982e-12
